/*--------------------------------*- C++ -*----------------------------------*\
| =========                 |                                                 |
| \\      /  F ield         | foam-extend: Open Source CFD                    |
|  \\    /   O peration     | Version:     4.1                                |
|   \\  /    A nd           | Web:         http://www.foam-extend.org         |
|    \\/     M anipulation  |                                                 |
\*---------------------------------------------------------------------------*/
FoamFile
{
    version     2.0;
    format      ascii;
    class       surfaceScalarField;
    location    "0.25";
    object      phi_0;
}
// * * * * * * * * * * * * * * * * * * * * * * * * * * * * * * * * * * * * * //

dimensions      [0 3 -1 0 0 0 0];

internalField   nonuniform List<scalar> 
4432
(
2.04292e-06
-2.04292e-06
5.85726e-06
-3.81434e-06
1.04968e-05
-4.63956e-06
1.60152e-05
-5.51837e-06
2.113e-05
-5.11485e-06
2.784e-05
-6.70996e-06
3.09989e-05
-3.1589e-06
4.09675e-05
-9.96859e-06
4.77401e-05
-6.77257e-06
7.61668e-05
-2.84267e-05
8.2356e-05
-6.1892e-06
0.000102543
-2.01872e-05
0.000112207
-9.6642e-06
0.000116046
-3.83852e-06
7.42269e-05
4.18189e-05
8.08657e-05
-6.63879e-06
9.20403e-05
-1.11746e-05
0.000106295
-1.42544e-05
0.000117622
-1.13271e-05
0.000136064
-1.8442e-05
6.81809e-05
6.78829e-05
7.08024e-06
6.11007e-05
7.08022e-06
2.18309e-06
-4.22601e-06
5.93615e-06
-7.5674e-06
1.04866e-05
-9.19005e-06
1.60374e-05
-1.10691e-05
2.13217e-05
-1.03992e-05
2.78416e-05
-1.32298e-05
3.10612e-05
-6.37858e-06
4.15319e-05
-2.04392e-05
4.85474e-05
-1.37881e-05
7.49844e-05
-5.48637e-05
7.96348e-05
-1.08396e-05
0.000100777
-4.13298e-05
0.000112895
-2.17813e-05
0.000118417
-9.3605e-06
0.000119503
4.07328e-05
8.63953e-05
2.64687e-05
9.05795e-05
-1.53588e-05
0.000155155
-7.88303e-05
0.000175013
-3.1185e-05
0.000152032
4.53957e-06
0.000135493
8.44218e-05
9.61757e-05
0.000100418
0.000103256
2.05477e-06
-6.28078e-06
5.76869e-06
-1.12813e-05
1.02883e-05
-1.37097e-05
1.57865e-05
-1.65673e-05
2.0699e-05
-1.53117e-05
2.75224e-05
-2.00532e-05
3.1832e-05
-1.06882e-05
3.98315e-05
-2.84387e-05
4.45378e-05
-1.84944e-05
4.169e-05
-5.2016e-05
7.18808e-05
-4.10304e-05
7.81034e-05
-4.75524e-05
7.93123e-05
-2.29903e-05
5.14085e-05
1.85434e-05
5.82226e-05
3.39187e-05
7.27939e-05
1.18974e-05
6.12207e-05
-3.78566e-06
4.87572e-05
-6.63669e-05
0.000111068
-9.34956e-05
0.000118618
-3.01079e-06
0.000126721
7.63187e-05
5.62871e-05
0.000170852
0.000159543
2.61238e-06
-8.89316e-06
6.11274e-06
-1.47817e-05
1.00849e-05
-1.76819e-05
1.56336e-05
-2.21161e-05
2.19932e-05
-2.16712e-05
2.89329e-05
-2.69929e-05
3.21091e-05
-1.38644e-05
3.85613e-05
-3.4891e-05
4.07676e-05
-2.07006e-05
3.77999e-05
-4.90484e-05
3.61217e-05
-3.93523e-05
3.49251e-05
-4.63558e-05
1.12367e-05
6.98117e-07
5.086e-05
-2.10799e-05
6.39707e-05
2.08079e-05
3.67095e-05
3.91587e-05
4.02591e-05
-7.33534e-06
3.8171e-05
-6.42788e-05
4.22717e-05
-9.75963e-05
6.66863e-05
-2.74255e-05
5.18048e-05
9.12002e-05
4.92946e-05
0.000173362
0.000208838
2.2415e-06
-1.11347e-05
5.64876e-06
-1.81889e-05
9.651e-06
-2.16841e-05
1.51681e-05
-2.76332e-05
2.24403e-05
-2.89434e-05
2.82695e-05
-3.28221e-05
2.93482e-05
-1.49431e-05
3.58629e-05
-4.14056e-05
3.81601e-05
-2.29978e-05
3.82753e-05
-4.91636e-05
6.46061e-05
-6.5683e-05
4.02844e-05
-2.20341e-05
8.52844e-05
-4.43019e-05
0.000102106
-3.79013e-05
0.000113451
9.46253e-06
0.000122627
2.99826e-05
0.000109145
6.14711e-06
7.67464e-05
-3.18803e-05
2.50202e-05
-4.58701e-05
1.88865e-05
-2.12918e-05
5.11558e-05
5.89309e-05
4.44142e-05
0.000180104
0.000253252
3.24186e-06
-1.43765e-05
5.99307e-06
-2.09402e-05
9.34849e-06
-2.50395e-05
1.46454e-05
-3.29301e-05
2.14879e-05
-3.57859e-05
2.69491e-05
-3.82833e-05
5.10879e-05
-3.9082e-05
3.50363e-05
-2.5354e-05
6.09762e-05
-4.89377e-05
6.46503e-05
-5.28377e-05
6.71067e-05
-6.81394e-05
7.24698e-05
-2.73973e-05
8.09909e-05
-5.28229e-05
7.31485e-05
-3.00589e-05
0.000139943
-5.73319e-05
0.000128503
4.14224e-05
9.78007e-05
3.68495e-05
5.84048e-05
7.5156e-06
2.80701e-05
-1.55354e-05
-5.57203e-06
1.23503e-05
7.35237e-06
4.60065e-05
3.64959e-05
0.000150961
0.000289748
2.26683e-06
-1.66434e-05
4.9639e-06
-2.36372e-05
8.39908e-06
-2.84747e-05
1.38193e-05
-3.83504e-05
2.00088e-05
-4.19753e-05
2.43499e-05
-4.26245e-05
2.72717e-05
-4.20037e-05
3.68678e-05
-3.49501e-05
5.7251e-05
-6.93208e-05
6.19343e-05
-5.7521e-05
4.0818e-05
-4.70231e-05
7.84903e-05
-6.50696e-05
4.77792e-05
-2.21119e-05
6.65395e-05
-4.88192e-05
7.7848e-05
-6.86404e-05
0.000125453
-6.1829e-06
0.000103785
5.85181e-05
5.63313e-05
5.49691e-05
2.10375e-05
1.97583e-05
5.79807e-06
2.75898e-05
1.07162e-06
5.0733e-05
3.40668e-05
0.000117966
0.000323815
3.62518e-06
-2.02685e-05
4.61666e-06
-2.46287e-05
7.62669e-06
-3.14847e-05
1.31885e-05
-4.39122e-05
1.94054e-05
-4.81922e-05
2.48099e-05
-4.80291e-05
4.53926e-05
-6.25864e-05
5.72244e-05
-4.67819e-05
6.0037e-05
-7.21334e-05
6.68242e-05
-6.43083e-05
7.39862e-05
-5.41851e-05
4.59203e-05
-3.70036e-05
8.26683e-05
-5.88599e-05
9.99017e-05
-6.60526e-05
5.45303e-05
-2.3269e-05
4.57815e-05
2.56599e-06
6.99922e-05
3.43073e-05
4.43248e-05
8.06365e-05
7.98403e-06
5.60991e-05
6.29444e-06
2.92794e-05
7.57815e-06
4.94493e-05
4.9325e-05
7.62187e-05
0.000373139
-1.73281e-05
1.73281e-05
-3.57226e-05
1.83944e-05
-4.92819e-05
1.35591e-05
-5.82104e-05
8.92864e-06
-6.04712e-05
2.261e-06
-3.94264e-05
-2.10443e-05
-2.07143e-05
-1.87116e-05
-6.3411e-07
-2.00797e-05
1.77208e-05
-1.83545e-05
3.17366e-05
-1.40159e-05
4.4141e-05
-1.24047e-05
5.98011e-05
-1.56607e-05
3.48925e-05
2.49082e-05
3.08521e-05
4.04014e-06
2.5202e-05
5.64994e-06
1.89124e-05
6.28947e-06
1.26114e-05
6.30096e-06
6.29783e-06
6.31349e-06
6.29777e-06
-1.78443e-05
3.51722e-05
-3.82366e-05
3.87866e-05
-5.23083e-05
2.76309e-05
-6.08246e-05
1.74454e-05
-6.33712e-05
4.80828e-06
-4.18499e-05
-4.25647e-05
-2.04625e-05
-4.00983e-05
2.77305e-06
-4.33149e-05
2.16828e-05
-3.72643e-05
3.52841e-05
-2.76177e-05
4.94249e-05
-2.65462e-05
3.54986e-05
-1.73503e-06
3.86322e-05
2.17739e-05
3.28835e-05
9.78852e-06
2.62941e-05
1.22391e-05
2.00435e-05
1.25399e-05
1.34029e-05
1.29414e-05
6.69761e-06
1.30187e-05
1.29953e-05
-1.99863e-05
5.51583e-05
-4.46925e-05
6.34928e-05
-6.09341e-05
4.38725e-05
-6.83999e-05
2.49117e-05
-7.21621e-05
8.5711e-06
-4.2508e-05
-7.22179e-05
-2.11727e-05
-6.1433e-05
4.90629e-06
-6.93936e-05
2.29144e-05
-5.52724e-05
3.81777e-05
-4.28815e-05
5.54581e-05
-4.38273e-05
3.6444e-05
1.72784e-05
3.88347e-05
1.93825e-05
3.37068e-05
1.4916e-05
2.7149e-05
1.87968e-05
2.04069e-05
1.92818e-05
1.35579e-05
1.97902e-05
6.75532e-06
1.98211e-05
1.97506e-05
-1.66918e-05
7.18499e-05
-4.38639e-05
9.06648e-05
-6.42675e-05
6.42761e-05
-7.20909e-05
3.27355e-05
-7.84316e-05
1.49123e-05
-5.74104e-05
-9.32385e-05
-1.80484e-05
-0.000100794
8.29337e-06
-9.57351e-05
2.66701e-05
-7.36492e-05
4.52471e-05
-6.1459e-05
3.40845e-05
-3.26655e-05
4.01035e-05
1.12585e-05
3.87637e-05
2.07214e-05
3.31327e-05
2.05465e-05
2.68864e-05
2.50428e-05
2.03423e-05
2.58258e-05
1.35559e-05
2.65764e-05
6.75838e-06
2.66186e-05
2.65089e-05
-3.18236e-06
7.50321e-05
-3.22933e-05
0.000119776
-5.23888e-05
8.43717e-05
-6.73008e-05
4.76479e-05
-7.33794e-05
2.09914e-05
-4.98087e-05
-0.000116809
-1.48162e-05
-0.000135787
1.22136e-05
-0.000122765
3.22868e-05
-9.37226e-05
5.46217e-05
-8.37946e-05
3.56426e-05
-1.36873e-05
4.11219e-05
5.77813e-06
3.96697e-05
2.21726e-05
3.39324e-05
2.62831e-05
2.7199e-05
3.17758e-05
2.04438e-05
3.25808e-05
1.35908e-05
3.34293e-05
6.76632e-06
3.3443e-05
3.32752e-05
2.39557e-05
5.10762e-05
-3.53289e-06
0.000147264
-2.81674e-05
0.000109006
-3.8664e-05
5.81446e-05
-1.80081e-05
3.3571e-07
-6.52727e-06
-0.000128289
-5.56586e-06
-0.000136748
3.09218e-05
-0.000159252
5.38899e-05
-0.000116691
3.61775e-05
-6.60833e-05
4.09042e-05
-1.8415e-05
4.24809e-05
4.20034e-06
4.00548e-05
2.45975e-05
3.40624e-05
3.22747e-05
2.73824e-05
3.84554e-05
2.05072e-05
3.94558e-05
1.36104e-05
4.03259e-05
6.76816e-06
4.02851e-05
4.00433e-05
5.78034e-05
-6.72739e-06
3.37697e-05
0.000171298
6.40507e-06
0.000136371
7.37486e-07
6.38122e-05
1.60751e-05
-1.50018e-05
3.6859e-05
-0.000149073
4.19911e-05
-0.00014188
3.26455e-05
-0.000149907
3.4267e-05
-0.000118313
3.80641e-05
-6.98816e-05
4.31643e-05
-2.35162e-05
4.43551e-05
3.00854e-06
4.07533e-05
2.8198e-05
3.4222e-05
3.8805e-05
2.74935e-05
4.51835e-05
2.05523e-05
4.63967e-05
1.3623e-05
4.72551e-05
6.76619e-06
4.71418e-05
4.68094e-05
2.80979e-05
-3.48254e-05
2.07029e-05
0.000178693
1.72854e-05
0.000139788
2.26172e-05
5.84804e-05
5.15878e-05
-4.39723e-05
6.0481e-05
-0.000157966
5.17942e-05
-0.000133193
4.73892e-05
-0.000145502
4.56578e-05
-0.000116581
4.26941e-05
-6.69187e-05
4.69646e-05
-2.7788e-05
4.67944e-05
3.17811e-06
4.24035e-05
3.25884e-05
3.52161e-05
4.59918e-05
2.7904e-05
5.24952e-05
2.07159e-05
5.35846e-05
1.36954e-05
5.42754e-05
6.7919e-06
5.40452e-05
5.36012e-05
8.13853e-06
-2.84071e-05
1.64375e-05
-3.29277e-05
2.79991e-05
-4.30463e-05
5.22661e-05
-6.81792e-05
7.01264e-05
-6.60525e-05
8.9775e-05
-6.76776e-05
0.000100814
-7.36251e-05
0.000129754
-7.57221e-05
0.000150005
-9.23842e-05
0.000167102
-8.1406e-05
0.000175311
-6.23941e-05
0.000169325
-3.1017e-05
0.000171202
-6.07371e-05
0.000135949
-3.07992e-05
0.000147198
-3.45181e-05
0.000181829
-3.20653e-05
0.000170134
4.6002e-05
0.000155116
9.56552e-05
0.000155385
5.58301e-05
0.00014921
3.54538e-05
0.00017997
1.86893e-05
0.000141414
0.000114775
0.000205454
0.0003091
-2.46945e-06
-2.59376e-05
1.35196e-05
-4.89168e-05
2.80137e-05
-5.75404e-05
4.49745e-05
-8.51399e-05
3.95288e-05
-6.06068e-05
5.23261e-05
-8.04749e-05
5.96966e-05
-8.09956e-05
7.79636e-05
-9.39891e-05
9.38443e-05
-0.000108265
0.000101522
-8.9084e-05
0.000112786
-7.36578e-05
0.000158948
-7.71796e-05
0.000172747
-7.45353e-05
0.000214164
-7.22167e-05
0.000213529
-3.38826e-05
0.000208907
-2.74432e-05
0.000233358
2.15508e-05
0.000263334
6.56787e-05
0.000257362
6.18021e-05
0.00026949
2.33265e-05
0.000189322
9.88565e-05
0.000235988
6.81089e-05
0.00011682
0.000324622
1.41803e-05
-4.01179e-05
5.32166e-06
-4.00582e-05
2.61958e-05
-7.84146e-05
3.17505e-05
-9.06946e-05
3.85432e-05
-6.73995e-05
4.9729e-05
-9.16608e-05
6.23112e-05
-9.35777e-05
8.14237e-05
-0.000113102
9.65741e-05
-0.000123415
0.000106463
-9.89728e-05
0.000170765
-0.00013796
0.000154324
-6.07388e-05
0.000186183
-0.000106394
0.000221076
-0.00010711
0.000219848
-3.26542e-05
0.000204447
-1.20423e-05
0.000223125
2.87317e-06
0.000258782
3.00217e-05
0.00029152
2.90632e-05
0.000208319
0.000106528
0.000235294
7.1881e-05
0.000252558
5.08453e-05
8.06515e-05
0.000288725
1.72413e-05
-5.73592e-05
3.51828e-05
-5.79996e-05
1.89308e-05
-6.21626e-05
4.25104e-05
-0.000114274
2.96119e-05
-5.4501e-05
4.68033e-05
-0.000108852
6.65896e-05
-0.000113364
8.64739e-05
-0.000132986
9.65762e-05
-0.000133518
0.000146057
-0.000148454
9.70184e-05
-8.89211e-05
0.000149609
-0.00011333
0.000110322
-6.71066e-05
0.00013155
-0.000128338
0.000138461
-3.95648e-05
0.000189806
-6.33872e-05
0.000195486
-2.80706e-06
0.000209893
1.56149e-05
0.000170307
6.86492e-05
0.00021861
5.82253e-05
0.000239439
5.10517e-05
0.000245466
4.4819e-05
1.53781e-05
0.000310739
1.68502e-05
-7.42094e-05
3.48922e-05
-7.60417e-05
5.70032e-05
-8.42736e-05
3.25099e-05
-8.97809e-05
7.41421e-05
-9.61333e-05
5.70309e-05
-9.17409e-05
5.50053e-05
-0.000111339
9.67799e-05
-0.00017476
0.000107121
-0.000143859
6.30908e-05
-0.000104423
0.000108724
-0.000134554
9.26767e-05
-9.72826e-05
0.000149974
-0.000124404
0.000125275
-0.000103639
0.000194716
-0.000109006
0.000172073
-4.07445e-05
0.00021192
-4.26543e-05
0.000256028
-2.8493e-05
0.000308579
1.60978e-05
0.000353178
1.36263e-05
0.00036496
3.92702e-05
0.00035079
5.89886e-05
6.54182e-05
0.00030075
9.176e-06
-8.33854e-05
1.80714e-05
-8.4937e-05
2.64365e-05
-9.26387e-05
2.63516e-05
-8.9696e-05
3.43203e-05
-0.000104102
4.53395e-05
-0.00010276
4.93312e-05
-0.00011533
3.0922e-05
-0.000156351
3.68746e-05
-0.000149811
6.35616e-06
-7.3905e-05
-3.95247e-06
-0.000124246
2.14122e-05
-0.000122647
6.58325e-05
-0.000168824
8.07425e-05
-0.000118549
7.15062e-05
-9.97693e-05
0.000108258
-7.7496e-05
0.00013438
-6.87769e-05
0.000164159
-5.8272e-05
0.000169329
1.09277e-05
0.000113801
6.9155e-05
9.26933e-05
6.03777e-05
8.20354e-05
6.96465e-05
2.35364e-05
0.000123917
5.78245e-06
-8.91679e-05
1.20739e-05
-9.12285e-05
1.47678e-05
-9.53325e-05
2.01086e-05
-9.50368e-05
2.62433e-05
-0.000110237
3.28636e-05
-0.00010938
1.47476e-05
-9.72142e-05
-6.60119e-05
-7.55917e-05
-5.39789e-05
-0.000161844
-3.47193e-05
-9.31646e-05
-3.42267e-05
-0.000124738
5.78594e-05
-0.000214733
8.99485e-05
-0.000200913
0.000104431
-0.000133031
9.07134e-05
-8.60521e-05
7.55214e-05
-6.2304e-05
6.24408e-05
-5.56963e-05
6.06956e-05
-5.65267e-05
5.96628e-05
1.19604e-05
7.58361e-05
5.29817e-05
0.000104288
3.19262e-05
0.000143089
3.08455e-05
-1.08546e-05
0.00017748
3.37441e-06
-9.25423e-05
7.44439e-06
-9.52985e-05
7.29386e-06
-9.5182e-05
1.67977e-05
-0.000104541
1.64275e-05
-0.000109866
7.07467e-05
-0.0001637
5.45851e-05
-8.10526e-05
2.02326e-05
-4.12392e-05
3.44904e-06
-0.000145061
-7.05009e-06
-8.26654e-05
-6.42348e-06
-0.000125365
7.16551e-05
-0.000292812
0.000107932
-0.00023719
8.93468e-05
-0.000114445
4.31182e-05
-3.98235e-05
3.88904e-05
-5.80762e-05
6.73966e-05
-8.42025e-05
6.69796e-05
-5.61097e-05
8.89474e-05
-1.00074e-05
0.000123846
1.80835e-05
0.000134568
2.12037e-05
0.000191773
-2.63589e-05
-0.000136502
0.00031742
8.18093e-06
-0.000100723
6.31842e-06
-9.3436e-05
9.29133e-06
-9.81549e-05
1.28485e-05
-0.000108098
7.02978e-05
-0.000167316
1.81787e-05
-0.000111581
6.10905e-06
-6.8983e-05
6.13834e-05
-9.65135e-05
6.78197e-05
-0.000151497
7.12263e-05
-8.6072e-05
3.73318e-05
-9.14703e-05
5.39718e-05
-0.000309452
3.50905e-05
-0.000218309
-1.04668e-05
-6.8888e-05
1.58384e-08
-5.03062e-05
1.65422e-05
-7.46026e-05
2.36678e-05
-9.13281e-05
3.55183e-05
-6.79602e-05
6.85619e-05
-4.3051e-05
0.000179967
-9.33218e-05
0.00024929
-4.81191e-05
0.000299246
-7.63152e-05
-0.000220681
0.000383425
1.78891e-05
-0.000118612
1.66757e-05
-9.22227e-05
2.17057e-05
-0.000103185
2.27253e-05
-0.000109117
3.54181e-05
-0.000180008
1.63471e-05
-9.25096e-05
2.34235e-06
-5.49783e-05
1.81689e-05
-0.00011234
1.32286e-05
-0.000146557
5.56747e-05
-0.000128518
6.67286e-05
-0.000102524
2.12169e-05
-0.00026394
-2.52107e-05
-0.000171881
-4.30846e-05
-5.10142e-05
2.03405e-05
-0.000113731
3.97819e-05
-9.4044e-05
4.63669e-05
-9.7913e-05
3.96045e-05
-6.11978e-05
4.87924e-05
-5.22389e-05
4.05012e-05
-8.50308e-05
9.28576e-05
-0.000100476
0.000130349
-0.000113807
-0.000264225
0.000173892
1.95823e-05
-0.000138195
3.36565e-05
-0.000106297
3.35954e-05
-0.000103124
6.06132e-05
-0.000136135
3.94976e-06
-0.000123345
-1.03153e-05
-7.82446e-05
6.7165e-06
-7.20101e-05
3.41821e-05
-0.000139806
7.54593e-05
-0.000187834
0.000120344
-0.000173402
0.000161138
-0.000143319
8.23436e-05
-0.000185145
3.26334e-05
-0.000122171
3.98316e-06
-2.23639e-05
4.32741e-05
-0.000153022
5.97714e-05
-0.000110541
8.84466e-05
-0.000126588
4.24894e-05
-1.52406e-05
4.6827e-05
-5.65766e-05
4.71686e-05
-8.53725e-05
2.98215e-05
-8.31287e-05
4.82596e-05
-0.000132245
-0.000248664
3.26984e-05
2.77347e-05
-0.000165929
7.15712e-05
-0.000150133
5.15316e-05
-8.30843e-05
4.7952e-05
-0.000132556
5.48892e-05
-0.000130282
9.28089e-05
-0.000116164
0.000111975
-9.11765e-05
0.0001578
-0.00018563
0.000188951
-0.000218985
0.000207745
-0.000192197
0.00019215
-0.000127724
0.000113638
-0.000106633
4.09423e-06
-1.26278e-05
-2.25194e-05
4.24976e-06
-3.39318e-05
-0.00014161
6.09239e-05
-0.000205397
4.0375e-05
-0.000106039
3.66197e-05
-1.14852e-05
4.2619e-05
-6.2576e-05
2.26593e-05
-6.54128e-05
-2.83644e-05
-3.21052e-05
-3.90332e-05
-0.000121576
-0.000213994
-7.37036e-05
9.04882e-06
-0.000174978
1.34784e-05
-0.000154563
8.65699e-06
-7.82628e-05
7.3465e-05
-0.000197364
6.5763e-05
-0.00012258
0.000161373
-0.000211775
0.000159031
-8.88337e-05
0.000174212
-0.000200812
0.000177823
-0.000222596
0.000144012
-0.000158385
9.33908e-05
-7.71031e-05
-5.17506e-07
-1.27248e-05
-2.82254e-05
1.50801e-05
-1.91626e-05
-4.81297e-06
-5.81907e-05
-0.000102582
-4.68114e-05
-0.000216776
-4.69843e-05
-0.000105866
-2.65342e-05
-3.19352e-05
-3.39057e-05
-5.52045e-05
-4.47144e-05
-5.46041e-05
-5.13732e-05
-2.54465e-05
-7.39577e-05
-9.89918e-05
-0.000171921
-0.00011603
-2.20249e-05
-0.000152953
-2.83832e-05
-0.000148205
2.94931e-05
-0.000136139
2.88654e-05
-0.000196736
0.000132938
-0.000226653
0.000183361
-0.000262198
0.000119879
-2.53516e-05
5.64391e-05
-0.000137371
5.34859e-05
-0.000219643
8.7474e-05
-0.000192373
9.45382e-07
9.42557e-06
-0.000135565
0.000123786
-0.000157868
3.73834e-05
-0.000109401
-5.32799e-05
-7.928e-05
-0.000132703
-7.39681e-05
-0.000222088
-9.2454e-05
-8.73805e-05
-6.50787e-05
-5.93106e-05
-6.85003e-05
-5.17829e-05
-7.31439e-05
-4.99605e-05
-4.16651e-05
-5.69253e-05
-8.82177e-05
-5.24392e-05
-0.000124626
-0.000135513
-1.23515e-05
-0.000140602
-8.56961e-07
-0.000159699
3.38484e-05
-0.000170844
2.5239e-05
-0.000188127
-1.01808e-05
-0.000191233
-3.6795e-05
-0.000235584
7.12595e-05
-0.000133406
3.44612e-05
-0.000100573
-4.31719e-05
-0.00014201
-4.71735e-05
-0.000188372
-2.22936e-05
-1.54543e-05
-1.07492e-05
0.000112241
9.86776e-06
1.67664e-05
1.57903e-05
-5.92025e-05
-1.70905e-05
-9.98226e-05
-0.000132728
-0.000106451
-0.000141035
-7.90734e-05
-0.000102631
-9.77145e-05
-8.00412e-05
-7.43729e-05
-7.24848e-05
-5.75168e-05
-6.13039e-05
-6.81061e-05
-5.6498e-05
-5.7245e-05
-5.54121e-05
-0.000125712
-9.33896e-06
-0.000131263
2.08991e-05
-0.000189937
1.84203e-06
-0.000151787
-3.5524e-05
-0.000150761
-6.59136e-05
-0.000160843
-7.95421e-05
-0.000221955
-7.85036e-07
-0.000212163
-1.43108e-07
-0.000101215
-2.85933e-05
-0.00011356
-6.00225e-05
-0.000156942
-3.9056e-05
-3.64208e-05
2.19464e-05
5.1239e-05
4.91922e-05
-1.04793e-05
1.10934e-05
-2.11038e-05
-4.20654e-05
-4.66638e-05
-7.2745e-05
-7.57709e-05
-9.55363e-05
-5.6282e-05
-0.000102844
-9.04072e-05
-9.87519e-05
-7.84646e-05
-0.000121844
-3.44243e-05
-0.000125486
-6.44649e-05
-7.97747e-05
-0.000102956
-5.4772e-05
-8.04148e-05
3.25197e-05
-0.000163783
2.25243e-06
-0.00015967
-3.80424e-05
-0.000111493
-8.84712e-05
-0.000100332
-9.23859e-05
-0.000156929
-0.000128302
-0.000186039
-5.84854e-05
-0.00028198
-5.3163e-05
-0.000106538
-3.36337e-05
-0.000133089
-5.53678e-05
-0.000135208
-4.94721e-05
-4.23165e-05
1.75761e-05
-1.58093e-05
1.7635e-06
5.33333e-06
-1.52681e-05
-4.07221e-06
-3.10186e-05
-3.09132e-05
-6.38979e-05
-4.28916e-05
-7.66974e-05
-4.34825e-05
-8.96968e-05
-7.74077e-05
-0.000114229
-5.39325e-05
-6.69821e-05
-8.1671e-05
-6.80424e-05
-6.34046e-05
-7.41906e-05
-9.68077e-05
-5.77256e-05
-7.1237e-05
4.22626e-05
-0.000206045
-2.79036e-05
-8.95039e-05
-6.55129e-05
-7.38832e-05
-0.000117824
-4.80209e-05
-5.83814e-05
-0.000216371
-6.47639e-05
-0.000179657
-0.000132947
-0.000213797
-0.000100933
-0.000138552
-0.000125034
-0.000108987
-0.000163382
-9.68604e-05
-0.000144396
-6.13027e-05
-9.40559e-05
-6.61494e-05
-7.639e-05
-1.23326e-05
-5.5549e-05
-2.49131e-05
-4.89227e-05
-3.75395e-05
-6.02715e-05
-3.15428e-05
-6.45474e-05
-3.92066e-05
-9.25219e-05
-4.94333e-05
-4.47981e-05
-0.000101656
-6.51197e-05
-6.13495e-05
-8.04568e-05
-4.80674e-05
-8.93859e-05
-8.78786e-05
-4.99819e-05
-9.71295e-05
-3.17805e-06
-0.000202867
-2.85976e-06
-8.98222e-05
-1.90117e-05
-5.77313e-05
-1.9313e-06
-6.51013e-05
-4.80459e-05
-0.000170257
-5.91563e-05
-0.000168547
-8.14942e-05
-0.000191459
-6.91078e-05
-0.000150938
-0.000101639
-7.64562e-05
-0.000127456
-7.10431e-05
-8.7493e-05
-0.000101265
-8.4064e-05
-6.95784e-05
-7.25547e-05
-2.38419e-05
-6.62116e-05
-3.12562e-05
-6.17949e-05
-4.19562e-05
-4.66968e-05
-4.66409e-05
-4.97659e-05
-3.61376e-05
-4.9834e-05
-4.93651e-05
-0.000108929
-4.25616e-05
-0.00012029
-4.99881e-05
-7.20728e-05
-9.62846e-05
-9.13141e-05
-6.86373e-05
-4.73815e-05
-9.39145e-05
-3.74831e-06
-0.000199119
-2.25763e-06
-9.13129e-05
6.84303e-06
-6.6832e-05
2.62494e-07
-5.85208e-05
-3.92452e-05
-0.000130749
-7.48724e-05
-0.000132919
-8.78669e-05
-0.000178465
-9.78812e-05
-0.000140924
-9.90225e-05
-7.53149e-05
-0.000109738
-6.03279e-05
-9.30452e-05
-0.000117958
-0.000129821
-3.28023e-05
-7.88402e-05
-7.48229e-05
-6.25058e-05
-4.75906e-05
-8.12208e-05
-2.32412e-05
-8.14095e-05
-4.64522e-05
-5.28117e-05
-6.47354e-05
-6.35351e-05
-3.86418e-05
-6.51346e-05
-4.09621e-05
-6.59328e-05
-4.91899e-05
-0.000129588
-3.2629e-05
-0.00014575
-5.24755e-05
-4.38389e-05
-0.000149293
-2.8733e-05
-0.000170386
-3.84366e-06
-0.000116202
-1.33702e-05
-5.73055e-05
-1.46363e-06
-7.04274e-05
-1.74754e-05
-0.000114737
-3.3249e-06
-0.00014707
-6.48936e-05
-0.000116896
-5.47637e-05
-0.000151054
-6.77803e-05
-6.22983e-05
-5.73513e-05
-7.07568e-05
-0.000111088
-6.42214e-05
-8.02264e-05
-6.36637e-05
-0.000112346
-4.27036e-05
-9.6392e-05
-6.35443e-05
-8.29904e-05
-3.66428e-05
-7.93838e-05
-5.00587e-05
-0.00010598
-3.81391e-05
-7.26113e-05
-7.20105e-05
-7.75411e-05
-3.60323e-05
-7.68041e-05
-4.99269e-05
-6.40203e-05
-4.54127e-05
-6.66899e-05
-4.98059e-05
-2.91873e-05
-8.13416e-05
-4.32047e-05
-0.000127181
-5.07727e-05
-0.000108634
-1.60118e-05
-9.20664e-05
-4.18025e-06
-8.2259e-05
-1.3656e-05
-0.000105262
-9.91485e-06
-0.000150811
-2.27378e-05
-0.000104073
-7.39915e-05
-9.98002e-05
-5.75983e-05
-7.86916e-05
-5.5644e-05
-7.27111e-05
-5.40577e-05
-6.58078e-05
-5.53879e-05
-6.23335e-05
-4.77327e-05
-5.03588e-05
-7.03113e-05
-4.09658e-05
-4.70846e-05
-5.98695e-05
-4.28046e-05
-5.43388e-05
-4.54325e-05
-3.55112e-05
-7.00426e-05
-4.74004e-05
-6.7049e-05
-3.90259e-05
-6.52928e-05
-5.16832e-05
-6.66439e-05
-4.40616e-05
-7.07103e-05
-4.57396e-05
-2.58729e-05
-7.40246e-05
-2.16673e-05
-0.000105514
-3.38019e-05
-9.64997e-05
-3.1845e-05
-9.40234e-05
1.84936e-05
-0.000132598
6.64998e-06
-9.3418e-05
-4.1602e-05
-0.000102559
-5.22205e-05
-9.34544e-05
-5.65818e-05
-9.54389e-05
-4.52108e-05
-9.00626e-05
-4.58972e-05
-7.20247e-05
-4.69543e-05
-6.47506e-05
-5.11703e-05
-5.81175e-05
-6.00799e-05
-4.14491e-05
-5.68344e-05
-4.42113e-05
-4.09463e-05
-7.57576e-05
-5.52952e-05
-3.99898e-05
-5.50544e-05
-3.57521e-05
-5.89642e-05
-4.34906e-05
-5.52395e-05
-4.27507e-05
-6.05751e-05
-4.63475e-05
-6.26031e-05
-4.20336e-05
-6.43694e-05
-4.39732e-05
-2.38344e-05
-6.6408e-05
-2.93488e-05
-7.61651e-05
-1.00316e-05
-0.000115817
1.27998e-06
-0.000105335
-1.84138e-05
-0.000112904
-2.26404e-06
-0.000109568
-1.70226e-05
-8.78007e-05
-3.43042e-05
-7.61728e-05
-4.49082e-05
-8.4835e-05
-5.87932e-05
-7.61775e-05
-6.36076e-05
-6.72104e-05
-6.55003e-05
-6.28579e-05
-6.55678e-05
-5.805e-05
-5.81773e-05
-4.88396e-05
-5.51472e-05
-4.72414e-05
-8.14097e-05
-4.94951e-05
-4.62868e-05
-7.51127e-05
-4.61023e-05
-3.59366e-05
-5.17623e-05
-3.78307e-05
-5.23792e-05
-4.21337e-05
-6.632e-05
-3.24067e-05
-6.72839e-05
-4.10697e-05
-6.93744e-05
-4.18828e-05
-2.74918e-05
-6.5717e-05
1.59922e-05
-9.21573e-05
-3.31587e-08
-9.97916e-05
-1.33334e-05
-9.20348e-05
-2.51405e-05
-0.000101097
-3.64807e-05
-9.82275e-05
-2.79133e-05
-9.63681e-05
-8.10638e-06
-9.59797e-05
-2.53054e-05
-6.7636e-05
-4.15096e-05
-5.99733e-05
-4.97882e-05
-5.89319e-05
-5.47868e-05
-5.78593e-05
-5.65476e-05
-5.62892e-05
-4.9549e-05
-5.58382e-05
-3.78759e-05
-5.89145e-05
-3.22613e-05
-5.51096e-05
-5.50619e-05
-5.23122e-05
-5.43384e-05
-3.66601e-05
-4.35282e-05
-4.86409e-05
-5.32867e-05
-3.23752e-05
-5.66434e-05
-2.905e-05
-5.79039e-05
-3.98092e-05
-6.20857e-05
-3.7701e-05
-2.21086e-05
-6.74689e-05
-4.30689e-06
-8.78504e-05
-9.59361e-06
-9.45049e-05
-7.16e-06
-9.44684e-05
-1.73851e-05
-9.08718e-05
-2.38687e-05
-9.1744e-05
-3.51354e-05
-8.51014e-05
-4.54996e-05
-8.56155e-05
-3.6015e-05
-7.71206e-05
-5.03494e-05
-4.5639e-05
-6.62218e-05
-4.30595e-05
-5.62966e-05
-6.77845e-05
-4.4864e-05
-6.77217e-05
-3.48435e-05
-6.58588e-05
-4.50854e-05
-4.86726e-05
-5.60458e-05
-4.41493e-05
-5.95557e-05
-4.88023e-05
-3.4743e-05
-6.14728e-05
-4.98163e-05
-3.35676e-05
-5.11838e-05
-3.10077e-05
-5.26945e-05
-2.75393e-05
-5.75489e-05
-3.49548e-05
-6.12883e-05
-3.39616e-05
-2.27854e-05
-6.06115e-05
-3.42596e-07
-8.75078e-05
-5.52584e-06
-8.93217e-05
-1.0399e-05
-8.95952e-05
-1.55873e-05
-8.56835e-05
-2.17892e-05
-8.55421e-05
-2.56146e-05
-8.12761e-05
-3.06842e-05
-8.05459e-05
-3.35519e-05
-7.42529e-05
-3.94531e-05
-3.97379e-05
-4.49723e-05
-3.75403e-05
-5.07817e-05
-6.19751e-05
-5.6469e-05
-6.20345e-05
-5.97756e-05
-6.25522e-05
-4.60469e-05
-6.24013e-05
-5.15902e-05
-3.86059e-05
-4.19782e-05
-5.84143e-05
-6.55009e-05
-3.79502e-05
-4.03585e-05
-5.87101e-05
-4.47158e-05
-2.66505e-05
-4.59485e-05
-2.63066e-05
-4.8932e-05
-3.19713e-05
-5.29986e-05
-2.9895e-05
-2.10828e-05
-5.47012e-05
-3.95372e-06
-8.35541e-05
-7.76171e-06
-8.55137e-05
-1.11716e-05
-8.61853e-05
-1.4297e-05
-8.25581e-05
-1.86099e-05
-8.12292e-05
-2.47371e-05
-7.51488e-05
-3.16309e-05
-7.36521e-05
-3.35691e-05
-7.23148e-05
-3.71625e-05
-3.61445e-05
-3.99446e-05
-3.47582e-05
-4.35709e-05
-5.83487e-05
-4.89101e-05
-5.66953e-05
-4.97059e-05
-6.17564e-05
-4.96186e-05
-6.24887e-05
-5.2079e-05
-3.61455e-05
-4.93505e-05
-6.11428e-05
-5.26542e-05
-3.46465e-05
-6.34955e-05
-4.78687e-05
-4.08611e-05
-4.92849e-05
-3.75179e-05
-2.96498e-05
-4.80134e-05
-2.14757e-05
-5.42666e-05
-2.36419e-05
-2.14584e-05
-5.38909e-05
-1.54502e-06
-8.20091e-05
-3.5425e-06
-8.35163e-05
-8.31231e-06
-8.14155e-05
-1.0863e-05
-8.00074e-05
-1.4572e-05
-7.75203e-05
-1.87359e-05
-7.09849e-05
-2.42291e-05
-6.81589e-05
-2.57086e-05
-7.08352e-05
-2.40073e-05
-3.78459e-05
-2.18583e-05
-3.69072e-05
-4.33678e-05
-3.68392e-05
-3.4253e-05
-6.58102e-05
-3.3841e-05
-6.21683e-05
-4.40923e-05
-5.22374e-05
-2.16169e-05
-5.86209e-05
-4.64283e-05
-3.63314e-05
-2.92632e-05
-5.18116e-05
-4.6845e-05
-3.02869e-05
-4.06653e-05
-5.54646e-05
-4.23771e-05
-2.79381e-05
-4.36319e-05
-2.0221e-05
-4.67888e-05
-2.0485e-05
-1.80218e-05
-5.02255e-05
-1.97001e-06
-8.00391e-05
-3.78494e-06
-8.17014e-05
-8.4942e-06
-7.67062e-05
-1.13882e-05
-7.71134e-05
-1.52726e-05
-7.36359e-05
-1.89246e-05
-6.7333e-05
-2.3656e-05
-6.34275e-05
-2.604e-05
-6.84512e-05
-2.78692e-05
-3.60166e-05
-2.71479e-05
-3.76285e-05
-2.98957e-05
-3.40914e-05
-2.50083e-05
-7.06976e-05
-2.76413e-05
-5.95353e-05
-2.77601e-05
-5.21187e-05
-2.88257e-05
-5.75553e-05
-3.86572e-05
-2.64999e-05
-3.93486e-05
-5.11202e-05
-4.04866e-05
-2.9149e-05
-5.06063e-05
-4.53448e-05
-3.75491e-05
-4.09953e-05
-3.7671e-05
-2.0099e-05
-4.36176e-05
-1.45384e-05
-1.3649e-05
-4.79904e-05
-2.10412e-06
-7.7935e-05
-4.11233e-06
-7.96932e-05
-4.75124e-06
-7.60673e-05
-3.10551e-06
-7.87591e-05
2.04224e-07
-7.69457e-05
-1.88831e-05
-4.82456e-05
-3.64463e-05
-4.58643e-05
-3.10306e-05
-7.38669e-05
-2.6164e-05
-4.08832e-05
-2.3621e-05
-4.01716e-05
-1.8458e-05
-3.92543e-05
-2.42928e-05
-6.48629e-05
-2.89183e-05
-5.49098e-05
-2.76776e-05
-5.33593e-05
-4.22008e-05
-4.30322e-05
-2.13127e-05
-4.73881e-05
-2.9619e-05
-4.28138e-05
-3.21351e-05
-2.66328e-05
-3.89482e-05
-3.85317e-05
-3.20492e-05
-4.78944e-05
-3.99268e-05
-1.22214e-05
-4.07556e-05
-1.37095e-05
-1.22527e-05
-4.21519e-05
-2.7349e-06
-7.52001e-05
-5.34252e-06
-7.70856e-05
-7.19069e-06
-7.42192e-05
-1.02366e-05
-7.57132e-05
-1.34779e-05
-7.37044e-05
-1.49314e-05
-4.67921e-05
-1.69187e-05
-4.38771e-05
-1.69745e-05
-7.38111e-05
-1.40952e-05
-4.37625e-05
-1.42519e-05
-4.00149e-05
-1.27567e-05
-4.07496e-05
-1.74349e-05
-6.01847e-05
-2.25881e-05
-4.97566e-05
-2.39763e-05
-5.19711e-05
-2.26657e-05
-4.43429e-05
-2.18646e-05
-4.81892e-05
-3.95885e-05
-2.509e-05
-2.58347e-05
-4.03866e-05
-3.95835e-05
-2.47829e-05
-5.1965e-05
-3.55129e-05
-3.25695e-05
-3.16169e-05
-3.37082e-05
-1.25708e-05
-7.39524e-06
-3.85657e-05
-1.67409e-06
-7.3526e-05
-3.36904e-06
-7.53906e-05
-5.09902e-06
-7.24892e-05
-6.75856e-06
-7.40537e-05
-9.09046e-06
-7.13725e-05
-1.27027e-05
-4.31798e-05
-1.73191e-05
-3.92608e-05
-3.02656e-05
-6.08646e-05
-1.8905e-05
-5.51231e-05
-6.03487e-06
-5.2885e-05
-1.59507e-05
-3.08339e-05
-2.51223e-05
-5.1013e-05
-2.27412e-05
-5.21377e-05
-2.58568e-05
-4.88555e-05
-2.51227e-05
-4.50769e-05
-3.69847e-05
-3.63272e-05
-2.4554e-05
-3.75207e-05
-2.63277e-05
-3.86129e-05
-2.76156e-05
-2.3495e-05
-3.21022e-05
-3.10264e-05
-2.62707e-05
-3.74484e-05
-3.28319e-05
-6.00963e-06
-4.93631e-06
-3.52908e-05
-8.7543e-07
-7.26506e-05
-2.25827e-06
-7.40078e-05
-3.7272e-06
-7.10203e-05
-8.05682e-06
-6.97241e-05
-1.82221e-05
-6.12072e-05
-1.87471e-06
-5.95273e-05
-7.21817e-06
-3.39173e-05
-1.16867e-05
-5.6396e-05
-1.34502e-05
-5.33597e-05
-9.31631e-06
-5.70189e-05
-8.85604e-06
-3.12941e-05
-2.81381e-05
-3.1731e-05
-2.12216e-05
-5.90542e-05
-2.11033e-05
-4.89738e-05
-2.09267e-05
-4.52535e-05
-2.05788e-05
-3.6675e-05
-2.04249e-05
-3.76746e-05
-2.69558e-05
-3.20821e-05
-1.76503e-05
-3.28005e-05
-3.09942e-05
-1.76825e-05
-5.06959e-05
-1.77466e-05
-3.29023e-05
-2.38032e-05
-1.43173e-06
-3.64069e-05
-5.3778e-07
-7.21128e-05
-2.05709e-06
-7.24885e-05
-1.39829e-06
-7.16791e-05
-5.31767e-06
-6.58047e-05
-4.44569e-06
-6.20792e-05
-4.12839e-06
-5.98446e-05
-3.76309e-06
-3.42826e-05
-2.26564e-05
-3.75027e-05
-1.32979e-05
-6.27182e-05
-1.14823e-05
-5.88345e-05
-9.08158e-06
-3.36948e-05
-1.01249e-05
-3.06877e-05
-1.58717e-05
-5.33074e-05
-1.84961e-05
-4.63494e-05
-2.04991e-05
-4.32506e-05
-1.93844e-05
-3.77897e-05
-2.61562e-05
-3.09028e-05
-2.66821e-05
-3.15562e-05
-3.07642e-05
-2.87184e-05
-3.1718e-05
-1.67287e-05
-2.88625e-05
-2.06021e-05
-3.96213e-05
-1.30444e-05
-1.01333e-05
-3.09197e-05
-1.95378e-08
-7.20933e-05
-3.9835e-07
-7.21097e-05
1.2784e-06
-7.33558e-05
8.97624e-07
-6.54239e-05
-1.72492e-05
-4.39324e-05
-9.35256e-06
-6.77412e-05
-7.04735e-06
-3.65878e-05
-9.84568e-06
-3.47044e-05
-7.53506e-06
-6.50288e-05
-9.97585e-06
-5.63937e-05
-9.81149e-06
-3.38592e-05
-1.13328e-05
-2.91664e-05
-1.48289e-05
-4.98113e-05
-1.60488e-05
-4.51295e-05
-1.63872e-05
-4.29122e-05
-1.65202e-05
-3.76567e-05
-1.65132e-05
-3.09098e-05
-1.41374e-05
-3.3932e-05
-1.95351e-05
-2.33207e-05
-2.26357e-05
-1.3628e-05
-2.53017e-05
-1.79362e-05
-3.03945e-05
-7.95156e-06
-1.19465e-05
-2.85813e-05
-6.7528e-07
-7.1418e-05
-5.81935e-07
-7.2203e-05
-2.22643e-06
-7.17113e-05
-3.5079e-06
-6.41425e-05
-6.95259e-06
-4.04877e-05
-4.86891e-06
-6.98249e-05
-5.67231e-06
-3.57844e-05
-7.96821e-06
-3.24085e-05
-1.08523e-05
-6.21448e-05
-1.67697e-05
-5.04762e-05
-1.1343e-07
-5.05155e-05
-1.05179e-06
-2.82281e-05
-2.20857e-05
-2.87773e-05
-1.62497e-05
-5.09656e-05
-1.56688e-05
-4.3493e-05
-1.55125e-05
-3.7813e-05
-1.37289e-05
-3.26934e-05
-2.09136e-05
-2.67473e-05
-2.1173e-05
-2.30613e-05
-1.78396e-05
-1.69614e-05
-1.83425e-05
-1.74333e-05
-2.14295e-05
-4.86452e-06
-1.27231e-05
-2.06529e-05
-7.64663e-07
-7.06534e-05
-7.8025e-07
-7.21874e-05
-1.9295e-06
-7.05621e-05
-3.42398e-06
-6.2648e-05
-7.40164e-06
-3.651e-05
-7.63947e-06
-6.95871e-05
-3.66731e-06
-3.97566e-05
-2.31205e-06
-3.37638e-05
-6.01943e-07
-6.38549e-05
-1.48417e-05
-3.62364e-05
-1.00338e-05
-5.53234e-05
-8.9816e-06
-2.92803e-05
-9.13005e-06
-2.86289e-05
-9.67592e-06
-5.04197e-05
-9.96574e-06
-4.32032e-05
-1.12532e-05
-3.65256e-05
-1.21019e-05
-3.18447e-05
-1.74132e-05
-2.1436e-05
-1.58315e-05
-2.4643e-05
-1.76723e-05
-1.51205e-05
-1.92797e-05
-1.58259e-05
-2.00176e-05
-4.12668e-06
-1.72624e-05
-1.54782e-05
-1.00064e-06
-6.96527e-05
-1.56336e-06
-7.16247e-05
-1.28816e-06
-7.08373e-05
-4.47994e-06
-5.94562e-05
-6.21191e-06
-3.47781e-05
-5.90561e-06
-6.98934e-05
-7.23187e-06
-3.84303e-05
-5.15361e-06
-3.5842e-05
-5.40798e-06
-6.36005e-05
-7.21109e-06
-3.44333e-05
-4.05966e-06
-5.84748e-05
-4.66233e-06
-2.86776e-05
-6.22381e-06
-2.70674e-05
-7.83945e-06
-4.8804e-05
-8.38329e-06
-4.26593e-05
-8.54523e-06
-3.63636e-05
-8.92179e-06
-3.14682e-05
-7.52805e-06
-2.28297e-05
-1.0109e-05
-2.20621e-05
-9.05801e-06
-1.61715e-05
-1.59804e-05
-8.90349e-06
-1.25236e-05
-7.58343e-06
-8.1344e-06
-2.16516e-05
-1.92835e-06
-6.77244e-05
-5.26383e-06
-6.82892e-05
-6.2624e-06
-6.98387e-05
-2.94365e-06
-6.27749e-05
-4.9974e-06
-3.27243e-05
-1.00686e-05
-6.48221e-05
4.11248e-06
-5.26114e-05
2.74147e-06
-3.4471e-05
-1.03038e-06
-5.98287e-05
-2.67914e-06
-3.27846e-05
-4.36073e-06
-5.67932e-05
-4.50801e-06
-2.85303e-05
-4.53315e-06
-2.70423e-05
-5.20583e-06
-4.81314e-05
-5.77995e-06
-4.20852e-05
-6.43106e-06
-3.57125e-05
-7.76079e-06
-3.01384e-05
-7.01092e-06
-2.35796e-05
-1.02212e-05
-1.88518e-05
-1.08675e-05
-1.55252e-05
-1.22016e-05
-7.56933e-06
-1.05471e-05
-9.23792e-06
-1.24452e-06
-1.7437e-05
-9.44374e-07
-6.678e-05
-2.48806e-07
-6.89848e-05
3.25935e-06
-7.33469e-05
-1.37052e-05
-4.58104e-05
-8.17923e-06
-3.82503e-05
-6.71618e-06
-6.62852e-05
-2.1496e-06
-5.7178e-05
-4.12101e-06
-3.24996e-05
-2.71289e-06
-6.12368e-05
-4.74431e-06
-3.07532e-05
-3.82728e-06
-5.77103e-05
-4.93604e-06
-2.74216e-05
-4.63636e-06
-2.73419e-05
-5.88844e-06
-4.68793e-05
-4.26065e-06
-4.3713e-05
-4.28679e-06
-3.56863e-05
-3.85298e-06
-3.05722e-05
-4.30895e-06
-2.31236e-05
-3.19348e-06
-1.99673e-05
-2.04963e-06
-1.6669e-05
-3.15814e-06
-6.46081e-06
-6.53227e-06
-5.86379e-06
-2.53996e-06
-5.23683e-06
-4.25403e-06
-1.03923e-05
-2.26888e-05
-4.2476e-06
1.17023e-05
-1.16329e-06
-7.45386e-06
2.17743e-06
-6.71895e-06
-1.36098e-06
-1.13008e-05
-2.19416e-06
1.01838e-05
1.59922e-06
-3.7888e-06
-7.02e-06
-7.71262e-06
-8.05308e-06
-1.05167e-05
-1.14655e-05
-8.40589e-06
-4.83616e-06
-5.24277e-06
0.000215199
9.39012e-05
0.000142286
7.2913e-05
9.31392e-05
4.91463e-05
4.01375e-05
5.30012e-05
0.000318153
0.00010037
0.00031357
7.74967e-05
0.00031145
5.12661e-05
4.71978e-05
0.00030439
0.000365223
2.38716e-05
0.000427339
1.53808e-05
0.000448043
3.05617e-05
3.33334e-05
0.000461907
0.000328036
6.57451e-06
0.000341884
1.53276e-06
0.000368293
4.15297e-06
1.28512e-05
0.000388775
0.000267555
3.9769e-05
0.000227112
4.19758e-05
0.000212439
1.88262e-05
1.26e-06
0.00022403
0.000148008
1.56779e-05
0.00017262
1.73641e-05
0.000188224
3.22221e-06
-2.00127e-05
0.000209497
0.000198962
-5.80481e-06
0.00022574
-9.41333e-06
0.000242707
-1.37453e-05
-2.46052e-05
0.0002473
0.000340247
-2.86316e-05
0.000365385
-3.45505e-05
0.000417016
-6.53764e-05
-3.74503e-05
0.000429861
0.000414793
-5.9999e-05
0.000448917
-6.86751e-05
0.000450468
-6.69264e-05
-6.46284e-05
0.000477646
0.000186376
-7.24826e-05
0.000247265
-0.000129564
0.000252678
-7.23395e-05
-0.00011508
0.00030313
8.05563e-05
-0.00012034
6.69013e-05
-0.000115909
0.000104611
-0.000110049
-0.000109299
9.88299e-05
-8.41263e-05
-0.000109918
-9.53305e-05
-0.000104705
-0.000101168
-0.000104212
-0.000108315
-0.000102153
-0.000129757
-9.61908e-05
-0.000175771
-5.86915e-05
-0.000188724
-9.12579e-05
-9.87408e-05
-0.000198298
-0.00016001
-7.16933e-05
-0.000173104
-4.55974e-05
-0.000194162
-7.02007e-05
-7.97434e-05
-0.000213159
-0.000142638
-5.47678e-05
-0.000132402
-5.58329e-05
-0.000140427
-6.21763e-05
-4.28532e-05
-0.000177317
-8.82912e-05
-4.68914e-05
-9.59985e-05
-4.81257e-05
-0.000108689
-4.94861e-05
-3.80727e-05
-0.000113469
-8.76095e-05
-3.05189e-05
-0.000104145
-3.15902e-05
-0.000121685
-3.1946e-05
-4.86115e-05
-0.000111146
-0.000102562
-2.50864e-05
-9.37369e-05
-4.04153e-05
-9.06014e-05
-3.50815e-05
-3.08019e-05
-0.000108411
-9.901e-05
-1.99909e-05
-0.000129231
-1.01947e-05
-0.000152343
-1.1969e-05
-1.74404e-05
-0.000165705
-0.000156675
-1.26085e-05
-0.000148566
-1.83042e-05
-0.000148325
-1.22099e-05
-1.27443e-05
-0.000153021
-8.22787e-05
-1.16714e-05
-8.1975e-05
-1.8608e-05
-7.66658e-05
-1.7519e-05
-1.9577e-05
-6.98331e-05
-7.1474e-05
-1.42221e-05
-7.60493e-05
-1.40327e-05
-8.22896e-05
-1.12787e-05
-1.30816e-05
-8.8785e-05
-7.04773e-05
-1.01529e-05
-7.53025e-05
-9.2075e-06
-7.85869e-05
-7.99431e-06
-7.39049e-06
-8.4278e-05
-6.44718e-05
-1.13981e-05
-6.76606e-05
-6.01867e-06
-6.98837e-05
-5.77119e-06
-5.41765e-06
-7.18566e-05
-7.0743e-05
-8.124e-06
-6.9808e-05
-6.95367e-06
-6.89029e-05
-6.67629e-06
-3.70762e-06
-7.06129e-05
-6.00904e-05
-8.64517e-06
-6.2899e-05
-4.14503e-06
-6.34059e-05
-6.16936e-06
-3.78996e-06
-6.33236e-05
-5.75975e-05
-5.74889e-06
-5.46815e-05
-7.06105e-06
-5.7999e-05
-2.85187e-06
-7.27401e-07
-6.10615e-05
-5.28643e-05
-6.77546e-06
-5.68091e-05
-3.11621e-06
-5.80162e-05
-1.64483e-06
-6.68283e-07
-5.80753e-05
-5.17029e-05
-5.298e-06
-5.062e-05
-4.19914e-06
-5.12749e-05
-9.89965e-07
3.86669e-07
-5.23298e-05
-4.9976e-05
-3.31239e-06
-5.04322e-05
-3.74294e-06
-4.93058e-05
-2.11628e-06
2.59143e-07
-4.91783e-05
-4.09922e-05
-4.47213e-06
-4.31115e-05
-1.62359e-06
-4.43422e-05
-8.85618e-07
7.38938e-07
-4.4822e-05
-4.11805e-05
-1.85733e-06
-4.14432e-05
-1.36096e-06
-4.31239e-05
7.95158e-07
3.05911e-06
-4.54441e-05
-3.57058e-05
-1.44228e-06
-3.74283e-05
3.61555e-07
-3.9131e-05
2.4978e-06
3.72635e-06
-3.97982e-05
-3.64934e-05
-1.35574e-06
-3.6229e-05
9.71535e-08
-3.51632e-05
1.43199e-06
2.91087e-06
-3.43477e-05
-2.97967e-05
-2.47878e-06
-2.91924e-05
-5.07068e-07
-2.85908e-05
8.30339e-07
2.25046e-06
-2.79304e-05
-2.92509e-05
-1.80913e-06
-2.83201e-05
-1.43793e-06
-2.8392e-05
9.02282e-07
2.39389e-06
-2.85354e-05
-2.12613e-05
-1.20082e-06
-2.16499e-05
-1.04926e-06
-2.21576e-05
1.41001e-06
2.47912e-06
-2.22429e-05
-1.82899e-05
1.61088e-06
-1.95363e-05
1.97134e-07
-2.05363e-05
2.41002e-06
2.8188e-06
-2.0876e-05
-1.81696e-05
-1.87112e-06
-1.75096e-05
-4.62903e-07
-1.63292e-05
1.22963e-06
2.78356e-06
-1.6294e-05
-1.44751e-05
-4.833e-06
-1.45815e-05
-3.56461e-07
-1.43494e-05
9.97446e-07
2.79696e-06
-1.43628e-05
-7.3016e-06
-2.76822e-06
-8.59581e-06
9.37761e-07
-9.35844e-06
1.76008e-06
2.22495e-06
-8.78643e-06
-6.92112e-06
-7.19106e-06
-6.27598e-06
-8.34879e-06
-0.000137994
0.000156169
4.77705e-06
3.59225e-05
8.95279e-05
5.50375e-05
0.000132902
1.5106e-05
0.00016639
-7.74598e-05
0.000169442
-0.000161019
0.000203329
-0.00016708
0.000169788
-0.000111961
0.000166627
-0.000113421
0.000134686
-3.49785e-05
0.000116496
-9.59749e-06
0.00011039
9.28361e-06
9.3866e-05
4.91124e-05
7.65575e-05
6.33003e-05
6.00278e-05
6.90248e-05
4.41972e-05
6.9415e-05
2.90616e-05
6.94109e-05
1.43696e-05
6.87371e-05
6.79708e-05
0.000369469
9.10898e-05
0.000365724
3.96673e-05
0.0004255
-4.73822e-06
0.000501381
-6.07752e-05
0.00052963
-0.000105709
0.000512367
-0.000143756
0.00046287
-0.000117583
0.000422591
-7.16814e-05
0.000331505
-2.23355e-05
0.000293326
3.20001e-06
0.000240085
4.36437e-05
0.000148209
0.00010116
0.000105032
9.22897e-05
8.01724e-05
8.81599e-05
6.11813e-05
8.80159e-05
4.43498e-05
8.62465e-05
2.89103e-05
8.48503e-05
1.42258e-05
8.34215e-05
8.21966e-05
0.000496405
5.6592e-05
0.000501196
3.48764e-05
0.00041055
8.59077e-05
0.000339986
9.78859e-06
0.000299675
-6.53975e-05
0.000247692
-9.17725e-05
0.000198201
-6.80927e-05
0.000168494
-4.19742e-05
0.000139563
6.59526e-06
0.000120132
2.26315e-05
0.000106091
5.76849e-05
0.000110914
9.63377e-05
9.68725e-05
0.000106331
7.8028e-05
0.000107005
6.00393e-05
0.000106005
4.35353e-05
0.000102751
2.83073e-05
0.000100078
1.39061e-05
9.78225e-05
9.61027e-05
0.000385024
6.03428e-05
0.000274416
0.000145484
0.000292814
6.75099e-05
0.000277399
2.52035e-05
0.000240795
-2.87932e-05
0.000211979
-6.29572e-05
0.000195886
-5.19998e-05
0.000192633
-3.87211e-05
0.000201508
-2.27905e-06
0.000181773
4.2366e-05
0.000155948
8.35106e-05
0.000130396
0.000121891
0.000101813
0.000134915
7.82794e-05
0.000130539
5.905e-05
0.000125234
4.23757e-05
0.000119425
2.74183e-05
0.000115036
1.34281e-05
0.000111813
0.000109531
0.00027729
7.08284e-06
0.000339185
8.35893e-05
0.000229498
0.000177197
0.000224795
2.99066e-05
0.000219507
-2.35055e-05
0.0002412
-8.46502e-05
0.000227813
-3.86125e-05
0.000214781
-2.56897e-05
0.000204526
7.97677e-06
0.000182622
6.42703e-05
0.000155375
0.000110758
0.000125687
0.00015158
9.79647e-05
0.000162637
7.53286e-05
0.000153176
5.65806e-05
0.000143983
4.0456e-05
0.00013555
2.60934e-05
0.000129398
1.27553e-05
0.000125151
0.000122286
0.000230893
-1.43129e-05
0.000301164
1.33181e-05
0.000417935
6.04259e-05
0.000416704
3.11378e-05
0.000396497
-3.29875e-06
0.000271737
4.011e-05
0.000261093
-2.79693e-05
0.000251396
-1.59919e-05
0.000237152
2.22202e-05
0.00021053
9.08926e-05
0.000165179
0.000156111
0.000121925
0.000194834
9.34133e-05
0.00019115
7.10012e-05
0.000175588
5.29543e-05
0.00016203
3.76908e-05
0.000150813
2.42548e-05
0.000142834
1.1839e-05
0.000137567
0.000134125
0.000237251
-4.264e-06
0.000274728
-2.4158e-05
0.000358376
-2.3222e-05
0.00035517
3.43438e-05
0.000268802
8.30691e-05
0.000282162
2.67502e-05
0.00026593
-1.17376e-05
0.000252722
-2.78438e-06
0.000232987
4.19556e-05
0.000210331
0.000113548
0.000163132
0.00020331
0.000118293
0.000239673
8.744e-05
0.000222003
6.539e-05
0.000197638
4.846e-05
0.00017896
3.43881e-05
0.000164885
2.20892e-05
0.000155133
1.07683e-05
0.000148887
0.000144893
0.000463116
-3.75186e-05
0.000442325
-3.3674e-06
0.000413049
6.05433e-06
0.0003557
9.16931e-05
0.000342498
9.62704e-05
0.000279657
8.95918e-05
0.000248488
1.94305e-05
0.000232355
1.3349e-05
0.000212689
6.16218e-05
0.000194981
0.000131257
0.000157828
0.000240463
0.000112151
0.00028535
7.92332e-05
0.000254921
5.7791e-05
0.000219081
4.24422e-05
0.000194309
3.00664e-05
0.000177261
1.93312e-05
0.000165869
9.43017e-06
0.000158788
0.000154324
0.000550283
-0.000110156
0.000577295
-3.03796e-05
0.000376436
0.000206914
0.000291076
0.000177053
0.000283961
0.000103385
0.000273695
9.98587e-05
0.000214315
7.88103e-05
0.000182221
4.54428e-05
0.000161619
8.22238e-05
0.000142426
0.00015045
0.000109661
0.000273228
7.96994e-05
0.000315312
6.08329e-05
0.000273788
4.65821e-05
0.000233332
3.51398e-05
0.000205751
2.52565e-05
0.000187145
1.63542e-05
0.000174771
7.99842e-06
0.000167144
0.000162322
0.000324006
-0.000131031
0.000263017
3.06094e-05
0.000396112
7.38187e-05
0.000399845
0.000173319
0.000361652
0.000141579
0.000379606
8.19044e-05
0.000342494
0.000115922
0.00020996
0.000177977
0.000147983
0.000144201
0.000103664
0.000194769
5.73383e-05
0.000319554
4.57059e-05
0.000326945
4.08734e-05
0.00027862
3.38225e-05
0.000240383
2.66183e-05
0.000212956
1.96471e-05
0.000194116
1.29204e-05
0.000181498
6.36284e-06
0.000173702
0.000168685
0.000115587
-0.000147789
0.000151409
-5.21247e-06
0.000144865
8.03624e-05
0.000229923
8.82613e-05
0.000348929
2.2574e-05
0.00033718
9.36531e-05
0.000292478
0.000160624
0.00024064
0.000229815
0.000158436
0.000226404
5.94703e-05
0.000293735
1.99333e-05
0.000359091
2.15735e-05
0.000325305
2.36198e-05
0.000276574
2.20837e-05
0.000241919
1.87393e-05
0.0002163
1.44057e-05
0.00019845
9.64582e-06
0.000186258
4.77315e-06
0.000178574
0.000173458
-8.51933e-05
-0.000164748
-2.21246e-05
-6.82812e-05
5.91962e-05
-9.58246e-07
0.000129205
1.82525e-05
9.72829e-05
5.44963e-05
8.97157e-05
0.00010122
7.68933e-05
0.000173447
7.61158e-05
0.000230593
1.35996e-05
0.00028892
-2.67913e-05
0.000334126
-1.39608e-05
0.00034626
1.87806e-06
0.000309466
9.07101e-06
0.000269381
1.09787e-05
0.000240011
1.05826e-05
0.000216696
8.86197e-06
0.00020017
6.19166e-06
0.000188928
3.08077e-06
0.000181685
0.000176539
-0.000226324
-0.000136723
-0.000165425
-0.00012918
-8.79546e-05
-7.84283e-05
-4.0681e-05
-2.9021e-05
-1.00666e-05
2.3882e-05
-1.0808e-05
0.000101962
-2.39861e-05
0.000186625
-5.08204e-05
0.000257427
-6.48223e-05
0.000302922
-6.24771e-05
0.000331781
-3.41765e-05
0.00031796
-1.56225e-05
0.000290912
-4.11193e-06
0.000257871
1.6019e-06
0.000234298
4.2887e-06
0.00021401
4.58302e-06
0.000199876
3.3421e-06
0.000190169
1.58741e-06
0.00018344
0.000178126
-0.000160761
-0.000189121
-0.000154802
-0.00013514
-0.000137146
-9.60837e-05
-0.000129212
-3.69552e-05
-0.000121941
1.66109e-05
-0.000128084
0.000108105
-0.000135632
0.000194173
-0.000130016
0.000251811
-0.000105381
0.000278287
-8.03273e-05
0.000306728
-4.22419e-05
0.000279874
-2.52636e-05
0.000273934
-1.30931e-05
0.0002457
-7.13683e-06
0.000228342
-3.08172e-06
0.000209955
-5.43841e-07
0.000197338
5.30775e-07
0.000189094
-1.55268e-07
0.000184126
0.000177971
-0.000253749
-0.000112689
-0.000298734
-9.01555e-05
-0.000321046
-7.37711e-05
-0.000336137
-2.18648e-05
-0.000348366
2.88397e-05
-0.000335941
9.56803e-05
-0.000301609
0.000159841
-0.000248299
0.000198501
-0.000188672
0.000218659
-9.57662e-05
0.000213822
-5.97473e-05
0.000243856
-3.8503e-05
0.00025269
-2.37876e-05
0.000230985
-1.41214e-05
0.000218675
-1.09607e-05
0.000206794
-3.36045e-06
0.000189738
-1.81768e-06
0.000187552
-1.3e-06
0.000183609
0.000176671
-0.000137715
-8.84428e-05
-0.000152344
-7.55273e-05
-0.000166401
-5.9714e-05
-0.000178183
-1.00829e-05
-0.000188501
3.91582e-05
-0.000181042
8.82209e-05
-0.000164114
0.000142913
-0.000133204
0.000167592
-0.000106132
0.000191587
-0.000122517
0.000230207
-0.00010106
0.000222399
-7.47264e-05
0.000226356
-4.87207e-05
0.000204979
-3.32508e-05
0.000203205
-1.48868e-05
0.00018843
-8.02105e-06
0.000182872
-5.90629e-06
0.000185437
-2.23208e-06
0.000179934
0.000174439
-0.000131146
-6.84431e-05
-0.000154742
-5.19318e-05
-0.000157947
-5.65091e-05
-0.000163555
-4.47475e-06
-0.000168472
4.40754e-05
-0.000166249
8.59977e-05
-0.000155993
0.000132657
-0.000129284
0.000140883
-0.00014625
0.000208554
-0.00012973
0.000213686
-9.99253e-05
0.000192594
-5.08796e-05
0.000177311
-3.4992e-05
0.000189092
-2.20475e-05
0.000190261
-2.02172e-05
0.0001866
-1.69539e-05
0.000179609
-1.01696e-05
0.000178653
-4.3738e-06
0.000174139
0.000170065
-0.000125206
-5.16481e-05
-0.000134214
-4.29236e-05
-0.000221669
3.09457e-05
-0.000224754
-1.38945e-06
-0.00016908
-1.15991e-05
-0.000158762
7.56796e-05
-0.000140901
0.000114796
-0.000166654
0.000166636
-0.00014162
0.00018352
-8.67747e-05
0.00015884
-6.83911e-05
0.000174211
-7.13805e-05
0.0001803
-6.08409e-05
0.000178552
-4.09406e-05
0.000170361
-2.79208e-05
0.00017358
-2.0973e-05
0.000172661
-1.23274e-05
0.000170007
-5.69698e-06
0.000167508
0.000164368
-0.00020017
-1.71826e-05
-0.000219059
-2.40351e-05
-0.000157903
-3.02096e-05
-0.000156441
-2.85192e-06
-0.000207384
3.93438e-05
-0.000209979
7.82745e-05
-0.000194395
9.92124e-05
-0.000163825
0.000136066
-9.88564e-05
0.000118552
-8.24236e-05
0.000142407
-6.1485e-05
0.000153272
-4.82882e-05
0.000167103
-3.85281e-05
0.000168792
-3.87369e-05
0.00017057
-3.06681e-05
0.000165511
-1.38979e-05
0.000155891
-8.37635e-06
0.000164486
-3.5559e-06
0.000162688
0.000160812
-0.000110997
-5.92063e-05
-0.000114303
-2.07294e-05
-0.000125601
-1.8911e-05
-0.000178721
5.02676e-05
-0.000187258
4.78802e-05
-0.000123098
1.4115e-05
-0.000109249
8.53632e-05
-9.72364e-05
0.000124053
-8.3243e-05
0.000104558
-7.91947e-05
0.000138359
-8.88406e-05
0.000162918
-7.94859e-05
0.000157749
-6.08813e-05
0.000150188
-4.77038e-05
0.000157392
-3.80537e-05
0.000155861
-2.6579e-05
0.000144416
-1.55604e-05
0.000153467
-7.46889e-06
0.000154596
0.000153343
-9.39523e-05
-3.50871e-05
-0.000104461
-1.02207e-05
-0.000119222
-4.1501e-06
-0.000111293
4.23385e-05
-0.000105318
4.19055e-05
-0.000155716
6.4513e-05
-0.000151394
8.10414e-05
-9.49617e-05
6.76205e-05
-8.26409e-05
9.22374e-05
-6.76002e-05
0.000123319
-5.52086e-05
0.000150527
-4.27103e-05
0.00014525
-3.39669e-05
0.000141444
-2.81524e-05
0.000151578
-2.27217e-05
0.000150431
-2.42355e-05
0.00014593
-1.28188e-05
0.00014205
-7.26904e-06
0.000149047
0.000146074
-9.45947e-05
-2.92775e-05
-0.000100473
-4.34277e-06
-0.000106496
1.87319e-06
-9.96973e-05
3.55397e-05
-9.68069e-05
3.9015e-05
-9.6596e-05
6.4302e-05
-9.3145e-05
7.75904e-05
-8.5442e-05
5.99176e-05
-0.000110219
0.000117014
-9.6819e-05
0.000109919
-5.85931e-05
0.000112301
-4.7881e-05
0.000134538
-5.45756e-05
0.000148139
-4.55252e-05
0.000142527
-2.36264e-05
0.000128532
-1.83432e-05
0.000140647
-1.31259e-05
0.000136833
-6.4891e-06
0.00014241
0.000139585
-9.13075e-05
-2.22481e-05
-9.24737e-05
-3.17661e-06
-9.82711e-05
7.67062e-06
-9.42596e-05
3.15282e-05
-9.18786e-05
3.6634e-05
-8.94418e-05
6.18651e-05
-8.46315e-05
7.27801e-05
-0.0001193
9.45859e-05
-0.000108119
0.000105833
-9.93379e-05
0.000101138
-8.68969e-05
9.98597e-05
-7.30852e-05
0.000120727
-5.80709e-05
0.000133125
-3.00456e-05
0.000114502
-2.36033e-05
0.000122089
-1.70074e-05
0.000134051
-1.51728e-05
0.000134999
-6.7138e-06
0.000133951
0.000132872
-8.17291e-05
-1.23756e-05
-8.54677e-05
5.61947e-07
-8.97497e-05
1.19526e-05
-8.57153e-05
2.74938e-05
-8.38248e-05
3.47435e-05
-8.12297e-05
5.927e-05
-7.64981e-05
6.80484e-05
-6.77424e-05
8.58302e-05
-6.08248e-05
9.89151e-05
-5.41869e-05
9.45001e-05
-7.04852e-05
0.000116158
-5.95228e-05
0.000109764
-3.76721e-05
0.000111274
-2.9757e-05
0.000106587
-3.35476e-05
0.00012588
-2.37719e-05
0.000124276
-1.77965e-05
0.000129023
-7.56962e-06
0.000123724
0.000125302
-7.65982e-05
-6.39037e-06
-8.08902e-05
4.854e-06
-8.00502e-05
1.11125e-05
-8.05084e-05
2.7952e-05
-8.22368e-05
3.64718e-05
-7.62857e-05
5.33189e-05
-7.04691e-05
6.22318e-05
-5.99996e-05
7.53607e-05
-5.67688e-05
9.56843e-05
-4.99102e-05
8.76415e-05
-4.27335e-05
0.000108981
-3.74369e-05
0.000104468
-3.33408e-05
0.000107178
-4.1898e-05
0.000115144
-3.22157e-05
0.000116198
-2.45236e-05
0.000116583
-1.08174e-05
0.000115317
-5.1876e-06
0.000118094
0.000120114
-6.99567e-05
2.42731e-07
-7.52852e-05
1.01825e-05
-8.0995e-05
1.68224e-05
-7.73058e-05
2.42628e-05
-7.17073e-05
3.08734e-05
-7.08081e-05
5.24197e-05
-6.94497e-05
6.08733e-05
-5.67397e-05
6.26507e-05
-5.31614e-05
9.2106e-05
-4.62615e-05
8.07415e-05
-4.20011e-05
0.000104721
-3.48224e-05
9.7289e-05
-3.11162e-05
0.000103472
-2.46557e-05
0.000108684
-1.77047e-05
0.000109247
-1.38389e-05
0.000112718
-8.03208e-06
0.00010951
-4.5747e-06
0.000114637
0.00011554
-6.48406e-05
4.02178e-06
-6.85218e-05
1.38637e-05
-7.15238e-05
1.98243e-05
-7.68308e-05
2.95698e-05
-7.93852e-05
3.34277e-05
-6.84016e-05
4.14361e-05
-5.77743e-05
5.02459e-05
-7.71253e-05
8.20018e-05
-5.6072e-05
7.10527e-05
-4.70119e-05
7.16813e-05
-4.04905e-05
9.81995e-05
-3.30469e-05
8.98455e-05
-3.05189e-05
0.000100944
-2.41732e-05
0.000102338
-1.72535e-05
0.000102327
-1.36848e-05
0.000109149
-8.56836e-06
0.000104394
-3.5922e-06
0.000109661
0.000111948
-5.85755e-05
4.52197e-06
-5.96913e-05
1.49794e-05
-6.58295e-05
2.59626e-05
-6.48758e-05
2.86161e-05
-6.52496e-05
3.38015e-05
-6.8973e-05
4.51595e-05
-7.15201e-05
5.2793e-05
-5.20557e-05
6.25374e-05
-4.19217e-05
6.09188e-05
-6.00893e-05
8.98489e-05
-4.33317e-05
8.14419e-05
-3.5372e-05
8.18858e-05
-2.86878e-05
9.42594e-05
-2.12531e-05
9.49034e-05
-2.37703e-05
0.000104844
-1.44903e-05
9.9869e-05
-9.27298e-06
9.91765e-05
-5.46539e-06
0.000105853
0.000106482
-5.48314e-05
7.02353e-06
-5.38912e-05
1.40393e-05
-5.27309e-05
2.48023e-05
-5.96537e-05
3.55389e-05
-5.93132e-05
3.34609e-05
-5.60436e-05
4.18899e-05
-5.76706e-05
5.442e-05
-5.89492e-05
6.38159e-05
-6.21819e-05
6.41515e-05
-4.24423e-05
7.01093e-05
-2.97093e-05
6.87089e-05
-4.35919e-05
9.57683e-05
-2.87035e-05
7.9371e-05
-2.34955e-05
8.96954e-05
-1.8133e-05
9.94818e-05
-1.41419e-05
9.58779e-05
-1.13687e-05
9.64032e-05
-3.30768e-06
9.77922e-05
0.000103174
-4.81406e-05
5.98582e-06
-4.90396e-05
1.49383e-05
-4.76894e-05
2.34521e-05
-4.36849e-05
3.15345e-05
-5.15515e-05
4.13275e-05
-5.06261e-05
4.09646e-05
-5.05534e-05
5.43473e-05
-4.94415e-05
6.2704e-05
-4.86403e-05
6.33503e-05
-5.15806e-05
7.30496e-05
-5.42929e-05
7.14212e-05
-3.47694e-05
7.62448e-05
-3.37442e-05
7.83457e-05
-1.18605e-05
6.78118e-05
-2.06237e-05
0.000108245
-1.36872e-05
8.89414e-05
-1.24179e-05
9.51339e-05
-6.04113e-06
9.14154e-05
9.71333e-05
-4.56939e-05
6.85778e-06
-4.41553e-05
1.33997e-05
-4.41414e-05
2.34382e-05
-4.46179e-05
3.20109e-05
-3.81886e-05
3.48982e-05
-6.99353e-05
7.27113e-05
-5.10411e-05
3.5453e-05
-4.93996e-05
6.10625e-05
-4.74652e-05
6.14159e-05
-4.25648e-05
6.81491e-05
-3.84719e-05
6.73283e-05
-3.84729e-05
7.62458e-05
-3.92642e-05
7.9137e-05
-5.44488e-05
8.29965e-05
-2.32365e-05
7.70326e-05
-1.45931e-05
8.0298e-05
-2.0808e-06
8.26216e-05
1.18293e-05
7.75053e-05
0.000108963
-4.39552e-05
5.36888e-06
-4.25701e-05
1.20146e-05
-4.42045e-05
2.50726e-05
-3.99822e-05
2.77886e-05
-5.89263e-05
5.38423e-05
-3.45924e-05
4.83774e-05
-6.28447e-05
6.37052e-05
-4.45504e-05
4.27682e-05
-4.41438e-05
6.10093e-05
-4.07718e-05
6.47771e-05
-3.80179e-05
6.45744e-05
-3.23778e-05
7.06057e-05
-2.58535e-05
7.26128e-05
-1.96621e-05
7.68051e-05
-1.77541e-05
7.51246e-05
-1.92299e-05
8.17738e-05
-2.02235e-05
8.36152e-05
-2.90166e-05
8.62984e-05
7.99461e-05
-4.01444e-05
5.71503e-06
-3.74294e-05
9.29967e-06
-3.71866e-05
2.48298e-05
-3.70472e-05
2.76492e-05
-3.34499e-05
5.02451e-05
-4.24454e-05
5.73729e-05
-2.96997e-05
5.09595e-05
-5.72155e-05
7.02841e-05
-4.07311e-05
4.45249e-05
-3.87461e-05
6.27921e-05
-3.61376e-05
6.19659e-05
-3.22832e-05
6.67513e-05
-2.76076e-05
6.79371e-05
-2.20373e-05
7.12348e-05
-1.83045e-05
7.13918e-05
-1.43452e-05
7.78146e-05
-8.78289e-06
7.80529e-05
-2.04546e-06
7.9561e-05
7.79006e-05
-3.52005e-05
6.56782e-06
-3.74055e-05
1.15046e-05
-3.55991e-05
2.30233e-05
-5.28866e-05
4.49367e-05
-2.67537e-05
2.41122e-05
-2.54546e-05
5.60737e-05
-3.27721e-05
5.8277e-05
-2.4948e-05
6.24599e-05
-5.5054e-05
7.46309e-05
-3.69235e-05
4.46617e-05
-3.36166e-05
5.8659e-05
-2.78583e-05
6.0993e-05
-2.35301e-05
6.36088e-05
-1.9276e-05
6.69808e-05
-1.66481e-05
6.87638e-05
-1.31999e-05
7.43664e-05
-9.65861e-06
7.45117e-05
-4.52096e-06
7.44233e-05
7.33797e-05
-3.12744e-05
9.91182e-06
-3.08296e-05
1.10598e-05
-2.96216e-05
2.18154e-05
-2.79391e-05
4.32542e-05
-2.47734e-05
2.09466e-05
-2.22918e-05
5.35922e-05
-2.06026e-05
5.65878e-05
-2.78585e-05
6.97157e-05
-1.7857e-05
6.46294e-05
-4.39301e-05
7.07347e-05
-3.31289e-05
4.78578e-05
-2.92734e-05
5.71375e-05
-2.34787e-05
5.78142e-05
-1.95753e-05
6.30773e-05
-1.60351e-05
6.52236e-05
-1.1475e-05
6.98063e-05
-7.08438e-06
7.0121e-05
-2.93736e-06
7.02763e-05
7.04423e-05
-3.05406e-05
1.1917e-05
-3.08512e-05
1.13705e-05
-2.57383e-05
1.67025e-05
-2.34183e-05
4.09341e-05
-4.40155e-05
4.15438e-05
-1.94772e-05
2.90539e-05
-2.47512e-05
6.18618e-05
-1.68273e-05
6.17919e-05
-1.73075e-05
6.51097e-05
-1.89248e-05
7.2352e-05
-2.08187e-05
4.97516e-05
-2.05781e-05
5.6897e-05
-1.78412e-05
5.50773e-05
-1.55527e-05
6.07888e-05
-1.27792e-05
6.24502e-05
-9.19885e-06
6.6226e-05
-5.8058e-06
6.6728e-05
-2.74782e-06
6.72183e-05
6.76945e-05
-2.36053e-05
1.32794e-05
-2.33288e-05
1.10941e-05
-2.38448e-05
1.72184e-05
-2.25876e-05
3.9677e-05
-3.01479e-05
4.91041e-05
-2.62074e-05
2.51133e-05
-1.61776e-05
5.18321e-05
-1.33689e-05
5.89831e-05
-1.72914e-05
6.90322e-05
-1.03595e-05
6.54202e-05
-3.69617e-05
7.63538e-05
-2.38844e-05
4.38197e-05
-1.91596e-05
5.03525e-05
-1.46559e-05
5.62851e-05
-1.14225e-05
5.92168e-05
-7.954e-06
6.27575e-05
-5.1289e-06
6.39029e-05
-2.77397e-06
6.48634e-05
6.49205e-05
-2.16227e-05
1.40261e-05
-2.16307e-05
1.11021e-05
-1.87047e-05
1.42924e-05
-1.68404e-05
3.78126e-05
-1.66583e-05
4.89221e-05
-1.51814e-05
2.36364e-05
-1.29494e-05
4.96001e-05
-1.31825e-05
5.92162e-05
-1.29532e-05
6.88029e-05
-1.81937e-05
7.06607e-05
-1.60438e-05
7.4204e-05
-1.25481e-05
4.0324e-05
-1.24273e-05
5.02318e-05
-9.81888e-06
5.36767e-05
-8.11339e-06
5.75113e-05
-5.76643e-06
6.04106e-05
-3.83446e-06
6.19709e-05
-2.03921e-06
6.30682e-05
6.28813e-05
-1.63798e-05
1.4112e-05
-1.67463e-05
1.14687e-05
-1.59611e-05
1.35072e-05
-1.61722e-05
3.80237e-05
-1.73261e-05
5.0076e-05
-2.486e-05
3.11703e-05
-7.17167e-06
3.19118e-05
-1.14795e-05
6.35241e-05
-9.1535e-06
6.64769e-05
-8.78842e-06
7.02956e-05
-8.39672e-06
7.38123e-05
-9.97864e-06
4.19059e-05
-9.74523e-06
4.99984e-05
-8.16063e-06
5.20921e-05
-6.72749e-06
5.60782e-05
-4.93556e-06
5.86186e-05
-3.31111e-06
6.03465e-05
-1.72401e-06
6.14811e-05
6.11573e-05
-1.52297e-05
1.4979e-05
-1.68435e-05
1.30824e-05
-2.46444e-05
2.1308e-05
-9.99831e-06
2.33776e-05
-1.01053e-05
5.0183e-05
-1.07783e-05
3.18434e-05
-1.55207e-05
3.66542e-05
-1.36755e-05
6.16789e-05
-7.4257e-06
6.02271e-05
-4.53291e-06
6.74028e-05
-2.17456e-06
7.1454e-05
-4.3102e-06
4.40416e-05
-4.0269e-06
4.97151e-05
-4.35897e-06
5.24242e-05
-3.90404e-06
5.56232e-05
-3.11158e-06
5.78262e-05
-2.15825e-06
5.93932e-05
-1.14425e-06
6.04671e-05
6.00131e-05
-9.3543e-06
1.55468e-05
-9.5118e-06
1.324e-05
-1.11358e-05
2.2932e-05
-1.2233e-05
2.44748e-05
-9.21278e-06
4.71628e-05
-7.79011e-06
3.04207e-05
-5.63498e-06
3.44991e-05
-7.4362e-06
6.34801e-05
-5.55166e-06
5.83426e-05
-5.00351e-06
6.68546e-05
-6.02381e-06
7.24743e-05
-6.75118e-06
4.47689e-05
-5.06262e-06
4.80265e-05
-4.55171e-06
5.19133e-05
-3.50684e-06
5.45784e-05
-2.68027e-06
5.69996e-05
-1.78094e-06
5.84938e-05
-9.25821e-07
5.9612e-05
5.90872e-05
-2.18416e-06
-5.80224e-06
-8.13063e-06
-1.50023e-05
-3.11897e-06
-1.35656e-05
-2.42517e-05
-1.06612e-05
-5.9448e-06
4.25533e-06
2.07262e-05
1.02415e-05
4.89938e-06
1.7805e-06
5.04168e-07
-2.09732e-07
-4.28207e-07
-4.22555e-07
)
;

boundaryField
{
    leftWall
    {
        type            calculated;
        value           uniform 0;
    }
    rightWall
    {
        type            calculated;
        value           uniform 0;
    }
    lowerWall
    {
        type            calculated;
        value           uniform 0;
    }
    atmosphere
    {
        type            calculated;
        value           nonuniform List<scalar> 
46
(
-6.2526e-05
-6.28465e-05
-6.10504e-05
-6.42516e-05
-5.42002e-05
-5.34196e-05
-5.08875e-05
-4.21309e-05
-5.23404e-05
-3.61111e-05
-4.77705e-05
-3.65282e-05
-3.97199e-05
-3.82947e-05
-3.8325e-05
-3.24551e-05
-2.98796e-05
-2.27831e-05
-1.75036e-05
-1.57202e-05
-9.52045e-06
-9.43351e-06
-2.13335e-06
-1.08987e-06
1.20771e-06
8.45e-07
4.29777e-06
9.38221e-06
1.6858e-05
2.52604e-05
3.13465e-05
3.52794e-05
4.08673e-05
4.51852e-05
4.98896e-05
5.36262e-05
5.66545e-05
5.60034e-05
5.52536e-05
5.33687e-05
5.50321e-05
5.58547e-05
5.77135e-05
5.87123e-05
5.96064e-05
5.86647e-05
)
;
    }
    defaultFaces
    {
        type            empty;
    }
}


// ************************************************************************* //
