/*--------------------------------*- C++ -*----------------------------------*\
| =========                 |                                                 |
| \\      /  F ield         | foam-extend: Open Source CFD                    |
|  \\    /   O peration     | Version:     4.1                                |
|   \\  /    A nd           | Web:         http://www.foam-extend.org         |
|    \\/     M anipulation  |                                                 |
\*---------------------------------------------------------------------------*/
FoamFile
{
    version     2.0;
    format      ascii;
    class       surfaceScalarField;
    location    "0.8";
    object      phi_0;
}
// * * * * * * * * * * * * * * * * * * * * * * * * * * * * * * * * * * * * * //

dimensions      [0 3 -1 0 0 0 0];

internalField   nonuniform List<scalar> 
4432
(
-4.89558e-06
4.89558e-06
-9.87437e-06
4.9788e-06
-1.15012e-05
1.62687e-06
-7.10216e-06
-4.39909e-06
-7.26528e-06
1.63127e-07
-7.07242e-06
-1.92864e-07
-7.35236e-06
2.79942e-07
-6.85695e-06
-4.95407e-07
-6.56925e-06
-2.87701e-07
-4.95284e-06
-1.61642e-06
-2.21904e-06
-2.7338e-06
-1.08329e-06
-1.13575e-06
1.02416e-06
-2.10745e-06
3.36907e-06
-2.34491e-06
6.03804e-06
-2.66898e-06
9.08808e-06
-3.05004e-06
1.11805e-05
-2.0924e-06
1.11369e-05
4.35504e-08
6.93007e-06
4.20686e-06
1.17372e-05
-4.80717e-06
7.59093e-06
4.14631e-06
4.23803e-06
3.3529e-06
4.23803e-06
-1.51123e-06
6.4068e-06
-4.5419e-06
8.00947e-06
-5.76173e-06
2.84671e-06
-6.92133e-06
-3.23949e-06
-7.08847e-06
3.30266e-07
-6.94755e-06
-3.33785e-07
-7.00422e-06
3.36615e-07
-6.03101e-06
-1.46862e-06
-5.20276e-06
-1.11596e-06
-3.32182e-06
-3.49735e-06
-2.34228e-06
-3.71334e-06
-5.40138e-07
-2.9379e-06
6.61157e-07
-3.30874e-06
2.91805e-06
-4.60179e-06
6.54037e-06
-6.2913e-06
9.92074e-06
-6.43041e-06
1.29156e-05
-5.08729e-06
1.33172e-05
-3.58047e-07
1.38345e-05
3.68963e-06
6.44991e-06
2.57738e-06
7.08925e-06
3.50696e-06
5.27364e-06
5.16851e-06
9.51167e-06
-4.07675e-06
1.04836e-05
-4.85197e-06
8.78469e-06
-5.95293e-06
3.94767e-06
-6.93394e-06
-2.25849e-06
-6.89422e-06
2.90547e-07
-6.64394e-06
-5.8406e-07
-6.7859e-06
4.78571e-07
-6.14707e-06
-2.10744e-06
-5.68325e-06
-1.57978e-06
-4.25528e-06
-4.92531e-06
-4.79908e-06
-3.16954e-06
-4.28998e-06
-3.447e-06
-4.11256e-06
-3.48616e-06
-1.8297e-06
-6.88465e-06
1.02566e-06
-9.14666e-06
3.46593e-06
-8.87068e-06
6.15504e-06
-7.7764e-06
1.20917e-05
-6.29468e-06
1.30187e-05
2.76257e-06
1.25097e-05
3.08644e-06
8.66989e-06
7.34674e-06
4.54608e-06
9.29233e-06
1.40577e-05
-5.32935e-06
1.58129e-05
-5.52576e-06
8.9811e-06
-6.20284e-06
4.62475e-06
-6.76173e-06
-1.69959e-06
-6.84919e-06
3.78003e-07
-7.00153e-06
-4.31717e-07
-7.50307e-06
9.80106e-07
-6.78107e-06
-2.82944e-06
-5.67092e-06
-2.68993e-06
-1.01916e-05
-4.04614e-07
-1.05401e-05
-2.8211e-06
-1.04947e-05
-3.49238e-06
-9.55732e-06
-4.42351e-06
-7.59849e-06
-8.84349e-06
-4.86689e-06
-1.18783e-05
-4.21217e-07
-1.33164e-05
4.86613e-06
-1.30637e-05
4.5296e-06
-5.95815e-06
9.46023e-06
-2.16806e-06
9.92838e-06
2.61829e-06
7.01178e-06
1.02633e-05
2.80368e-06
1.35004e-05
1.68614e-05
-3.61855e-06
1.94315e-05
-5.879e-06
1.12416e-05
-6.61217e-06
5.35791e-06
-7.1394e-06
-1.17235e-06
-7.26797e-06
5.06572e-07
-7.56795e-06
-1.31741e-07
-7.58528e-06
9.97444e-07
-1.34908e-05
3.07605e-06
-1.36269e-05
-2.55379e-06
-1.45198e-05
4.88323e-07
-1.54934e-05
-1.84756e-06
-1.42095e-05
-4.77622e-06
-1.27066e-05
-5.92646e-06
-1.15598e-05
-9.99033e-06
-8.45517e-06
-1.49828e-05
-3.87468e-06
-1.78968e-05
4.92389e-07
-1.74308e-05
1.65193e-06
-7.11769e-06
6.26672e-06
-6.78286e-06
5.12668e-06
3.75834e-06
6.42396e-06
8.96606e-06
3.81768e-07
1.95426e-05
1.72432e-05
-3.85453e-06
2.3286e-05
-6.73228e-06
1.41193e-05
-6.84074e-06
5.46637e-06
-6.78013e-06
-1.23296e-06
-6.9056e-06
6.3204e-07
-7.72538e-06
6.88041e-07
-9.57388e-06
2.84594e-06
-9.92341e-06
3.42558e-06
-1.73768e-05
4.89958e-06
-1.80368e-05
1.14834e-06
-1.90855e-05
-7.9888e-07
-1.81226e-05
-5.73914e-06
-1.61272e-05
-7.92178e-06
-1.17053e-05
-1.44123e-05
-8.28815e-06
-1.84e-05
-4.59404e-06
-2.15909e-05
-1.40655e-07
-2.18842e-05
3.89345e-06
-1.11518e-05
3.45572e-06
-6.34512e-06
3.89383e-06
3.32022e-06
6.36654e-06
6.49335e-06
5.80614e-06
2.0103e-05
2.30493e-05
-5.11455e-06
2.84005e-05
-1.59214e-05
2.49262e-05
-1.72015e-05
6.74645e-06
-1.72962e-05
-1.13827e-06
-1.88016e-05
2.13748e-06
-2.01198e-05
2.0062e-06
-2.08657e-05
3.59183e-06
-2.08227e-05
3.38257e-06
-2.08211e-05
4.89801e-06
-2.04034e-05
7.30698e-07
-1.95093e-05
-1.69305e-06
-1.77843e-05
-7.46415e-06
-1.58478e-05
-9.8582e-06
-1.33078e-05
-1.69524e-05
-8.42406e-06
-2.32837e-05
-2.57217e-06
-2.74428e-05
1.57036e-06
-2.60267e-05
2.63207e-06
-1.22135e-05
1.00999e-05
-1.3813e-05
5.90713e-06
7.51302e-06
4.84846e-06
7.55202e-06
7.37773e-06
1.75738e-05
3.04271e-05
-5.78625e-06
3.41868e-05
-1.09701e-05
3.011e-05
-2.16413e-05
1.74177e-05
-2.19144e-05
-8.65191e-07
-2.35767e-05
3.79981e-06
-2.42924e-05
2.72188e-06
-2.44183e-05
3.71776e-06
-2.31155e-05
2.07976e-06
-2.14886e-05
3.27111e-06
-2.01875e-05
-5.70374e-07
-1.90704e-05
-2.81018e-06
-1.85081e-05
-8.02649e-06
-1.75533e-05
-1.08129e-05
-1.32429e-05
-2.12628e-05
-8.64021e-06
-2.78864e-05
-2.37938e-06
-3.37037e-05
4.83569e-06
-3.32418e-05
6.37677e-06
-1.37546e-05
1.60571e-05
-2.34934e-05
1.40455e-05
9.52462e-06
1.62312e-05
5.36632e-06
1.52534e-05
1.85516e-05
4.56805e-05
-5.21549e-05
5.21549e-05
-0.000120417
6.82616e-05
-0.000168619
4.82021e-05
-0.000206641
3.80226e-05
-0.000221144
1.45029e-05
-0.000235617
1.44726e-05
-0.000248647
1.30307e-05
-0.000256005
7.35723e-06
-0.000262513
6.50803e-06
-0.000270095
7.58219e-06
-0.000274811
4.71578e-06
-0.000262852
-1.19581e-05
-0.000250973
-1.18798e-05
-0.000210733
-4.02399e-05
-0.00010387
-0.000106863
-7.67873e-05
-2.70828e-05
-8.99008e-05
1.31136e-05
-4.86312e-05
-4.12697e-05
-4.86312e-05
-5.01156e-05
0.000102271
-0.00011374
0.000131886
-0.000150263
8.47259e-05
-0.00018032
6.8079e-05
-0.000192367
2.65502e-05
-0.000206877
2.89826e-05
-0.000219604
2.57574e-05
-0.000222379
1.01324e-05
-0.000223932
8.06123e-06
-0.000221895
5.54484e-06
-0.000224296
7.1171e-06
-0.000214746
-2.15084e-05
-0.000121166
-0.000105459
-0.000101324
-6.00826e-05
-0.00010161
-0.000106576
-7.90274e-05
-4.96659e-05
-4.9483e-05
-1.64308e-05
-4.73545e-05
-4.33982e-05
-9.59856e-05
-4.39552e-05
0.000146226
-8.8493e-05
0.000176423
-0.00010681
0.000103042
-7.08685e-05
3.21378e-05
-0.000132434
8.8116e-05
-0.000141702
3.82506e-05
-0.000151076
3.5131e-05
-0.000151611
1.06677e-05
-0.000157245
1.36949e-05
-0.000157304
5.60424e-06
-0.000148738
-1.44975e-06
-0.00012616
-4.4086e-05
-0.000139031
-9.25875e-05
-6.85426e-05
-0.000130571
-6.86279e-05
-0.000106491
-6.1197e-05
-5.70968e-05
-4.41908e-05
-3.3437e-05
-3.0429e-05
-5.71601e-05
-0.000126415
-3.4724e-05
0.00018095
-6.2578e-05
0.000204277
-7.1098e-05
0.000111562
-8.7953e-05
4.89929e-05
-9.0386e-05
9.0549e-05
-8.75638e-05
3.54284e-05
-4.96044e-05
-2.82837e-06
-7.6367e-05
3.74302e-05
-8.72132e-05
2.45411e-05
-9.50793e-05
1.34704e-05
-9.69332e-05
4.04112e-07
-9.00628e-05
-5.09564e-05
-8.2072e-05
-0.000100578
-7.28824e-05
-0.000139761
-4.10707e-05
-0.000138302
-6.19927e-05
-3.61749e-05
-2.93707e-05
-6.6059e-05
-2.72901e-05
-5.92407e-05
-0.000153705
-2.97509e-05
0.000210701
-4.71744e-05
0.000221701
-5.18804e-05
0.000116269
-6.03804e-05
5.74929e-05
-4.50423e-05
7.5211e-05
-1.97147e-05
1.01008e-05
-1.30099e-05
-9.53323e-06
-3.62461e-05
6.06664e-05
-4.10389e-05
2.9334e-05
-3.30505e-05
5.48197e-06
-3.1614e-05
-1.03247e-06
-2.91087e-05
-5.34617e-05
-1.83266e-05
-0.00011136
-1.51214e-05
-0.000142966
-2.8112e-05
-0.000125312
-2.3022e-05
-4.12648e-05
-1.82404e-05
-7.08406e-05
-9.25043e-06
-6.82306e-05
-0.000162955
-2.345e-05
0.000234151
-3.25959e-05
0.000230847
-3.5947e-05
0.00011962
-3.29155e-05
5.44614e-05
-2.06284e-05
6.29239e-05
-8.73527e-06
-1.79236e-06
-1.2404e-05
-5.86452e-06
-1.40006e-06
4.96624e-05
8.58542e-06
1.93485e-05
2.18597e-05
-7.79233e-06
2.49786e-05
-4.15134e-06
1.18654e-05
-4.03486e-05
4.22009e-06
-0.000103715
-2.18464e-06
-0.000136562
-1.17264e-05
-0.00011577
-1.13428e-05
-4.16484e-05
-9.86114e-06
-7.23223e-05
-3.16568e-06
-7.49261e-05
-0.000166121
-1.98348e-05
0.000253985
-1.49973e-05
0.000226009
-6.01178e-06
0.000110634
-8.74153e-06
5.71911e-05
2.76561e-07
5.39058e-05
6.08877e-06
-7.60457e-06
4.34478e-06
-4.12054e-06
1.58962e-05
3.8111e-05
3.60581e-05
-8.13413e-07
5.00263e-05
-2.17605e-05
4.56154e-05
2.59536e-07
3.62558e-05
-3.0989e-05
3.29522e-05
-0.000100412
1.00541e-05
-0.000113663
2.29909e-06
-0.000108015
-3.95858e-07
-3.89535e-05
-1.01256e-05
-6.25925e-05
-1.11662e-06
-8.39351e-05
-0.000167237
-1.73824e-05
0.000271368
-7.92288e-07
0.000209419
5.59e-06
0.000104252
1.05241e-05
5.2257e-05
1.66013e-05
4.78286e-05
1.72656e-05
-8.2688e-06
1.58189e-05
-2.67386e-06
3.44348e-05
1.94951e-05
4.72917e-05
-1.36704e-05
3.44474e-05
-8.91612e-06
3.25861e-05
2.12079e-06
5.1461e-05
-4.98639e-05
4.65863e-05
-9.55368e-05
3.06185e-05
-9.76956e-05
1.63147e-05
-9.37112e-05
8.17827e-06
-3.0817e-05
-4.88171e-06
-4.95325e-05
4.96168e-07
-8.9313e-05
-0.000166741
-1.40622e-05
4.82489e-05
-2.65007e-05
4.25485e-05
-3.32774e-05
2.41945e-05
-5.34227e-05
1.92801e-05
-5.29406e-05
3.31767e-06
-5.41725e-05
3.95376e-06
-5.19335e-05
1.47884e-06
-4.84686e-05
-1.38518e-06
-4.57422e-05
5.44762e-07
-4.3039e-05
-3.27361e-06
-4.02345e-05
-5.61468e-06
-3.6173e-05
-1.20879e-05
-3.30558e-05
-1.39301e-05
-3.50347e-05
-1.92839e-05
-2.48401e-05
-3.8081e-05
-7.12401e-06
-5.14197e-05
1.21735e-05
-5.25394e-05
3.46507e-05
-3.62318e-05
2.96919e-05
-1.85345e-05
4.15653e-05
-2.34877e-06
2.02877e-05
2.66439e-05
2.15648e-05
1.72745e-05
1.73716e-05
4.98737e-05
-1.8503e-05
6.6752e-05
-3.03967e-05
5.44421e-05
-2.93307e-05
2.31285e-05
-2.75629e-05
1.75123e-05
-4.61378e-05
2.18925e-05
-4.56133e-05
3.42935e-06
-4.51682e-05
1.03369e-06
-4.2575e-05
-3.97836e-06
-4.36314e-05
1.60115e-06
-4.45453e-05
-2.35971e-06
-4.97424e-05
-4.17623e-07
-5.34306e-05
-8.39975e-06
-5.09933e-05
-1.63673e-05
-4.06003e-05
-2.9677e-05
-3.07196e-05
-4.79617e-05
-1.60441e-05
-6.60952e-05
2.48461e-06
-7.1068e-05
-5.75104e-07
-3.31721e-05
2.15452e-05
-4.06548e-05
2.1113e-05
-1.91651e-06
2.00286e-05
2.77283e-05
1.79498e-05
1.93532e-05
2.90879e-05
6.23347e-06
-1.80829e-05
8.48349e-05
-2.57711e-05
6.21303e-05
-4.9766e-05
4.71235e-05
-5.28364e-05
2.05826e-05
-3.3369e-05
2.4251e-06
-3.06208e-05
6.81212e-07
-2.53456e-05
-4.24147e-06
-3.7508e-05
8.184e-06
-3.8432e-05
2.52516e-06
-4.94939e-05
8.70222e-06
-4.10952e-05
-8.81639e-06
-7.08716e-05
2.13766e-05
-7.60478e-05
-1.1191e-05
-9.02651e-05
-1.54598e-05
-9.95166e-05
-3.87101e-05
-0.000107607
-5.8005e-05
-0.000105306
-7.33686e-05
-8.14752e-05
-5.70031e-05
-8.16439e-05
-4.04862e-05
-6.3718e-05
-1.98424e-05
-4.91293e-05
1.31396e-05
-7.32944e-05
4.35183e-05
6.78279e-05
-0.000112034
-2.83366e-05
0.000113171
-3.88986e-05
7.26923e-05
-3.67872e-05
4.50121e-05
-3.94736e-05
2.3269e-05
-3.29637e-05
-4.08479e-06
-2.34736e-05
-8.8089e-06
-9.96752e-06
-1.77476e-05
-1.92104e-05
1.74269e-05
-3.1402e-05
1.47168e-05
-4.28803e-05
2.01805e-05
-6.80266e-05
1.63299e-05
-6.08464e-05
1.41965e-05
-9.38103e-05
2.17728e-05
-0.000106572
-2.69828e-06
-0.000142971
-2.31079e-06
-0.000177952
-2.30237e-05
-0.000190339
-6.09824e-05
-0.000202284
-4.50573e-05
-0.00021239
-3.03807e-05
-0.000211327
-2.09051e-05
-0.000198969
7.81506e-07
-0.000179094
2.36434e-05
4.09146e-05
-0.000152181
-2.33289e-05
0.0001365
-3.5532e-05
8.48954e-05
-1.26502e-05
2.21303e-05
-4.74259e-06
1.53614e-05
-1.10932e-05
2.26584e-06
-1.58643e-05
-4.03777e-06
-2.89274e-05
-4.68451e-06
-3.85844e-05
2.70838e-05
-4.89883e-05
2.51207e-05
-5.7028e-05
2.82202e-05
-6.44223e-05
2.37242e-05
-8.02341e-05
3.00083e-05
-8.83762e-05
2.99149e-05
-0.000113328
2.22534e-05
-0.00011044
-5.19871e-06
-0.000121891
-1.15726e-05
-0.000181097
-1.77613e-06
-0.000198854
-2.73008e-05
-0.000219635
-9.60001e-06
-0.000230935
-9.60428e-06
-0.000212534
-1.76196e-05
-0.000204416
1.55249e-05
2.767e-05
-0.000191171
-1.30465e-05
0.000149547
-1.55594e-05
8.74083e-05
-9.36077e-06
1.59316e-05
-2.64388e-06
8.64453e-06
-6.25814e-05
6.22034e-05
-0.000144523
7.79041e-05
-0.000213784
6.45758e-05
-0.000231505
4.48055e-05
-0.000239733
3.33489e-05
-0.000236371
2.48582e-05
-0.000225186
1.25385e-05
-0.000213353
1.81751e-05
-0.000198501
1.50634e-05
-0.000187373
1.1125e-05
-0.000191235
-1.3368e-06
-0.000203109
3.01897e-07
-0.000216897
1.20115e-05
-0.000233401
-1.0796e-05
-0.000185981
-5.70209e-05
-0.000190975
-4.60954e-06
-0.00024081
3.2215e-05
-0.00024328
1.79949e-05
1.92267e-05
-0.000234837
-2.32579e-05
0.000172805
-4.44995e-05
0.00010865
-0.00010227
7.37026e-05
-0.000194458
0.000100832
-0.00027176
0.000139505
-0.000303496
0.00010964
-0.000302592
6.36715e-05
-0.000299722
4.19357e-05
-0.0002977
3.13268e-05
-0.000284845
1.20031e-05
-0.00027606
3.75367e-06
-0.000259872
1.98678e-06
-0.000245555
7.4679e-07
-0.000233633
-7.97306e-07
-0.000230205
-4.76492e-06
-0.000226512
-3.39112e-06
-0.000251767
3.7267e-05
-0.000269088
6.52497e-06
-0.000304688
-2.14207e-05
-0.00033652
2.72225e-05
-0.000334604
3.02991e-05
-0.000323697
7.08692e-06
-6.26465e-06
-0.000298205
-4.62396e-05
0.000219044
-4.22925e-05
0.000104703
-0.000146441
0.000177851
-0.000250053
0.000204445
-0.000294301
0.000183753
-0.000307482
0.000122822
-0.000318269
7.44581e-05
-0.000333536
5.72029e-05
-0.000336229
3.40194e-05
-0.000335389
1.1163e-05
-0.000333579
1.94358e-06
-0.000326606
-4.98607e-06
-0.000312975
-1.28844e-05
-0.000291802
-2.19697e-05
-0.000284409
-1.21583e-05
-0.000276064
-1.17365e-05
-0.000208632
-3.01644e-05
-0.000213215
1.11075e-05
-0.00027856
4.39242e-05
-0.000283033
3.16963e-05
-0.000300276
4.75418e-05
-0.00029319
6.14188e-10
-3.03464e-05
-0.000269108
-4.26247e-05
0.000261669
-7.87636e-05
0.000140842
-0.000160428
0.000259515
-0.000244251
0.000288268
-0.000271132
0.000210634
-0.000292554
0.000144244
-0.00031993
0.000101835
-0.000348913
8.61859e-05
-0.000357664
4.27706e-05
-0.000358721
1.22191e-05
-0.000363859
7.08232e-06
-0.00035998
-8.86539e-06
-0.000353318
-1.9546e-05
-0.000339674
-3.56143e-05
-0.000326277
-2.55549e-05
-0.000296769
-4.12444e-05
-0.0003004
-2.65338e-05
-0.000289593
3.00926e-07
-0.000266335
2.06656e-05
-0.000243534
8.89553e-06
-0.000169033
-2.69586e-05
-0.000159387
-9.64553e-06
-6.81916e-07
-0.000189052
-4.34376e-05
0.000305107
-0.00010835
0.000205754
-0.000181734
0.000332899
-0.000231849
0.000338383
-0.000186953
0.000165738
-0.000207134
0.000164425
-0.000248675
0.000143375
-0.00027481
0.000112321
-0.000291914
5.98749e-05
-0.00030981
3.01151e-05
-0.000339718
3.69904e-05
-0.000347177
-1.40693e-06
-0.000345381
-2.13422e-05
-0.00034071
-4.02849e-05
-0.000334069
-3.21955e-05
-0.000328383
-4.6931e-05
-0.000321394
-3.35224e-05
-0.000289946
-3.11474e-05
-0.00025697
-1.231e-05
-0.000230565
-1.75096e-05
-0.000225238
-3.22857e-05
-0.000217376
-1.75072e-05
-1.36456e-05
-0.000204413
-2.53028e-05
0.00033041
-7.10166e-05
0.000251468
-7.46448e-05
0.000336527
-8.49224e-05
0.00034866
-0.000176034
0.00025685
-0.000155046
0.000143437
-0.000142707
0.000131037
-9.12106e-05
6.08244e-05
-0.00011128
7.99445e-05
-0.000183858
0.000102693
-0.000152426
5.55799e-06
-0.000113493
-4.03404e-05
-9.77323e-05
-3.71025e-05
-0.000119958
-1.80587e-05
-0.000172859
2.07054e-05
-0.000220512
7.2197e-07
-0.000239399
-1.46357e-05
-0.000245662
-2.48842e-05
-0.000238065
-1.99074e-05
-0.000220214
-3.53602e-05
-0.000205807
-4.66929e-05
-0.000189818
-3.34962e-05
-4.43062e-05
-0.000159157
-1.65565e-06
0.000332065
-9.68241e-05
0.000346636
-0.000114052
0.000353755
-0.000120234
0.000354842
-9.24181e-05
0.000229034
-6.74309e-05
0.00011845
-7.0727e-05
0.000134333
-0.000130708
0.000120806
-0.000159645
0.000108881
-0.000151395
9.44434e-05
-0.000102893
-4.29435e-05
-7.57056e-05
-6.75281e-05
-6.86867e-05
-4.41215e-05
-6.4318e-05
-2.24273e-05
-5.16845e-05
8.07194e-06
-4.95756e-05
-1.38701e-06
-4.56072e-05
-1.8604e-05
-4.70516e-05
-2.34398e-05
-5.83109e-05
-8.64815e-06
-7.30813e-05
-2.05898e-05
-8.71065e-05
-3.26677e-05
-9.66252e-05
-2.39775e-05
-4.00231e-05
-0.000100908
-2.01273e-05
0.000352192
-5.70784e-05
0.000383587
-8.68646e-05
0.000383542
-9.65033e-05
0.000364481
-6.46286e-05
0.000197159
-6.47252e-05
0.000118546
-5.3982e-05
0.00012359
-3.93144e-05
0.000106138
-9.1721e-05
0.000161288
-9.06501e-05
9.33725e-05
-8.41874e-05
-4.94061e-05
-9.12601e-05
-6.04554e-05
-9.37834e-05
-4.15981e-05
-8.99678e-05
-2.6243e-05
-7.13369e-05
-1.05589e-05
-5.72729e-05
-1.5451e-05
-3.95377e-05
-3.63392e-05
-3.89858e-05
-2.39918e-05
-3.51785e-05
-1.24555e-05
-3.85973e-05
-1.71711e-05
-4.68451e-05
-2.44199e-05
-4.69466e-05
-2.3876e-05
-3.2749e-05
-5.42207e-05
-1.68351e-05
0.000369028
-2.64574e-05
0.000393209
-2.9469e-05
0.000386553
-3.46253e-05
0.000369637
-4.46678e-05
0.000207202
-4.10559e-07
7.42889e-05
7.63647e-06
0.000115542
-6.52704e-06
0.000120302
-5.24745e-05
0.000207235
-7.5106e-05
0.000116004
-9.52274e-05
-2.92847e-05
-0.000111969
-4.37138e-05
-0.000123671
-2.98965e-05
-0.000109631
-4.02832e-05
-9.43459e-05
-2.58436e-05
-9.40808e-05
-1.57161e-05
-0.000130131
-2.89318e-07
-0.000165461
1.13383e-05
-0.000174996
-2.91979e-06
-0.000162219
-2.99481e-05
-0.000135622
-5.10171e-05
-0.000115312
-4.41867e-05
-4.13939e-05
-0.000106667
-9.5404e-06
0.000378568
-2.316e-05
0.000406829
-1.20569e-05
0.00037545
-5.82484e-08
0.000357638
2.73923e-05
0.000179751
1.76357e-05
8.40455e-05
7.94038e-05
5.37744e-05
2.33883e-05
0.000176317
-9.63431e-06
0.000240258
-4.19836e-05
0.000148353
-6.83225e-05
-2.94584e-06
-0.000112424
3.87771e-07
-9.44884e-05
-4.78321e-05
-6.48086e-05
-6.9963e-05
-4.56274e-05
-4.50248e-05
-2.74613e-05
-3.38822e-05
-2.06693e-05
-7.08134e-06
-1.27696e-05
3.43856e-06
-7.75516e-06
-7.93424e-06
-9.69102e-06
-2.80122e-05
-1.65515e-05
-4.41566e-05
-2.71361e-05
-3.36021e-05
-1.86382e-05
-4.98918e-05
-1.1063e-05
0.000389631
-1.1082e-05
0.000406848
4.99201e-06
0.000359376
4.36944e-05
0.000318936
6.18572e-05
0.000161589
7.69509e-05
6.89519e-05
6.13269e-05
6.93984e-05
5.90757e-05
0.000178568
3.77993e-05
0.000261534
-3.61307e-06
0.000189766
-4.19034e-05
3.53445e-05
-5.82291e-05
1.67135e-05
-3.97579e-05
-6.63032e-05
-6.20893e-05
-4.76316e-05
-3.48945e-05
-7.22196e-05
-3.94709e-05
-2.93057e-05
-2.41255e-05
-2.24267e-05
-5.11979e-06
-1.55672e-05
6.51764e-06
-1.95717e-05
2.61631e-06
-2.41109e-05
3.57389e-06
-4.51141e-05
-8.30091e-06
-2.17273e-05
-1.17632e-05
-1.51759e-05
-1.01462e-05
0.000399777
-1.21699e-05
0.000408872
9.7797e-07
0.000346228
0.000128053
0.000191861
0.000138111
0.00015153
0.000130495
7.65684e-05
0.000102451
9.74419e-05
8.94208e-05
0.000191598
7.28945e-05
0.00027806
2.15875e-05
0.000241073
-2.03829e-05
7.73149e-05
-2.126e-05
1.75907e-05
-4.02663e-05
-4.7297e-05
-2.45348e-05
-6.33631e-05
-3.21941e-05
-6.45602e-05
-1.40842e-05
-4.74156e-05
-6.65058e-06
-2.98603e-05
1.54922e-06
-2.3767e-05
1.99783e-05
-3.80007e-05
1.61463e-05
-2.02789e-05
1.35647e-05
-4.25325e-05
1.31146e-05
-2.12772e-05
-2.09578e-05
2.23092e-05
-7.4669e-06
0.000407244
-5.78617e-06
0.000407191
1.2724e-05
0.000327718
5.56395e-05
0.000148946
0.000124399
8.27706e-05
0.000135846
6.5121e-05
0.000108391
0.000124897
0.00010164
0.000198349
0.000113402
0.000266299
7.47283e-05
0.000279746
-4.42135e-05
0.000196257
-5.20313e-05
2.54084e-05
-2.4632e-05
-7.46963e-05
1.00713e-05
-9.80664e-05
1.38225e-05
-6.83115e-05
1.36552e-05
-4.72483e-05
2.44617e-05
-4.06668e-05
3.09369e-05
-3.02421e-05
1.9918e-05
-2.69819e-05
2.82885e-05
-2.86494e-05
2.14671e-05
-3.57111e-05
4.3365e-05
-4.31751e-05
-2.80908e-05
5.04981e-05
-5.0645e-06
0.000412309
5.33377e-06
0.000396793
5.4183e-05
0.000278869
2.42301e-05
0.000178898
6.78895e-05
3.91113e-05
7.97113e-05
5.32991e-05
9.38982e-05
0.00011071
8.03307e-05
0.000211917
0.000141622
0.000205008
0.000192694
0.000228674
0.000128174
0.000260776
9.96353e-05
5.39472e-05
8.21394e-05
-5.72004e-05
3.15151e-05
-4.74421e-05
2.42665e-05
-6.10629e-05
3.23695e-05
-5.53513e-05
4.30638e-05
-5.13611e-05
3.20453e-05
-1.92236e-05
3.80426e-05
-3.29792e-05
3.80191e-05
-2.86258e-05
3.59516e-05
-3.36436e-05
3.40586e-05
-4.12822e-05
-4.08575e-05
4.68253e-05
-1.06983e-06
0.000413378
9.00173e-06
0.000386721
6.47224e-05
0.000223148
8.78412e-05
0.00015578
6.98457e-05
5.71068e-05
8.29639e-05
4.01808e-05
0.000118804
7.48703e-05
0.000132223
0.000198497
0.000109542
0.000227689
0.000105183
0.000233033
0.000120567
0.000245392
0.00010166
7.2854e-05
6.16034e-05
-1.71438e-05
9.32468e-05
-7.90855e-05
8.96954e-05
-5.75115e-05
6.33329e-05
-2.89888e-05
5.35075e-05
-4.15357e-05
5.3742e-05
-1.94581e-05
5.4747e-05
-3.39842e-05
4.50613e-05
-1.89401e-05
4.80218e-05
-3.66041e-05
5.22017e-05
-4.54621e-05
-4.58158e-05
5.716e-05
-5.59186e-07
0.000413938
5.62219e-06
0.00038054
8.93362e-05
0.000139434
8.98451e-05
0.000155271
9.94088e-05
4.75431e-05
9.88726e-05
4.0717e-05
7.89918e-05
9.47512e-05
0.000177018
0.000100471
0.000103431
0.000301276
7.10605e-05
0.000265404
0.000118218
0.000198234
0.000126607
6.44656e-05
0.000120886
-1.14233e-05
9.67194e-05
-5.49184e-05
5.05943e-05
-1.13864e-05
6.78812e-05
-4.62757e-05
5.33126e-05
-2.69671e-05
5.74776e-05
-2.36231e-05
3.52458e-05
-1.17524e-05
5.682e-05
-4.05143e-05
4.59643e-05
-2.57483e-05
2.55335e-05
-2.50313e-05
-5.20493e-05
3.17669e-05
-1.40184e-06
0.000415339
1.12756e-05
0.000367863
2.70548e-05
0.000123655
3.9406e-05
0.000142919
5.44195e-05
3.25296e-05
7.15785e-05
2.3558e-05
0.000103039
6.3291e-05
6.74562e-05
0.000136054
0.000100538
0.000268194
0.000117924
0.000248017
0.000153039
0.000163119
0.000144823
7.26816e-05
0.000122901
1.04986e-05
7.22423e-05
-4.2596e-06
8.58312e-05
-2.49753e-05
6.74732e-05
-2.79177e-05
5.89914e-05
-1.84853e-05
5.40079e-05
-1.86396e-05
5.07427e-05
-8.48718e-06
4.57649e-05
-3.55366e-05
5.60163e-05
-3.59997e-05
6.68387e-05
-3.58536e-05
-5.37252e-05
6.85146e-05
-3.54371e-06
0.000418883
2.46374e-05
0.000339681
2.07023e-05
0.00012759
2.03894e-05
0.000143232
2.76953e-05
2.52237e-05
2.72384e-05
2.40149e-05
1.25596e-05
7.79697e-05
2.34891e-05
0.000125124
6.37029e-05
0.000227981
0.000104909
0.000206811
0.000119859
0.00014817
0.000122491
7.0049e-05
9.98969e-05
3.30929e-05
8.02432e-05
1.53941e-05
6.13918e-05
-6.12395e-06
3.53154e-05
-1.8412e-06
3.39749e-05
-1.71449e-05
3.30251e-05
-1.76897e-05
5.1241e-05
-2.67031e-05
5.32569e-05
-3.75525e-05
5.20728e-05
-3.48156e-05
5.19823e-05
-3.57631e-05
-4.55658e-05
4.38229e-05
-2.46159e-05
0.000443499
6.69567e-05
0.000248109
4.31828e-05
0.000151364
1.90506e-05
0.000167365
6.17338e-06
3.81009e-05
-6.94425e-06
3.71325e-05
-2.9318e-05
0.000100344
-3.1235e-05
0.000127041
-5.53271e-06
0.000202278
3.96824e-05
0.000161596
6.92006e-05
0.000118652
5.91268e-05
8.01228e-05
5.6034e-05
3.61858e-05
5.99275e-05
1.15006e-05
5.05202e-05
3.2834e-06
4.53072e-05
3.37182e-06
4.50075e-05
-1.68452e-05
4.29474e-05
-1.56296e-05
4.8156e-05
-3.19117e-05
5.7002e-05
-4.63985e-05
5.99489e-05
-3.77624e-05
6.35151e-05
-3.93294e-05
-2.54712e-05
4.34205e-05
-8.40042e-06
0.000451899
1.47531e-05
0.000224955
2.66249e-05
0.000139492
1.43652e-05
0.000179624
-9.85262e-06
6.23188e-05
-3.78751e-05
6.51551e-05
-2.98719e-05
9.23403e-05
-2.1512e-05
0.000118681
-2.58497e-05
0.000206616
5.42635e-06
0.00013032
-5.37607e-06
0.000129454
1.31089e-05
6.16378e-05
6.08207e-06
4.32127e-05
2.75037e-06
1.48323e-05
5.66779e-06
3.65996e-07
7.24144e-06
1.79818e-06
1.36127e-05
-2.32165e-05
2.93256e-05
-3.13424e-05
3.66223e-05
-3.92084e-05
2.9308e-05
-3.90841e-05
3.00808e-05
-3.85352e-05
3.57082e-05
-4.49568e-05
-3.95322e-05
4.97692e-05
-7.44424e-06
0.000459344
1.2264e-05
0.000205247
8.32931e-06
0.000143427
5.94448e-06
0.000182009
4.21076e-06
6.40525e-05
-2.13859e-05
9.07517e-05
-5.47517e-05
0.000125706
-6.83612e-05
0.000132291
-3.86801e-05
0.000176935
-4.77678e-05
0.000139408
-2.8054e-05
0.00010974
-5.05867e-05
8.41704e-05
-1.93956e-05
1.20216e-05
-9.10999e-06
4.5467e-06
-1.05502e-05
1.80625e-06
2.17868e-06
-1.09307e-05
8.73385e-06
-2.97716e-05
7.85007e-06
-3.04586e-05
2.05172e-05
-5.18756e-05
3.50451e-05
-5.3612e-05
3.46435e-05
-3.81336e-05
3.02881e-05
-4.06014e-05
-4.88121e-05
3.9568e-05
-5.25117e-06
0.000464595
1.22904e-05
0.000187705
-2.31001e-06
0.000158027
4.00594e-05
0.00013964
1.64851e-05
8.76268e-05
-1.68096e-05
0.000124046
-3.83733e-05
0.00014727
-0.000130857
0.000224774
-6.24826e-05
0.000108561
-7.5901e-05
0.000152826
-8.50338e-05
0.000118873
-4.1258e-05
4.03946e-05
-4.61571e-05
1.69208e-05
-3.134e-05
-1.02704e-05
-3.30933e-05
3.55952e-06
-1.25676e-05
-3.14564e-05
-6.8823e-06
-3.54569e-05
2.02141e-05
-5.75551e-05
3.27356e-05
-6.4397e-05
1.73631e-05
-3.82395e-05
2.18774e-05
-4.26479e-05
2.53976e-05
-4.41216e-05
-5.36626e-05
3.02482e-05
6.37595e-06
0.000458219
1.38089e-05
0.000180272
1.05469e-06
0.000170781
-5.47187e-06
0.000146166
-9.10652e-06
9.12614e-05
-3.58258e-05
0.000150766
-4.90566e-05
0.000160501
-6.77991e-05
0.000243517
-0.000109954
0.000150716
-7.97284e-05
0.000122601
-9.58862e-05
0.000135031
-0.000109641
5.41495e-05
-9.0219e-05
-2.50128e-06
-6.21331e-05
-3.83563e-05
-2.81847e-05
-3.03889e-05
-3.63426e-05
-2.32985e-05
-1.09338e-05
-6.08657e-05
-1.01811e-06
-6.74707e-05
8.51527e-06
-7.39304e-05
3.60481e-05
-6.57723e-05
3.67684e-05
-4.33682e-05
4.18713e-05
-4.92245e-05
-4.53855e-05
3.35942e-05
1.91961e-05
0.000439023
8.81271e-06
0.000190656
-7.30778e-06
0.000186902
-8.39709e-06
0.000147255
-2.27579e-05
0.000105622
-4.28605e-05
0.000170868
-6.93418e-05
0.000186982
-6.411e-05
0.000238285
-0.000112556
0.000199162
-0.000129767
0.000139811
-0.000135167
0.000140432
-0.00013032
4.93022e-05
-0.000113236
-1.95848e-05
-8.22504e-05
-6.93422e-05
-4.18658e-05
-7.07735e-05
-3.48147e-05
-3.03496e-05
-1.31691e-05
-8.25113e-05
5.72248e-06
-8.63623e-05
1.61855e-05
-8.43933e-05
1.55255e-05
-6.51123e-05
1.7431e-05
-4.52736e-05
4.14785e-05
-7.3272e-05
-4.85998e-05
4.46928e-05
7.81352e-05
0.000360887
3.52571e-05
0.000233534
1.20661e-05
0.000210093
3.74444e-07
0.000158947
-2.48746e-05
0.000130871
-4.7615e-05
0.000193609
-7.41565e-05
0.000213524
-1.76964e-05
0.000181825
-0.000108127
0.000289592
-0.000166433
0.000198117
-0.000155831
0.00012983
-0.000142872
3.63433e-05
-0.000126563
-3.58941e-05
-8.92844e-05
-0.00010662
-6.1598e-05
-9.84599e-05
-3.39699e-05
-5.79777e-05
-1.77341e-05
-9.8747e-05
-1.90298e-06
-0.000102193
3.94653e-06
-9.02428e-05
1.90889e-05
-8.02546e-05
4.3832e-05
-7.00167e-05
4.10353e-05
-7.04753e-05
-5.27548e-05
4.51903e-05
1.47228e-05
0.000346165
1.20407e-05
0.000236216
-4.31227e-06
0.000226446
-9.8766e-06
0.000164511
-4.11671e-05
0.000162162
-5.36092e-05
0.000206051
-6.29082e-05
0.000222823
-6.37875e-05
0.000182704
-5.54395e-05
0.000281244
-7.02179e-05
0.000212896
-5.57204e-05
0.000115332
-7.94258e-05
6.00487e-05
-8.33479e-05
-3.19721e-05
-6.67221e-05
-0.000123246
-3.644e-05
-0.000128742
-1.59236e-05
-7.8494e-05
5.67697e-07
-0.000115238
1.19243e-05
-0.00011355
2.43535e-05
-0.000102672
1.04148e-05
-6.6316e-05
1.88418e-05
-7.84437e-05
4.14036e-05
-9.3037e-05
-6.62169e-05
5.48657e-05
-6.31988e-06
0.000352485
-8.20298e-06
0.000238099
-2.01417e-05
0.000238385
-2.82899e-05
0.00017266
-4.8749e-05
0.000182621
-4.90134e-05
0.000206315
-3.74697e-05
0.000211279
-3.91857e-05
0.00018442
-2.29625e-05
0.000265021
-2.18819e-05
0.000211815
-2.82468e-05
0.000121697
-3.15791e-05
6.3381e-05
-4.04769e-05
-2.30742e-05
-4.04958e-05
-0.000123227
-3.85532e-05
-0.000130685
9.28999e-06
-0.000126337
1.54379e-05
-0.000121386
1.34028e-05
-0.000111515
1.39451e-05
-0.000103214
5.71366e-05
-0.000109507
4.29242e-05
-6.42313e-05
1.72576e-05
-6.73704e-05
-9.50207e-05
4.60614e-05
-5.40076e-06
0.000357885
-1.97475e-05
0.000252446
-3.84505e-05
0.000257088
-6.19694e-05
0.000196178
-7.01057e-05
0.000190757
-6.67437e-05
0.000202953
-4.43361e-05
0.000188871
-4.92675e-05
0.000189352
3.24731e-05
0.000183281
9.05158e-05
0.000153772
5.03244e-05
0.000161888
2.77898e-05
8.59155e-05
4.12044e-05
-3.64888e-05
2.68126e-05
-0.000108836
1.56563e-05
-0.000119528
3.02086e-05
-0.000140889
7.26032e-06
-9.84379e-05
1.6039e-05
-0.000120294
2.29041e-05
-0.000110079
1.67643e-05
-0.000103368
4.23045e-05
-8.97715e-05
6.96758e-05
-9.47416e-05
-9.99023e-05
7.45573e-05
-7.29235e-06
0.000365178
-3.13079e-05
0.000276462
-6.36705e-05
0.00028945
-9.25549e-05
0.000225063
-0.00010418
0.000202383
-8.98884e-05
0.000188661
-5.70631e-05
0.000156046
-1.54612e-05
0.00014775
2.62423e-05
0.000141577
5.24744e-05
0.00012754
6.83344e-05
0.000146028
8.65274e-05
6.77225e-05
5.60495e-05
-6.01083e-06
4.26634e-05
-9.54495e-05
1.19166e-05
-8.87815e-05
1.90369e-05
-0.00014801
6.26433e-05
-0.000142044
2.28902e-05
-8.05404e-05
3.6449e-05
-0.000123638
4.69167e-05
-0.000113835
4.54177e-05
-8.82724e-05
5.25956e-05
-0.000101919
-0.000112159
6.48526e-05
-1.29759e-05
0.000378154
-3.06424e-05
0.000294128
-6.10958e-05
0.000319904
-9.85104e-05
0.000262477
-0.000112316
0.000216188
-9.52783e-05
0.000171624
-5.83933e-05
0.000119161
-1.27949e-05
0.000102152
2.83986e-05
0.000100383
6.26524e-05
9.32866e-05
8.64326e-05
0.000122248
9.95782e-05
5.45769e-05
0.000106026
-1.24583e-05
5.12888e-05
-4.07126e-05
8.07155e-05
-0.000118208
6.71695e-05
-0.000134464
5.64163e-05
-0.000131291
5.07958e-05
-7.49199e-05
4.73228e-05
-0.000120165
3.57964e-05
-0.000102309
5.18126e-05
-0.000104289
2.38037e-05
-7.39106e-05
-0.000117832
2.94759e-05
-1.04193e-05
0.000388573
-1.6511e-05
0.00030022
-3.67761e-05
0.000340169
-5.92448e-05
0.000284946
-6.99667e-05
0.00022691
-5.04546e-05
0.000152112
-2.67713e-05
9.54775e-05
3.79145e-07
7.50012e-05
2.98494e-05
7.09132e-05
3.34411e-05
8.96949e-05
5.88388e-05
9.68506e-05
6.14595e-05
5.19563e-05
7.38415e-05
-2.48403e-05
0.000104771
-7.16422e-05
5.40458e-05
-6.74829e-05
4.27248e-05
-0.000123143
3.05138e-05
-0.00011908
7.09646e-05
-0.000115371
2.82485e-05
-7.74491e-05
4.27284e-05
-0.000116789
1.35499e-05
-7.51102e-05
6.23223e-05
-0.000122683
-8.658e-05
3.10708e-05
-1.13401e-05
0.000399913
-1.9826e-05
0.000308706
-2.52092e-05
0.000345552
-2.95451e-05
0.000289282
-3.24158e-05
0.000229781
-2.09029e-05
0.000140599
-1.58002e-05
9.03747e-05
-6.99731e-06
6.61983e-05
2.42076e-06
6.14951e-05
2.97728e-05
6.23429e-05
6.01466e-05
6.64767e-05
5.87207e-05
5.33822e-05
4.80967e-05
-1.42163e-05
5.32644e-05
-7.68099e-05
4.79297e-05
-6.21482e-05
3.34435e-05
-0.000108657
2.67764e-05
-0.000112413
2.51329e-05
-0.000113727
6.23779e-05
-0.000114694
2.5516e-05
-7.99268e-05
2.96265e-05
-7.92207e-05
3.68288e-05
-0.000129885
-7.74078e-05
2.76567e-05
-1.80373e-05
0.00041795
-3.17872e-05
0.000322455
-2.82258e-05
0.00034199
-2.53397e-05
0.000286396
-2.69185e-05
0.000231359
-3.21995e-05
0.00014588
-4.5062e-05
0.000103237
-4.01958e-05
6.13321e-05
-1.47927e-05
3.6092e-05
-8.76029e-07
4.84262e-05
3.15332e-05
3.40675e-05
6.84749e-05
1.64405e-05
9.22239e-05
-3.79653e-05
6.58281e-05
-5.0414e-05
5.92222e-05
-5.55423e-05
5.8254e-05
-0.000107688
5.85173e-05
-0.000112676
2.20745e-05
-7.72845e-05
3.18745e-05
-0.000124494
2.54174e-05
-7.34698e-05
2.36647e-05
-7.7468e-05
3.21566e-05
-0.000138377
-7.43402e-05
2.9089e-05
-2.77813e-05
0.000445732
-5.81755e-05
0.000352849
-5.83064e-05
0.000342121
-5.34308e-05
0.00028152
-5.66105e-05
0.000234539
-7.19148e-05
0.000161184
-8.13166e-05
0.000112639
-6.02705e-05
4.02861e-05
-3.4576e-05
1.03974e-05
-1.00533e-05
2.39035e-05
2.21497e-05
1.86446e-06
3.96432e-05
-1.05302e-06
4.49521e-05
-4.32742e-05
7.02966e-05
-7.57585e-05
7.39086e-05
-5.91543e-05
3.32983e-05
-6.70781e-05
2.049e-05
-9.9868e-05
4.44532e-05
-0.000101248
3.94759e-05
-0.000119517
2.74723e-05
-6.14661e-05
2.43121e-05
-7.43078e-05
3.00241e-05
-0.000144089
-8.12714e-05
3.69552e-05
-5.26028e-05
0.000498334
-0.000111047
0.000411293
-0.000134719
0.000365793
-0.000141001
0.000287803
-0.00014923
0.000242768
-0.000160612
0.000172566
-0.000137843
8.98701e-05
-0.000103199
5.64143e-06
-5.87498e-05
-3.40516e-05
-2.17506e-05
-1.30957e-05
1.40509e-05
-3.3937e-05
4.64749e-05
-3.3477e-05
4.83841e-05
-4.51835e-05
3.3558e-05
-6.09325e-05
2.82263e-05
-5.38226e-05
4.64683e-05
-8.53201e-05
3.47061e-05
-8.81058e-05
1.93128e-05
-8.58543e-05
1.81289e-05
-0.000118333
2.22628e-05
-6.56e-05
1.71866e-05
-6.92317e-05
1.62126e-05
-0.000143115
-8.30934e-05
1.80346e-05
-7.98125e-05
0.000578147
-0.000143706
0.000475186
-0.00018774
0.000409828
-0.000238211
0.000338274
-0.000276629
0.000281186
-0.000272038
0.000167976
-0.000193414
1.12462e-05
-0.000128202
-5.95709e-05
-8.32618e-05
-7.89917e-05
-3.58008e-05
-6.05568e-05
-5.65056e-06
-6.40873e-05
2.24122e-05
-6.15397e-05
3.09444e-05
-5.37158e-05
1.69424e-05
-4.69305e-05
2.95505e-05
-6.64307e-05
3.52477e-05
-9.10174e-05
5.07052e-06
-5.79286e-05
1.01652e-05
-9.0949e-05
8.939e-06
-0.000117107
1.21953e-05
-6.88562e-05
1.32585e-05
-7.02949e-05
1.35898e-05
-0.000143446
-8.03842e-05
1.08805e-05
-0.00011064
-0.000197677
-0.000294465
-0.000414678
-0.000468984
-0.000402783
-0.00026168
-0.000161784
-7.44419e-05
-3.54147e-05
-7.17227e-06
1.32859e-05
2.28678e-05
3.85907e-05
1.70953e-05
3.06321e-06
2.4161e-05
1.2437e-05
-1.33653e-05
5.99806e-06
2.75729e-05
1.07458e-06
1.81707e-05
4.4813e-05
5.06067e-06
2.91035e-05
1.57095e-05
-9.88745e-06
3.8991e-05
8.76565e-05
-9.75439e-05
-9.56895e-06
2.08631e-05
-3.88222e-05
4.49628e-05
-6.87346e-05
6.89033e-05
8.9819e-05
-7.08971e-05
-0.000134607
4.34358e-05
-0.00014844
5.87961e-05
-0.000120454
4.09174e-05
7.87553e-05
-0.000109391
-0.00013474
2.59951e-05
-0.000126187
5.02433e-05
-0.000129894
4.46239e-05
3.93252e-05
-9.04638e-05
-0.000180888
1.57114e-05
-0.000147954
1.73094e-05
-0.000129405
2.60753e-05
1.58624e-05
-0.000105942
-0.000226165
7.04033e-06
-0.000212314
3.45806e-06
-0.000183391
-2.84838e-06
-4.50916e-06
-0.000163019
-0.000286238
-4.92657e-06
-0.000274901
-7.87926e-06
-0.00026931
-8.43969e-06
-8.5548e-06
-0.000265264
-0.000262235
-1.17996e-05
-0.000256226
-1.3888e-05
-0.000250555
-1.41108e-05
-1.56801e-05
-0.00024343
-0.000196702
-4.14964e-06
-0.000206512
-4.07772e-06
-0.000212777
-7.84541e-06
-1.16917e-05
-0.000216766
-0.000200163
-8.39956e-06
-0.000195873
-8.3671e-06
-0.000194538
-9.18108e-06
-1.02854e-05
-0.000195944
-0.000147352
-2.02047e-05
-0.000135201
-2.05185e-05
-0.000130293
-1.40889e-05
-1.45416e-05
-0.000126037
-0.000101728
-1.93847e-05
-0.000104504
-1.77425e-05
-0.000102395
-1.61983e-05
-1.60808e-05
-0.000100856
-5.84657e-05
-1.51397e-05
-6.29613e-05
-1.32469e-05
-7.27525e-05
-6.40715e-06
-1.34693e-05
-7.5364e-05
-0.000104591
-1.72148e-05
-0.000103986
-1.38526e-05
-9.88295e-05
-1.15634e-05
-1.31321e-05
-9.91668e-05
-6.3115e-05
-3.99159e-06
-7.26833e-05
-4.28427e-06
-7.96795e-05
-4.56722e-06
-1.14735e-05
-8.1338e-05
-1.56066e-05
-3.56088e-06
-1.70433e-05
-2.84757e-06
-1.53164e-05
-6.29417e-06
-1.38142e-05
-1.29757e-05
2.69691e-05
-8.22078e-06
3.37135e-05
-9.59195e-06
3.67033e-05
-9.28397e-06
-2.38434e-05
4.67325e-05
5.56709e-05
-1.33936e-05
6.1691e-05
-1.5612e-05
6.85223e-05
-1.61153e-05
-1.89074e-05
6.35862e-05
5.38132e-05
-2.03815e-05
6.20244e-05
-2.38231e-05
7.15786e-05
-2.56695e-05
-3.05991e-05
8.32703e-05
6.03641e-05
-2.35856e-05
6.16446e-05
-2.51036e-05
5.18893e-05
-1.59142e-05
-1.43291e-05
3.56193e-05
3.26442e-05
-2.44629e-05
3.25015e-05
-2.49608e-05
4.37681e-05
-2.71808e-05
-2.42757e-05
5.37147e-05
6.73239e-05
-2.32721e-05
6.64364e-05
-2.40733e-05
5.16214e-05
-1.23658e-05
-2.55614e-05
5.29072e-05
4.23963e-05
-2.18455e-05
4.11881e-05
-2.28652e-05
4.99181e-05
-2.10958e-05
-2.54142e-05
4.97709e-05
4.41403e-05
-2.25653e-05
4.52275e-05
-2.39523e-05
4.96429e-05
-2.55113e-05
-2.89347e-05
5.31634e-05
4.16319e-05
-1.4428e-05
4.29586e-05
-2.5279e-05
4.61608e-05
-2.87134e-05
-3.2118e-05
4.93441e-05
4.25895e-05
-1.74495e-05
3.6559e-05
-1.92485e-05
4.03301e-05
-3.24845e-05
-3.35707e-05
4.17828e-05
4.27048e-05
-2.99061e-05
5.4939e-05
-3.14827e-05
5.68633e-05
-3.44088e-05
-3.50836e-05
5.83762e-05
3.97763e-05
-3.60882e-05
4.34537e-05
-3.51601e-05
4.48504e-05
-3.58055e-05
-3.58295e-05
4.55963e-05
4.75311e-05
-3.89265e-05
5.1534e-05
-3.9163e-05
5.42345e-05
-3.8506e-05
-2.60186e-05
4.44236e-05
4.72845e-05
-4.10207e-05
4.94482e-05
-4.13267e-05
3.63507e-05
-2.54085e-05
-5.15897e-05
6.19218e-05
4.70563e-05
-3.32112e-05
3.87934e-05
-3.30638e-05
4.74063e-05
-3.40214e-05
-3.09301e-05
2.67468e-05
4.0996e-05
-2.81458e-05
5.96292e-05
-5.16969e-05
7.35055e-05
-4.78977e-05
-4.17419e-05
8.43172e-05
7.24098e-05
-2.59983e-05
6.99477e-05
-4.92348e-05
4.69449e-05
-2.48949e-05
-4.14279e-05
4.6631e-05
6.89232e-05
-3.0069e-05
4.95147e-05
-2.98262e-05
5.39921e-05
-2.93723e-05
-3.03968e-05
4.29609e-05
3.1703e-05
-3.22961e-05
5.51199e-05
-5.32431e-05
5.87006e-05
-3.29531e-05
-6.52786e-05
9.35825e-05
6.50532e-05
-6.62785e-05
5.00787e-05
-3.82686e-05
5.57054e-05
-3.85798e-05
-4.11477e-05
3.15746e-05
2.84287e-05
-6.70505e-05
5.93942e-05
-6.92342e-05
6.15508e-05
-4.07364e-05
-4.17185e-05
6.21215e-05
2.48172e-05
-6.27787e-05
2.36188e-05
-6.80358e-05
5.18662e-05
-6.89838e-05
-3.9944e-05
5.00917e-05
4.40947e-05
-6.99181e-05
1.89498e-05
-4.28909e-05
2.5773e-05
-7.5807e-05
-4.19747e-05
2.78037e-05
1.82137e-05
-7.00973e-05
5.0954e-05
-7.56312e-05
2.02575e-05
-4.51105e-05
-4.47406e-05
2.30234e-05
1.18438e-05
-7.10606e-05
1.10467e-05
-7.48341e-05
1.16123e-05
-4.56762e-05
-4.64901e-05
1.33618e-05
1.74886e-06
-1.62655e-05
-4.36745e-06
7.4645e-06
-7.93557e-05
0.00025318
3.58052e-05
9.42583e-05
0.000105602
3.44545e-05
0.000135119
2.27404e-05
0.00014542
3.75274e-05
0.000138844
-1.6927e-06
0.00012734
8.83012e-06
0.000122165
2.46703e-05
8.46686e-05
2.38259e-05
8.97601e-05
-1.40076e-05
0.000136448
-4.45668e-05
0.000125048
-3.84639e-05
0.000118676
-8.91651e-05
7.97061e-05
-5.87257e-05
2.23723e-05
-3.63774e-05
1.17532e-05
-2.01979e-05
-1.1619e-05
-2.61603e-05
1.44665e-06
-0.000102379
-0.000165295
-4.32981e-05
0.000225581
4.85247e-05
2.4355e-06
9.24335e-05
-9.45428e-06
9.00727e-05
2.51012e-05
0.000120394
7.20569e-06
0.000128558
-9.85612e-06
0.000130374
7.01431e-06
0.00013029
2.47539e-05
0.000162515
-8.39873e-06
0.000138969
9.53863e-06
0.000116006
-2.16043e-05
9.94849e-05
-2.19427e-05
3.64455e-05
-2.61257e-05
2.42789e-05
-4.65592e-05
7.80469e-06
-1.99031e-05
-3.0419e-05
1.80258e-05
-1.96814e-05
-3.68979e-05
1.51831e-06
-0.000123578
-0.000163776
1.73975e-06
0.00011445
8.59162e-05
-8.17409e-05
0.000101904
-2.54422e-05
0.000157613
-3.06076e-05
0.000162597
2.22183e-06
0.000111014
4.17262e-05
0.000109913
8.11548e-06
0.000133708
9.59489e-07
7.8491e-05
4.68178e-05
6.65504e-05
2.14792e-05
7.7603e-05
-3.2657e-05
5.67206e-05
-1.06032e-06
1.7714e-05
1.2881e-05
-1.24482e-06
-2.76004e-05
-3.13682e-05
1.02203e-05
-3.4431e-05
2.10886e-05
3.89959e-05
-0.000110325
3.73062e-05
-0.000121889
-0.00012647
2.88003e-05
-4.81408e-06
4.06028e-05
-9.35434e-05
4.86355e-05
-3.34749e-05
5.35384e-05
-3.55105e-05
5.49768e-05
7.83435e-07
6.82011e-05
2.85019e-05
5.89385e-05
1.73781e-05
3.37601e-05
2.61379e-05
4.2421e-05
3.81569e-05
1.78368e-05
4.60635e-05
-3.97502e-06
-1.08452e-05
-5.4155e-06
3.80152e-07
-2.53073e-05
3.27728e-05
-5.71067e-05
4.19906e-06
-5.16443e-05
4.75782e-06
-1.14025e-05
-1.91532e-05
-2.46501e-05
-9.70772e-05
-8.43313e-06
-0.000138106
-0.000134903
-9.07263e-05
-2.003e-05
-8.29955e-05
-0.000101274
-4.05409e-05
-7.59294e-05
-5.74968e-05
-1.85546e-05
-6.16332e-05
4.91982e-06
-5.98857e-05
2.67543e-05
-5.26891e-05
1.01815e-05
-5.01569e-05
2.36058e-05
-2.60211e-05
1.40211e-05
-5.22064e-05
7.22487e-05
-8.57411e-05
2.26895e-05
-8.23636e-05
-2.99741e-06
-4.88634e-05
-7.27355e-07
-5.42019e-05
9.5375e-06
-3.35171e-05
-1.5927e-05
-1.96743e-05
-3.29959e-05
-3.0184e-05
-8.65676e-05
-4.98476e-05
-0.000118442
-0.000184751
-0.000136713
-4.63357e-05
-0.000199348
-3.86398e-05
-0.000221553
-5.37243e-05
-0.000196263
-4.38445e-05
-0.000171807
-1.95358e-05
-0.000183093
3.80397e-05
-0.000183306
1.03946e-05
-0.000180732
2.10316e-05
-0.000158404
-8.30672e-06
-9.40521e-05
7.89697e-06
-8.23323e-05
1.09698e-05
-9.56068e-05
1.02771e-05
-8.91708e-05
-7.16329e-06
-7.74687e-05
-2.16458e-06
-7.05435e-05
-2.28522e-05
-6.32764e-05
-4.0263e-05
-2.50246e-05
-0.000124819
-3.05856e-05
-0.000112881
-0.000215336
-0.000286246
-2.53541e-05
-0.00027947
-4.54157e-05
-0.000277665
-5.55289e-05
-0.000280519
-4.09904e-05
-0.000272992
-2.70625e-05
-0.000177406
-5.75466e-05
-0.000152585
-1.44269e-05
-0.000122491
-9.06209e-06
-0.000143443
1.26454e-05
-0.000131127
-4.41951e-06
-0.000120322
1.6523e-07
-0.000115514
5.46893e-06
-0.00011207
-1.06069e-05
-0.000105805
-8.42969e-06
-0.000114505
-1.41526e-05
-0.000122164
-3.26034e-05
-8.75027e-05
-0.000159481
2.272e-05
-0.000223104
-0.000192616
-0.000229808
-3.89757e-05
-0.000229595
-4.56288e-05
-0.000234592
-5.05325e-05
-0.000242192
-3.339e-05
-0.000230975
-3.82798e-05
-0.000217533
-7.09888e-05
-0.000207995
-2.39649e-05
-0.000197803
-1.92539e-05
-0.00017863
-6.52705e-06
-0.000168791
-1.42586e-05
-0.000110742
-5.78838e-05
-9.30295e-05
-1.22437e-05
-0.000112188
8.55159e-06
-0.000130697
1.00791e-05
-0.000161747
1.68978e-05
-0.000105119
-8.92317e-05
-9.99255e-05
-0.000164675
-1.46763e-05
-0.000308353
-0.000207293
-0.00021204
-4.37015e-05
-0.000216203
-4.14655e-05
-0.000216435
-5.03003e-05
-0.000135579
-0.000114246
-0.000115335
-5.8524e-05
-0.0001597
-2.6624e-05
-0.000152979
-3.06856e-05
-0.000145796
-2.64374e-05
-0.000128558
-2.37644e-05
-0.000120202
-2.26149e-05
-0.000147389
-3.06964e-05
-0.000161125
1.49155e-06
-0.000163871
1.12981e-05
-0.000166407
1.26145e-05
-0.000147797
-1.71226e-06
-0.000137559
-9.94696e-05
-9.11285e-05
-0.000211105
-2.19907e-05
-0.000377491
-0.000229283
-0.000204783
-3.48626e-05
-0.000134652
-0.000111597
-0.000134016
-5.09363e-05
-0.000199997
-4.82649e-05
-0.000191422
-6.70991e-05
-0.000169494
-4.85521e-05
-0.000149309
-5.08705e-05
-0.000145712
-3.0034e-05
-0.00013137
-3.81067e-05
-0.000127995
-2.59901e-05
-0.000136608
-2.20827e-05
-0.00013937
4.25266e-06
-0.000135418
7.34631e-06
-0.000120366
-2.4377e-06
-9.93932e-05
-2.26845e-05
-0.000110575
-8.82881e-05
-7.34825e-05
-0.000248197
-3.53438e-05
-0.00041563
-0.000264627
-0.000119705
-4.11941e-05
-0.000168534
-6.27675e-05
-0.000123843
-9.56277e-05
-0.000114941
-5.7167e-05
-0.000111505
-7.0535e-05
-0.000106027
-5.40301e-05
-9.92492e-05
-5.76482e-05
-8.02294e-05
-4.90538e-05
-0.000106768
-1.15683e-05
-0.000113211
-1.95468e-05
-0.0001144
-2.08935e-05
-9.63826e-05
-1.3765e-05
-7.27918e-05
-1.62444e-05
-4.05267e-05
-3.47029e-05
-4.01155e-05
-2.30956e-05
-6.87108e-05
-5.96929e-05
-5.96099e-05
-0.000257298
-3.97784e-05
-0.000435461
-0.000304406
-9.74372e-05
-4.46127e-05
-0.000118843
-4.13618e-05
-0.000142789
-7.16812e-05
-0.000145585
-5.43712e-05
-0.000145683
-7.04369e-05
-0.000137593
-6.21204e-05
-0.000130874
-6.43669e-05
-0.000127704
-5.22244e-05
-0.000117046
-2.22266e-05
-0.000105082
-3.15101e-05
-9.78647e-05
-2.8111e-05
-4.82678e-05
-6.3362e-05
-2.28931e-05
-4.16192e-05
-3.11341e-07
-5.72846e-05
-3.36215e-06
-2.00448e-05
-3.62421e-05
-2.68129e-05
-3.34831e-05
-0.000260057
-3.48658e-05
-0.000434078
-0.000339271
-8.66802e-05
-3.32964e-05
-5.9751e-05
-6.8291e-05
-0.000105132
-2.63001e-05
-0.000101441
-5.80624e-05
-9.66061e-05
-7.52718e-05
-9.95132e-05
-5.92133e-05
-0.000101035
-6.28452e-05
-8.33637e-05
-6.98956e-05
-4.87435e-05
-5.68468e-05
-2.71848e-05
-5.30688e-05
-4.92823e-06
-5.03675e-05
-4.50374e-06
-6.37864e-05
1.03172e-05
-5.64402e-05
4.73943e-06
-5.17068e-05
4.86599e-07
-1.5792e-05
-1.45787e-05
-1.17477e-05
-3.32087e-05
-0.000241427
-9.14483e-05
-0.000375839
-0.00043072
-9.53677e-05
-3.70955e-05
-0.000103161
-6.04981e-05
-8.83549e-05
-4.11058e-05
-8.21193e-05
-6.42979e-05
-8.30899e-05
-7.43012e-05
-7.90178e-05
-6.32854e-05
-3.89037e-05
-0.000102959
-2.18516e-05
-8.69476e-05
-1.52994e-05
-6.3399e-05
-1.12734e-05
-5.70949e-05
-9.09866e-06
-5.25423e-05
5.12681e-06
-7.80119e-05
9.02844e-06
-6.03418e-05
1.55291e-05
-5.82074e-05
3.64274e-05
-3.66904e-05
7.87541e-05
-5.40743e-05
-6.6587e-06
-0.000156014
-3.22012e-05
-0.000350296
-0.000462921
-6.79579e-05
-5.04757e-05
-6.08984e-05
-6.75576e-05
-5.219e-05
-4.98142e-05
-3.65922e-05
-7.98957e-05
-1.75349e-05
-9.33585e-05
2.95561e-06
-8.37758e-05
-2.25235e-05
-7.74802e-05
-4.17383e-05
-6.77329e-05
-1.46206e-05
-9.05167e-05
3.57158e-06
-7.5287e-05
1.28607e-05
-6.18314e-05
2.50835e-06
-6.76596e-05
8.78816e-06
-6.66216e-05
1.90641e-05
-6.84834e-05
1.96762e-05
-3.73025e-05
4.14653e-05
-7.58634e-05
1.59407e-05
-0.000130489
-1.32267e-05
-0.000321129
-0.000476148
-1.12517e-05
-5.21997e-05
-4.7077e-06
-7.41015e-05
1.9712e-05
-7.42339e-05
1.29636e-05
-7.31473e-05
-9.78398e-06
-7.0611e-05
-2.15281e-07
-9.33445e-05
-9.64039e-06
-6.8055e-05
-8.43844e-07
-7.65294e-05
1.35298e-06
-9.27135e-05
3.80059e-06
-7.77346e-05
1.46387e-05
-7.26695e-05
2.35774e-05
-7.65983e-05
3.20219e-05
-7.50661e-05
4.18227e-05
-7.82843e-05
4.06307e-05
-3.61104e-05
6.22253e-05
-9.7458e-05
3.0941e-05
-9.9205e-05
9.65467e-07
-0.000291153
-0.000475182
4.12679e-05
-4.67351e-05
4.22006e-05
-7.50342e-05
2.64946e-05
-5.85279e-05
1.96625e-05
-6.63151e-05
3.92789e-05
-9.02274e-05
2.62502e-05
-8.03158e-05
3.01443e-05
-7.19491e-05
4.42868e-05
-9.06719e-05
4.38274e-05
-9.22541e-05
4.54531e-05
-7.93603e-05
4.76062e-05
-7.48226e-05
4.35323e-05
-7.25244e-05
2.77654e-05
-5.92991e-05
2.46679e-05
-7.51867e-05
2.6251e-05
-3.76936e-05
1.49003e-05
-8.61073e-05
3.36622e-05
-0.000117967
8.83009e-06
-0.000266321
-0.000466352
5.91419e-05
-4.22907e-05
6.54592e-05
-8.13515e-05
4.46308e-05
-3.76996e-05
7.2846e-05
-9.45303e-05
6.705e-05
-8.44314e-05
4.64555e-05
-5.97213e-05
6.17577e-05
-8.72512e-05
6.02859e-05
-8.92001e-05
5.86286e-05
-9.05969e-05
5.46132e-05
-7.53449e-05
5.10555e-05
-7.12649e-05
4.76375e-05
-6.91064e-05
4.40505e-05
-5.5712e-05
2.49496e-05
-5.60859e-05
5.55423e-05
-6.82863e-05
3.10819e-05
-6.16469e-05
2.42182e-05
-0.000111103
7.92026e-06
-0.000250023
-0.000458432
8.64962e-05
-4.55166e-05
4.22998e-05
-3.71551e-05
8.02009e-05
-7.56007e-05
4.38293e-05
-5.81586e-05
5.2422e-05
-9.30242e-05
4.92139e-05
-5.65132e-05
7.05697e-05
-0.000108607
3.60387e-05
-5.4669e-05
3.82323e-05
-9.27904e-05
5.61631e-05
-9.32757e-05
5.84367e-05
-7.35385e-05
3.13261e-05
-4.19958e-05
4.71745e-05
-7.15604e-05
4.32023e-05
-5.21136e-05
3.94007e-05
-6.44847e-05
3.50606e-05
-5.73068e-05
2.83065e-05
-0.000104349
1.36031e-05
-0.00023532
-0.000444829
5.07027e-05
-6.06001e-05
7.50767e-05
-6.15291e-05
5.49234e-05
-5.54474e-05
7.66279e-05
-7.98631e-05
8.46896e-05
-0.000101086
8.85719e-05
-6.03955e-05
3.92763e-05
-5.93114e-05
7.21005e-05
-8.74933e-05
6.46591e-05
-8.5349e-05
5.64719e-05
-8.50884e-05
5.35324e-05
-7.0599e-05
6.70187e-05
-5.54821e-05
3.1474e-05
-3.60157e-05
4.12887e-05
-6.19283e-05
3.54572e-05
-5.86532e-05
3.42572e-05
-5.61067e-05
2.56909e-05
-9.57827e-05
1.19379e-05
-0.000221567
-0.000432891
5.19136e-05
-5.87989e-05
5.07406e-05
-6.03561e-05
5.42421e-05
-5.89488e-05
6.67277e-05
-9.23488e-05
3.6181e-05
-7.05391e-05
5.61358e-05
-8.03503e-05
9.67332e-05
-9.99087e-05
6.7087e-05
-5.78471e-05
6.11805e-05
-7.94425e-05
6.00591e-05
-8.3967e-05
2.99565e-05
-4.04964e-05
3.28928e-05
-5.84184e-05
3.0068e-05
-3.31908e-05
4.00721e-05
-7.19325e-05
3.55613e-05
-5.41423e-05
3.44991e-05
-5.50445e-05
3.02265e-05
-9.15102e-05
1.5486e-05
-0.000206826
-0.000417405
3.04237e-05
-3.63154e-05
5.13311e-05
-8.12635e-05
6.84465e-05
-7.60642e-05
3.23976e-05
-5.62999e-05
5.01464e-05
-8.82879e-05
5.17668e-05
-8.19708e-05
4.15359e-05
-8.96778e-05
7.50163e-05
-9.13274e-05
5.25528e-05
-5.69791e-05
5.46323e-05
-8.60465e-05
5.45813e-05
-4.04454e-05
3.02795e-05
-3.41166e-05
5.65876e-05
-5.94989e-05
5.11065e-05
-6.64514e-05
4.53612e-05
-4.8397e-05
4.30495e-05
-5.27328e-05
3.53358e-05
-8.37964e-05
1.67252e-05
-0.000188216
-0.00040068
7.62622e-05
-6.28067e-05
5.76809e-05
-6.26821e-05
5.1002e-05
-6.93853e-05
6.50351e-05
-7.0333e-05
4.56344e-05
-6.88872e-05
4.73562e-05
-8.36926e-05
4.08519e-05
-8.31735e-05
3.34798e-05
-8.39553e-05
7.01065e-05
-9.36057e-05
3.61347e-05
-5.20747e-05
3.6218e-05
-4.05287e-05
6.96436e-05
-6.75422e-05
5.44594e-05
-4.43146e-05
5.03191e-05
-6.23111e-05
4.65689e-05
-4.46468e-05
4.45119e-05
-5.06758e-05
3.75847e-05
-7.68692e-05
1.91463e-05
-0.000169777
-0.000381533
3.62411e-05
-4.58844e-05
5.20233e-05
-7.84643e-05
5.90701e-05
-7.64321e-05
6.51266e-05
-7.63895e-05
8.15063e-05
-8.52669e-05
8.73363e-05
-8.95226e-05
6.41648e-05
-6.00019e-05
6.41562e-05
-8.39467e-05
2.87767e-05
-5.82262e-05
4.14406e-05
-6.47386e-05
7.31443e-05
-7.22324e-05
6.87331e-05
-6.3131e-05
7.06525e-05
-4.62341e-05
3.76664e-05
-2.9325e-05
4.75425e-05
-5.45229e-05
4.54972e-05
-4.86306e-05
3.64482e-05
-6.78202e-05
2.66105e-05
-0.00015994
-0.000354923
9.35109e-05
-9.00512e-05
7.96025e-05
-6.45558e-05
6.59349e-05
-6.27645e-05
5.73248e-05
-6.77794e-05
3.55028e-05
-6.34448e-05
4.28087e-05
-9.68285e-05
8.28022e-05
-9.99954e-05
5.74196e-05
-5.85642e-05
7.1094e-05
-7.19006e-05
7.37226e-05
-6.73671e-05
6.47583e-05
-6.32681e-05
6.07818e-05
-5.91545e-05
4.41516e-05
-2.96039e-05
6.99895e-05
-5.51628e-05
5.76618e-05
-4.21952e-05
4.8813e-05
-3.97818e-05
3.75565e-05
-5.65636e-05
2.04989e-05
-0.000142882
-0.000334424
3.76224e-05
-8.58908e-05
3.19852e-05
-5.89186e-05
6.75319e-05
-9.83111e-05
6.6842e-05
-6.70895e-05
9.16773e-05
-8.82801e-05
8.61602e-05
-9.13114e-05
8.17478e-05
-9.55829e-05
7.73579e-05
-5.41743e-05
7.54244e-05
-6.99671e-05
7.57291e-05
-6.76717e-05
6.99069e-05
-5.74459e-05
6.67853e-05
-5.60329e-05
7.97431e-05
-4.25617e-05
7.78158e-05
-5.32355e-05
5.34527e-05
-1.78322e-05
4.214e-05
-2.8469e-05
3.23774e-05
-4.6801e-05
1.7268e-05
-0.000127773
-0.000317156
3.60962e-05
-6.36108e-05
6.22065e-05
-8.50289e-05
6.41454e-05
-0.00010025
9.10369e-05
-9.39811e-05
8.82773e-05
-8.55204e-05
7.97129e-05
-8.2747e-05
7.80996e-05
-9.39696e-05
8.84393e-05
-6.4514e-05
8.27795e-05
-6.43074e-05
7.69777e-05
-6.18699e-05
7.40947e-05
-5.45629e-05
7.19884e-05
-5.39266e-05
4.56882e-05
-1.62616e-05
4.17218e-05
-4.9269e-05
5.53934e-05
-3.15038e-05
4.09934e-05
-1.4069e-05
2.97215e-05
-3.55292e-05
1.82655e-05
-0.000116317
-0.00029889
8.82566e-05
-0.000106271
7.169e-05
-6.84622e-05
8.07578e-05
-0.000109318
4.72806e-05
-6.05039e-05
5.37059e-05
-9.19458e-05
8.44426e-05
-0.000113484
9.57876e-05
-0.000105315
8.0248e-05
-4.89743e-05
8.05149e-05
-6.45743e-05
8.40635e-05
-6.54185e-05
7.26705e-05
-4.31699e-05
6.94431e-05
-5.06992e-05
7.79519e-05
-2.47703e-05
4.62518e-05
-1.75689e-05
5.617e-05
-4.1422e-05
4.61691e-05
-4.06811e-06
3.6138e-05
-2.54981e-05
1.92642e-05
-9.94428e-05
-0.000279626
3.87025e-05
-0.00010055
8.61036e-05
-0.000115863
4.85282e-05
-7.17424e-05
0.000110549
-0.000122524
0.000100195
-8.15922e-05
7.81836e-05
-9.14722e-05
9.99205e-05
-0.000127052
0.000104289
-5.33429e-05
8.06384e-05
-4.09236e-05
7.90446e-05
-6.38246e-05
0.000102465
-6.659e-05
9.65448e-05
-4.47793e-05
8.27891e-05
-1.10146e-05
8.12399e-05
-1.60196e-05
6.97612e-05
-2.99433e-05
5.30413e-05
1.26518e-05
3.94762e-05
-1.19331e-05
2.20374e-05
-8.2004e-05
-0.000257589
6.88781e-05
-0.000107506
7.68672e-05
-0.000123852
8.14888e-05
-7.6364e-05
8.34157e-05
-0.000124451
8.16325e-05
-7.9809e-05
0.000122993
-0.000132833
7.17306e-05
-7.57887e-05
6.82647e-05
-4.98769e-05
0.00011204
-8.46984e-05
0.000105773
-5.75584e-05
6.46223e-05
-2.54389e-05
5.76733e-05
-3.78303e-05
7.77357e-05
-3.10771e-05
8.01643e-05
-1.84481e-05
4.24139e-05
7.80709e-06
4.86431e-05
6.42265e-06
3.96481e-05
-2.93811e-06
2.23246e-05
-6.46805e-05
-0.000235264
3.36546e-05
-0.000114414
4.1741e-05
-0.000131939
9.42163e-05
-0.000128839
4.56868e-05
-7.59217e-05
9.28685e-05
-0.000126991
7.20886e-05
-0.000112053
9.35082e-05
-9.72083e-05
0.000155438
-0.000111807
0.000125813
-5.50731e-05
0.000115703
-4.74484e-05
0.000124931
-3.46669e-05
0.000112548
-2.54478e-05
9.5498e-05
-1.40269e-05
6.2264e-05
1.47859e-05
5.70558e-05
1.30153e-05
5.9399e-05
4.0795e-06
4.29802e-05
1.34806e-05
2.36584e-05
-4.53586e-05
-0.000211606
8.0387e-05
-0.000110484
8.30381e-05
-0.00013459
9.09752e-05
-0.000136776
0.00010541
-9.03565e-05
0.000127034
-0.000148615
0.000140684
-0.000125703
0.00014291
-9.94348e-05
0.000147623
-0.000116519
0.000145854
-5.33042e-05
0.000129056
-3.06507e-05
0.000125185
-3.07953e-05
0.000120197
-2.04597e-05
0.000115074
-8.9047e-06
0.000109328
2.05326e-05
8.81152e-05
3.42278e-05
5.6588e-05
3.56067e-05
3.45216e-05
3.5547e-05
1.92012e-05
-3.00382e-05
-0.000192405
6.48424e-05
-0.000128695
6.90401e-05
-0.000138787
7.05406e-05
-0.000138277
0.000121076
-0.000140892
0.00013715
-0.000164688
0.000141719
-0.000130273
0.000113916
-7.16312e-05
8.42665e-05
-8.687e-05
9.35323e-05
-6.257e-05
0.00012903
-6.6148e-05
0.000110813
-1.25789e-05
0.00010456
-1.42066e-05
6.71039e-05
2.85514e-05
6.38766e-05
2.376e-05
5.3162e-05
4.49423e-05
3.37792e-05
5.49895e-05
3.94929e-05
2.98333e-05
2.18907e-05
-1.2436e-05
-0.000170514
6.09433e-05
-0.000146678
6.7973e-05
-0.000145817
7.53103e-05
-0.000145614
6.76259e-05
-0.000133208
7.2081e-05
-0.000169143
7.4029e-05
-0.000132221
0.000127057
-0.00012466
0.000134505
-9.4318e-05
0.000111668
-3.97327e-05
8.36973e-05
-3.81772e-05
9.32087e-05
-2.20903e-05
6.76191e-05
1.13829e-05
7.81603e-05
1.80103e-05
7.08445e-05
3.10757e-05
5.05168e-05
6.527e-05
5.83288e-05
4.71774e-05
3.76485e-05
5.05136e-05
2.21563e-05
3.05626e-06
-0.000148358
4.27226e-05
-9.58178e-05
7.42761e-05
-0.000177371
3.54024e-05
-0.00010674
8.17561e-05
-0.000179562
6.97921e-05
-0.000157179
7.69784e-05
-0.000139407
0.000104049
-0.000151731
7.56128e-05
-6.58813e-05
7.62769e-05
-4.03968e-05
7.50474e-05
-3.69478e-05
7.78539e-05
-2.48967e-05
8.1454e-05
7.78277e-06
5.65758e-05
4.28885e-05
6.19152e-05
2.57363e-05
4.63162e-05
8.0869e-05
3.22321e-05
6.12615e-05
4.42034e-05
3.85424e-05
2.43589e-05
2.29007e-05
-0.000123999
3.72232e-05
-0.000101466
5.52755e-05
-0.000195423
6.11674e-05
-0.000112632
5.35837e-05
-0.000171978
5.68408e-05
-0.000160436
5.14602e-05
-0.000134026
5.00555e-05
-0.000150326
3.90151e-05
-5.4841e-05
5.69726e-05
-5.83543e-05
7.27743e-05
-5.27494e-05
7.71452e-05
-2.92676e-05
8.24463e-05
2.4816e-06
9.62531e-05
2.90818e-05
5.83276e-05
6.36617e-05
7.51599e-05
6.40367e-05
6.46647e-05
7.17567e-05
3.63805e-05
6.68266e-05
1.70459e-05
4.22353e-05
-0.000106953
6.27484e-05
-0.000102093
6.73777e-05
-0.000200052
7.12689e-05
-0.000116524
8.57162e-05
-0.000186425
9.57682e-05
-0.000170488
6.72477e-05
-0.000105506
1.19674e-05
-9.50457e-05
6.24426e-06
-4.91179e-05
1.22406e-05
-6.43507e-05
1.96365e-05
-6.01453e-05
5.13529e-05
-6.0984e-05
6.64902e-05
-1.26557e-05
4.43478e-05
5.12242e-05
4.78704e-05
6.01391e-05
5.85947e-05
5.33125e-05
4.88178e-05
8.15336e-05
4.32783e-05
7.23661e-05
4.76474e-05
3.78663e-05
-5.93054e-05
4.59487e-05
-9.79502e-05
2.98132e-05
-0.000183917
7.91518e-05
-0.000165862
6.42074e-05
-0.000171481
4.83096e-05
-0.000154591
3.38036e-05
-9.09998e-05
7.81724e-06
-6.90593e-05
8.645e-06
-4.99457e-05
-8.49565e-06
-4.721e-05
-1.36097e-05
-5.50312e-05
-2.88668e-05
-4.57269e-05
3.14226e-06
-4.46647e-05
2.88502e-05
2.55162e-05
4.51218e-05
4.38675e-05
6.36184e-05
3.48159e-05
5.49425e-05
9.02095e-05
4.32379e-05
8.40707e-05
2.29764e-05
5.81278e-05
-3.63291e-05
2.86836e-05
-9.88301e-05
3.20586e-05
-0.000187292
5.49834e-05
-0.000188787
4.49408e-05
-0.000161438
-8.44042e-07
-0.000108806
2.21733e-05
-0.000114017
1.82343e-06
-4.87095e-05
-2.31422e-05
-2.498e-05
-4.36065e-05
-2.67458e-05
-7.32938e-05
-2.53439e-05
-3.06919e-05
-8.83288e-05
-5.8374e-06
-6.95192e-05
2.44647e-05
-4.78588e-06
1.27227e-05
5.56095e-05
1.46655e-05
3.28731e-05
2.29753e-05
8.18998e-05
3.58381e-05
7.12079e-05
3.29901e-05
6.09757e-05
-3.33896e-06
3.39645e-05
-0.000109771
6.64539e-05
-0.000219781
1.89168e-05
-0.00014125
-5.46813e-06
-0.000137053
-2.44528e-06
-0.000111829
-2.66236e-05
-8.98387e-05
-2.28026e-05
-5.25305e-05
-5.10149e-05
3.23222e-06
-8.40551e-05
6.29445e-06
-4.90731e-05
-6.03259e-05
-4.35843e-05
-9.38176e-05
-3.17079e-05
-8.13956e-05
-1.41923e-05
-2.23016e-05
2.07774e-05
2.06398e-05
1.66266e-05
3.70239e-05
2.27133e-05
7.58131e-05
2.20695e-05
7.18517e-05
2.92211e-05
5.38241e-05
2.58821e-05
1.62799e-05
-0.000112689
1.7536e-05
-0.000221037
1.30222e-05
-0.000136736
7.61377e-06
-0.000131645
2.14472e-06
-0.00010636
-2.07663e-06
-8.56174e-05
-3.56716e-05
-1.89355e-05
-7.13344e-05
3.8895e-05
-5.22313e-05
-1.28087e-05
-4.35437e-05
-6.90135e-05
-5.37929e-05
-8.35684e-05
-3.70543e-05
-9.81342e-05
-3.34439e-05
-2.5912e-05
-2.17626e-05
8.95845e-06
-4.44482e-07
1.57058e-05
2.92061e-05
4.61626e-05
6.0302e-05
4.07557e-05
5.4786e-05
5.93401e-05
8.06682e-05
3.27099e-05
-1.39174e-05
-3.07331e-06
6.25365e-06
1.86913e-05
2.46716e-05
1.26023e-05
-2.4006e-05
-1.21865e-05
-2.44287e-05
-4.25829e-05
-6.34645e-05
-5.29417e-05
-3.31142e-05
-2.04345e-05
2.08221e-05
5.63923e-05
0.000102024
)
;

boundaryField
{
    leftWall
    {
        type            calculated;
        value           uniform 0;
    }
    rightWall
    {
        type            calculated;
        value           uniform 0;
    }
    lowerWall
    {
        type            calculated;
        value           uniform 0;
    }
    atmosphere
    {
        type            calculated;
        value           nonuniform List<scalar> 
46
(
0.000688787
0.000562224
0.000506615
0.000458487
0.000335492
0.000101775
-0.000129857
-0.000159467
-0.000166334
-9.9584e-05
-9.23297e-05
-8.19979e-05
-6.32977e-05
-6.26533e-05
-4.49353e-05
-7.69853e-05
-7.90263e-05
-7.9225e-05
-9.13045e-05
-8.82196e-05
-9.18698e-05
-0.000116948
-9.74804e-05
-5.46387e-05
-5.68197e-05
-5.75743e-05
-5.8322e-05
-0.000137935
-0.00017441
-0.00014758
-0.000140972
-0.000118797
-9.15977e-05
-6.86625e-06
7.55033e-05
-2.46282e-05
-5.67712e-05
-6.54142e-05
-7.72527e-05
-3.64347e-05
-1.08691e-05
3.02608e-06
4.90593e-06
5.18551e-06
1.37089e-05
0.000182692
)
;
    }
    defaultFaces
    {
        type            empty;
    }
}


// ************************************************************************* //
