/*--------------------------------*- C++ -*----------------------------------*\
| =========                 |                                                 |
| \\      /  F ield         | foam-extend: Open Source CFD                    |
|  \\    /   O peration     | Version:     4.1                                |
|   \\  /    A nd           | Web:         http://www.foam-extend.org         |
|    \\/     M anipulation  |                                                 |
\*---------------------------------------------------------------------------*/
FoamFile
{
    version     2.0;
    format      ascii;
    class       surfaceScalarField;
    location    "0.2";
    object      phi;
}
// * * * * * * * * * * * * * * * * * * * * * * * * * * * * * * * * * * * * * //

dimensions      [0 3 -1 0 0 0 0];

internalField   nonuniform List<scalar> 
4432
(
2.08091e-06
-2.08091e-06
5.85697e-06
-3.77606e-06
1.0151e-05
-4.294e-06
1.48995e-05
-4.74855e-06
1.99031e-05
-5.00358e-06
2.64356e-05
-6.53248e-06
2.97613e-05
-3.3257e-06
4.0465e-05
-1.07038e-05
4.97983e-05
-9.33331e-06
8.14295e-05
-3.16312e-05
9.34573e-05
-1.20279e-05
0.000134434
-4.09769e-05
0.000158693
-2.4259e-05
0.000167044
-8.35044e-06
0.000120088
4.69561e-05
0.000128005
-7.91698e-06
0.00011912
8.88446e-06
8.78863e-05
3.12338e-05
5.85822e-05
2.93041e-05
7.22087e-05
-1.36265e-05
5.75352e-05
1.46735e-05
4.03181e-05
1.72171e-05
4.03181e-05
2.19482e-06
-4.27573e-06
5.91658e-06
-7.49783e-06
1.01586e-05
-8.53599e-06
1.49321e-05
-9.5221e-06
1.99665e-05
-1.0038e-05
2.64441e-05
-1.30101e-05
2.98608e-05
-6.74237e-06
4.06398e-05
-2.14828e-05
4.93586e-05
-1.80521e-05
7.99881e-05
-6.22607e-05
9.28612e-05
-2.49009e-05
0.000131546
-7.96612e-05
0.000145993
-3.87063e-05
0.000155247
-1.76049e-05
0.000179619
2.25841e-05
0.000119755
5.19477e-05
0.000116881
1.17582e-05
0.000173255
-2.51406e-05
0.000152263
5.02961e-05
0.000122068
1.65692e-05
0.000100362
3.63792e-05
6.13066e-05
5.62724e-05
0.000101625
2.1055e-06
-6.38124e-06
5.77122e-06
-1.11635e-05
9.98786e-06
-1.27526e-05
1.47509e-05
-1.42852e-05
1.93416e-05
-1.46287e-05
2.59387e-05
-1.96072e-05
3.02306e-05
-1.10343e-05
3.86715e-05
-2.99237e-05
4.42244e-05
-2.36049e-05
4.37594e-05
-6.17957e-05
7.57068e-05
-5.68483e-05
8.16334e-05
-8.55878e-05
6.80977e-05
-2.51706e-05
4.81465e-05
2.34631e-06
8.26411e-05
-1.19105e-05
0.000116343
1.82459e-05
0.000104942
2.31592e-05
7.83937e-05
1.40761e-06
8.8637e-05
4.00528e-05
6.52252e-05
3.9981e-05
7.14329e-05
3.01715e-05
3.54326e-05
9.22727e-05
0.000137057
2.58923e-06
-8.97046e-06
5.99635e-06
-1.45707e-05
9.8794e-06
-1.66357e-05
1.46939e-05
-1.90997e-05
2.01559e-05
-2.00907e-05
2.68271e-05
-2.62784e-05
3.03569e-05
-1.45641e-05
3.73733e-05
-3.69402e-05
4.07497e-05
-2.69813e-05
3.91218e-05
-6.01678e-05
3.12481e-05
-4.89746e-05
-3.13038e-06
-5.12093e-05
1.63772e-05
-4.46782e-05
6.34997e-05
-4.47761e-05
9.24629e-05
-4.08737e-05
7.63232e-05
3.43855e-05
8.30513e-05
1.64311e-05
5.42598e-05
3.01991e-05
3.1493e-05
6.28197e-05
2.17578e-05
4.97161e-05
9.19403e-06
4.27353e-05
-2.94604e-06
0.000104413
0.000134111
2.26967e-06
-1.12401e-05
5.6259e-06
-1.79269e-05
9.52469e-06
-2.05345e-05
1.43471e-05
-2.39221e-05
2.07144e-05
-2.6458e-05
2.62774e-05
-3.18414e-05
2.78616e-05
-1.61482e-05
3.48833e-05
-4.39619e-05
3.78762e-05
-2.99742e-05
3.92833e-05
-6.15749e-05
6.23422e-05
-7.20335e-05
3.59479e-05
-2.48149e-05
4.67588e-05
-5.54891e-05
5.70649e-05
-5.50822e-05
5.5992e-05
-3.98008e-05
7.30063e-05
1.73713e-05
7.99712e-05
9.46625e-06
6.62181e-05
4.39521e-05
4.87649e-05
8.02729e-05
3.25582e-05
6.59228e-05
1.37362e-05
6.15573e-05
-3.99781e-07
0.000118549
0.000133711
3.29093e-06
-1.45311e-05
5.98441e-06
-2.06204e-05
9.32755e-06
-2.38776e-05
1.39118e-05
-2.85064e-05
1.98645e-05
-3.24106e-05
2.49527e-05
-3.69296e-05
5.01588e-05
-4.13543e-05
3.36016e-05
-2.74047e-05
6.06315e-05
-5.70041e-05
6.56287e-05
-6.65722e-05
7.76878e-05
-8.40926e-05
0.000109053
-5.618e-05
0.000120746
-6.7182e-05
5.73689e-05
8.29472e-06
1.53937e-05
2.17439e-06
-1.85306e-05
5.12956e-05
1.88276e-05
-2.7892e-05
6.60621e-05
-3.28245e-06
7.78423e-05
6.84927e-05
8.09084e-05
6.28567e-05
3.93934e-05
0.000103072
5.75546e-05
0.000100388
0.000191266
2.28119e-06
-1.68123e-05
5.06563e-06
-2.34048e-05
8.66704e-06
-2.7479e-05
1.3234e-05
-3.30733e-05
1.8269e-05
-3.74457e-05
2.24325e-05
-4.10931e-05
2.60364e-05
-4.49583e-05
3.41738e-05
-3.55421e-05
5.61568e-05
-7.89871e-05
6.12818e-05
-7.16971e-05
4.38931e-05
-6.67039e-05
9.22362e-05
-0.000104523
7.51661e-05
-5.01119e-05
7.1495e-05
1.19658e-05
2.44741e-05
4.91954e-05
-2.59064e-05
0.000101676
2.13278e-05
-7.51262e-05
4.22852e-05
-2.42399e-05
8.27442e-05
2.80337e-05
0.000107514
3.80871e-05
0.000104154
0.000106433
0.000102634
0.000101908
0.0002939
3.7262e-06
-2.05385e-05
4.76727e-06
-2.44459e-05
7.90476e-06
-3.06165e-05
1.23841e-05
-3.75526e-05
1.74973e-05
-4.25589e-05
2.17415e-05
-4.53373e-05
3.92876e-05
-6.25044e-05
5.49107e-05
-5.11652e-05
5.5828e-05
-7.99044e-05
6.29669e-05
-7.8836e-05
6.79598e-05
-7.16968e-05
2.5607e-05
-6.21703e-05
5.72744e-05
-8.17793e-05
1.95775e-05
4.96627e-05
-1.27167e-05
8.14896e-05
6.60428e-06
8.2355e-05
5.06189e-05
-0.000119141
1.5985e-05
1.0394e-05
4.39897e-05
2.89924e-08
6.08664e-05
2.12104e-05
6.90177e-05
9.82812e-05
5.2733e-05
0.000118192
0.000346633
2.7871e-06
-2.7871e-06
6.10155e-06
-3.31526e-06
1.05229e-05
-4.42054e-06
1.52092e-05
-4.68683e-06
1.80415e-05
-2.83229e-06
2.26521e-05
-4.61081e-06
2.56798e-05
-3.02781e-06
2.83333e-05
-2.65373e-06
2.98253e-05
-1.49194e-06
3.04035e-05
-5.78117e-07
3.14933e-05
-1.08997e-06
3.63462e-05
-4.85313e-06
1.95738e-05
1.67725e-05
1.5794e-05
3.78005e-06
1.18575e-05
3.93661e-06
8.70183e-06
3.15563e-06
5.69308e-06
3.0087e-06
2.81597e-06
2.87706e-06
2.81595e-06
2.30013e-06
-5.08644e-06
6.49012e-06
-7.5066e-06
1.13171e-05
-9.24682e-06
1.61759e-05
-9.54618e-06
1.94595e-05
-6.11604e-06
2.39367e-05
-9.08828e-06
2.73407e-05
-6.43188e-06
3.03275e-05
-5.6407e-06
3.16884e-05
-2.85312e-06
3.14517e-05
-3.41543e-07
3.32325e-05
-2.87082e-06
2.17814e-05
6.59813e-06
2.06838e-05
1.78702e-05
1.62085e-05
8.2555e-06
1.24021e-05
7.74299e-06
9.12847e-06
6.4292e-06
5.97932e-06
6.15779e-06
2.9571e-06
5.89924e-06
5.77303e-06
3.18663e-06
-8.27231e-06
6.4046e-06
-1.07258e-05
1.06302e-05
-1.34719e-05
1.53261e-05
-1.42425e-05
1.88264e-05
-9.6164e-06
2.40125e-05
-1.42746e-05
2.77331e-05
-1.01527e-05
3.13393e-05
-9.24719e-06
3.25122e-05
-4.02615e-06
3.2177e-05
-6.40915e-09
3.45865e-05
-5.28032e-06
2.17542e-05
1.94305e-05
2.0571e-05
1.90535e-05
1.63252e-05
1.25014e-05
1.24928e-05
1.15754e-05
9.13835e-06
9.78356e-06
5.9818e-06
9.31429e-06
2.9568e-06
8.9242e-06
8.72981e-06
2.44461e-06
-1.07163e-05
6.98147e-06
-1.52636e-05
6.49317e-06
-1.29832e-05
1.47119e-05
-2.24616e-05
1.96348e-05
-1.45393e-05
2.32408e-05
-1.7881e-05
2.76576e-05
-1.45698e-05
3.24513e-05
-1.40412e-05
3.2437e-05
-4.01199e-06
3.35959e-05
-1.16538e-06
2.14283e-05
6.88733e-06
2.23195e-05
1.85393e-05
1.95609e-05
2.18121e-05
1.55374e-05
1.65249e-05
1.2293e-05
1.48199e-05
9.04842e-06
1.3028e-05
5.94789e-06
1.24148e-05
2.94203e-06
1.193e-05
1.16718e-05
3.84155e-06
-1.45573e-05
9.8249e-06
-2.12478e-05
7.69101e-06
-1.0849e-05
1.1713e-05
-2.64839e-05
1.78174e-05
-2.06438e-05
2.39419e-05
-2.40058e-05
2.93329e-05
-1.99612e-05
3.41868e-05
-1.88953e-05
3.42004e-05
-4.02575e-06
3.49124e-05
-1.87741e-06
2.15088e-05
2.02909e-05
2.21412e-05
1.79069e-05
1.93074e-05
2.46459e-05
1.54322e-05
2.04001e-05
1.21773e-05
1.80746e-05
8.98126e-06
1.62241e-05
5.90983e-06
1.54861e-05
2.924e-06
1.49158e-05
1.45958e-05
4.42497e-06
-1.89818e-05
1.49418e-05
-3.17653e-05
7.24779e-06
-3.15486e-06
7.99998e-06
-2.72363e-05
1.67792e-05
-2.94231e-05
2.41924e-05
-3.14192e-05
3.08434e-05
-2.66125e-05
3.75206e-05
-2.55727e-05
3.74402e-05
-3.94555e-06
2.16089e-05
1.39538e-05
2.2547e-05
1.93528e-05
2.12214e-05
1.92324e-05
1.85593e-05
2.73079e-05
1.51656e-05
2.37938e-05
1.20291e-05
2.1211e-05
8.89147e-06
1.93616e-05
5.8621e-06
1.85154e-05
2.90169e-06
1.78762e-05
1.74975e-05
1.14978e-05
-3.04794e-05
2.1751e-05
-4.20187e-05
5.62092e-06
1.29751e-05
3.7844e-06
-2.54e-05
1.46492e-05
-4.0288e-05
2.53429e-05
-4.2113e-05
3.33843e-05
-3.46541e-05
2.11922e-05
-1.33806e-05
2.13835e-05
-4.13695e-06
2.22154e-05
1.31218e-05
2.2669e-05
1.88992e-05
2.08268e-05
2.10745e-05
1.8151e-05
2.99838e-05
1.48984e-05
2.70463e-05
1.18403e-05
2.42691e-05
8.79548e-06
2.24063e-05
5.80677e-06
2.15041e-05
2.87591e-06
2.0807e-05
2.03734e-05
4.66701e-05
-7.71495e-05
2.82956e-05
-2.36441e-05
6.93437e-06
3.43364e-05
-2.07045e-06
-1.63954e-05
4.95796e-06
-4.73167e-05
1.46709e-05
-5.18262e-05
2.0138e-05
-4.01212e-05
2.32167e-05
-1.64593e-05
2.26361e-05
-3.55632e-06
2.32999e-05
1.24579e-05
2.26814e-05
1.95178e-05
2.0585e-05
2.31709e-05
1.81314e-05
3.24374e-05
1.482e-05
3.03577e-05
1.17337e-05
2.73553e-05
8.71826e-06
2.54217e-05
5.76017e-06
2.44621e-05
2.85318e-06
2.37139e-05
2.32265e-05
8.04071e-06
-2.85792e-05
1.52627e-05
-3.16679e-05
2.56214e-05
-4.09752e-05
4.58111e-05
-5.77423e-05
6.10693e-05
-5.78171e-05
7.95079e-05
-6.3776e-05
9.0674e-05
-7.36705e-05
0.000115027
-7.55178e-05
0.000127841
-9.27191e-05
0.000142689
-9.36832e-05
0.000147314
-7.63223e-05
0.000144917
-5.97733e-05
0.000136475
-7.33372e-05
0.000168739
1.73989e-05
0.000219148
3.10808e-05
0.000296568
4.93483e-06
0.000269631
-9.22034e-05
0.000317154
-3.71295e-05
0.000341475
-2.42921e-05
0.000355027
7.65893e-06
0.000370769
8.25386e-05
0.00029343
0.000195531
0.000168217
0.000471846
-3.29754e-06
-2.52816e-05
1.06676e-05
-4.56331e-05
2.131e-05
-5.16176e-05
3.63495e-05
-7.27817e-05
3.19525e-05
-5.34201e-05
4.19511e-05
-7.37745e-05
4.57094e-05
-7.74289e-05
6.30062e-05
-9.28145e-05
7.68577e-05
-0.000106571
8.57275e-05
-0.000102553
9.68275e-05
-8.74223e-05
0.000147856
-0.000110802
0.000173198
-9.86794e-05
0.000239996
-4.93989e-05
0.000283595
-1.25191e-05
0.000313392
-2.48614e-05
0.000318046
-9.68576e-05
0.000352142
-7.12261e-05
0.000360216
-3.23655e-05
0.000360756
7.1182e-06
0.000275001
0.000168294
0.000336656
0.000133876
0.00014144
0.000363434
1.13833e-05
-3.66649e-05
3.18696e-06
-3.74368e-05
2.00941e-05
-6.85248e-05
2.53391e-05
-7.80267e-05
2.99025e-05
-5.79835e-05
3.84943e-05
-8.23664e-05
4.55507e-05
-8.44852e-05
6.10139e-05
-0.000108278
7.4981e-05
-0.000120538
8.93359e-05
-0.000116908
0.000148616
-0.000146703
0.000131595
-9.37797e-05
0.000173421
-0.000140506
0.000233958
-0.000109936
0.000273644
-5.22043e-05
0.000299671
-5.08888e-05
0.000306686
-0.000103873
0.000322918
-8.74576e-05
0.000298098
-7.54628e-06
0.000220891
8.43258e-05
0.000290807
9.83782e-05
0.00032541
9.92731e-05
0.000142975
0.000323874
1.42262e-05
-5.08911e-05
2.87094e-05
-5.19199e-05
1.39516e-05
-5.37671e-05
3.5075e-05
-9.91501e-05
2.32149e-05
-4.61234e-05
3.66664e-05
-9.58179e-05
4.69534e-05
-9.47722e-05
6.26637e-05
-0.000123988
7.48801e-05
-0.000132754
0.000125742
-0.00016777
6.7477e-05
-8.84373e-05
0.000135492
-0.000161795
8.8968e-05
-9.39817e-05
0.000115547
-0.000136515
0.000128609
-6.52662e-05
0.000204362
-0.000126642
0.000213228
-0.000112738
0.000183383
-5.76128e-05
0.000165279
1.05577e-05
0.000228564
2.1041e-05
0.00028196
4.49823e-05
0.000310625
7.06082e-05
3.23773e-05
0.000421223
1.41824e-05
-6.50735e-05
2.92516e-05
-6.69891e-05
4.70374e-05
-7.15529e-05
2.67462e-05
-7.88588e-05
6.07026e-05
-8.00799e-05
4.22935e-05
-7.74088e-05
3.61996e-05
-8.86783e-05
7.60793e-05
-0.000163868
9.25777e-05
-0.000149253
7.16998e-05
-0.000146892
0.000127435
-0.000144173
0.000115382
-0.000149742
0.000153902
-0.000132502
0.000136552
-0.000119164
0.000211964
-0.000140678
0.000212712
-0.00012739
0.000222576
-0.000122602
0.000245913
-8.09501e-05
0.000284658
-2.81867e-05
0.000330646
-2.49477e-05
0.000379791
-4.16217e-06
0.000424193
2.62063e-05
1.40912e-05
0.000442479
7.65855e-06
-7.27321e-05
1.42119e-05
-7.35424e-05
2.1759e-05
-7.91001e-05
2.16207e-05
-7.87205e-05
2.88768e-05
-8.73361e-05
3.7057e-05
-8.5589e-05
4.36037e-05
-9.5225e-05
5.08487e-05
-0.000171113
6.44821e-05
-0.000162886
7.59581e-05
-0.000158368
0.000111623
-0.000179838
0.000116576
-0.000154694
0.000154254
-0.00017018
0.000201236
-0.000166146
0.000203123
-0.000142565
0.000206466
-0.000130734
0.000129614
-4.57503e-05
0.000115038
-6.63738e-05
0.0001706
-8.37492e-05
0.000196994
-5.13409e-05
0.000242242
-4.94104e-05
0.000306634
-3.81856e-05
-3.35907e-05
0.000354316
6.39982e-06
-7.91319e-05
1.19034e-05
-7.9046e-05
1.74277e-05
-8.46243e-05
1.85018e-05
-7.97946e-05
2.71593e-05
-9.59936e-05
3.69266e-05
-9.53563e-05
4.42676e-05
-0.000102566
5.00611e-05
-0.000176906
7.03842e-05
-0.000183209
8.51314e-05
-0.000173116
9.38224e-05
-0.000188529
8.40796e-05
-0.000144951
0.00010546
-0.000191561
0.00012744
-0.000188126
0.000112329
-0.000127454
5.20323e-05
-7.04371e-05
4.05523e-05
-3.42703e-05
7.01168e-05
-9.59383e-05
8.62828e-05
-9.99152e-05
0.000129923
-9.49809e-05
0.000192453
-0.00011194
0.000245721
-9.14539e-05
-9.37951e-05
0.000305926
2.76225e-06
-8.18942e-05
7.59391e-06
-8.38776e-05
5.8068e-06
-8.28372e-05
1.19144e-05
-8.59022e-05
1.31638e-05
-9.7243e-05
5.82801e-05
-0.000140473
4.62976e-05
-9.05834e-05
3.70852e-05
-0.000167694
1.30837e-05
-0.000159208
2.82884e-05
-0.00018832
4.81173e-05
-0.000208358
2.02254e-05
-0.00011706
2.99381e-05
-0.000201273
2.94565e-05
-0.000187644
2.94581e-05
-0.000127456
2.92876e-05
-7.02666e-05
5.3972e-05
-5.89547e-05
3.84882e-05
-8.04545e-05
2.24848e-05
-8.39118e-05
4.22025e-05
-0.000114698
7.81902e-05
-0.000147928
0.000110133
-0.000123397
-0.000200807
0.000217145
3.73522e-06
-8.56294e-05
5.58379e-06
-8.57262e-05
3.92715e-06
-8.11806e-05
6.30018e-06
-8.82752e-05
5.84776e-05
-0.00014942
2.51246e-05
-0.00010712
3.63868e-05
-0.000101846
1.0715e-05
-0.000142022
2.25617e-05
-0.000171054
3.73423e-05
-0.000203101
3.67186e-05
-0.000207734
3.65704e-05
-0.000116911
6.60175e-05
-0.000230721
6.77385e-05
-0.000189365
8.87527e-05
-0.00014847
8.69384e-05
-6.84524e-05
9.25619e-05
-6.45782e-05
9.66789e-05
-8.45714e-05
0.000113487
-0.00010072
0.000186247
-0.000187458
0.000220767
-0.000182449
0.000433322
-0.000335952
-0.000290787
0.000523301
7.17229e-06
-9.28017e-05
8.60694e-06
-8.71608e-05
1.28962e-05
-8.54699e-05
9.7953e-06
-8.51743e-05
1.81784e-05
-0.000157804
1.75866e-05
-0.000106528
3.00406e-05
-0.0001143
-1.61503e-05
-9.58311e-05
5.41427e-05
-0.000241347
5.62388e-05
-0.000205197
3.83804e-05
-0.000189876
2.22222e-05
-0.000100753
4.0248e-05
-0.000248746
4.55742e-05
-0.000194692
4.96343e-05
-0.00015253
7.97618e-05
-9.85798e-05
9.98143e-05
-8.46307e-05
0.000116622
-0.000101379
0.00012773
-0.000111828
0.00012086
-0.000180588
0.000244319
-0.000305907
0.000307397
-0.00039903
-0.000323991
0.000340601
7.04154e-06
-9.98432e-05
7.4115e-06
-8.75308e-05
1.42351e-05
-9.22934e-05
2.50666e-05
-9.60058e-05
-2.16216e-05
-0.000111115
-2.71964e-05
-0.000100953
-4.62305e-05
-9.52656e-05
-2.26264e-05
-0.000119435
3.86784e-06
-0.000267842
3.67688e-05
-0.000238098
4.38052e-05
-0.000196912
4.4352e-07
-5.73915e-05
-1.43343e-05
-0.000233969
-5.41497e-05
-0.000154876
-4.52608e-05
-0.000161419
-6.62453e-06
-0.000137216
4.7346e-05
-0.000138601
5.36553e-05
-0.000107688
6.64297e-05
-0.000124603
3.94299e-05
-0.000153588
5.99159e-05
-0.000326393
5.22953e-05
-0.000391409
-0.000285996
1.43007e-05
1.05032e-05
-0.000110346
1.11043e-06
-7.81381e-05
2.36573e-06
-9.35487e-05
2.82461e-07
-9.39226e-05
-1.63088e-05
-9.4524e-05
-4.33441e-05
-7.39178e-05
-7.61971e-05
-6.24126e-05
-5.3438e-05
-0.000142194
-2.407e-07
-0.000321039
6.06577e-05
-0.000298996
5.71962e-05
-0.000193451
-6.54373e-06
6.34844e-06
-3.74438e-05
-0.000203069
-6.68707e-05
-0.000125449
-6.41324e-05
-0.000164157
-4.15841e-06
-0.00019719
1.49563e-05
-0.000157716
5.11089e-05
-0.000143841
6.94912e-05
-0.000142985
2.20317e-05
-0.000106128
-6.12346e-05
-0.000243126
-0.000153229
-0.000299414
-0.000216987
-0.000222237
3.00316e-05
-0.000140378
1.73192e-06
-4.98384e-05
-1.45243e-05
-7.72925e-05
1.37852e-05
-0.000122232
-1.43737e-05
-6.63651e-05
-1.0342e-05
-7.79494e-05
-3.38321e-05
-3.89225e-05
-1.11714e-05
-0.000164855
2.35816e-05
-0.000355792
9.32883e-05
-0.000368703
5.62816e-05
-0.000156444
-4.05656e-05
0.000103196
-9.26194e-05
-0.000151015
-4.28688e-05
-0.0001752
-5.56891e-05
-0.000151337
7.71089e-05
-0.000329988
9.8658e-05
-0.000179265
5.9474e-05
-0.000104657
1.28732e-05
-9.63837e-05
-9.12015e-06
-8.41343e-05
-9.03451e-05
-0.000161901
-0.00022928
-0.00016048
-0.000151137
-0.00029513
-1.20925e-05
-0.000128286
2.79357e-05
-8.98666e-05
6.0964e-06
-5.54532e-05
1.20321e-05
-0.000128168
3.50459e-05
-8.93789e-05
3.37764e-05
-7.66799e-05
3.94006e-05
-4.45467e-05
3.93485e-05
-0.000164803
1.69135e-05
-0.000333357
-3.75147e-05
-0.000314275
-5.44744e-05
-0.000139484
3.84615e-05
1.02599e-05
2.22988e-05
-0.000134852
-4.79658e-05
-0.000104935
-2.28982e-05
-0.000176405
2.85979e-05
-0.000381484
4.16015e-05
-0.000192268
5.15463e-05
-0.000114601
2.64676e-05
-7.1305e-05
-1.13062e-05
-4.63604e-05
-0.000132629
-4.05777e-05
-0.000245264
-4.78447e-05
-6.55309e-05
-0.00033087
6.76756e-06
-0.000135053
5.62841e-05
-0.000139383
1.89091e-05
-1.80782e-05
3.24378e-05
-0.000141697
2.12022e-05
-7.81432e-05
3.53409e-05
-9.08186e-05
0.000112693
-0.000121899
0.000112452
-0.000164561
-5.22924e-05
-0.000168613
-4.04076e-05
-0.00032616
-1.86089e-05
-0.000161283
1.73511e-05
-2.57001e-05
-2.3196e-05
-9.4305e-05
-5.13124e-07
-0.000127618
2.98044e-05
-0.000206722
-7.99534e-05
-0.000271726
-9.01676e-05
-0.000182054
-2.35671e-05
-0.000181202
-5.08452e-05
-4.40268e-05
-0.000117313
2.01079e-05
-0.000165959
8.06838e-06
-0.000173569
-4.02348e-05
-2.733e-05
-0.00021177
4.60105e-05
-0.000181064
-3.70455e-05
-5.63271e-05
-2.00581e-05
-3.50655e-05
2.18195e-05
-0.000183574
3.57409e-05
-9.20646e-05
4.27384e-05
-9.78161e-05
6.24922e-06
-8.54098e-05
-9.39524e-06
-0.000148917
-2.94764e-05
-0.000148532
-2.70281e-05
-0.000328608
-4.95065e-05
-0.000138805
-6.86081e-06
-6.83457e-05
-2.99774e-05
-7.11884e-05
-2.08368e-05
-0.000136759
-6.64876e-05
-0.000161072
-0.000131275
-0.000206938
-0.000154916
-0.000158413
-0.000170533
-0.000165585
-0.000167445
-4.71152e-05
-0.000166037
1.87003e-05
-0.000161394
3.4255e-06
-0.000155301
-4.63278e-05
-5.47536e-06
-0.000177156
6.20063e-06
-0.000187264
-5.67241e-05
6.5976e-06
-5.37117e-05
-3.80779e-05
-6.32557e-05
-0.00017403
-4.09498e-05
-0.000114371
-3.68114e-05
-0.000101955
-1.03891e-05
-0.000111832
-3.43444e-05
-0.000124962
-7.93945e-07
-0.000182082
-6.25879e-05
-0.000266814
-6.59076e-05
-0.000135485
-4.40871e-05
-9.01663e-05
-2.79615e-05
-8.73142e-05
-5.64498e-05
-0.000108271
-9.39633e-05
-0.000123558
-0.000176003
-0.000124899
-0.000207927
-0.000126489
-0.000230749
-0.000142763
-0.000230343
-4.75207e-05
-0.000150374
-6.12688e-05
-0.000140218
-6.73092e-06
-0.000160128
-2.6418e-05
2.55567e-06
-0.000168159
5.56799e-05
-0.000242944
8.62629e-07
6.14149e-05
-4.50617e-05
7.84647e-06
-3.47962e-05
-0.000184296
3.13743e-05
-0.000180541
3.61131e-05
-0.000106693
1.83076e-05
-9.40267e-05
5.18516e-05
-0.000158505
3.45212e-05
-0.000164752
-8.7598e-05
-0.000144695
-0.000122286
-0.000100797
-8.10192e-05
-0.000131433
-7.27623e-05
-9.55712e-05
-7.72005e-05
-0.000103833
-9.45335e-05
-0.000106226
-0.000134984
-8.44488e-05
-0.000179087
-8.2386e-05
-0.000242878
-7.89723e-05
-0.000151866
-0.000138533
-0.000154474
-5.86607e-05
-0.000142448
-1.87564e-05
-0.000152414
-1.64519e-05
5.26675e-06
-0.000155126
-1.56232e-05
-0.000227321
0.000107007
-6.12152e-05
0.000100519
1.43347e-05
5.51758e-05
-0.000138953
1.05049e-05
-0.00013587
-3.83618e-06
-9.23523e-05
-7.7418e-06
-9.0121e-05
-1.76015e-05
-0.000148646
-6.45129e-05
-0.00011784
-0.000101176
-0.000108032
-5.52652e-05
-0.000146708
-5.83153e-05
-0.000128383
-7.02355e-05
-8.36511e-05
-8.39646e-05
-9.01039e-05
-9.74442e-05
-9.2746e-05
-8.19536e-05
-9.99395e-05
-0.00010398
-6.03596e-05
-0.000110941
-7.20118e-05
-0.000202072
-4.74011e-05
-0.000223902
-3.68313e-05
-0.000160828
-8.18306e-05
-0.000153262
-2.40176e-05
1.45652e-06
-0.000149452
-3.37599e-05
-0.000193561
-3.59503e-05
-5.90248e-05
2.47462e-05
-4.63619e-05
2.21205e-06
-0.000116419
-3.11385e-05
-0.000102519
-5.18795e-05
-7.16113e-05
-3.18931e-05
-0.000110107
-4.56542e-05
-0.000134885
-5.984e-05
-0.000103655
-7.40696e-05
-9.38021e-05
-6.21113e-05
-0.000158667
-0.000125423
-6.50711e-05
-8.48467e-05
-0.000124227
-7.15871e-05
-0.000103364
-0.000105402
-5.89307e-05
-0.00014113
-6.42118e-05
-9.75286e-05
-0.000103961
-0.00012355
-4.59906e-05
-0.00012164
-4.93115e-05
-0.00012016
-3.83105e-05
-0.000184417
-1.75735e-05
-0.000200681
-7.75445e-06
7.25826e-06
-0.000206482
-4.13774e-05
-0.000152184
-1.46008e-05
-8.58013e-05
9.49132e-06
-7.0454e-05
4.38779e-06
-0.000111315
-2.94136e-05
-6.87181e-05
-1.60253e-05
-8.49995e-05
-3.40728e-05
-9.20599e-05
-2.37315e-05
-0.000145226
-3.53602e-05
-9.2026e-05
-3.14537e-05
-9.77086e-05
-9.74509e-05
-9.26697e-05
-7.2518e-05
-9.0004e-05
-0.000126386
-7.03594e-05
-0.000127412
-0.000102337
-0.000119872
-6.64715e-05
-0.000108734
-7.53497e-05
-0.000154145
-5.85505e-05
-0.000102741
-9.73944e-05
-0.00011013
-4.19222e-05
-0.000116367
-3.20738e-05
-0.000117646
-1.62948e-05
-0.000113681
-1.17192e-05
4.22847e-06
-0.000110651
-1.46085e-05
-0.000137575
-1.56262e-05
-8.47836e-05
-1.52574e-05
-7.08228e-05
-3.50692e-05
-9.15033e-05
-1.93949e-05
-8.43924e-05
1.5087e-05
-0.000119481
1.41323e-05
-9.11053e-05
-2.5939e-05
-0.000105155
-2.56324e-05
-9.23325e-05
-3.18953e-05
-9.14457e-05
-4.11379e-05
-8.3427e-05
-4.93518e-05
-8.17901e-05
-4.62815e-05
-7.34298e-05
-8.49603e-05
-6.36585e-05
-6.3395e-05
-8.80368e-05
-6.48632e-05
-7.38816e-05
-7.33341e-05
-5.00797e-05
-0.000109045
-6.16835e-05
-0.000105741
-4.5226e-05
-0.00010475
-3.30655e-05
-0.000101061
-1.99839e-05
-9.90377e-05
-1.3742e-05
3.47384e-06
-9.8283e-05
-3.69661e-05
-0.000100609
-3.04925e-05
-9.12572e-05
-1.73163e-05
-8.3999e-05
2.34385e-05
-0.000132258
2.44459e-05
-8.53997e-05
-8.6023e-06
-8.64332e-05
-1.34141e-05
-8.62934e-05
-2.24537e-05
-9.61151e-05
-2.32235e-05
-9.15627e-05
-3.23455e-05
-8.23236e-05
-3.93507e-05
-7.64218e-05
-4.77619e-05
-7.33788e-05
-6.41544e-05
-5.70373e-05
-6.76165e-05
-6.01964e-05
-5.36489e-05
-0.000102005
-7.43253e-05
-5.32052e-05
-7.73989e-05
-4.70062e-05
-8.8474e-05
-5.06084e-05
-8.70214e-05
-4.66788e-05
-8.78427e-05
-3.22443e-05
-8.92032e-05
-1.86234e-05
-9.38344e-05
-9.11083e-06
3.13772e-06
-9.34983e-05
-2.73501e-05
-7.3259e-05
-1.02978e-05
-0.00010831
1.62752e-06
-9.59243e-05
-1.82547e-05
-0.000112376
1.79514e-07
-0.000103834
-5.74928e-06
-8.05044e-05
-1.93511e-05
-7.26916e-05
-3.33755e-05
-8.20906e-05
-4.87349e-05
-7.62034e-05
-5.69177e-05
-7.41408e-05
-5.96149e-05
-7.37246e-05
-6.34139e-05
-6.95797e-05
-6.05269e-05
-5.99244e-05
-6.23084e-05
-5.84149e-05
-0.000101828
-6.24848e-05
-6.19402e-05
-9.30932e-05
-6.5681e-05
-4.32655e-05
-7.37289e-05
-4.25605e-05
-7.83152e-05
-4.20925e-05
-8.76928e-05
-2.28667e-05
-8.72258e-05
-1.90904e-05
-8.78669e-05
-8.46971e-06
5.29516e-06
-9.00243e-05
1.45733e-05
-8.78323e-05
1.76016e-08
-9.37538e-05
-7.30641e-06
-8.86003e-05
-2.11422e-05
-9.85399e-05
-3.22657e-05
-9.27105e-05
-1.95229e-05
-9.32472e-05
-9.22572e-07
-9.12919e-05
-1.39806e-05
-6.90326e-05
-2.90503e-05
-6.11337e-05
-4.00266e-05
-6.31644e-05
-4.95929e-05
-6.41583e-05
-5.51049e-05
-6.40678e-05
-5.01423e-05
-6.48869e-05
-4.05555e-05
-6.80017e-05
-3.6344e-05
-6.66962e-05
-6.57582e-05
-6.3679e-05
-6.84636e-05
-4.05601e-05
-6.09213e-05
-5.01029e-05
-7.39078e-05
-2.9106e-05
-7.61126e-05
-2.06619e-05
-7.49174e-05
-2.02857e-05
-7.51593e-05
-8.2278e-06
2.9129e-06
-7.2777e-05
-4.11754e-06
-8.37148e-05
-7.56365e-06
-9.03077e-05
-6.12916e-06
-9.00348e-05
-1.53929e-05
-8.92762e-05
-2.0678e-05
-8.74253e-05
-3.12416e-05
-8.26836e-05
-4.04081e-05
-8.21254e-05
-3.01118e-05
-7.93288e-05
-4.37648e-05
-4.74807e-05
-6.07722e-05
-4.61571e-05
-5.31281e-05
-7.18024e-05
-4.40966e-05
-7.30992e-05
-3.50648e-05
-7.39187e-05
-4.82366e-05
-5.48299e-05
-6.3537e-05
-5.13958e-05
-7.1771e-05
-5.5445e-05
-4.65765e-05
-6.57546e-05
-6.39024e-05
-3.27769e-05
-6.69411e-05
-2.60674e-05
-6.82551e-05
-1.93479e-05
-7.13526e-05
-1.71882e-05
-7.20543e-05
-7.52608e-06
3.43862e-06
-7.258e-05
-4.33113e-07
-8.32816e-05
-5.1059e-06
-8.56349e-05
-9.74842e-06
-8.53923e-05
-1.46551e-05
-8.43695e-05
-1.95635e-05
-8.25169e-05
-2.22264e-05
-8.00207e-05
-2.55882e-05
-7.87636e-05
-2.9668e-05
-7.5249e-05
-3.61714e-05
-4.09773e-05
-4.28796e-05
-3.94489e-05
-5.01632e-05
-6.45187e-05
-5.82629e-05
-6.49996e-05
-6.52718e-05
-6.69098e-05
-5.23724e-05
-6.77293e-05
-6.25123e-05
-4.12558e-05
-5.34749e-05
-6.44823e-05
-7.98296e-05
-3.93999e-05
-5.38887e-05
-5.87178e-05
-5.94702e-05
-2.04859e-05
-5.9759e-05
-1.90591e-05
-6.11002e-05
-1.5847e-05
-6.08983e-05
-7.72792e-06
2.90683e-06
-6.03665e-05
-3.04499e-06
-8.02366e-05
-6.32531e-06
-8.23545e-05
-8.98009e-06
-8.27375e-05
-1.30196e-05
-8.03301e-05
-1.73587e-05
-7.81778e-05
-2.35173e-05
-7.3862e-05
-2.93145e-05
-7.29664e-05
-3.14043e-05
-7.31592e-05
-3.57834e-05
-3.65983e-05
-3.9571e-05
-3.56613e-05
-4.46068e-05
-5.94829e-05
-5.17555e-05
-5.78509e-05
-5.49268e-05
-6.37385e-05
-5.68902e-05
-6.57658e-05
-6.0218e-05
-3.7928e-05
-5.89613e-05
-6.5739e-05
-6.25292e-05
-3.58319e-05
-7.60928e-05
-4.51542e-05
-5.35123e-05
-4.30663e-05
-5.16961e-05
-2.08752e-05
-5.62586e-05
-1.12845e-05
-5.93419e-05
-4.64462e-06
3.54245e-06
-5.99774e-05
-1.20212e-06
-7.90345e-05
-3.08848e-06
-8.04682e-05
-7.03851e-06
-7.87874e-05
-9.68312e-06
-7.76854e-05
-1.25777e-05
-7.52832e-05
-1.73735e-05
-6.90663e-05
-2.31826e-05
-6.71573e-05
-2.49615e-05
-7.13802e-05
-2.41417e-05
-3.74181e-05
-2.27487e-05
-3.70543e-05
-4.52155e-05
-3.7016e-05
-3.6225e-05
-6.68413e-05
-3.67524e-05
-6.32111e-05
-5.02476e-05
-5.22706e-05
-2.63626e-05
-6.1813e-05
-5.60767e-05
-3.6025e-05
-3.93416e-05
-5.25669e-05
-5.75612e-05
-2.69346e-05
-4.78832e-05
-5.27443e-05
-5.18606e-05
-1.68978e-05
-5.19092e-05
-1.12358e-05
-5.2392e-05
-4.16181e-06
3.52462e-06
-5.23741e-05
-1.61935e-06
-7.74151e-05
-3.41144e-06
-7.86761e-05
-7.49105e-06
-7.47078e-05
-1.02981e-05
-7.48784e-05
-1.38798e-05
-7.17014e-05
-1.82152e-05
-6.47309e-05
-2.33423e-05
-6.20301e-05
-2.62973e-05
-6.84253e-05
-2.83801e-05
-3.53353e-05
-2.82762e-05
-3.71582e-05
-3.14745e-05
-3.38176e-05
-2.63195e-05
-7.19963e-05
-3.00418e-05
-5.94888e-05
-3.11104e-05
-5.1202e-05
-3.34529e-05
-5.94705e-05
-4.60836e-05
-2.33942e-05
-4.70278e-05
-5.16228e-05
-4.86979e-05
-2.52645e-05
-6.15994e-05
-3.98427e-05
-4.7162e-05
-3.13352e-05
-4.77597e-05
-1.06381e-05
-4.80109e-05
-3.91059e-06
3.90694e-06
-4.83932e-05
-1.77896e-06
-7.56362e-05
-3.59488e-06
-7.68601e-05
-4.35257e-06
-7.39501e-05
-2.67546e-06
-7.65555e-05
4.83928e-07
-7.48608e-05
-1.79412e-05
-4.63058e-05
-3.53597e-05
-4.46115e-05
-3.07394e-05
-7.30456e-05
-2.61503e-05
-3.99244e-05
-2.42463e-05
-3.90622e-05
-1.94144e-05
-3.86495e-05
-2.57396e-05
-6.56711e-05
-3.1253e-05
-5.39753e-05
-3.06071e-05
-5.18479e-05
-4.8742e-05
-4.13355e-05
-2.6211e-05
-4.59251e-05
-3.82194e-05
-3.96144e-05
-3.93514e-05
-2.41325e-05
-4.77128e-05
-3.14813e-05
-3.78279e-05
-4.12201e-05
-4.38543e-05
-4.61165e-06
-4.26316e-05
-5.13332e-06
5.49959e-06
-4.42242e-05
-2.61155e-06
-7.30246e-05
-5.18528e-06
-7.42864e-05
-7.18136e-06
-7.1954e-05
-1.00198e-05
-7.3717e-05
-1.32078e-05
-7.16728e-05
-1.46221e-05
-4.48915e-05
-1.68975e-05
-4.23362e-05
-1.76435e-05
-7.22996e-05
-1.45049e-05
-4.3063e-05
-1.45447e-05
-3.90224e-05
-1.35203e-05
-3.96739e-05
-1.89808e-05
-6.02106e-05
-2.51179e-05
-4.78382e-05
-2.69566e-05
-5.00092e-05
-2.67593e-05
-4.15328e-05
-2.58295e-05
-4.68549e-05
-4.35924e-05
-2.18515e-05
-3.1252e-05
-3.64729e-05
-4.22363e-05
-2.0497e-05
-5.48704e-05
-2.8586e-05
-3.91587e-05
-2.03233e-05
-4.0356e-05
-3.93598e-06
3.88347e-06
-3.87398e-05
-1.77018e-06
-7.12544e-05
-3.56723e-06
-7.24893e-05
-5.48358e-06
-7.00376e-05
-6.89819e-06
-7.23023e-05
-9.26219e-06
-6.93088e-05
-1.21791e-05
-4.19746e-05
-1.69465e-05
-3.75687e-05
-3.02698e-05
-5.89763e-05
-1.98308e-05
-5.35019e-05
-7.00663e-06
-5.18465e-05
-1.73006e-05
-2.93799e-05
-2.74268e-05
-5.00844e-05
-2.48531e-05
-5.04119e-05
-2.82268e-05
-4.66355e-05
-2.73903e-05
-4.23693e-05
-4.14276e-05
-3.28176e-05
-3.07107e-05
-3.25684e-05
-3.32797e-05
-3.39038e-05
-3.45791e-05
-1.91976e-05
-3.93275e-05
-2.38376e-05
-2.98784e-05
-2.97724e-05
-3.34408e-05
-3.73502e-07
5.19966e-06
-3.4757e-05
-9.92335e-07
-7.02621e-05
-2.45427e-06
-7.10274e-05
-4.00078e-06
-6.84911e-05
-7.86217e-06
-6.84409e-05
-1.82765e-05
-5.88944e-05
-2.68436e-06
-5.75668e-05
-7.98596e-06
-3.22671e-05
-1.25054e-05
-5.44569e-05
-1.49108e-05
-5.10965e-05
-1.06154e-05
-5.61419e-05
-1.03033e-05
-2.9692e-05
-2.99526e-05
-3.04351e-05
-2.30666e-05
-5.72979e-05
-2.34482e-05
-4.62539e-05
-2.35737e-05
-4.22437e-05
-2.35241e-05
-3.28672e-05
-2.2311e-05
-3.37816e-05
-2.94576e-05
-2.67571e-05
-2.14885e-05
-2.71667e-05
-3.12227e-05
-1.41034e-05
-4.77165e-05
-1.32785e-05
-3.35204e-05
-1.45697e-05
7.42933e-06
-3.575e-05
-9.3129e-07
-6.93308e-05
-2.71972e-06
-6.92389e-05
-2.10124e-06
-6.91096e-05
-5.53244e-06
-6.50097e-05
-6.01319e-06
-5.84137e-05
-5.29772e-06
-5.82822e-05
-4.59989e-06
-3.29649e-05
-2.26514e-05
-3.64054e-05
-1.34357e-05
-6.03122e-05
-1.17689e-05
-5.78087e-05
-9.80191e-06
-3.1659e-05
-1.11046e-05
-2.91324e-05
-1.69005e-05
-5.15019e-05
-2.00001e-05
-4.31544e-05
-2.2398e-05
-3.98458e-05
-2.14201e-05
-3.3845e-05
-2.94428e-05
-2.57588e-05
-2.94069e-05
-2.67931e-05
-3.26337e-05
-2.39399e-05
-3.42835e-05
-1.24537e-05
-3.27528e-05
-1.48092e-05
-3.93203e-05
-8.00213e-06
-1.18487e-06
-3.07061e-05
-4.15135e-07
-6.89157e-05
-9.63065e-07
-6.8691e-05
6.03976e-07
-7.06766e-05
3.68786e-07
-6.47745e-05
-1.62944e-05
-4.17505e-05
-9.19182e-06
-6.53848e-05
-7.30291e-06
-3.48538e-05
-1.01264e-05
-3.35818e-05
-7.9918e-06
-6.24468e-05
-1.05266e-05
-5.52739e-05
-1.05209e-05
-3.16646e-05
-1.19082e-05
-2.77451e-05
-1.57272e-05
-4.76828e-05
-1.7474e-05
-4.14076e-05
-1.805e-05
-3.92698e-05
-1.83926e-05
-3.35024e-05
-1.83057e-05
-2.58457e-05
-1.56477e-05
-2.94511e-05
-2.1641e-05
-1.79465e-05
-2.38059e-05
-1.02887e-05
-2.68117e-05
-1.18035e-05
-3.11485e-05
-3.66524e-06
-5.21854e-06
-2.71148e-05
-7.79445e-07
-6.81362e-05
-1.42954e-06
-6.80409e-05
-3.00608e-06
-6.91001e-05
-3.86157e-06
-6.39191e-05
-6.63806e-06
-3.8974e-05
-4.94111e-06
-6.70817e-05
-5.82296e-06
-3.3972e-05
-7.94043e-06
-3.14644e-05
-1.08973e-05
-5.949e-05
-1.76084e-05
-4.85628e-05
-2.13809e-06
-4.71349e-05
-3.15727e-06
-2.67259e-05
-2.37605e-05
-2.70796e-05
-1.76641e-05
-4.7504e-05
-1.7408e-05
-3.95259e-05
-1.71322e-05
-3.37782e-05
-1.51465e-05
-2.78314e-05
-2.22982e-05
-2.22994e-05
-2.22913e-05
-1.79534e-05
-1.99469e-05
-1.26331e-05
-2.04881e-05
-1.12623e-05
-2.21707e-05
-1.9826e-06
-6.00649e-06
-2.13827e-05
-5.95838e-07
-6.75404e-05
-8.36323e-07
-6.78004e-05
-2.3261e-06
-6.76103e-05
-3.96043e-06
-6.22847e-05
-7.44571e-06
-3.54887e-05
-7.96559e-06
-6.65619e-05
-4.05395e-06
-3.78836e-05
-3.08197e-06
-3.24364e-05
-1.50005e-06
-6.10719e-05
-1.5996e-05
-3.40668e-05
-1.05399e-05
-5.25911e-05
-9.66424e-06
-2.76015e-05
-1.00513e-05
-2.66926e-05
-1.10791e-05
-4.64762e-05
-1.17221e-05
-3.88829e-05
-1.31143e-05
-3.2386e-05
-1.35826e-05
-2.7363e-05
-1.87219e-05
-1.71602e-05
-1.66437e-05
-2.00316e-05
-1.83604e-05
-1.09164e-05
-1.90972e-05
-1.05254e-05
-1.99939e-05
-1.08589e-06
-9.68761e-06
-1.63128e-05
-7.03446e-07
-6.68369e-05
-7.09733e-07
-6.77941e-05
-1.03214e-06
-6.72879e-05
-5.14214e-06
-5.81747e-05
-6.7037e-06
-3.39271e-05
-6.45565e-06
-6.68099e-05
-7.11138e-06
-3.72279e-05
-5.18747e-06
-3.43603e-05
-5.70807e-06
-6.05513e-05
-7.62861e-06
-3.21463e-05
-4.68567e-06
-5.5534e-05
-5.31351e-06
-2.69737e-05
-6.67205e-06
-2.5334e-05
-8.6632e-06
-4.4485e-05
-9.3297e-06
-3.82164e-05
-9.48933e-06
-3.22264e-05
-1.00373e-05
-2.6815e-05
-8.48681e-06
-1.87107e-05
-1.15859e-05
-1.69325e-05
-1.0515e-05
-1.19873e-05
-1.51709e-05
-5.86957e-06
-1.3134e-05
-3.12272e-06
-3.70206e-06
-1.91196e-05
-1.37876e-06
-6.54582e-05
-3.38633e-06
-6.57865e-05
-4.66536e-06
-6.60089e-05
-3.03946e-06
-5.98006e-05
-5.18423e-06
-3.17823e-05
-1.00352e-05
-6.1959e-05
3.79934e-06
-5.10624e-05
2.34806e-06
-3.2909e-05
-1.71761e-06
-5.64856e-05
-2.81281e-06
-3.10511e-05
-4.6927e-06
-5.36541e-05
-4.71248e-06
-2.69539e-05
-4.72544e-06
-2.53211e-05
-5.48883e-06
-4.37216e-05
-6.27105e-06
-3.74342e-05
-7.05743e-06
-3.144e-05
-8.21526e-06
-2.56571e-05
-7.30873e-06
-1.96172e-05
-1.02775e-05
-1.39638e-05
-1.0498e-05
-1.17668e-05
-1.16945e-05
-4.67309e-06
-9.90396e-06
-4.91321e-06
1.57709e-06
-1.51831e-05
-4.1772e-07
-6.50404e-05
7.90451e-07
-6.69947e-05
4.57599e-06
-6.97944e-05
-1.21095e-05
-4.31151e-05
-7.50106e-06
-3.63908e-05
-6.20647e-06
-6.32536e-05
-2.11598e-06
-5.51529e-05
-4.15114e-06
-3.08738e-05
-2.51417e-06
-5.81226e-05
-4.36847e-06
-2.91968e-05
-3.81013e-06
-5.42125e-05
-4.95972e-06
-2.58043e-05
-5.1859e-06
-2.50949e-05
-6.18369e-06
-4.27238e-05
-4.42686e-06
-3.9191e-05
-4.42761e-06
-3.14392e-05
-3.85892e-06
-2.62258e-05
-4.89147e-06
-1.85846e-05
-3.99521e-06
-1.486e-05
-3.96929e-06
-1.17927e-05
-4.483e-06
-4.15938e-06
-6.51854e-06
-2.87767e-06
4.50399e-07
-5.39184e-06
-3.77396e-06
-9.49638e-06
-2.08877e-05
-3.69726e-06
1.08289e-05
-1.11343e-06
-7.11986e-06
1.68765e-06
-6.17096e-06
-1.12292e-06
-1.01341e-05
-2.09071e-06
8.2272e-06
9.03784e-07
-3.66497e-06
-5.98908e-06
-6.07978e-06
-6.07884e-06
-7.39189e-06
-7.68387e-06
-5.8497e-06
-4.51571e-06
-4.54979e-06
0.000391966
7.988e-05
0.000334393
5.75723e-05
0.000295143
3.92498e-05
6.40402e-05
0.000231103
0.00034093
0.000102384
0.000343877
5.46252e-05
0.00034925
3.38771e-05
1.54617e-05
0.000397828
0.000397358
2.88993e-05
0.000420559
3.14249e-05
0.000403084
5.13519e-05
3.03385e-05
0.000388207
0.000437348
1.27744e-05
0.000452111
1.66623e-05
0.000485156
1.83067e-05
1.66084e-05
0.000498886
0.000451277
3.97607e-06
0.000461211
6.72879e-06
0.00046673
1.27873e-05
1.47066e-05
0.000468632
0.00036888
-1.05885e-05
0.000383512
-7.90335e-06
0.000401073
-4.7725e-06
-3.93532e-07
0.000416173
0.000329063
-3.3725e-05
0.000348576
-2.74169e-05
0.000368565
-2.47612e-05
-1.57159e-05
0.000383887
0.000264007
-8.0587e-05
0.000310394
-7.38049e-05
0.000349368
-6.3735e-05
-4.35047e-05
0.000377156
0.000500006
-5.72932e-05
0.000469463
-4.32622e-05
0.000430488
-2.47602e-05
-8.76663e-06
0.00039575
0.000337105
-5.37979e-05
0.000348248
-5.44048e-05
0.000335235
-1.17477e-05
2.53173e-05
0.000301152
2.10081e-05
-6.0505e-05
-6.79293e-06
-2.66036e-05
-2.4882e-05
6.34144e-06
4.71586e-05
-4.67232e-05
-0.000244975
-3.77674e-05
-0.000256943
-1.4635e-05
-0.00027087
2.0269e-05
5.2902e-05
-0.000276614
-0.000310232
-2.2665e-05
-0.000320883
-3.98437e-06
-0.000324969
2.43549e-05
4.68298e-05
-0.000318897
-0.000333326
-2.02088e-05
-0.00033397
-3.34012e-06
-0.000326019
1.64031e-05
3.15904e-05
-0.000310779
-0.000248788
1.68087e-05
-0.000277715
2.5587e-05
-0.000295002
3.36901e-05
4.0556e-05
-0.000303967
-0.000176336
1.59888e-05
-0.000173999
2.325e-05
-0.000168727
2.8418e-05
3.70766e-05
-0.000165248
-0.000163926
1.17558e-05
-0.000158562
1.78867e-05
-0.000151344
2.12e-05
3.35681e-05
-0.000147836
-0.000153593
1.02228e-05
-0.000150091
1.43854e-05
-0.000142813
1.39217e-05
2.79356e-05
-0.000137181
-0.000152293
1.30641e-05
-0.000160176
2.22677e-05
-0.000178168
3.19135e-05
3.26498e-05
-0.000182882
-0.000202811
9.39264e-06
-0.00019592
1.53773e-05
-0.000182459
1.84519e-05
1.91594e-05
-0.000168968
-0.000107168
5.90988e-06
-0.000102864
1.10725e-05
-9.98458e-05
1.54341e-05
1.53574e-05
-9.60438e-05
-9.88642e-05
6.49108e-06
-9.75968e-05
9.80516e-06
-9.4182e-05
1.20192e-05
1.33258e-05
-9.21504e-05
-9.08165e-05
3.80933e-06
-8.67468e-05
5.73548e-06
-8.58609e-05
1.11333e-05
1.41455e-05
-8.66805e-05
-9.01161e-05
3.90108e-06
-9.10129e-05
6.63236e-06
-8.77339e-05
7.85428e-06
9.99719e-06
-8.35856e-05
-7.28662e-05
3.9903e-06
-7.81452e-05
1.19113e-05
-7.9541e-05
9.25017e-06
1.08088e-05
-8.03526e-05
-7.23668e-05
3.77714e-06
-6.94013e-05
8.94584e-06
-7.22141e-05
1.20631e-05
8.14129e-06
-6.95466e-05
-6.07868e-05
4.19747e-06
-5.76336e-05
5.79273e-06
-5.20931e-05
6.52262e-06
9.73817e-06
-5.369e-05
-5.93768e-05
3.59693e-06
-5.68703e-05
3.28623e-06
-5.69207e-05
6.57302e-06
8.54394e-06
-5.57264e-05
-5.2362e-05
3.5849e-06
-5.20055e-05
2.92971e-06
-4.9177e-05
3.74455e-06
8.43462e-06
-4.90676e-05
-4.86899e-05
3.88168e-06
-5.10728e-05
5.31266e-06
-5.07475e-05
3.41925e-06
4.51425e-06
-4.68271e-05
-4.39086e-05
3.56616e-06
-4.15169e-05
2.921e-06
-4.39187e-05
5.82105e-06
5.05568e-06
-4.44601e-05
-3.88422e-05
3.66851e-06
-4.07034e-05
4.78223e-06
-3.90438e-05
4.16147e-06
9.70518e-06
-4.36932e-05
-3.44009e-05
3.31246e-06
-3.44887e-05
4.87007e-06
-3.79293e-05
7.60205e-06
1.03022e-05
-3.85263e-05
-3.50586e-05
2.62107e-06
-3.50956e-05
4.9071e-06
-3.38743e-05
6.38072e-06
8.9243e-06
-3.24964e-05
-2.92598e-05
1.17477e-06
-2.80133e-05
3.66065e-06
-2.70586e-05
5.42603e-06
6.91541e-06
-2.50497e-05
-2.6889e-05
9.48962e-07
-2.6331e-05
3.10264e-06
-2.61192e-05
5.21419e-06
6.62662e-06
-2.58304e-05
-2.2493e-05
2.05927e-06
-2.10009e-05
1.61047e-06
-2.07518e-05
4.9651e-06
6.4407e-06
-2.05658e-05
-1.80847e-05
3.83125e-06
-1.81821e-05
1.70787e-06
-1.86512e-05
5.4342e-06
6.34613e-06
-1.85567e-05
-1.58717e-05
5.83439e-07
-1.62989e-05
2.13507e-06
-1.51378e-05
4.27306e-06
5.36518e-06
-1.41569e-05
-1.31225e-05
-1.47721e-06
-1.29912e-05
2.00382e-06
-1.23426e-05
3.62448e-06
5.31357e-06
-1.2291e-05
-6.89527e-06
2.62236e-08
-8.13413e-06
3.24269e-06
-8.75433e-06
4.24468e-06
3.53853e-06
-6.97928e-06
-5.68607e-06
-5.27236e-06
-4.04845e-06
-6.23253e-06
6.60148e-05
8.79391e-05
1.3354e-05
2.90162e-05
1.54092e-05
3.22811e-05
-1.94635e-05
1.84775e-05
3.94241e-06
-7.0723e-05
3.65101e-05
-8.43944e-05
5.4851e-05
-5.84623e-05
5.92274e-05
-2.08359e-05
5.6817e-05
-1.14588e-06
5.40649e-05
1.52098e-05
5.16859e-05
2.18966e-05
4.11499e-05
3.37068e-05
3.52459e-05
3.83413e-05
3.06879e-05
3.49157e-05
2.45265e-05
3.35167e-05
1.81884e-05
3.17597e-05
1.20205e-05
3.06299e-05
5.95511e-06
2.97793e-05
2.91816e-05
0.000379362
0.000106406
0.000351762
5.66161e-05
0.000295558
8.84849e-05
0.000165069
0.000148966
6.34872e-05
3.08587e-05
6.81016e-05
-8.9009e-05
8.08748e-05
-7.12358e-05
7.58066e-05
-1.5768e-05
6.69725e-05
7.68814e-06
6.12975e-05
2.08845e-05
4.82916e-05
3.49022e-05
4.10789e-05
4.09193e-05
3.655e-05
4.28702e-05
3.03155e-05
4.11503e-05
2.39522e-05
3.988e-05
1.77342e-05
3.79776e-05
1.17009e-05
3.66631e-05
5.79164e-06
3.56884e-05
3.49732e-05
0.00043393
6.0683e-05
0.000370098
0.000120448
0.000357476
0.000101106
0.00037252
0.000133923
0.000289577
0.000113802
0.000176034
2.45333e-05
0.00011801
-1.32118e-05
9.43362e-05
7.90567e-06
8.09352e-05
2.10891e-05
6.16433e-05
4.01764e-05
5.07967e-05
4.57486e-05
4.26694e-05
4.90465e-05
3.58383e-05
4.97012e-05
2.93473e-05
4.76413e-05
2.31124e-05
4.61149e-05
1.71303e-05
4.39596e-05
1.12971e-05
4.24962e-05
5.59394e-06
4.13915e-05
4.0567e-05
0.000504795
5.47743e-05
0.00041583
0.000209414
0.000388831
0.000128105
0.000379012
0.000143741
0.000292034
0.00020078
0.000189097
0.000127471
0.000138516
3.7369e-05
0.000105398
4.10234e-05
7.7319e-05
4.9168e-05
6.34195e-05
5.40758e-05
5.14587e-05
5.77092e-05
4.26334e-05
5.78717e-05
3.53946e-05
5.69401e-05
2.85147e-05
5.45212e-05
2.24111e-05
5.22185e-05
1.65104e-05
4.98602e-05
1.08765e-05
4.81299e-05
5.37604e-06
4.68918e-05
4.5943e-05
0.000509057
1.43496e-05
0.000558377
0.000160093
0.000372823
0.000313659
0.00035423
0.000162335
0.000305336
0.000249673
0.00019765
0.000235157
0.000135439
9.95794e-05
0.000106061
7.04016e-05
8.40915e-05
7.11371e-05
6.56815e-05
7.24856e-05
5.2437e-05
7.09535e-05
4.25142e-05
6.77944e-05
3.45249e-05
6.49295e-05
2.76277e-05
6.14184e-05
2.15024e-05
5.83437e-05
1.57915e-05
5.55711e-05
1.03744e-05
5.3547e-05
5.12365e-06
5.21425e-05
5.10666e-05
0.000439025
-8.50283e-06
0.000480906
0.000118212
0.000467063
0.000327502
0.000435164
0.000194233
0.000331548
0.00035329
0.000258527
0.000308177
0.000168918
0.000189188
0.000116267
0.000123053
8.44662e-05
0.000102938
6.44622e-05
9.24894e-05
5.08865e-05
8.45291e-05
4.07054e-05
7.79755e-05
3.28684e-05
7.27665e-05
2.62052e-05
6.80816e-05
2.03601e-05
6.41888e-05
1.49153e-05
6.10158e-05
9.79312e-06
5.8669e-05
4.83182e-06
5.71037e-05
5.58984e-05
0.000415961
-4.05769e-05
0.000441615
9.25582e-05
0.000374543
0.000394574
0.000307383
0.000261393
0.000267785
0.000392888
0.00022957
0.000346392
0.000158694
0.000260065
0.000110106
0.000171641
7.99768e-05
0.000133066
6.10203e-05
0.000111446
4.8297e-05
9.72524e-05
3.85776e-05
8.7695e-05
3.1064e-05
8.02802e-05
2.46692e-05
7.44765e-05
1.90904e-05
6.97676e-05
1.39532e-05
6.61528e-05
9.14605e-06
6.34761e-05
4.50831e-06
6.17414e-05
6.04067e-05
0.000419776
-8.31965e-05
0.000377386
0.000134948
0.000328809
0.00044315
0.000155669
0.000434533
0.000143441
0.000405116
0.000126618
0.000363215
0.000109748
0.000276935
8.82291e-05
0.00019316
6.90358e-05
0.00015226
5.47312e-05
0.00012575
4.3802e-05
0.000108182
3.51141e-05
9.6383e-05
2.83702e-05
8.70241e-05
2.25476e-05
8.02991e-05
1.74827e-05
7.48324e-05
1.27898e-05
7.08458e-05
8.39281e-06
6.7873e-05
4.13822e-06
6.59959e-05
6.45449e-05
0.000273839
3.87142e-05
0.000158157
0.00025063
0.000130115
0.000471192
9.14276e-05
0.00047322
6.81647e-05
0.000428379
7.54782e-05
0.000355901
7.89939e-05
0.00027342
6.8257e-05
0.000203897
5.60839e-05
0.000164433
4.59025e-05
0.000135932
3.82511e-05
0.000115833
3.13263e-05
0.000103308
2.55382e-05
9.28122e-05
2.03991e-05
8.54382e-05
1.58313e-05
7.94001e-05
1.15822e-05
7.50948e-05
7.59854e-06
7.18566e-05
3.74439e-06
6.985e-05
6.82893e-05
0.000152092
0.000187774
5.51079e-05
0.000347615
2.43303e-05
0.00050197
1.13771e-05
0.000486174
2.2699e-05
0.000417058
4.33928e-05
0.000335208
5.12402e-05
0.000265572
5.17993e-05
0.000203337
4.53654e-05
0.000170866
3.81439e-05
0.000143153
3.2209e-05
0.000121768
2.65003e-05
0.000109017
2.19334e-05
9.73791e-05
1.76516e-05
8.97199e-05
1.38191e-05
8.32326e-05
1.01731e-05
7.87408e-05
6.70251e-06
7.53271e-05
3.31046e-06
7.32421e-05
7.15998e-05
-8.82593e-05
0.00022931
-0.000116002
0.000375358
-9.51226e-05
0.000481091
-4.74401e-05
0.000438491
-1.38104e-05
0.000383428
1.7035e-05
0.000304362
2.90409e-05
0.000253567
3.15836e-05
0.000200795
3.12274e-05
0.000171223
2.82035e-05
0.000146177
2.63119e-05
0.00012366
2.24883e-05
0.00011284
1.87529e-05
0.000101115
1.52586e-05
9.32141e-05
1.19658e-05
8.65254e-05
8.80857e-06
8.1898e-05
5.8051e-06
7.83306e-05
2.86499e-06
7.61822e-05
7.44648e-05
-0.000268782
0.000221478
-0.000228957
0.000335532
-0.000160757
0.000412891
-8.31878e-05
0.000360921
-2.8885e-05
0.000329125
-2.84474e-06
0.000278322
2.07601e-05
0.000229962
1.90802e-05
0.000202475
2.23503e-05
0.000167953
2.05834e-05
0.000147944
1.93909e-05
0.000124852
1.69122e-05
0.000115319
1.45664e-05
0.00010346
1.21504e-05
9.56299e-05
9.71858e-06
8.89571e-05
7.28168e-06
8.43348e-05
4.8426e-06
8.07697e-05
2.40366e-06
7.86212e-05
7.68685e-05
-0.000305211
0.000207792
-0.000251236
0.000281558
-0.000172646
0.000334302
-0.000106524
0.0002948
-4.61261e-05
0.000268727
-1.65038e-05
0.0002487
2.16452e-06
0.000211293
1.41017e-05
0.000190537
1.96205e-05
0.000162434
2.23171e-05
0.000145248
1.49309e-05
0.000132239
1.3687e-05
0.000116563
1.16054e-05
0.000105542
9.7593e-06
9.7476e-05
7.82066e-06
9.08957e-05
5.81479e-06
8.63407e-05
3.8681e-06
8.27165e-05
1.91748e-06
8.05719e-05
7.87861e-05
-0.000214038
0.000111051
-0.000162064
0.000229584
-9.92807e-05
0.000271518
-6.67611e-05
0.00026228
-4.1349e-05
0.000243315
-1.99186e-05
0.000227269
-7.25357e-06
0.000198628
4.02541e-06
0.000179258
1.11384e-05
0.000155321
1.36493e-05
0.000142737
1.59676e-05
0.00012992
1.6706e-05
0.000115824
1.52424e-05
0.000107005
1.36473e-05
9.9071e-05
1.12783e-05
9.32647e-05
8.78656e-06
8.88325e-05
5.96105e-06
8.55421e-05
2.98862e-06
8.35445e-05
8.17747e-05
-0.000306761
0.000113845
-0.000261922
0.000184745
-0.00018454
0.000194136
-0.000131491
0.000209231
-8.56047e-05
0.000197428
-5.14849e-05
0.000193149
-2.82841e-05
0.000175428
-1.12699e-05
0.000162244
-1.55603e-06
0.000145607
4.7558e-06
0.000136425
9.17022e-06
0.000125506
1.06136e-05
0.000114381
1.07118e-05
0.000106907
9.95924e-06
9.98235e-05
8.42051e-06
9.48035e-05
6.31747e-06
9.09356e-05
4.25714e-06
8.76025e-05
2.13568e-06
8.56661e-05
8.39105e-05
-0.000156651
0.000105248
-0.000129723
0.000157817
-9.41577e-05
0.000158571
-6.84185e-05
0.000183492
-5.07216e-05
0.000179731
-3.35533e-05
0.000175981
-2.21959e-05
0.00016407
-1.17069e-05
0.000151755
-6.19822e-06
0.000140098
-2.0864e-06
0.000132313
1.02208e-06
0.000122397
3.4754e-06
0.000111928
4.56579e-06
0.000105817
4.9404e-06
9.94489e-05
4.61848e-06
9.51254e-05
3.9144e-06
9.16398e-05
2.79096e-06
8.87261e-05
1.37314e-06
8.7084e-05
8.52837e-05
-0.000139113
9.65246e-05
-0.000118526
0.00013723
-9.39114e-05
0.000133956
-6.86413e-05
0.000158222
-5.50167e-05
0.000166107
-3.77066e-05
0.000158671
-2.73411e-05
0.000153704
-1.72704e-05
0.000141684
-1.66926e-05
0.00013952
-1.12511e-05
0.000126871
-5.70713e-06
0.000116853
-1.8552e-06
0.000108076
-1.28335e-07
0.00010409
8.38953e-07
9.84817e-05
9.62517e-07
9.50019e-05
1.48004e-06
9.11224e-05
8.86223e-07
8.932e-05
5.34166e-07
8.74363e-05
8.5818e-05
-0.000130136
8.94799e-05
-0.00011328
0.000120374
-0.000139912
0.000160589
-0.000110893
0.000129202
-6.27922e-05
0.000118006
-4.69659e-05
0.000142844
-3.29345e-05
0.000139673
-3.20255e-05
0.000140775
-2.35764e-05
0.000131071
-1.20369e-05
0.000115332
-6.97971e-06
0.000111796
-5.91914e-06
0.000107015
-3.41679e-06
0.000101587
-1.78929e-06
9.68542e-05
-1.03375e-06
9.42465e-05
-3.78814e-07
9.04676e-05
-1.81853e-07
8.91232e-05
-7.76785e-08
8.73322e-05
8.57404e-05
-0.000188501
9.50989e-05
-0.000163258
9.51308e-05
-0.000102974
0.000100304
-7.69395e-05
0.000103167
-8.46343e-05
0.000125701
-7.29789e-05
0.000131189
-5.46927e-05
0.000121387
-4.18285e-05
0.000127911
-2.13204e-05
0.000110563
-1.57239e-05
0.000109735
-9.57453e-06
0.000105646
-6.31299e-06
0.000103753
-4.12989e-06
9.94044e-05
-3.52926e-06
9.62537e-05
-2.08964e-06
9.2807e-05
-1.19387e-06
8.9572e-05
-6.80506e-07
8.861e-05
-5.68195e-07
8.72201e-05
8.51723e-05
-0.000115648
4.17783e-05
-0.00010062
8.01025e-05
-8.7074e-05
8.67584e-05
-0.00010171
0.000117803
-8.68915e-05
0.000110882
-4.83563e-05
9.26538e-05
-3.63442e-05
0.000109374
-2.75587e-05
0.000119125
-2.02786e-05
0.000103283
-1.68169e-05
0.000106273
-1.80427e-05
0.000106872
-1.42014e-05
9.99122e-05
-1.03219e-05
9.5525e-05
-6.9886e-06
9.29205e-05
-5.47866e-06
9.12972e-05
-3.58659e-06
8.76801e-05
-2.46792e-06
8.74915e-05
-1.15247e-06
8.59048e-05
8.40199e-05
-9.59377e-05
4.16722e-05
-8.83999e-05
7.25646e-05
-7.96258e-05
7.79843e-05
-6.71441e-05
0.000105322
-5.63224e-05
0.00010006
-6.72596e-05
0.000103591
-5.89563e-05
0.000101071
-3.07525e-05
9.09215e-05
-2.32608e-05
9.57912e-05
-1.68553e-05
9.98679e-05
-1.28325e-05
0.000102849
-9.47904e-06
9.65588e-05
-6.84794e-06
9.2894e-05
-4.98965e-06
9.10623e-05
-3.93197e-06
9.02397e-05
-3.6931e-06
8.74413e-05
-1.83209e-06
8.56307e-05
-6.40619e-07
8.47135e-05
8.33793e-05
-9.01341e-05
3.96558e-05
-8.22909e-05
6.47214e-05
-7.50589e-05
7.07522e-05
-6.17857e-05
9.20485e-05
-5.0831e-05
8.91057e-05
-4.32775e-05
9.60375e-05
-3.72278e-05
9.50215e-05
-3.04378e-05
8.41316e-05
-3.5273e-05
0.000100626
-2.87514e-05
9.33464e-05
-1.55468e-05
8.96449e-05
-1.18726e-05
9.28847e-05
-1.29115e-05
9.39331e-05
-1.04795e-05
8.86304e-05
-4.91806e-06
8.46783e-05
-3.32316e-06
8.58466e-05
-2.3438e-06
8.46514e-05
-1.02094e-06
8.33908e-05
8.23584e-05
-8.57971e-05
3.87724e-05
-7.64718e-05
5.53962e-05
-6.76374e-05
6.19179e-05
-5.76692e-05
8.20803e-05
-5.01181e-05
8.15546e-05
-4.33401e-05
8.92596e-05
-3.70869e-05
8.87683e-05
-4.56122e-05
9.26568e-05
-3.82637e-05
9.32781e-05
-3.34024e-05
8.84852e-05
-2.68788e-05
8.31214e-05
-2.09338e-05
8.69399e-05
-1.61685e-05
8.91678e-05
-8.12559e-06
8.05876e-05
-5.76882e-06
8.23217e-05
-3.63584e-06
8.37137e-05
-3.02693e-06
8.40426e-05
-1.47286e-06
8.18368e-05
8.08856e-05
-7.44747e-05
2.96615e-05
-7.02725e-05
5.11941e-05
-6.67914e-05
5.84368e-05
-5.61523e-05
7.14413e-05
-4.70669e-05
7.24693e-05
-4.03238e-05
8.25165e-05
-3.47597e-05
8.32044e-05
-2.78054e-05
8.57026e-05
-2.2622e-05
8.80948e-05
-1.90381e-05
8.49014e-05
-2.36703e-05
8.77536e-05
-1.9131e-05
8.24007e-05
-1.13554e-05
8.13923e-05
-8.4033e-06
7.76356e-05
-9.16713e-06
8.30856e-05
-6.48724e-06
8.10339e-05
-4.28354e-06
8.1839e-05
-1.89088e-06
7.94443e-05
7.89948e-05
-8.15517e-05
3.08607e-05
-6.88907e-05
3.85332e-05
-5.65769e-05
4.61231e-05
-5.25697e-05
6.74342e-05
-4.87587e-05
6.86583e-05
-4.05185e-05
7.42765e-05
-3.29517e-05
7.56376e-05
-2.60015e-05
7.87525e-05
-2.30207e-05
8.51141e-05
-1.85011e-05
8.0382e-05
-1.48564e-05
8.4109e-05
-1.26804e-05
8.02248e-05
-1.11117e-05
7.98238e-05
-1.28644e-05
7.93884e-05
-9.91804e-06
8.01393e-05
-7.37787e-06
7.84939e-05
-3.10482e-06
7.75661e-05
-1.48273e-06
7.78223e-05
7.75121e-05
-6.58131e-05
2.71273e-05
-6.84131e-05
4.11332e-05
-7.03118e-05
4.80219e-05
-5.3323e-05
5.04454e-05
-3.91367e-05
5.44721e-05
-3.72093e-05
7.23491e-05
-3.53292e-05
7.37576e-05
-2.67921e-05
7.02155e-05
-2.25882e-05
8.09103e-05
-1.81262e-05
7.592e-05
-1.59056e-05
8.18885e-05
-1.29584e-05
7.72777e-05
-1.08956e-05
7.77611e-05
-7.89775e-06
7.63907e-05
-5.61239e-06
7.78541e-05
-4.34723e-06
7.72288e-05
-2.61874e-06
7.58377e-05
-1.40519e-06
7.66088e-05
7.61069e-05
-6.14104e-05
3.48477e-05
-6.49553e-05
4.46781e-05
-6.0238e-05
4.33047e-05
-5.95862e-05
4.97936e-05
-5.82514e-05
5.31374e-05
-4.06707e-05
5.47686e-05
-2.63302e-05
5.94172e-05
-3.55182e-05
7.94035e-05
-2.61528e-05
7.1545e-05
-2.01753e-05
6.99426e-05
-1.54847e-05
7.7198e-05
-1.25548e-05
7.4348e-05
-1.13183e-05
7.65246e-05
-8.60708e-06
7.36795e-05
-6.39957e-06
7.56466e-05
-4.68905e-06
7.55183e-05
-2.73449e-06
7.38832e-05
-9.74282e-07
7.48487e-05
7.51327e-05
-5.12949e-05
3.04163e-05
-4.79815e-05
4.13647e-05
-5.52331e-05
5.05564e-05
-5.10425e-05
4.5603e-05
-4.64888e-05
4.85838e-05
-4.66955e-05
5.49753e-05
-4.68823e-05
5.96041e-05
-2.83836e-05
6.09049e-05
-1.63707e-05
5.95321e-05
-2.48857e-05
7.84576e-05
-1.9165e-05
7.14774e-05
-1.49746e-05
7.01576e-05
-1.10942e-05
7.26443e-05
-6.98067e-06
6.95661e-05
-8.52199e-06
7.7188e-05
-4.9124e-06
7.19088e-05
-3.0485e-06
7.20193e-05
-1.63421e-06
7.34344e-05
7.34985e-05
-4.91958e-05
3.05445e-05
-4.51852e-05
3.73542e-05
-3.96949e-05
4.50661e-05
-4.75473e-05
5.34555e-05
-4.44501e-05
4.54867e-05
-3.86273e-05
4.91526e-05
-3.64918e-05
5.74687e-05
-3.72257e-05
6.16388e-05
-3.90197e-05
6.13261e-05
-2.16873e-05
6.11253e-05
-9.82004e-06
5.96102e-05
-1.68967e-05
7.72343e-05
-1.23351e-05
6.80828e-05
-9.73521e-06
6.69662e-05
-8.11343e-06
7.55663e-05
-5.61187e-06
6.94073e-05
-3.50416e-06
6.99117e-05
1.72988e-07
6.97573e-05
7.36715e-05
-4.18191e-05
2.55365e-05
-4.02186e-05
3.57538e-05
-3.72929e-05
4.21405e-05
-3.13631e-05
4.75257e-05
-3.9117e-05
5.32406e-05
-3.66932e-05
4.67288e-05
-3.46113e-05
5.53869e-05
-3.19881e-05
5.90156e-05
-2.91169e-05
5.8455e-05
-3.1227e-05
6.32354e-05
-3.37447e-05
6.21279e-05
-1.89189e-05
6.24086e-05
-1.23619e-05
6.15258e-05
-4.11986e-07
5.50163e-05
-6.18938e-06
8.13437e-05
-5.33721e-06
6.85552e-05
-4.95969e-06
6.95342e-05
-2.73515e-06
6.75328e-05
7.09364e-05
-4.10678e-05
2.21442e-05
-3.65987e-05
3.12847e-05
-3.39832e-05
3.95251e-05
-3.23984e-05
4.59409e-05
-2.48386e-05
4.56809e-05
-4.99709e-05
7.18611e-05
-3.51139e-05
4.05299e-05
-3.26296e-05
5.65314e-05
-2.99269e-05
5.57524e-05
-2.58209e-05
5.91295e-05
-2.22163e-05
5.85233e-05
-2.24942e-05
6.26866e-05
-2.41612e-05
6.31929e-05
-3.44192e-05
6.52743e-05
-1.31769e-05
6.01015e-05
-6.54516e-06
6.19235e-05
1.64433e-06
6.13447e-05
1.15497e-05
5.76275e-05
8.24861e-05
-3.85954e-05
1.70463e-05
-3.38422e-05
2.65316e-05
-3.33946e-05
3.90775e-05
-2.84407e-05
4.0987e-05
-3.89029e-05
5.61431e-05
-1.98845e-05
5.28428e-05
-4.39628e-05
6.46082e-05
-3.01186e-05
4.26872e-05
-2.87198e-05
5.43536e-05
-2.61689e-05
5.65786e-05
-2.37578e-05
5.61123e-05
-1.94453e-05
5.83741e-05
-1.47765e-05
5.85241e-05
-1.02977e-05
6.07956e-05
-9.69208e-06
5.94958e-05
-1.14454e-05
6.36768e-05
-1.36041e-05
6.35035e-05
-2.08374e-05
6.48609e-05
6.16487e-05
-3.77737e-05
1.62937e-05
-2.97328e-05
1.84908e-05
-2.74773e-05
3.68219e-05
-2.55354e-05
3.90452e-05
-2.15928e-05
5.22005e-05
-2.63646e-05
5.76146e-05
-1.58501e-05
5.40937e-05
-3.87449e-05
6.55821e-05
-2.72858e-05
4.28945e-05
-2.52237e-05
5.45165e-05
-2.27322e-05
5.36209e-05
-1.98707e-05
5.55126e-05
-1.703e-05
5.56834e-05
-1.36339e-05
5.73996e-05
-1.11342e-05
5.69962e-05
-7.87226e-06
6.04149e-05
-4.45107e-06
6.00823e-05
-4.39326e-07
6.08492e-05
6.12094e-05
-3.10039e-05
1.48012e-05
-3.10739e-05
1.85608e-05
-2.83921e-05
3.41401e-05
-4.01772e-05
5.08304e-05
-1.70722e-05
2.90955e-05
-1.47053e-05
5.52478e-05
-1.88161e-05
5.82045e-05
-1.29003e-05
5.96663e-05
-3.6862e-05
6.68563e-05
-2.48577e-05
4.25122e-05
-2.17165e-05
5.04798e-05
-1.75755e-05
5.13716e-05
-1.46754e-05
5.27834e-05
-1.19088e-05
5.4633e-05
-1.01172e-05
5.52046e-05
-7.68923e-06
5.7987e-05
-5.61002e-06
5.80031e-05
-3.02211e-06
5.82613e-05
5.81873e-05
-2.91309e-05
1.88824e-05
-2.68965e-05
1.63265e-05
-2.31362e-05
3.03799e-05
-2.01968e-05
4.78911e-05
-1.71723e-05
2.6071e-05
-1.41266e-05
5.22022e-05
-1.1906e-05
5.59839e-05
-1.52332e-05
6.29934e-05
-8.35075e-06
5.99739e-05
-2.97373e-05
6.38987e-05
-2.2299e-05
4.30415e-05
-1.90074e-05
4.80801e-05
-1.50392e-05
4.88151e-05
-1.22475e-05
5.18413e-05
-9.80848e-06
5.27656e-05
-6.82647e-06
5.5005e-05
-4.24044e-06
5.54171e-05
-1.9636e-06
5.59844e-05
5.62237e-05
-2.69779e-05
2.003e-05
-2.67363e-05
1.60849e-05
-1.83199e-05
2.19635e-05
-1.58838e-05
4.5455e-05
-3.33645e-05
4.35517e-05
-1.18155e-05
3.06532e-05
-1.39797e-05
5.81482e-05
-1.00506e-05
5.90644e-05
-1.1187e-05
6.11103e-05
-1.21754e-05
6.48872e-05
-1.35991e-05
4.44651e-05
-1.32212e-05
4.77022e-05
-1.13535e-05
4.69474e-05
-9.49355e-06
4.99814e-05
-7.71139e-06
5.09835e-05
-5.67901e-06
5.29726e-05
-3.81285e-06
5.3551e-05
-1.98768e-06
5.41593e-05
5.4236e-05
-2.07912e-05
2.02553e-05
-1.96215e-05
1.49152e-05
-1.83611e-05
2.07031e-05
-1.63671e-05
4.3461e-05
-2.16631e-05
4.88478e-05
-1.78763e-05
2.68664e-05
-9.34449e-06
4.96163e-05
-7.89047e-06
5.76103e-05
-8.78334e-06
6.20032e-05
-5.27811e-06
6.1382e-05
-2.54395e-05
6.46265e-05
-1.63241e-05
3.85869e-05
-1.25607e-05
4.3184e-05
-9.40254e-06
4.68233e-05
-7.19516e-06
4.87761e-05
-5.05833e-06
5.08358e-05
-3.28884e-06
5.17815e-05
-1.72267e-06
5.25931e-05
5.25133e-05
-1.83968e-05
2.00954e-05
-1.79591e-05
1.44776e-05
-1.4541e-05
1.7285e-05
-1.16871e-05
4.06071e-05
-1.15253e-05
4.8686e-05
-9.83908e-06
2.51802e-05
-7.51986e-06
4.72971e-05
-7.64377e-06
5.77343e-05
-7.50498e-06
6.18644e-05
-1.05771e-05
6.44541e-05
-9.64578e-06
6.36952e-05
-7.81718e-06
3.67583e-05
-7.50661e-06
4.28735e-05
-6.09278e-06
4.54094e-05
-5.04814e-06
4.77315e-05
-3.69217e-06
4.94798e-05
-2.48517e-06
5.05745e-05
-1.27749e-06
5.13855e-05
5.12359e-05
-1.39929e-05
1.99315e-05
-1.36359e-05
1.41207e-05
-1.25993e-05
1.62484e-05
-1.16876e-05
3.96954e-05
-1.263e-05
4.96285e-05
-1.75147e-05
3.00648e-05
-2.43358e-06
3.2216e-05
-4.67147e-06
5.99722e-05
-4.4257e-06
6.16186e-05
-4.35421e-06
6.43826e-05
-5.76915e-06
6.51101e-05
-6.64503e-06
3.76342e-05
-6.26704e-06
4.24955e-05
-5.25046e-06
4.43929e-05
-4.24911e-06
4.67301e-05
-3.15918e-06
4.83899e-05
-2.12579e-06
4.95411e-05
-1.08041e-06
5.03401e-05
5.01554e-05
-1.23037e-05
1.99441e-05
-1.38548e-05
1.56718e-05
-1.98522e-05
2.22457e-05
-6.09861e-06
2.59418e-05
-5.97223e-06
4.95021e-05
-6.73997e-06
3.08326e-05
-9.58222e-06
3.50583e-05
-7.9767e-06
5.83666e-05
-4.06396e-06
5.77059e-05
-1.78405e-06
6.21027e-05
-8.13378e-07
6.41395e-05
-1.9829e-06
3.88037e-05
-2.17961e-06
4.26922e-05
-2.40968e-06
4.46229e-05
-2.23608e-06
4.65565e-05
-1.83434e-06
4.79882e-05
-1.29869e-06
4.90055e-05
-6.77126e-07
4.97185e-05
4.94783e-05
-7.17541e-06
2.01403e-05
-7.14524e-06
1.56416e-05
-7.75209e-06
2.28526e-05
-7.82194e-06
2.60117e-05
-5.94623e-06
4.76264e-05
-4.69977e-06
2.95861e-05
-2.42523e-06
3.27838e-05
-3.46673e-06
5.94082e-05
-2.85877e-06
5.70979e-05
-2.56986e-06
6.18138e-05
-4.15073e-06
6.57203e-05
-4.62929e-06
3.92822e-05
-3.30558e-06
4.13685e-05
-2.83166e-06
4.4149e-05
-2.12192e-06
4.58468e-05
-1.59988e-06
4.74661e-05
-1.05082e-06
4.84564e-05
-5.30468e-07
4.91982e-05
4.89479e-05
-3.90895e-07
-3.34945e-06
-6.1879e-06
-1.10026e-05
-4.73634e-07
-8.56156e-06
-1.90033e-05
-7.51092e-06
-2.54347e-06
5.06824e-06
1.875e-05
8.64835e-06
4.19472e-06
1.68534e-06
6.69484e-07
1.42447e-07
-5.27024e-08
-1.37255e-07
)
;

boundaryField
{
    leftWall
    {
        type            calculated;
        value           uniform 0;
    }
    rightWall
    {
        type            calculated;
        value           uniform 0;
    }
    lowerWall
    {
        type            calculated;
        value           uniform 0;
    }
    atmosphere
    {
        type            calculated;
        value           nonuniform List<scalar> 
46
(
-6.12665e-05
-6.12723e-05
-5.84031e-05
-6.03056e-05
-5.09169e-05
-5.13113e-05
-4.91464e-05
-3.96813e-05
-5.0264e-05
-3.42448e-05
-4.52013e-05
-3.38477e-05
-3.54128e-05
-3.54004e-05
-3.46223e-05
-2.91151e-05
-2.61351e-05
-1.85856e-05
-1.3547e-05
-1.15007e-05
-5.99355e-06
-4.21166e-06
4.8448e-07
1.16251e-06
2.82899e-06
3.02077e-06
5.72261e-06
1.42986e-05
1.86002e-05
2.5691e-05
3.08264e-05
3.70974e-05
3.76741e-05
4.32255e-05
4.79158e-05
5.21305e-05
5.42021e-05
5.20386e-05
4.93839e-05
4.58221e-05
4.66584e-05
4.68626e-05
4.79932e-05
4.86516e-05
4.92827e-05
4.88106e-05
)
;
    }
    defaultFaces
    {
        type            empty;
    }
}


// ************************************************************************* //
