/*--------------------------------*- C++ -*----------------------------------*\
| =========                 |                                                 |
| \\      /  F ield         | foam-extend: Open Source CFD                    |
|  \\    /   O peration     | Version:     4.1                                |
|   \\  /    A nd           | Web:         http://www.foam-extend.org         |
|    \\/     M anipulation  |                                                 |
\*---------------------------------------------------------------------------*/
FoamFile
{
    version     2.0;
    format      ascii;
    class       volVectorField;
    location    "0.2";
    object      U_0;
}
// * * * * * * * * * * * * * * * * * * * * * * * * * * * * * * * * * * * * * //

dimensions      [0 1 -1 0 0 0 0];

internalField   nonuniform List<vector> 
2268
(
(0.00101762 -0.0107284 0)
(0.063692 -0.0079913 0)
(0.111999 -0.00838234 0)
(0.199657 -0.00932802 0)
(0.248715 -0.00766748 0)
(0.360113 -0.0148052 0)
(0.434609 0.000110474 0)
(0.47482 -0.0172063 0)
(0.735478 -0.0136612 0)
(0.704296 -0.0537745 0)
(0.693751 -0.0183563 0)
(0.841956 -0.0608827 0)
(1.24122 -0.0128176 0)
(1.29174 0.0121704 0)
(1.51209 0.177328 0)
(1.86892 -0.0638471 0)
(1.84112 -0.0124038 0)
(1.61606 0.193202 0)
(0.971298 0.261622 0)
(0.720303 -0.0933618 0)
(0.457891 0.00341467 0)
(0.353582 -0.0593813 0)
(0.326239 0.0218332 0)
(0.00263341 -0.01855 0)
(0.0655006 -0.0190692 0)
(0.112056 -0.0223613 0)
(0.199812 -0.0247863 0)
(0.24972 -0.0282776 0)
(0.36063 -0.0333352 0)
(0.434487 -0.0492612 0)
(0.477854 -0.0598634 0)
(0.737774 -0.0573172 0)
(0.686576 -0.209265 0)
(0.698237 -0.153807 0)
(0.84212 -0.265721 0)
(1.17691 -0.217183 0)
(1.17841 -0.136075 0)
(1.38119 0.158514 0)
(1.62363 0.0531277 0)
(1.81473 0.0569198 0)
(1.60056 -0.0191178 0)
(1.26355 0.168139 0)
(1.07144 0.0076483 0)
(0.832392 0.120358 0)
(0.820644 0.148017 0)
(0.680985 0.281271 0)
(0.00273467 -0.0440145 0)
(0.0629925 -0.035145 0)
(0.110052 -0.0392914 0)
(0.196724 -0.0437105 0)
(0.247154 -0.044176 0)
(0.344861 -0.05803 0)
(0.434835 -0.0460489 0)
(0.486062 -0.100308 0)
(0.671991 -0.074974 0)
(0.628404 -0.251889 0)
(0.675817 -0.220017 0)
(0.623666 -0.369072 0)
(0.629514 -0.334587 0)
(0.606053 -0.0958649 0)
(0.901404 0.00052503 0)
(1.65578 0.25874 0)
(1.74153 0.155139 0)
(1.3589 -0.105205 0)
(0.881177 0.175281 0)
(0.502795 0.114858 0)
(0.537849 0.185235 0)
(0.600343 0.305354 0)
(0.44443 0.467504 0)
(0.00843342 -0.044563 0)
(0.0712177 -0.0449442 0)
(0.108842 -0.0520413 0)
(0.194533 -0.0588086 0)
(0.247961 -0.0608155 0)
(0.363611 -0.0857953 0)
(0.439428 -0.0322016 0)
(0.481313 -0.117241 0)
(0.627242 -0.107076 0)
(0.579441 -0.224811 0)
(0.591 -0.187665 0)
(0.287923 -0.283408 0)
(-0.313793 -0.0473856 0)
(0.522283 0.0891333 0)
(0.514326 -0.067448 0)
(0.998695 0.141945 0)
(1.30681 0.0822393 0)
(1.14245 0.113931 0)
(0.447655 0.175538 0)
(0.155357 0.160372 0)
(0.0563859 0.243782 0)
(0.120713 0.4164 0)
(-0.115394 0.5833 0)
(0.00502278 -0.0881391 0)
(0.0651095 -0.0615427 0)
(0.103514 -0.0681003 0)
(0.189111 -0.0790038 0)
(0.24287 -0.0840662 0)
(0.385555 -0.105382 0)
(0.397579 -0.0787906 0)
(0.452461 -0.150909 0)
(0.575424 -0.0823157 0)
(0.565078 -0.222977 0)
(0.590012 -0.230914 0)
(0.425058 -0.112113 0)
(0.431189 -0.235026 0)
(0.544183 -0.390556 0)
(0.445367 -0.270291 0)
(0.628531 0.0954158 0)
(0.620404 0.0425246 0)
(0.669839 0.13968 0)
(0.458827 0.305286 0)
(0.27986 0.254016 0)
(0.243589 0.319731 0)
(0.189285 0.444324 0)
(-0.0989183 0.546992 0)
(0.0221158 -0.0657641 0)
(0.0773171 -0.068276 0)
(0.102538 -0.0791956 0)
(0.183981 -0.0924201 0)
(0.234166 -0.106499 0)
(0.370312 -0.12551 0)
(0.368146 -0.152278 0)
(0.442226 -0.178447 0)
(0.528158 -0.153281 0)
(0.483214 -0.238726 0)
(0.584834 -0.326233 0)
(0.69753 -0.261089 0)
(1.03882 -0.203439 0)
(0.973322 -0.00845335 0)
(0.504084 -0.0560527 0)
(-0.331338 0.185066 0)
(0.0874726 0.0642981 0)
(0.482623 0.190703 0)
(0.58972 0.591314 0)
(0.664662 0.537558 0)
(0.630167 0.455581 0)
(0.616997 0.390495 0)
(0.634605 0.602406 0)
(0.00723696 -0.0445546 0)
(0.0620422 -0.0848021 0)
(0.0902596 -0.0932389 0)
(0.176212 -0.114609 0)
(0.221423 -0.127355 0)
(0.334965 -0.142202 0)
(0.335504 -0.141402 0)
(0.4572 -0.214455 0)
(0.504863 -0.288412 0)
(0.452764 -0.276553 0)
(0.558363 -0.289878 0)
(0.701317 -0.439889 0)
(0.83909 -0.338829 0)
(1.3354 0.0311902 0)
(0.810603 0.0772662 0)
(-0.561679 0.245455 0)
(0.162365 -0.247265 0)
(0.154776 -0.191747 0)
(0.521733 0.376304 0)
(0.801416 0.383512 0)
(0.915659 0.42655 0)
(0.83122 0.475221 0)
(0.885651 1.17305 0)
(0.00148632 -0.0771285 0)
(0.0586793 -0.0825858 0)
(0.0834152 -0.103714 0)
(0.162299 -0.120409 0)
(0.207151 -0.140346 0)
(0.324722 -0.155485 0)
(0.301467 -0.214341 0)
(0.372683 -0.196074 0)
(0.473293 -0.309514 0)
(0.463087 -0.278139 0)
(0.564311 -0.271888 0)
(0.537115 -0.415241 0)
(0.221495 -0.249323 0)
(0.48706 0.239423 0)
(0.155712 0.317963 0)
(-0.681401 0.425217 0)
(0.898828 -0.474615 0)
(-0.0309757 0.0755312 0)
(0.246736 0.0586029 0)
(0.449425 0.184054 0)
(0.632881 0.461732 0)
(0.539275 0.537847 0)
(0.489375 1.46896 0)
(0.00776625 -0.00718632 0)
(0.0367544 -0.014014 0)
(0.0549409 -0.00694894 0)
(0.106743 -0.00797589 0)
(0.129154 -0.00927237 0)
(0.152833 -0.00386349 0)
(0.191656 -0.00800255 0)
(0.205599 -0.00702849 0)
(0.224647 -0.00369453 0)
(0.235135 -0.00215521 0)
(0.2344 -0.00579845 0)
(0.262061 -0.0225336 0)
(0.299311 0.0333156 0)
(0.275309 0.00614344 0)
(0.197227 0.00679889 0)
(0.153799 0.00505427 0)
(0.105543 0.00473861 0)
(0.0635395 0.00450379 0)
(0.0202958 0.00440693 0)
(0.00635685 -0.023258 0)
(0.0356672 -0.0206477 0)
(0.0602692 -0.0223473 0)
(0.112173 -0.0235062 0)
(0.139615 -0.0290343 0)
(0.163651 -0.0291741 0)
(0.201911 -0.0304678 0)
(0.220198 -0.0255326 0)
(0.240359 -0.0122645 0)
(0.247503 -0.000452963 0)
(0.238402 -0.00618124 0)
(0.288598 -0.00407494 0)
(0.341093 0.0685009 0)
(0.275086 0.0202384 0)
(0.207023 0.018682 0)
(0.161109 0.0153502 0)
(0.110895 0.0147324 0)
(0.0666967 0.0141132 0)
(0.0213302 0.0138137 0)
(0.0125396 -0.0261487 0)
(0.0364468 -0.039585 0)
(0.0574583 -0.039756 0)
(0.107391 -0.0383467 0)
(0.133459 -0.0525337 0)
(0.1636 -0.024736 0)
(0.204004 -0.0499499 0)
(0.22594 -0.0430691 0)
(0.250073 -0.0208836 0)
(0.249324 -0.00237794 0)
(0.250801 -0.0285937 0)
(0.293935 0.0894301 0)
(0.334678 0.0557146 0)
(0.27497 0.033785 0)
(0.209701 0.03154 0)
(0.161209 0.0262426 0)
(0.110974 0.0250442 0)
(0.0666648 0.0239693 0)
(0.0213351 0.0234488 0)
(0.00905624 -0.0372925 0)
(0.0371559 -0.0592621 0)
(0.0622268 -0.0469683 0)
(0.0989265 -0.0608986 0)
(0.139929 -0.0796239 0)
(0.164777 -0.080175 0)
(0.192939 -0.075142 0)
(0.233117 -0.0684787 0)
(0.259454 -0.0240193 0)
(0.239575 0.00765995 0)
(0.286425 -0.000331771 0)
(0.337785 0.135047 0)
(0.323121 0.0706569 0)
(0.256565 0.0475788 0)
(0.206076 0.0431155 0)
(0.159078 0.0369823 0)
(0.110323 0.0351228 0)
(0.0662909 0.0336698 0)
(0.0212503 0.0329306 0)
(0.0197758 -0.0280934 0)
(0.0699601 -0.0759645 0)
(0.0661825 -0.0389018 0)
(0.0800388 -0.0851461 0)
(0.116698 -0.120025 0)
(0.164595 -0.144888 0)
(0.203915 -0.108405 0)
(0.251059 -0.10471 0)
(0.274646 -0.0184973 0)
(0.261749 -0.0169864 0)
(0.285508 0.0941279 0)
(0.341434 0.105377 0)
(0.315986 0.0739759 0)
(0.255936 0.0593792 0)
(0.203891 0.0528872 0)
(0.157707 0.0472276 0)
(0.109601 0.0450703 0)
(0.0658488 0.0433565 0)
(0.0211336 0.042422 0)
(0.0345682 -0.0342019 0)
(0.114898 -0.123361 0)
(0.0802789 -0.0282542 0)
(0.0473436 -0.0964887 0)
(0.0993212 -0.164467 0)
(0.168746 -0.16461 0)
(0.203395 -0.134584 0)
(0.276353 -0.108268 0)
(0.287386 -0.0241061 0)
(0.294143 0.00735229 0)
(0.340898 0.140009 0)
(0.327877 0.123546 0)
(0.301097 0.0856553 0)
(0.250199 0.072899 0)
(0.201303 0.0639223 0)
(0.155816 0.0576286 0)
(0.108697 0.0549561 0)
(0.0652992 0.0529625 0)
(0.0209924 0.0518226 0)
(0.189174 -0.210934 0)
(0.168641 -0.157578 0)
(0.0881248 -0.0308755 0)
(0.0139888 -0.0827464 0)
(0.073172 -0.245127 0)
(0.1723 -0.239232 0)
(0.218921 -0.194684 0)
(0.296141 -0.0670417 0)
(0.338659 -0.0110658 0)
(0.309165 0.088377 0)
(0.342898 0.117401 0)
(0.32468 0.121722 0)
(0.291825 0.0921984 0)
(0.246094 0.0808836 0)
(0.197396 0.0732994 0)
(0.153924 0.0674845 0)
(0.107627 0.0646289 0)
(0.0646787 0.062452 0)
(0.0208179 0.0611401 0)
(0.632021 -0.425439 0)
(0.26706 -0.122643 0)
(0.104877 0.244664 0)
(-0.0420537 -0.0865688 0)
(0.0240078 -0.297305 0)
(0.191097 -0.284457 0)
(0.275872 -0.226634 0)
(0.344838 -0.0482342 0)
(0.346887 -0.0164412 0)
(0.333412 0.0827777 0)
(0.35279 0.119777 0)
(0.316178 0.148499 0)
(0.288987 0.1035 0)
(0.24462 0.094956 0)
(0.195261 0.0838778 0)
(0.152094 0.0775314 0)
(0.106566 0.0744654 0)
(0.0640103 0.072091 0)
(0.0206347 0.0705853 0)
(0.00550291 -0.0681738 0)
(0.0519652 -0.107153 0)
(0.0570351 -0.122749 0)
(0.132417 -0.167716 0)
(0.190547 -0.202228 0)
(0.261432 -0.197208 0)
(0.311143 -0.267322 0)
(0.372209 -0.227573 0)
(0.464767 -0.31701 0)
(0.489162 -0.320062 0)
(0.567132 -0.306444 0)
(0.563768 -0.299379 0)
(0.52243 -0.333139 0)
(0.660029 0.119238 0)
(1.51652 0.292914 0)
(1.37281 0.146823 0)
(1.13901 -0.332992 0)
(1.14483 -0.119096 0)
(1.27478 -0.144577 0)
(1.42719 -0.0354579 0)
(1.32847 0.271252 0)
(1.82178 0.503938 0)
(1.96914 1.20605 0)
(-0.0386941 -0.141866 0)
(0.0193062 -0.115844 0)
(0.0520018 -0.176581 0)
(0.104339 -0.256565 0)
(0.168084 -0.208647 0)
(0.280725 -0.260397 0)
(0.304841 -0.270479 0)
(0.354651 -0.315254 0)
(0.51773 -0.37154 0)
(0.552514 -0.375585 0)
(0.667063 -0.252374 0)
(0.610066 -0.266034 0)
(0.608877 -0.256711 0)
(0.706004 -0.00649872 0)
(1.07477 0.116254 0)
(1.14217 -0.0769098 0)
(1.23736 -0.376413 0)
(1.26198 -0.301074 0)
(1.37791 -0.182392 0)
(1.30198 0.0685809 0)
(1.46697 0.447 0)
(2.2943 0.917485 0)
(2.36361 1.03174 0)
(0.045492 -0.219098 0)
(0.0337637 -0.220098 0)
(0.0134111 -0.194317 0)
(0.136006 -0.2814 0)
(0.205023 -0.209839 0)
(0.22149 -0.298785 0)
(0.302559 -0.322406 0)
(0.356265 -0.367252 0)
(0.476004 -0.429368 0)
(0.589209 -0.374532 0)
(0.612647 -0.457134 0)
(0.517721 -0.608255 0)
(0.551084 -0.533188 0)
(0.747401 -0.362473 0)
(0.944454 -0.347533 0)
(1.08421 -0.369786 0)
(1.15326 -0.41257 0)
(1.18264 -0.328111 0)
(1.23156 -0.111822 0)
(1.37367 0.122364 0)
(1.65822 0.715245 0)
(2.20566 0.902784 0)
(2.16459 0.859984 0)
(-0.00835667 -0.304089 0)
(0.11155 -0.309634 0)
(0.0887022 -0.309013 0)
(0.116961 -0.284932 0)
(0.13216 -0.191647 0)
(0.198076 -0.282761 0)
(0.3143 -0.262143 0)
(0.349971 -0.397154 0)
(0.509607 -0.473885 0)
(0.495625 -0.595679 0)
(0.468025 -0.654076 0)
(0.478585 -0.675724 0)
(0.548993 -0.600823 0)
(0.675095 -0.496137 0)
(0.915833 -0.372222 0)
(0.851906 -0.422402 0)
(0.821436 -0.402805 0)
(0.735635 -0.332706 0)
(0.821726 0.124288 0)
(1.47152 0.369444 0)
(1.7853 0.71703 0)
(2.1684 0.586359 0)
(2.12712 0.414747 0)
(0.0340983 -0.429215 0)
(0.0689156 -0.440191 0)
(0.141076 -0.462745 0)
(0.197312 -0.494215 0)
(0.175559 -0.491979 0)
(0.289326 -0.469977 0)
(0.266866 -0.52458 0)
(0.254651 -0.55643 0)
(0.306691 -0.550883 0)
(0.433725 -0.62131 0)
(0.527593 -0.552881 0)
(0.448527 -0.570943 0)
(0.455759 -0.521954 0)
(0.744128 -0.47174 0)
(0.947123 -0.481072 0)
(0.826911 -0.520255 0)
(0.841969 -0.486335 0)
(0.880172 -0.402021 0)
(0.97332 -0.0598905 0)
(1.14436 -0.0382548 0)
(1.26729 0.0125191 0)
(1.559 0.028438 0)
(1.67428 -0.158238 0)
(0.00105957 -0.496855 0)
(0.0542899 -0.51167 0)
(0.0460599 -0.540589 0)
(0.120306 -0.580918 0)
(0.17537 -0.614357 0)
(0.23723 -0.590658 0)
(0.267794 -0.664887 0)
(0.338405 -0.654988 0)
(0.378858 -0.560009 0)
(0.517405 -0.538364 0)
(0.487234 -0.578826 0)
(0.398054 -0.568047 0)
(0.458716 -0.535697 0)
(0.690912 -0.482288 0)
(0.78903 -0.539903 0)
(0.766908 -0.504427 0)
(0.848315 -0.449075 0)
(0.909966 -0.298756 0)
(0.746376 -0.314021 0)
(0.643683 -0.131645 0)
(0.798394 -0.0928445 0)
(1.05904 0.101939 0)
(1.18395 0.175847 0)
(0.0218415 -0.54567 0)
(0.0270844 -0.539226 0)
(0.0536183 -0.585043 0)
(0.108232 -0.535981 0)
(0.138296 -0.634032 0)
(0.241671 -0.648204 0)
(0.261487 -0.714119 0)
(0.365249 -0.668818 0)
(0.307078 -0.675337 0)
(0.241527 -0.6308 0)
(0.370934 -0.720527 0)
(0.347914 -0.611508 0)
(0.323671 -0.776261 0)
(0.500584 -0.80415 0)
(0.472414 -0.591763 0)
(0.355815 -0.502595 0)
(0.386109 -0.264454 0)
(0.23947 -0.701412 0)
(0.280733 -0.852708 0)
(0.375257 -0.671631 0)
(0.589393 -0.674137 0)
(0.815014 -0.700226 0)
(0.977054 -0.746051 0)
(0.0168076 -0.580592 0)
(0.00100743 -0.585765 0)
(0.0591752 -0.596714 0)
(0.0221362 -0.591965 0)
(0.0498097 -0.72308 0)
(0.155527 -0.569484 0)
(0.267577 -0.671687 0)
(0.37017 -0.67074 0)
(0.140273 -0.65612 0)
(0.103298 -0.663692 0)
(0.247029 -0.752167 0)
(0.151878 -0.49002 0)
(0.0794489 -0.732979 0)
(0.157232 -0.668489 0)
(0.178636 -0.372813 0)
(0.203048 -0.475962 0)
(0.203763 -0.279129 0)
(0.1946 -0.600655 0)
(0.125335 -0.474675 0)
(0.141488 -0.394594 0)
(0.251614 -0.422923 0)
(0.453545 -0.51358 0)
(0.699399 -0.536054 0)
(0.00420581 -0.588218 0)
(0.0206539 -0.609646 0)
(0.0642473 -0.56678 0)
(-0.0478901 -0.634069 0)
(0.160278 -0.604564 0)
(0.219258 -0.615521 0)
(0.160099 -0.630896 0)
(0.155453 -0.568251 0)
(-0.0039827 -0.544693 0)
(0.109412 -0.750879 0)
(0.254073 -0.841362 0)
(0.202501 -0.418516 0)
(0.131252 -0.805031 0)
(0.370503 -0.776315 0)
(0.429434 -0.59003 0)
(0.303075 -0.513587 0)
(0.320667 -0.437918 0)
(0.405874 -0.548768 0)
(0.758456 -0.718463 0)
(0.77135 -0.871344 0)
(1.03837 -0.968956 0)
(1.52092 -1.31364 0)
(1.70209 -1.17131 0)
(0.0144936 -0.640558 0)
(0.0407483 -0.614045 0)
(0.0181755 -0.578287 0)
(0.0798959 -0.5892 0)
(0.0718904 -0.509773 0)
(0.0502367 -0.795055 0)
(0.210084 -0.773084 0)
(0.000454688 -0.451786 0)
(-0.0626804 -0.750878 0)
(0.3885 -0.862444 0)
(0.191664 -0.769417 0)
(0.144759 -0.44647 0)
(0.0449044 -0.9193 0)
(0.238291 -0.814874 0)
(0.156567 -0.606021 0)
(0.232389 -0.50022 0)
(0.338704 -0.525926 0)
(0.499576 -0.695118 0)
(0.957421 -0.77859 0)
(0.859064 -0.785011 0)
(0.801326 -1.02851 0)
(1.13479 -1.41904 0)
(1.12698 -1.26207 0)
(0.0421691 -0.684197 0)
(0.0612116 -0.621565 0)
(0.0439786 -0.623491 0)
(0.162199 -0.620836 0)
(0.00499336 -0.738733 0)
(-0.144466 -0.726097 0)
(-0.0617533 -0.834743 0)
(-0.244945 -0.353025 0)
(-0.00664117 -0.921563 0)
(0.0710403 -0.776947 0)
(0.204687 -0.739531 0)
(0.138306 -0.298074 0)
(-0.107602 -0.878938 0)
(-0.079299 -0.591051 0)
(-0.25787 -0.52974 0)
(-0.119688 -0.864856 0)
(0.0944202 -0.634313 0)
(0.247736 -0.788199 0)
(0.506283 -0.813715 0)
(0.377534 -1.00192 0)
(0.203768 -1.2813 0)
(0.315399 -1.59804 0)
(-0.0589823 -1.17763 0)
(0.0809063 -0.735115 0)
(0.066311 -0.627277 0)
(-0.0505135 -0.68563 0)
(0.0604342 -0.755573 0)
(-0.0568844 -0.800112 0)
(-0.133986 -0.716939 0)
(-0.218767 -0.597534 0)
(-0.337351 -0.483095 0)
(-0.0180073 -1.09967 0)
(0.0642438 -1.0894 0)
(0.304575 -0.785446 0)
(0.124491 -0.0777138 0)
(-0.162472 -0.851027 0)
(-0.224663 -0.582757 0)
(-0.27827 -0.633265 0)
(-0.189525 -0.881802 0)
(0.0829779 -0.400872 0)
(0.115926 -0.61497 0)
(0.256882 -0.587426 0)
(0.279319 -0.899606 0)
(0.0140252 -1.118 0)
(-0.448918 -1.27576 0)
(-0.772433 -0.857142 0)
(0.117725 -0.853333 0)
(0.122063 -0.419104 0)
(-0.124854 -0.622565 0)
(0.0364943 -0.512777 0)
(0.0254239 -0.568306 0)
(-0.103028 -0.340415 0)
(-0.108121 -0.317368 0)
(-0.153054 -0.585545 0)
(0.0890753 -1.32414 0)
(0.276653 -1.34641 0)
(0.320343 -0.834144 0)
(0.0205065 0.170685 0)
(-0.235696 -0.736942 0)
(-0.395794 -0.514169 0)
(-0.246943 -0.743263 0)
(-0.05778 -0.942358 0)
(0.487684 -0.976191 0)
(0.331971 -0.596953 0)
(0.108157 -0.624014 0)
(0.0804421 -0.596244 0)
(-0.241423 -0.748502 0)
(-0.707087 -0.834746 0)
(-1.05956 -0.674799 0)
(-0.16788 -0.947316 0)
(0.117843 -0.371432 0)
(0.0627425 -0.497252 0)
(0.0196835 -0.449872 0)
(0.137562 -0.369149 0)
(0.135092 -0.271606 0)
(0.0673746 -0.255796 0)
(0.233715 -0.635319 0)
(0.334726 -1.30109 0)
(-0.172024 -1.52138 0)
(-0.307961 -0.366309 0)
(-0.0404423 0.522203 0)
(0.257025 -0.468934 0)
(-0.117539 -1.08392 0)
(-0.234363 -0.902823 0)
(0.0962445 -1.38881 0)
(0.0459501 -1.44032 0)
(0.263352 -0.864855 0)
(0.123571 -0.729072 0)
(0.0980734 -0.576808 0)
(-0.203945 -0.338852 0)
(-0.759648 -0.424173 0)
(-1.17691 -0.531128 0)
(-0.12158 -0.929751 0)
(0.189173 -0.682494 0)
(0.210466 -0.264398 0)
(0.0633411 -0.487002 0)
(0.176391 -0.287564 0)
(0.116319 -0.26387 0)
(0.325186 -0.351423 0)
(0.448893 -0.639657 0)
(0.415559 -1.1409 0)
(-0.559361 -1.10985 0)
(-0.139181 -0.68108 0)
(0.0248059 -0.385786 0)
(0.053091 -0.501748 0)
(-0.188436 -0.449415 0)
(0.200177 -1.57582 0)
(-0.0929293 -1.76715 0)
(-0.400775 -1.37359 0)
(-0.277039 -0.798568 0)
(0.00453741 -0.303654 0)
(-0.324443 -0.0684726 0)
(-0.46287 0.0193963 0)
(-0.876373 -0.195486 0)
(-1.50843 -0.280805 0)
(0.412942 -0.726417 0)
(-0.155951 -0.356921 0)
(-0.0645298 -0.0218125 0)
(-0.0808372 -0.623511 0)
(0.213087 -0.294402 0)
(0.100724 -0.457285 0)
(0.151902 -0.497845 0)
(-0.00442284 -0.70731 0)
(-0.0980637 -0.51709 0)
(-0.245685 -1.67308 0)
(-0.255626 -0.644797 0)
(-0.0945086 -0.0231667 0)
(-0.028117 -0.344967 0)
(-0.227197 -1.22235 0)
(-0.103689 -1.29469 0)
(-0.425805 -1.81608 0)
(-0.489941 -1.17776 0)
(-0.686215 -0.564868 0)
(-0.583483 -0.0280269 0)
(-0.662871 0.206002 0)
(-0.524793 0.0543383 0)
(-0.845018 -0.223515 0)
(-1.25542 -0.0278805 0)
(0.214401 -0.669024 0)
(-0.156154 -0.0629749 0)
(-0.268825 -0.19324 0)
(-0.205092 -0.697898 0)
(-0.20714 -0.370463 0)
(-0.155214 -0.787393 0)
(-0.106006 -0.327228 0)
(-0.0634065 -0.500605 0)
(-0.110445 -1.34653 0)
(-0.190965 -2.63903 0)
(-0.398215 -1.19131 0)
(-0.127238 -0.428894 0)
(-0.220777 -0.720816 0)
(-0.216444 -0.751346 0)
(-0.60352 -0.973978 0)
(-0.668275 -1.08928 0)
(-0.688702 -1.07192 0)
(-0.844259 -0.61328 0)
(-0.885908 -0.250775 0)
(-0.95204 -0.0650982 0)
(-0.992134 -0.0269067 0)
(-0.987646 -0.136452 0)
(-1.20664 0.00117281 0)
(0.095724 -0.822036 0)
(0.26748 0.181129 0)
(-0.332 -0.136394 0)
(-0.0412501 -0.790365 0)
(-0.198522 -0.5331 0)
(0.330533 -0.507836 0)
(0.155997 -0.451778 0)
(0.0210882 -0.847725 0)
(0.34641 -1.49717 0)
(-0.0871489 -1.20868 0)
(-0.556875 -0.804495 0)
(-0.328842 -0.503555 0)
(-0.412724 -0.587531 0)
(-0.528382 -0.743379 0)
(-0.635567 -0.782918 0)
(-0.544899 -0.714381 0)
(-0.496526 -0.719241 0)
(-0.843205 -0.637326 0)
(-1.01783 -0.497613 0)
(-1.14026 -0.357004 0)
(-1.026 0.0163163 0)
(-0.97803 -0.0613692 0)
(-1.08781 0.0361687 0)
(-0.258025 -0.946444 0)
(0.212572 0.234351 0)
(0.474782 0.20877 0)
(0.390599 -0.54717 0)
(-0.00358599 -0.700234 0)
(0.133304 -0.396696 0)
(-0.098746 -0.428465 0)
(0.0109665 -0.584717 0)
(-0.128894 -0.88998 0)
(-0.354223 -0.872633 0)
(-0.407682 -0.612146 0)
(-0.387236 -0.527928 0)
(-0.457043 -0.705894 0)
(-0.553831 -0.745645 0)
(-0.661027 -0.711458 0)
(-0.571878 -0.443884 0)
(-0.643442 -0.463009 0)
(-0.796132 -0.418673 0)
(-0.774226 -0.482627 0)
(-0.752177 -0.337758 0)
(-1.04548 -0.274731 0)
(-1.15393 -0.112585 0)
(-1.01271 0.0129413 0)
(-0.0943931 -0.766401 0)
(-0.255074 -0.54069 0)
(0.0318843 -0.0983709 0)
(0.0996324 -0.557964 0)
(-0.0289344 -0.383384 0)
(-0.176727 -0.300544 0)
(-0.24947 -0.260563 0)
(-0.163203 -0.524764 0)
(-0.222287 -0.793533 0)
(-0.214826 -0.677584 0)
(-0.373686 -0.553243 0)
(-0.460539 -0.419266 0)
(-0.558505 -0.498682 0)
(-0.603476 -0.491102 0)
(-0.40569 -0.54815 0)
(-0.420163 -0.384305 0)
(-0.602754 -0.365844 0)
(-0.821463 -0.212313 0)
(-0.871443 -0.188605 0)
(-0.881196 -0.208792 0)
(-0.746331 -0.273366 0)
(-0.676023 -0.0474694 0)
(-0.777567 0.041292 0)
(-0.145865 -0.779283 0)
(-0.12282 -0.19932 0)
(0.000917456 -0.244578 0)
(0.0616416 -0.984924 0)
(-0.0414271 -0.373569 0)
(-0.153222 -0.66766 0)
(-0.0839658 -0.55711 0)
(-0.134138 -0.501336 0)
(-0.101113 -0.684875 0)
(-0.166791 -0.695906 0)
(-0.274118 -0.672282 0)
(-0.477994 -0.558957 0)
(-0.523593 -0.442926 0)
(-0.460848 -0.331104 0)
(-0.504313 -0.290551 0)
(-0.400576 -0.377779 0)
(-0.437009 -0.427849 0)
(-0.705896 -0.350482 0)
(-0.770406 -0.189659 0)
(-0.790096 -0.049396 0)
(-0.83554 0.021651 0)
(-0.823437 -0.0405396 0)
(-0.793426 0.0139141 0)
(-0.097248 -1.27432 0)
(-0.0251287 -0.512951 0)
(-0.0678524 -0.300061 0)
(-0.128222 -0.718798 0)
(-0.120513 -0.597767 0)
(-0.00836795 -0.52499 0)
(0.108495 -0.72296 0)
(-0.00844355 -0.683646 0)
(-0.161851 -0.653078 0)
(-0.195583 -0.711166 0)
(-0.251919 -0.659566 0)
(-0.333702 -0.677907 0)
(-0.385047 -0.580053 0)
(-0.259008 -0.446126 0)
(-0.391702 -0.250396 0)
(-0.490888 -0.229475 0)
(-0.393724 -0.381098 0)
(-0.690694 -0.429019 0)
(-0.800467 -0.392338 0)
(-0.725375 -0.237024 0)
(-0.761575 -0.146937 0)
(-0.68611 -0.0447843 0)
(-0.719043 0.0273728 0)
(-0.102284 -0.745751 0)
(-0.161221 -0.715543 0)
(-0.118864 -0.705199 0)
(0.0129619 -0.57395 0)
(0.138613 -0.666619 0)
(0.0496199 -0.523007 0)
(-0.0967132 -0.591021 0)
(-0.0701556 -0.768467 0)
(-0.106789 -0.670552 0)
(-0.21239 -0.614571 0)
(-0.237069 -0.554931 0)
(-0.342592 -0.520002 0)
(-0.297451 -0.448061 0)
(-0.193249 -0.457432 0)
(-0.304002 -0.38953 0)
(-0.484302 -0.349032 0)
(-0.539395 -0.336096 0)
(-0.584121 -0.397843 0)
(-0.649595 -0.216476 0)
(-0.60247 -0.16809 0)
(-0.647296 -0.0977356 0)
(-0.640436 -0.0546785 0)
(-0.690305 -0.000215547 0)
(-0.089194 -0.605337 0)
(-0.0992142 -0.477216 0)
(0.0379628 -0.425191 0)
(-0.0344509 -0.417248 0)
(-0.0654138 -0.457473 0)
(0.054066 -0.67931 0)
(-0.0767446 -0.627276 0)
(-0.0835855 -0.600747 0)
(-0.158687 -0.633375 0)
(-0.197267 -0.570808 0)
(-0.21051 -0.531504 0)
(-0.23014 -0.487485 0)
(-0.250033 -0.370431 0)
(-0.185702 -0.380825 0)
(-0.303318 -0.385259 0)
(-0.439606 -0.344761 0)
(-0.446387 -0.314247 0)
(-0.494325 -0.328419 0)
(-0.537979 -0.135133 0)
(-0.594727 -0.125314 0)
(-0.638954 -0.0585999 0)
(-0.611662 -0.0254846 0)
(-0.644926 0.0313547 0)
(0.0627939 -0.405526 0)
(0.033821 -0.362083 0)
(-0.0235005 -0.319622 0)
(-0.0518223 -0.392627 0)
(-0.106996 -0.347201 0)
(-0.123938 -0.422986 0)
(-0.0136508 -0.382941 0)
(-0.000879943 -0.577716 0)
(-0.0859861 -0.474757 0)
(-0.128735 -0.506983 0)
(-0.165173 -0.549721 0)
(-0.198126 -0.538018 0)
(-0.207218 -0.504645 0)
(-0.15755 -0.467094 0)
(-0.13959 -0.504196 0)
(-0.394211 -0.394492 0)
(-0.520783 -0.302634 0)
(-0.419872 -0.234754 0)
(-0.474795 -0.184635 0)
(-0.55818 -0.172381 0)
(-0.528493 -0.075528 0)
(-0.544367 -0.0416658 0)
(-0.532197 0.0108503 0)
(-0.00391364 -0.285484 0)
(-0.0266305 -0.337734 0)
(-0.0287472 -0.335319 0)
(-0.0450572 -0.33119 0)
(-0.0662815 -0.329428 0)
(-0.0853826 -0.30179 0)
(-0.151368 -0.312736 0)
(-0.133621 -0.360568 0)
(-0.0996391 -0.388494 0)
(-0.221575 -0.376624 0)
(-0.218522 -0.323669 0)
(-0.17391 -0.333425 0)
(-0.141677 -0.362492 0)
(-0.129868 -0.479088 0)
(-0.223674 -0.435272 0)
(-0.256063 -0.484138 0)
(-0.25991 -0.240015 0)
(-0.417914 -0.181126 0)
(-0.47926 -0.211186 0)
(-0.478802 -0.117797 0)
(-0.501353 -0.0692868 0)
(-0.520502 -0.0243716 0)
(-0.506744 0.0138886 0)
(0.00361954 -0.325214 0)
(-0.0102584 -0.327363 0)
(-0.0271547 -0.31385 0)
(-0.0407546 -0.318829 0)
(-0.0658473 -0.305297 0)
(-0.073683 -0.311724 0)
(-0.0899163 -0.301269 0)
(-0.100651 -0.265268 0)
(-0.116712 -0.302178 0)
(-0.145458 -0.29029 0)
(-0.164974 -0.231582 0)
(-0.200344 -0.239009 0)
(-0.250931 -0.235302 0)
(-0.209882 -0.279196 0)
(-0.215311 -0.300449 0)
(-0.215574 -0.278496 0)
(-0.214853 -0.268097 0)
(-0.365431 -0.264569 0)
(-0.407914 -0.157491 0)
(-0.434188 -0.152391 0)
(-0.420148 -0.0535486 0)
(-0.44751 -0.031713 0)
(-0.413667 0.0151037 0)
(-0.00282734 -0.295107 0)
(-0.0197389 -0.301995 0)
(-0.0253568 -0.301426 0)
(-0.038322 -0.297196 0)
(-0.055493 -0.289825 0)
(-0.069204 -0.276493 0)
(-0.103619 -0.279768 0)
(-0.110181 -0.285859 0)
(-0.119407 -0.274085 0)
(-0.141397 -0.263948 0)
(-0.141112 -0.221303 0)
(-0.184632 -0.231546 0)
(-0.206806 -0.254937 0)
(-0.199853 -0.245384 0)
(-0.220519 -0.282855 0)
(-0.22307 -0.223243 0)
(-0.229931 -0.283684 0)
(-0.21845 -0.163059 0)
(-0.360234 -0.124357 0)
(-0.385714 -0.104429 0)
(-0.366423 -0.0664765 0)
(-0.425824 -0.0259246 0)
(-0.416775 0.00634027 0)
(1.57368e-06 -0.293851 0)
(-0.01587 -0.296014 0)
(-0.0228977 -0.29511 0)
(-0.0284338 -0.293074 0)
(-0.0422072 -0.285892 0)
(-0.0490314 -0.27347 0)
(-0.078306 -0.262317 0)
(-0.0882677 -0.261011 0)
(-0.096624 -0.25684 0)
(-0.0749782 -0.250953 0)
(-0.0982182 -0.236119 0)
(-0.225695 -0.215991 0)
(-0.29019 -0.231489 0)
(-0.212657 -0.221456 0)
(-0.16331 -0.241654 0)
(-0.224351 -0.281 0)
(-0.165802 -0.206889 0)
(-0.136032 -0.183741 0)
(-0.291516 -0.20073 0)
(-0.37637 -0.0553385 0)
(-0.364868 -0.0838279 0)
(-0.375167 -0.00952457 0)
(-0.370453 0.0221783 0)
(-0.00281651 -0.28096 0)
(-0.0185723 -0.288371 0)
(-0.0241399 -0.279571 0)
(-0.031798 -0.278413 0)
(-0.0454871 -0.266179 0)
(-0.0518051 -0.220596 0)
(-0.0836171 -0.217266 0)
(-0.090301 -0.255345 0)
(-0.0994984 -0.26693 0)
(-0.11056 -0.272504 0)
(-0.0896087 -0.266638 0)
(-0.151247 -0.275806 0)
(-0.216263 -0.229021 0)
(-0.204763 -0.178865 0)
(-0.246083 -0.239205 0)
(-0.202717 -0.202874 0)
(-0.151698 -0.198474 0)
(-0.188511 -0.186766 0)
(-0.167395 -0.17714 0)
(-0.298988 -0.0705528 0)
(-0.359268 -0.0658517 0)
(-0.325547 -0.0229554 0)
(-0.350574 0.00589657 0)
(-0.00230421 -0.277123 0)
(-0.0103233 -0.282973 0)
(-0.0143773 -0.274952 0)
(-0.0192438 -0.282427 0)
(0.00324532 -0.273205 0)
(-0.0020843 -0.288607 0)
(-0.129902 -0.271104 0)
(-0.123055 -0.2555 0)
(-0.107037 -0.233297 0)
(-0.0810072 -0.251034 0)
(-0.104428 -0.225428 0)
(-0.163031 -0.252074 0)
(-0.205646 -0.206884 0)
(-0.2373 -0.198309 0)
(-0.182553 -0.181237 0)
(-0.19078 -0.138697 0)
(-0.165958 -0.165642 0)
(-0.126785 -0.175348 0)
(-0.150599 -0.117542 0)
(-0.212995 -0.160397 0)
(-0.319972 -0.0188326 0)
(-0.300784 -0.0264066 0)
(-0.30413 0.0234417 0)
(-0.0055653 -0.266791 0)
(-0.0131878 -0.27325 0)
(-0.0237818 -0.270695 0)
(-0.0289419 -0.282301 0)
(-0.0457194 -0.27681 0)
(-0.048261 -0.337938 0)
(-0.0600188 -0.336493 0)
(-0.061747 -0.287985 0)
(-0.0789731 -0.347027 0)
(-0.114419 -0.312899 0)
(-0.0938413 -0.323486 0)
(-0.0974513 -0.235089 0)
(-0.168605 -0.183714 0)
(-0.187676 -0.187584 0)
(-0.192302 -0.14162 0)
(-0.18559 -0.200345 0)
(-0.185393 -0.145552 0)
(-0.121077 -0.152088 0)
(-0.127718 -0.124066 0)
(-0.165025 -0.131181 0)
(-0.244042 -0.0406859 0)
(-0.303177 -0.0387133 0)
(-0.274025 0.0187628 0)
(-0.00518041 -0.259309 0)
(-0.00717843 -0.264931 0)
(-0.0187012 -0.25999 0)
(-0.0205289 -0.268036 0)
(-0.0294278 -0.262244 0)
(-0.0494715 -0.321664 0)
(-0.114067 -0.273246 0)
(-0.124119 -0.248811 0)
(-0.0945097 -0.239614 0)
(-0.0492584 -0.21736 0)
(-0.0552345 -0.230112 0)
(-0.0637474 -0.193957 0)
(-0.147107 -0.168451 0)
(-0.198678 -0.177923 0)
(-0.205829 -0.157804 0)
(-0.180007 -0.135356 0)
(-0.120715 -0.134121 0)
(-0.11111 -0.127837 0)
(-0.131746 -0.157044 0)
(-0.118011 -0.0815357 0)
(-0.176655 -0.106762 0)
(-0.241919 0.0110132 0)
(-0.235417 0.0100234 0)
(-0.00572129 -0.256085 0)
(-0.00847387 -0.260772 0)
(-0.0248352 -0.254653 0)
(-0.0312841 -0.263569 0)
(-0.0810195 -0.248426 0)
(-0.0438701 -0.249388 0)
(0.000396219 -0.249206 0)
(-0.0532542 -0.177648 0)
(-0.0408446 -0.165189 0)
(-0.0714234 -0.184269 0)
(-0.0744768 -0.196396 0)
(-0.07399 -0.19212 0)
(-0.146859 -0.208182 0)
(-0.175766 -0.164379 0)
(-0.161143 -0.152308 0)
(-0.16972 -0.1112 0)
(-0.169367 -0.122806 0)
(-0.139509 -0.115473 0)
(-0.0748295 -0.110484 0)
(-0.0866671 -0.0966584 0)
(-0.134555 -0.109535 0)
(-0.213202 -0.0165503 0)
(-0.258138 0.0300055 0)
(-0.00630879 -0.252813 0)
(-8.94807e-05 -0.255712 0)
(-0.0208452 -0.248421 0)
(-0.00910428 -0.236065 0)
(-0.0269737 -0.175822 0)
(-0.0312805 -0.188777 0)
(-0.00460352 -0.214314 0)
(-0.0647928 -0.236796 0)
(-0.0957276 -0.212098 0)
(-0.0921112 -0.219371 0)
(-0.0756749 -0.219066 0)
(-0.0618471 -0.22677 0)
(-0.0977837 -0.209695 0)
(-0.139724 -0.170548 0)
(-0.143665 -0.151284 0)
(-0.176492 -0.128337 0)
(-0.121756 -0.113425 0)
(-0.0976238 -0.082816 0)
(-0.116302 -0.0927569 0)
(-0.120886 -0.0966674 0)
(-0.129005 -0.0740122 0)
(-0.105462 -0.081459 0)
(-0.191952 0.0221472 0)
(-0.0034017 -0.25156 0)
(0.00107319 -0.251919 0)
(-0.0163165 -0.257653 0)
(0.027585 -0.241026 0)
(-0.0297067 -0.269275 0)
(-0.0782807 -0.237848 0)
(-0.0557898 -0.253423 0)
(-0.0414882 -0.26621 0)
(-0.0372358 -0.234758 0)
(-0.0740638 -0.218196 0)
(-0.075346 -0.240109 0)
(-0.0720577 -0.193695 0)
(-0.0967523 -0.170151 0)
(-0.124399 -0.142012 0)
(-0.125553 -0.141655 0)
(-0.129642 -0.117694 0)
(-0.131884 -0.0829739 0)
(-0.128993 -0.114903 0)
(-0.0900312 -0.0778368 0)
(-0.0683553 -0.0805277 0)
(-0.107199 -0.038405 0)
(-0.0791587 -0.0315961 0)
(-0.15748 -0.0290326 0)
(-0.00171654 -0.249086 0)
(-0.00370828 -0.250344 0)
(-0.00802085 -0.257875 0)
(-0.012742 -0.238553 0)
(-0.0162171 -0.307459 0)
(-0.0328186 -0.243471 0)
(-0.0351393 -0.241197 0)
(-0.0492221 -0.216112 0)
(-0.0620148 -0.22301 0)
(-0.0879256 -0.172624 0)
(-0.0402512 -0.191316 0)
(0.00776278 -0.194255 0)
(-0.0548425 -0.182284 0)
(-0.116712 -0.16292 0)
(-0.132319 -0.143798 0)
(-0.115164 -0.12373 0)
(-0.12945 -0.102095 0)
(-0.0836929 -0.0960915 0)
(-0.0818319 -0.0549249 0)
(-0.0747902 -0.059955 0)
(-0.0752229 -0.0453101 0)
(-0.0663089 -0.0187862 0)
(-0.100913 -0.0421033 0)
(-0.00213017 -0.248575 0)
(-0.00580238 -0.25062 0)
(-0.00634625 -0.249681 0)
(-0.00947589 -0.229451 0)
(-0.0216991 -0.248287 0)
(-0.030678 -0.243507 0)
(-0.0286802 -0.242503 0)
(-0.025884 -0.226811 0)
(0.00364036 -0.220346 0)
(-0.0292834 -0.205663 0)
(-0.080613 -0.169648 0)
(-0.0696534 -0.190806 0)
(-0.0679212 -0.200507 0)
(-0.0743042 -0.180502 0)
(-0.0840187 -0.143751 0)
(-0.0825424 -0.121215 0)
(-0.106605 -0.101805 0)
(-0.0830978 -0.0671484 0)
(-0.0555776 -0.0759479 0)
(-0.0630019 -0.0356245 0)
(-0.0715004 -0.0358017 0)
(-0.0639518 -0.00844742 0)
(-0.0826191 -0.0396288 0)
(-0.00036046 -0.24485 0)
(-0.00485044 -0.249494 0)
(-0.000463805 -0.249401 0)
(-0.0144333 -0.228475 0)
(-0.0221901 -0.255785 0)
(-0.0265915 -0.249264 0)
(-0.0230034 -0.302864 0)
(-0.0271519 -0.238156 0)
(-0.0453559 -0.228454 0)
(-0.0329268 -0.257516 0)
(-0.0252646 -0.208467 0)
(-0.0399506 -0.197222 0)
(-0.0371449 -0.177546 0)
(-0.0566208 -0.158052 0)
(-0.0666334 -0.135149 0)
(-0.0658991 -0.110868 0)
(-0.0696623 -0.0930775 0)
(-0.0723623 -0.056372 0)
(-0.0490681 -0.0673782 0)
(-0.0330398 -0.0409963 0)
(-0.0453833 -0.041391 0)
(-0.0621805 -0.00560674 0)
(-0.0301465 -0.0300779 0)
(-0.00386052 -0.256084 0)
(-0.0146783 -0.255933 0)
(-0.0121701 -0.249134 0)
(-0.0182881 -0.185205 0)
(-0.0273765 -0.220499 0)
(-0.0471 -0.242751 0)
(-0.0192563 -0.21433 0)
(0.0415362 -0.245481 0)
(-0.00604589 -0.220526 0)
(-0.00998993 -0.206976 0)
(-0.0292674 -0.201309 0)
(-0.0366328 -0.190826 0)
(-0.0312607 -0.18521 0)
(-0.0353931 -0.170884 0)
(-0.0420765 -0.145935 0)
(-0.046973 -0.127651 0)
(-0.0534875 -0.106388 0)
(-0.0632384 -0.0830777 0)
(-0.0394941 -0.056214 0)
(-0.0359032 -0.0483753 0)
(-0.0379909 -0.0395042 0)
(-0.0480681 -0.0171871 0)
(-0.0195756 0.00389963 0)
(0.00191217 -0.209142 0)
(-0.00740879 -0.215165 0)
(0.0208677 -0.230687 0)
(0.00442342 -0.269983 0)
(-0.0852632 -0.236854 0)
(-0.0179719 -0.210388 0)
(-0.0278923 -0.161731 0)
(-0.00533444 -0.223243 0)
(-0.0203074 -0.186551 0)
(-0.0185019 -0.229418 0)
(-0.0103309 -0.181851 0)
(-0.0202591 -0.188966 0)
(-0.0168057 -0.17236 0)
(-0.0181621 -0.141113 0)
(-0.0287336 -0.119394 0)
(-0.0331059 -0.0926855 0)
(-0.0303037 -0.0720313 0)
(-0.0237962 -0.0524825 0)
(-0.0126955 -0.0419906 0)
(-0.0151685 -0.0328731 0)
(-0.0139795 -0.0265892 0)
(-0.018737 -0.0178291 0)
(-0.0269559 0.00623199 0)
(-0.00860897 -0.318559 0)
(-0.0454122 -0.319609 0)
(-0.0879571 -0.30747 0)
(-0.0591057 -0.32591 0)
(0.0327136 -0.27414 0)
(0.0404971 -0.271199 0)
(-0.057162 -0.259151 0)
(0.0148464 -0.213533 0)
(-0.0103993 -0.263957 0)
(-0.0218957 -0.184816 0)
(0.000913056 -0.237063 0)
(-0.0650556 -0.180841 0)
(0.0331361 -0.188678 0)
(0.0243724 -0.186161 0)
(-0.0114543 -0.181638 0)
(-0.0140524 -0.1521 0)
(-0.03047 -0.135908 0)
(-0.0545087 -0.096222 0)
(-0.0296519 -0.0707801 0)
(-0.0260191 -0.05946 0)
(-0.0265619 -0.0317097 0)
(-0.0173215 -0.0218155 0)
(-0.0135409 0.00253305 0)
(2.06891 1.08649 0)
(2.23316 0.840035 0)
(2.15422 0.708016 0)
(1.8878 0.701908 0)
(2.2958 1.00063 0)
(2.20902 0.861809 0)
(2.21134 0.536389 0)
(1.99678 0.380449 0)
(1.95976 0.7513 0)
(1.61769 0.688375 0)
(1.52812 0.505479 0)
(1.65467 0.197135 0)
(1.8761 0.196221 0)
(1.90772 0.200462 0)
(2.01656 0.228943 0)
(2.21332 0.201985 0)
(1.7506 -0.122119 0)
(1.76303 -0.0541723 0)
(1.77344 -0.0019068 0)
(1.84342 0.00410741 0)
(1.29527 0.199059 0)
(1.36904 0.19665 0)
(1.53621 0.279024 0)
(1.64398 0.320311 0)
(1.13693 -0.680158 0)
(1.19935 -0.589096 0)
(1.32566 -0.519554 0)
(1.5937 -0.338798 0)
(1.02696 -0.409682 0)
(1.14106 -0.365629 0)
(1.35383 -0.370718 0)
(1.54856 -0.227399 0)
(1.94068 -0.866558 0)
(1.89515 -0.738947 0)
(1.93563 -0.53121 0)
(1.62229 -0.384254 0)
(1.32126 -1.01668 0)
(1.20722 -0.79232 0)
(1.32714 -0.434852 0)
(1.16985 -0.0422591 0)
(0.0932643 -0.513861 0)
(-0.000480542 -0.142702 0)
(-0.0818246 0.147762 0)
(-0.131884 0.455909 0)
(-0.875536 -0.333982 0)
(-0.909089 -0.125734 0)
(-0.947078 0.171364 0)
(-0.94386 0.427029 0)
(-1.14215 -0.186583 0)
(-1.13751 -0.0292888 0)
(-1.16472 0.208786 0)
(-1.09208 0.40799 0)
(-1.28543 -0.200394 0)
(-1.19331 -0.0128883 0)
(-1.23088 0.179878 0)
(-1.14265 0.302965 0)
(-1.35123 -0.0359355 0)
(-1.06987 0.052947 0)
(-1.04497 0.170819 0)
(-1.07391 0.246527 0)
(-1.23497 0.234407 0)
(-1.21935 0.277167 0)
(-1.17701 0.284034 0)
(-1.15774 0.316238 0)
(-1.16221 0.120745 0)
(-1.15084 0.198549 0)
(-1.07858 0.229612 0)
(-1.06233 0.293393 0)
(-1.03291 0.0721962 0)
(-1.04144 0.0831175 0)
(-1.00387 0.0830385 0)
(-0.985142 0.208206 0)
(-1.03915 0.105273 0)
(-1.0575 0.166449 0)
(-0.797573 0.235647 0)
(-0.714386 0.280929 0)
(-0.764291 0.131434 0)
(-0.785631 0.211497 0)
(-0.747058 0.258837 0)
(-0.725183 0.258933 0)
(-0.773421 0.023527 0)
(-0.730952 0.0500102 0)
(-0.702239 0.0966293 0)
(-0.659697 0.096441 0)
(-0.692006 0.0648285 0)
(-0.697987 0.108504 0)
(-0.660355 0.137534 0)
(-0.643235 0.139915 0)
(-0.646857 0.0434182 0)
(-0.607688 0.0661033 0)
(-0.594668 0.0718031 0)
(-0.610427 0.0787671 0)
(-0.616461 0.0822442 0)
(-0.62771 0.10168 0)
(-0.629046 0.100971 0)
(-0.605726 0.133091 0)
(-0.494413 0.0515043 0)
(-0.545874 0.116397 0)
(-0.559422 0.156881 0)
(-0.555011 0.182501 0)
(-0.505688 0.0720736 0)
(-0.484769 0.0786137 0)
(-0.504716 0.134539 0)
(-0.515578 0.15822 0)
(-0.431625 0.0494295 0)
(-0.428541 0.0566892 0)
(-0.375623 0.0575905 0)
(-0.364482 0.0972155 0)
(-0.425159 0.0181074 0)
(-0.400582 0.0410155 0)
(-0.395871 0.043372 0)
(-0.401254 0.0548208 0)
(-0.365665 0.0389676 0)
(-0.373916 0.0580951 0)
(-0.354683 0.0598943 0)
(-0.343204 0.0720602 0)
(-0.332286 0.0220386 0)
(-0.352705 0.0389964 0)
(-0.36843 0.0592788 0)
(-0.342481 0.0617173 0)
(-0.314792 0.035791 0)
(-0.291968 0.0444928 0)
(-0.296271 0.0462441 0)
(-0.313953 0.0754545 0)
(-0.266013 0.0266609 0)
(-0.284922 0.0447815 0)
(-0.268123 0.0505055 0)
(-0.293634 0.0771638 0)
(-0.246578 0.0300932 0)
(-0.23285 0.0338986 0)
(-0.256551 0.0716309 0)
(-0.27126 0.0773951 0)
(-0.247994 0.0226743 0)
(-0.24775 0.0411368 0)
(-0.247081 0.0493395 0)
(-0.235048 0.0802095 0)
(-0.220427 0.0185106 0)
(-0.191689 0.0350692 0)
(-0.201606 0.0472781 0)
(-0.172628 0.0568931 0)
(-0.199893 0.0200753 0)
(-0.181426 0.0232336 0)
(-0.188427 0.0394519 0)
(-0.1813 0.050212 0)
(-0.17188 0.00979808 0)
(-0.148721 0.0240181 0)
(-0.148128 0.0395883 0)
(-0.145533 0.0513459 0)
(-0.1304 0.0246785 0)
(-0.124979 0.028331 0)
(-0.132844 0.038224 0)
(-0.132052 0.0482399 0)
(-0.0932448 0.0319196 0)
(-0.123195 0.0229109 0)
(-0.110306 0.0429911 0)
(-0.102333 0.0471442 0)
(-0.0761201 -0.0116756 0)
(-0.103167 0.0115549 0)
(-0.0824178 0.024407 0)
(-0.0908961 0.0360143 0)
(-0.0448654 -0.0110987 0)
(-0.0499385 0.0186836 0)
(-0.066937 0.0304307 0)
(-0.0549594 0.0443068 0)
(-0.0191956 0.0136934 0)
(-0.0196774 0.0323132 0)
(-0.0216322 0.0349924 0)
(-0.0313518 0.0650874 0)
(0.907372 0.684881 0)
(-0.198012 -0.106662 0)
(0.176307 -0.274422 0)
(-0.0943578 -0.340875 0)
(-0.0532728 -0.48191 0)
(0.189607 -0.424498 0)
(0.358063 -0.271155 0)
(0.415066 -0.0879607 0)
(0.420822 0.00308238 0)
(0.377349 0.0868863 0)
(0.377736 0.147837 0)
(0.330345 0.129763 0)
(0.246664 0.116793 0)
(0.236985 0.105369 0)
(0.19179 0.0990785 0)
(0.149152 0.0925766 0)
(0.104639 0.0892047 0)
(0.062827 0.0865909 0)
(0.0202794 0.0848388 0)
(1.39723 0.550183 0)
(1.44826 0.587989 0)
(1.42372 0.661623 0)
(1.11969 0.429609 0)
(0.499518 -0.484275 0)
(0.424905 -0.627167 0)
(0.543474 -0.299996 0)
(0.564961 -0.105532 0)
(0.486555 0.0042687 0)
(0.449371 0.126111 0)
(0.39092 0.126927 0)
(0.287231 0.10812 0)
(0.273155 0.132078 0)
(0.234152 0.122264 0)
(0.187899 0.118204 0)
(0.14547 0.112693 0)
(0.101959 0.108676 0)
(0.0610576 0.105735 0)
(0.0197637 0.103611 0)
(1.70515 0.243937 0)
(1.98096 0.303819 0)
(2.55929 0.547936 0)
(2.60095 0.645973 0)
(2.30309 0.51052 0)
(1.17376 -0.154152 0)
(0.905355 -0.146451 0)
(0.681175 0.0159558 0)
(0.618095 0.118103 0)
(0.492023 0.14014 0)
(0.365851 0.118368 0)
(0.324752 0.152677 0)
(0.26864 0.148879 0)
(0.227876 0.1439 0)
(0.180912 0.139163 0)
(0.140423 0.132329 0)
(0.0983292 0.127812 0)
(0.0589338 0.124423 0)
(0.0190693 0.12194 0)
(2.15791 0.235138 0)
(2.20531 0.65868 0)
(2.6244 0.749317 0)
(2.61094 0.775021 0)
(2.28648 0.668423 0)
(1.35883 0.290621 0)
(1.03978 0.0517897 0)
(0.832728 0.102698 0)
(0.602921 0.155173 0)
(0.462703 0.139948 0)
(0.394275 0.174285 0)
(0.317692 0.169783 0)
(0.271465 0.171898 0)
(0.219776 0.164083 0)
(0.176412 0.158452 0)
(0.135074 0.151325 0)
(0.0947793 0.146288 0)
(0.0565531 0.142528 0)
(0.0183534 0.139692 0)
(1.98394 0.061817 0)
(2.10968 0.724984 0)
(2.35322 1.02548 0)
(2.40993 0.974793 0)
(2.25825 0.855476 0)
(1.53817 0.528785 0)
(1.00801 0.164181 0)
(0.810924 0.163029 0)
(0.641948 0.177614 0)
(0.502824 0.207441 0)
(0.398566 0.204011 0)
(0.324522 0.203193 0)
(0.263564 0.195995 0)
(0.21454 0.187445 0)
(0.169183 0.178377 0)
(0.129387 0.170154 0)
(0.0903567 0.16404 0)
(0.0538991 0.159777 0)
(0.0174634 0.156518 0)
(1.69861 0.181084 0)
(1.88094 0.593294 0)
(1.98583 1.16824 0)
(1.91308 1.13027 0)
(2.1662 1.18551 0)
(1.99752 1.08394 0)
(1.23814 0.471174 0)
(0.903385 0.305849 0)
(0.661383 0.285832 0)
(0.490454 0.266869 0)
(0.392454 0.252616 0)
(0.30963 0.234936 0)
(0.252316 0.222402 0)
(0.202972 0.208686 0)
(0.160631 0.197735 0)
(0.122091 0.18817 0)
(0.0853644 0.181194 0)
(0.0507983 0.176422 0)
(0.016481 0.172764 0)
(1.49942 -0.25483 0)
(1.7502 0.340954 0)
(1.61439 1.13607 0)
(1.44396 1.40117 0)
(1.83799 1.47849 0)
(1.7093 1.30894 0)
(1.12619 0.76768 0)
(0.862462 0.484835 0)
(0.624513 0.382192 0)
(0.465342 0.328861 0)
(0.370572 0.292887 0)
(0.294909 0.267305 0)
(0.2382 0.246772 0)
(0.191863 0.229988 0)
(0.150596 0.216001 0)
(0.11442 0.205038 0)
(0.0797088 0.196929 0)
(0.0474417 0.191597 0)
(0.0153481 0.187524 0)
(1.51962 -0.236194 0)
(1.52974 0.333586 0)
(1.41898 1.44274 0)
(1.03549 1.73347 0)
(1.016 1.4986 0)
(0.854716 1.20589 0)
(0.782798 0.877831 0)
(0.667402 0.602082 0)
(0.533391 0.466916 0)
(0.412889 0.386086 0)
(0.337564 0.331473 0)
(0.267248 0.297043 0)
(0.218169 0.269843 0)
(0.175094 0.249774 0)
(0.138047 0.233467 0)
(0.104846 0.221327 0)
(0.0731794 0.212221 0)
(0.0435668 0.206433 0)
(0.014096 0.201945 0)
(1.59698 -0.200752 0)
(1.26993 0.745803 0)
(0.873024 1.60836 0)
(0.49028 1.49132 0)
(0.443394 1.3765 0)
(0.477139 1.17692 0)
(0.581959 0.888727 0)
(0.50294 0.632615 0)
(0.43211 0.508786 0)
(0.342194 0.420503 0)
(0.290091 0.364193 0)
(0.239128 0.322815 0)
(0.195312 0.290538 0)
(0.158984 0.267277 0)
(0.124857 0.248601 0)
(0.0952207 0.235047 0)
(0.0662136 0.22508 0)
(0.0395393 0.218774 0)
(0.0126986 0.213967 0)
(0.988906 0.393313 0)
(0.502762 0.955822 0)
(0.2261 1.60073 0)
(-0.00924874 1.64648 0)
(0.0686726 1.3938 0)
(0.281808 1.11434 0)
(0.35187 0.866249 0)
(0.36167 0.671968 0)
(0.35275 0.544358 0)
(0.279776 0.452304 0)
(0.247334 0.379436 0)
(0.200577 0.341666 0)
(0.167961 0.306448 0)
(0.137233 0.28285 0)
(0.108897 0.26278 0)
(0.0835945 0.248874 0)
(0.0584341 0.238048 0)
(0.0349992 0.231529 0)
(0.0112524 0.22633 0)
(-0.305823 0.829013 0)
(-0.381429 1.34217 0)
(-0.376303 1.7279 0)
(-0.393456 1.55853 0)
(-0.185424 1.32556 0)
(0.0651655 1.01952 0)
(0.214065 0.832927 0)
(0.199383 0.633726 0)
(0.240468 0.552881 0)
(0.198895 0.466176 0)
(0.194427 0.403421 0)
(0.172933 0.359298 0)
(0.141947 0.320467 0)
(0.119552 0.294762 0)
(0.0940785 0.273308 0)
(0.0728646 0.258259 0)
(0.0504905 0.247203 0)
(0.0305373 0.240275 0)
(0.00960377 0.234965 0)
(-1.01751 0.783884 0)
(-0.911101 1.28297 0)
(-0.740078 1.61642 0)
(-0.537458 1.31866 0)
(-0.263244 1.15047 0)
(-0.0417561 0.951933 0)
(0.038174 0.789525 0)
(0.10876 0.647721 0)
(0.175936 0.543988 0)
(0.144834 0.474389 0)
(0.144236 0.391159 0)
(0.129069 0.366779 0)
(0.109389 0.32996 0)
(0.0948676 0.305394 0)
(0.0760156 0.283926 0)
(0.0601146 0.269506 0)
(0.0422011 0.257654 0)
(0.0256301 0.250895 0)
(0.00814601 0.24519 0)
(-1.12786 0.736949 0)
(-1.05131 1.01276 0)
(-0.754201 1.22345 0)
(-0.524223 1.04894 0)
(-0.340895 0.952391 0)
(-0.133019 0.835727 0)
(-0.0164791 0.69662 0)
(0.0327249 0.648808 0)
(0.081355 0.534913 0)
(0.056949 0.472984 0)
(0.104022 0.412503 0)
(0.109436 0.375685 0)
(0.086451 0.336275 0)
(0.0772941 0.310429 0)
(0.0611384 0.289169 0)
(0.0488212 0.273731 0)
(0.0334054 0.262716 0)
(0.0209305 0.255568 0)
(0.00618464 0.250062 0)
(-1.35166 0.55074 0)
(-1.32716 0.845503 0)
(-0.825213 0.972268 0)
(-0.537657 0.884655 0)
(-0.341479 0.824265 0)
(-0.162541 0.770781 0)
(-0.0618012 0.666761 0)
(-0.00840809 0.594694 0)
(0.0412235 0.512666 0)
(0.0408649 0.466188 0)
(0.0550716 0.43634 0)
(0.0644192 0.377461 0)
(0.0543853 0.342686 0)
(0.0543345 0.31711 0)
(0.0435479 0.296253 0)
(0.0367377 0.28275 0)
(0.0261887 0.270584 0)
(0.0162768 0.264156 0)
(0.00512473 0.258215 0)
(-1.17177 0.381794 0)
(-1.14373 0.733732 0)
(-0.742673 0.737837 0)
(-0.563811 0.783494 0)
(-0.372187 0.72532 0)
(-0.225552 0.682637 0)
(-0.140179 0.600485 0)
(-0.0670226 0.547668 0)
(-0.0166033 0.485479 0)
(0.0085958 0.452521 0)
(0.0291273 0.409108 0)
(0.03811 0.370311 0)
(0.037942 0.346675 0)
(0.0390283 0.32111 0)
(0.0326272 0.304515 0)
(0.0274589 0.289411 0)
(0.0178998 0.280281 0)
(0.0124376 0.27371 0)
(0.00295641 0.268323 0)
(-1.14075 0.330529 0)
(-1.02513 0.531344 0)
(-0.739639 0.564245 0)
(-0.543444 0.602855 0)
(-0.387056 0.600131 0)
(-0.265934 0.580395 0)
(-0.178854 0.541828 0)
(-0.105381 0.507193 0)
(-0.0429091 0.456534 0)
(-0.0134802 0.432968 0)
(-0.00222536 0.401389 0)
(0.0114736 0.366732 0)
(0.0143163 0.342479 0)
(0.0188336 0.321959 0)
(0.0171199 0.306354 0)
(0.0159695 0.296444 0)
(0.0123766 0.284622 0)
(0.00764983 0.278893 0)
(0.00230685 0.273026 0)
(-1.02357 0.351444 0)
(-0.898849 0.474954 0)
(-0.725203 0.446393 0)
(-0.533687 0.577779 0)
(-0.404017 0.607822 0)
(-0.294395 0.551928 0)
(-0.210644 0.513917 0)
(-0.147916 0.467112 0)
(-0.0781681 0.449592 0)
(-0.0503713 0.416964 0)
(-0.0302022 0.384513 0)
(-0.0155294 0.352766 0)
(-0.00406981 0.339291 0)
(0.00598299 0.319781 0)
(0.00829619 0.307242 0)
(0.00771503 0.295257 0)
(0.00258391 0.287336 0)
(0.00423097 0.282475 0)
(-0.000196774 0.276919 0)
(-0.940718 0.279629 0)
(-0.874951 0.426731 0)
(-0.63369 0.533958 0)
(-0.439364 0.500703 0)
(-0.414995 0.483815 0)
(-0.381131 0.494966 0)
(-0.2536 0.48823 0)
(-0.166867 0.470487 0)
(-0.0927726 0.45626 0)
(-0.0845564 0.395144 0)
(-0.0605101 0.371707 0)
(-0.0312276 0.347215 0)
(-0.0168131 0.331987 0)
(-0.0103795 0.313926 0)
(-0.005292 0.305033 0)
(-0.00220797 0.291425 0)
(-0.000973326 0.288377 0)
(0.000234934 0.281284 0)
(-0.000591306 0.277426 0)
(-0.733328 0.341957 0)
(-0.657091 0.391434 0)
(-0.66057 0.500592 0)
(-0.63095 0.368777 0)
(-0.380697 0.390541 0)
(-0.299559 0.48107 0)
(-0.230104 0.432577 0)
(-0.167814 0.445399 0)
(-0.142244 0.396415 0)
(-0.133094 0.364882 0)
(-0.0761532 0.346926 0)
(-0.0519732 0.341457 0)
(-0.0318178 0.323256 0)
(-0.0206849 0.312521 0)
(-0.0113263 0.302822 0)
(-0.0100004 0.293411 0)
(-0.00494581 0.286884 0)
(-0.00313115 0.28234 0)
(-0.00142752 0.277256 0)
(-0.75309 0.270624 0)
(-0.756001 0.269199 0)
(-0.647866 0.270868 0)
(-0.48939 0.381231 0)
(-0.324353 0.423682 0)
(-0.334912 0.37992 0)
(-0.293227 0.383876 0)
(-0.203567 0.410162 0)
(-0.158946 0.343062 0)
(-0.123727 0.356262 0)
(-0.0847565 0.343008 0)
(-0.0526901 0.330491 0)
(-0.0452105 0.318147 0)
(-0.0286092 0.306909 0)
(-0.0219743 0.295618 0)
(-0.0155988 0.286704 0)
(-0.0108937 0.284064 0)
(-0.00625538 0.279742 0)
(-0.00274952 0.27718 0)
(-0.656172 0.0963834 0)
(-0.659117 0.265916 0)
(-0.565775 0.289119 0)
(-0.503198 0.390552 0)
(-0.414007 0.347998 0)
(-0.311266 0.303645 0)
(-0.218724 0.355038 0)
(-0.212237 0.349817 0)
(-0.192471 0.319555 0)
(-0.126751 0.341333 0)
(-0.0997557 0.351276 0)
(-0.0715682 0.320012 0)
(-0.0542884 0.302483 0)
(-0.0378905 0.29949 0)
(-0.0301856 0.294813 0)
(-0.0183197 0.283729 0)
(-0.0120885 0.279792 0)
(-0.00741546 0.279345 0)
(-0.00179156 0.277446 0)
(-0.648503 0.166087 0)
(-0.605304 0.213005 0)
(-0.550009 0.237241 0)
(-0.477196 0.332997 0)
(-0.374007 0.317879 0)
(-0.322181 0.350999 0)
(-0.260417 0.322585 0)
(-0.244449 0.261092 0)
(-0.16279 0.327015 0)
(-0.104655 0.321473 0)
(-0.106793 0.325832 0)
(-0.0989069 0.310211 0)
(-0.0596208 0.305742 0)
(-0.0387446 0.300986 0)
(-0.0362142 0.285384 0)
(-0.029162 0.281171 0)
(-0.0141122 0.273671 0)
(-0.00545549 0.275999 0)
(-0.00174684 0.272387 0)
(-0.622343 0.102529 0)
(-0.573497 0.211931 0)
(-0.499229 0.227878 0)
(-0.437613 0.268307 0)
(-0.368616 0.267077 0)
(-0.319132 0.306951 0)
(-0.282137 0.303984 0)
(-0.208183 0.301235 0)
(-0.141388 0.325433 0)
(-0.13093 0.299204 0)
(-0.11009 0.271444 0)
(-0.0869918 0.299766 0)
(-0.0643414 0.306465 0)
(-0.0543087 0.282241 0)
(-0.0500596 0.268372 0)
(-0.0296234 0.27493 0)
(-0.0169503 0.272687 0)
(-0.00696531 0.268335 0)
(-0.00289854 0.263896 0)
(-0.546079 0.163463 0)
(-0.493365 0.155306 0)
(-0.485921 0.172337 0)
(-0.432746 0.267019 0)
(-0.34862 0.265227 0)
(-0.297221 0.27664 0)
(-0.260296 0.278332 0)
(-0.213609 0.306598 0)
(-0.162418 0.299533 0)
(-0.149817 0.279236 0)
(-0.106696 0.280043 0)
(-0.06902 0.275412 0)
(-0.0732837 0.280873 0)
(-0.0738322 0.252422 0)
(-0.0415807 0.27341 0)
(-0.025383 0.267318 0)
(-0.0203972 0.271255 0)
(-0.0100568 0.260503 0)
(-0.00340681 0.257548 0)
(-0.589306 0.207717 0)
(-0.539226 0.18926 0)
(-0.414844 0.237379 0)
(-0.366961 0.205386 0)
(-0.356515 0.208027 0)
(-0.306779 0.271203 0)
(-0.252261 0.272147 0)
(-0.196093 0.268816 0)
(-0.165807 0.276342 0)
(-0.146093 0.269705 0)
(-0.112155 0.291742 0)
(-0.0876998 0.266907 0)
(-0.0864498 0.258842 0)
(-0.0610365 0.261279 0)
(-0.0370541 0.269589 0)
(-0.0317308 0.260176 0)
(-0.0231777 0.260838 0)
(-0.0173561 0.256795 0)
(-0.00310057 0.253089 0)
(-0.454944 0.213251 0)
(-0.461683 0.308197 0)
(-0.503813 0.321843 0)
(-0.448473 0.261315 0)
(-0.291535 0.276592 0)
(-0.247468 0.224482 0)
(-0.262101 0.22032 0)
(-0.210917 0.245686 0)
(-0.163306 0.294007 0)
(-0.138084 0.25612 0)
(-0.113717 0.26881 0)
(-0.09902 0.258948 0)
(-0.0810785 0.265626 0)
(-0.0647517 0.263966 0)
(-0.0414784 0.256967 0)
(-0.0362652 0.252225 0)
(-0.022508 0.247516 0)
(-0.0142399 0.251822 0)
(-0.00420691 0.250517 0)
(-0.410272 0.143998 0)
(-0.463382 0.21459 0)
(-0.440745 0.313501 0)
(-0.400648 0.351129 0)
(-0.430874 0.378299 0)
(-0.353496 0.274962 0)
(-0.215585 0.298926 0)
(-0.134275 0.225325 0)
(-0.155164 0.231215 0)
(-0.170587 0.246081 0)
(-0.111333 0.280836 0)
(-0.0940487 0.248777 0)
(-0.0807013 0.250248 0)
(-0.0696964 0.243891 0)
(-0.0484186 0.250386 0)
(-0.0393168 0.257844 0)
(-0.0244436 0.252009 0)
(-0.0123513 0.250534 0)
(-0.00186082 0.251547 0)
(-0.384918 0.0859326 0)
(-0.32001 0.109216 0)
(-0.368428 0.231095 0)
(-0.388096 0.303961 0)
(-0.32823 0.313645 0)
(-0.311251 0.394221 0)
(-0.347495 0.413691 0)
(-0.271094 0.310382 0)
(-0.129317 0.287095 0)
(-0.0897079 0.224675 0)
(-0.11157 0.222007 0)
(-0.12627 0.246352 0)
(-0.0838364 0.263237 0)
(-0.063576 0.248543 0)
(-0.0314812 0.251079 0)
(-0.0341198 0.239698 0)
(-0.0292596 0.236018 0)
(-0.0122264 0.239958 0)
(-0.00101187 0.243995 0)
(-0.353701 0.109428 0)
(-0.340679 0.147804 0)
(-0.265557 0.124727 0)
(-0.307935 0.256259 0)
(-0.341413 0.307464 0)
(-0.274214 0.316845 0)
(-0.266568 0.359392 0)
(-0.238486 0.432159 0)
(-0.28631 0.416423 0)
(-0.225174 0.306346 0)
(-0.0808698 0.288269 0)
(-0.0536468 0.219462 0)
(-0.0778526 0.207821 0)
(-0.0805306 0.20529 0)
(-0.0555178 0.261133 0)
(-0.0530629 0.245091 0)
(-0.0236171 0.247478 0)
(-0.00299432 0.250567 0)
(0.00418639 0.243381 0)
(-0.306493 0.0960951 0)
(-0.282936 0.110723 0)
(-0.284597 0.158991 0)
(-0.207419 0.129304 0)
(-0.250224 0.259152 0)
(-0.278889 0.309003 0)
(-0.239917 0.373343 0)
(-0.234171 0.364676 0)
(-0.2107 0.378906 0)
(-0.194226 0.437739 0)
(-0.245809 0.42348 0)
(-0.195317 0.310913 0)
(-0.0734859 0.280757 0)
(-0.01232 0.261726 0)
(0.00512151 0.240417 0)
(-0.0468244 0.204136 0)
(-0.0240487 0.205859 0)
(-0.0138416 0.202534 0)
(-0.00495463 0.240919 0)
(-0.303407 0.0658356 0)
(-0.271881 0.121657 0)
(-0.240318 0.128192 0)
(-0.236847 0.166884 0)
(-0.199585 0.111908 0)
(-0.148417 0.289486 0)
(-0.22786 0.313477 0)
(-0.243462 0.376733 0)
(-0.216201 0.360119 0)
(-0.195319 0.379055 0)
(-0.165736 0.374717 0)
(-0.142819 0.440431 0)
(-0.17238 0.446663 0)
(-0.154911 0.413524 0)
(-0.0972464 0.314131 0)
(-0.0827962 0.280993 0)
(-0.0102367 0.284215 0)
(0.0364844 0.271774 0)
(0.0414414 0.232488 0)
(-0.311529 0.0902455 0)
(-0.233301 0.0846741 0)
(-0.238 0.134207 0)
(-0.229743 0.146196 0)
(-0.162081 0.185425 0)
(-0.126302 0.178569 0)
(-0.139201 0.223238 0)
(-0.193465 0.330043 0)
(-0.21534 0.356063 0)
(-0.186318 0.369109 0)
(-0.179129 0.365395 0)
(-0.148752 0.371225 0)
(-0.121692 0.374109 0)
(-0.0849055 0.408839 0)
(-0.0585374 0.417053 0)
(-0.0749741 0.455437 0)
(-0.0856532 0.448693 0)
(-0.104042 0.427356 0)
(-0.04 0.32436 0)
(-0.286643 0.117168 0)
(-0.233188 0.0947795 0)
(-0.1896 0.122114 0)
(-0.188826 0.119371 0)
(-0.171626 0.180273 0)
(-0.114813 0.174499 0)
(-0.0869136 0.182884 0)
(-0.119652 0.226818 0)
(-0.174983 0.323176 0)
(-0.191279 0.355106 0)
(-0.163474 0.340991 0)
(-0.149693 0.364704 0)
(-0.129445 0.362951 0)
(-0.106206 0.365381 0)
(-0.0836005 0.352582 0)
(-0.0691841 0.373121 0)
(-0.0395514 0.374698 0)
(-0.0219075 0.398315 0)
(0.0147322 0.429824 0)
(-0.220005 0.10418 0)
(-0.218099 0.139429 0)
(-0.217426 0.125185 0)
(-0.174437 0.145553 0)
(-0.122154 0.172673 0)
(-0.115055 0.199354 0)
(-0.080945 0.182106 0)
(-0.0613201 0.194022 0)
(-0.112591 0.235469 0)
(-0.162856 0.329722 0)
(-0.172818 0.343442 0)
(-0.130596 0.344646 0)
(-0.114007 0.349291 0)
(-0.0903923 0.358229 0)
(-0.0756114 0.360365 0)
(-0.0639711 0.379751 0)
(-0.0428634 0.376515 0)
(-0.0351248 0.372365 0)
(-0.00586142 0.362334 0)
(-0.196063 0.0796925 0)
(-0.20914 0.102883 0)
(-0.170794 0.0955752 0)
(-0.152576 0.177858 0)
(-0.12952 0.194942 0)
(-0.108547 0.166774 0)
(-0.0898067 0.191548 0)
(-0.0695741 0.204631 0)
(-0.0435019 0.196287 0)
(-0.0706829 0.215824 0)
(-0.150431 0.282133 0)
(-0.152096 0.305087 0)
(-0.115195 0.321322 0)
(-0.0945317 0.33603 0)
(-0.076788 0.342135 0)
(-0.0594762 0.358042 0)
(-0.0359275 0.360724 0)
(-0.0231574 0.365591 0)
(-0.00460005 0.366705 0)
(-0.178867 0.0517364 0)
(-0.206668 0.10628 0)
(-0.1632 0.114278 0)
(-0.095884 0.146981 0)
(-0.126999 0.140878 0)
(-0.112586 0.183226 0)
(-0.050094 0.188611 0)
(-0.0591362 0.207186 0)
(-0.075342 0.200141 0)
(-0.0792335 0.206901 0)
(-0.09236 0.283172 0)
(-0.0981848 0.311494 0)
(-0.0849096 0.304488 0)
(-0.0732692 0.32541 0)
(-0.0597426 0.330285 0)
(-0.0479469 0.34227 0)
(-0.0319371 0.344964 0)
(-0.0216278 0.347865 0)
(-0.00625813 0.347531 0)
(-0.147645 0.0742244 0)
(-0.144937 0.10197 0)
(-0.133529 0.15711 0)
(-0.123821 0.147734 0)
(-0.0996872 0.148315 0)
(-0.0635701 0.201247 0)
(-0.0653421 0.189006 0)
(-0.0619831 0.188335 0)
(-0.0467651 0.20375 0)
(-0.0169865 0.210828 0)
(-0.0601102 0.261178 0)
(-0.121538 0.279933 0)
(-0.102368 0.288618 0)
(-0.0740564 0.311661 0)
(-0.0577163 0.321571 0)
(-0.0429958 0.335353 0)
(-0.0280443 0.339996 0)
(-0.0180222 0.344381 0)
(-0.00596611 0.343675 0)
(-0.1299 0.0609921 0)
(-0.131702 0.0921603 0)
(-0.120385 0.116362 0)
(-0.0850696 0.140968 0)
(-0.0795595 0.167437 0)
(-0.0806043 0.145674 0)
(-0.0554499 0.143731 0)
(-0.0501363 0.190664 0)
(-0.0563912 0.208056 0)
(-0.0452369 0.206864 0)
(-0.0294666 0.185071 0)
(-0.0459655 0.220221 0)
(-0.0606574 0.26437 0)
(-0.0445436 0.285756 0)
(-0.0399128 0.299742 0)
(-0.0303692 0.311389 0)
(-0.0211647 0.318011 0)
(-0.0134278 0.323255 0)
(-0.0043768 0.322599 0)
(-0.0982911 0.0664678 0)
(-0.0988946 0.0939694 0)
(-0.0942523 0.10105 0)
(-0.0826551 0.122049 0)
(-0.0818623 0.154979 0)
(-0.093934 0.178363 0)
(-0.03121 0.169326 0)
(-0.00324062 0.19018 0)
(-0.0313476 0.199171 0)
(-0.0286544 0.209154 0)
(-0.0319887 0.221351 0)
(-0.0474556 0.242933 0)
(-0.0463005 0.280895 0)
(-0.0405372 0.293031 0)
(-0.0329162 0.309052 0)
(-0.0259779 0.320085 0)
(-0.0180826 0.327367 0)
(-0.0113966 0.332359 0)
(-0.0036482 0.331238 0)
(-0.0784465 0.0653365 0)
(-0.0968156 0.0895301 0)
(-0.0956481 0.113594 0)
(-0.0485329 0.140389 0)
(-0.0362758 0.173913 0)
(-0.0481659 0.202391 0)
(-0.0454034 0.238216 0)
(-0.0234194 0.206305 0)
(-0.0360068 0.213652 0)
(-0.0179974 0.220643 0)
(-0.00731682 0.217874 0)
(-0.00363533 0.237805 0)
(-0.0116354 0.259104 0)
(-0.0175591 0.266534 0)
(-0.0160569 0.278308 0)
(-0.0147083 0.286891 0)
(-0.0108049 0.29336 0)
(-0.00714079 0.297925 0)
(-0.00227186 0.296535 0)
(-0.0380383 0.0622677 0)
(-0.0625697 0.112198 0)
(-0.0375411 0.167658 0)
(-0.0192584 0.188062 0)
(-0.0373692 0.147658 0)
(-0.0437912 0.195159 0)
(-0.0231034 0.210864 0)
(-0.00872627 0.176399 0)
(-0.0189871 0.158651 0)
(-0.0193699 0.17805 0)
(-0.0160793 0.200482 0)
(-0.0138238 0.256697 0)
(-0.0206544 0.288656 0)
(-0.0242395 0.308916 0)
(-0.015797 0.323103 0)
(-0.0134997 0.333668 0)
(-0.00888514 0.340542 0)
(-0.00566574 0.345285 0)
(-0.00172403 0.343833 0)
(-0.00427174 0.0694946 0)
(0.00200923 0.0901342 0)
(-0.0272177 0.124943 0)
(-0.0598236 0.148704 0)
(-0.0159831 0.17664 0)
(0.00808213 0.182312 0)
(-0.0694838 0.208475 0)
(-0.0666531 0.227872 0)
(-0.0358966 0.244847 0)
(0.0165189 0.255189 0)
(0.0547273 0.247391 0)
(0.0791584 0.239374 0)
(0.0429368 0.224561 0)
(0.0161282 0.230413 0)
(0.00771298 0.232388 0)
(0.00186725 0.238449 0)
(0.00026226 0.241956 0)
(-0.000640082 0.245214 0)
(-0.000310644 0.243032 0)
)
;

boundaryField
{
    leftWall
    {
        type            fixedValue;
        value           uniform (0 0 0);
    }
    rightWall
    {
        type            fixedValue;
        value           uniform (0 0 0);
    }
    lowerWall
    {
        type            fixedValue;
        value           uniform (0 0 0);
    }
    atmosphere
    {
        type            pressureInletOutletVelocity;
        value           nonuniform List<vector> 
46
(
(0 -0.318559 0)
(0 -0.319609 0)
(0 -0.30747 0)
(0 -0.32591 0)
(0 -0.27414 0)
(0 -0.271199 0)
(0 -0.259151 0)
(0 -0.213533 0)
(0 -0.263957 0)
(0 -0.184816 0)
(0 -0.237063 0)
(0 -0.180841 0)
(0 -0.188678 0)
(0 -0.186161 0)
(0 -0.181638 0)
(0 -0.1521 0)
(0 -0.135908 0)
(0 -0.096222 0)
(0 -0.0707801 0)
(0 -0.05946 0)
(0 -0.0317097 0)
(0 -0.0218155 0)
(-0.0135409 0.00253305 0)
(-0.0191956 0.0136934 0)
(-0.0196774 0.0323132 0)
(-0.0216322 0.0349924 0)
(-0.0313518 0.0650874 0)
(-0.00427174 0.0694946 0)
(0.00200923 0.0901342 0)
(-0.0272177 0.124943 0)
(-0.0598236 0.148704 0)
(-0.0159831 0.17664 0)
(0.00808213 0.182312 0)
(-0.0694838 0.208475 0)
(-0.0666531 0.227872 0)
(-0.0358966 0.244847 0)
(0.0165189 0.255189 0)
(0.0547273 0.247391 0)
(0.0791584 0.239374 0)
(0.0429368 0.224561 0)
(0.0161282 0.230413 0)
(0.00771298 0.232388 0)
(0.00186725 0.238449 0)
(0.00026226 0.241956 0)
(-0.000640082 0.245214 0)
(-0.000310644 0.243032 0)
)
;
    }
    defaultFaces
    {
        type            empty;
    }
}


// ************************************************************************* //
