/*--------------------------------*- C++ -*----------------------------------*\
| =========                 |                                                 |
| \\      /  F ield         | foam-extend: Open Source CFD                    |
|  \\    /   O peration     | Version:     4.1                                |
|   \\  /    A nd           | Web:         http://www.foam-extend.org         |
|    \\/     M anipulation  |                                                 |
\*---------------------------------------------------------------------------*/
FoamFile
{
    version     2.0;
    format      ascii;
    class       surfaceScalarField;
    location    "0.2";
    object      phi;
}
// * * * * * * * * * * * * * * * * * * * * * * * * * * * * * * * * * * * * * //

dimensions      [0 3 -1 0 0 0 0];

internalField   nonuniform List<scalar> 
4432
(
4.01261e-06
-4.01261e-06
8.09873e-06
-4.08613e-06
1.26319e-05
-4.53314e-06
1.59647e-05
-3.33283e-06
2.11749e-05
-5.21018e-06
2.62341e-05
-5.05922e-06
3.04812e-05
-4.24704e-06
3.47161e-05
-4.23496e-06
3.77676e-05
-3.05147e-06
3.53263e-05
2.44126e-06
6.20653e-05
-2.6739e-05
6.9344e-05
-7.27867e-06
7.52674e-05
-5.92334e-06
8.03187e-05
-5.05132e-06
8.3062e-05
-2.74335e-06
8.36894e-05
-6.27319e-07
9.05053e-05
-6.81594e-06
8.59578e-05
4.54748e-06
8.09411e-05
5.01669e-06
6.2433e-05
1.85081e-05
5.20145e-05
1.04185e-05
3.39937e-05
1.80208e-05
3.39937e-05
4.0385e-06
-8.0511e-06
8.15352e-06
-8.20116e-06
1.27018e-05
-9.08138e-06
1.60142e-05
-6.64526e-06
2.14159e-05
-1.06118e-05
2.64651e-05
-1.01084e-05
3.05987e-05
-8.38065e-06
3.56465e-05
-9.28283e-06
3.82991e-05
-5.70403e-06
6.45087e-05
-2.37684e-05
6.40711e-05
-2.63014e-05
7.19191e-05
-1.51267e-05
7.76769e-05
-1.16812e-05
7.99099e-05
-7.28429e-06
7.99697e-05
-2.80318e-06
7.92342e-05
1.08191e-07
5.25422e-05
1.98761e-05
5.18606e-05
5.22902e-06
4.79664e-05
8.91097e-06
6.56755e-05
7.98918e-07
5.02672e-05
2.58269e-05
3.22902e-05
3.59978e-05
6.62839e-05
4.01215e-06
-1.20632e-05
8.10311e-06
-1.22921e-05
1.27348e-05
-1.3713e-05
1.58426e-05
-9.75305e-06
2.16738e-05
-1.64431e-05
2.63112e-05
-1.47459e-05
3.04824e-05
-1.25518e-05
3.65078e-05
-1.53083e-05
3.76428e-05
-6.83901e-06
6.13294e-05
-4.74549e-05
6.36559e-05
-2.8628e-05
7.04296e-05
-2.19003e-05
7.34935e-05
-1.47451e-05
7.63733e-05
-1.01641e-05
7.9573e-05
-6.00296e-06
8.11906e-05
-1.50942e-06
8.8132e-05
1.29348e-05
8.52878e-05
8.07326e-06
7.94286e-05
1.47702e-05
7.01972e-05
1.00303e-05
5.87805e-05
3.72436e-05
3.10476e-05
6.37307e-05
9.73315e-05
4.01837e-06
-1.60816e-05
8.13324e-06
-1.6407e-05
1.2728e-05
-1.83078e-05
1.64806e-05
-1.35057e-05
2.18198e-05
-2.17822e-05
2.56752e-05
-1.86013e-05
3.22011e-05
-1.90777e-05
3.53568e-05
-1.8464e-05
6.03696e-05
-3.18518e-05
5.77326e-05
-4.48179e-05
5.96816e-05
-3.0577e-05
6.52525e-05
-2.74712e-05
6.8085e-05
-1.75776e-05
7.25383e-05
-1.46174e-05
7.70472e-05
-1.05119e-05
8.01937e-05
-4.65592e-06
8.42843e-05
8.84421e-06
8.2102e-05
1.02555e-05
8.00246e-05
1.68476e-05
7.35538e-05
1.65011e-05
5.87196e-05
5.20777e-05
3.11807e-05
9.12695e-05
0.000128512
3.96568e-06
-2.00473e-05
8.09996e-06
-2.05413e-05
1.27181e-05
-2.2926e-05
1.68398e-05
-1.76273e-05
2.17038e-05
-2.66462e-05
2.54638e-05
-2.23613e-05
3.1973e-05
-2.5587e-05
3.36593e-05
-2.01502e-05
5.38152e-05
-5.20078e-05
5.27896e-05
-4.37923e-05
5.54577e-05
-3.32451e-05
6.20588e-05
-3.40723e-05
6.60604e-05
-2.15791e-05
7.2103e-05
-2.06601e-05
7.73737e-05
-1.57825e-05
8.1492e-05
-8.77421e-06
8.49491e-05
5.38715e-06
7.9786e-05
1.54186e-05
7.72806e-05
1.93529e-05
7.858e-05
1.52018e-05
6.10701e-05
6.95876e-05
3.34407e-05
0.000118899
0.000161953
3.98005e-06
-2.40273e-05
8.18948e-06
-2.47507e-05
1.27577e-05
-2.74942e-05
1.69639e-05
-2.18336e-05
2.16423e-05
-3.13246e-05
2.68794e-05
-2.75984e-05
2.91864e-05
-2.7894e-05
4.78775e-05
-3.88413e-05
4.5258e-05
-4.93883e-05
4.94674e-05
-4.80016e-05
5.4141e-05
-3.79187e-05
6.1656e-05
-4.15873e-05
6.75471e-05
-2.74703e-05
7.37521e-05
-2.6865e-05
8.05912e-05
-2.26217e-05
8.54329e-05
-1.36159e-05
8.83808e-05
2.43927e-06
8.39673e-05
1.98321e-05
8.10239e-05
2.22963e-05
5.11963e-05
4.50295e-05
7.93933e-05
4.13905e-05
3.56315e-05
0.000162661
0.000197584
3.88819e-06
-2.79155e-05
8.21741e-06
-2.908e-05
1.27257e-05
-3.20025e-05
1.68619e-05
-2.59697e-05
2.18011e-05
-3.62638e-05
2.39154e-05
-2.97127e-05
2.44764e-05
-2.8455e-05
4.1249e-05
-5.56139e-05
4.29171e-05
-5.10564e-05
4.81538e-05
-5.32383e-05
5.47327e-05
-4.44976e-05
6.35989e-05
-5.04534e-05
6.89502e-05
-3.28215e-05
7.59971e-05
-3.3912e-05
8.48208e-05
-3.14454e-05
8.85002e-05
-1.72952e-05
9.10667e-05
-1.27212e-07
9.049e-05
2.04088e-05
8.54666e-05
2.73197e-05
0.000100334
3.01625e-05
4.87386e-05
9.29854e-05
4.06206e-05
0.000170779
0.000238205
3.96271e-06
-3.18782e-05
8.36079e-06
-3.3478e-05
1.24955e-05
-3.61372e-05
1.63094e-05
-2.97837e-05
2.08145e-05
-4.07689e-05
2.09563e-05
-2.98545e-05
3.78534e-05
-4.53521e-05
3.90599e-05
-5.68204e-05
4.26573e-05
-5.46538e-05
4.85137e-05
-5.90947e-05
5.62948e-05
-5.22787e-05
6.5145e-05
-5.93037e-05
6.96449e-05
-3.73214e-05
7.84757e-05
-4.27427e-05
8.69075e-05
-3.98773e-05
8.95073e-05
-1.9895e-05
9.25798e-05
-3.19979e-06
9.28029e-05
2.01857e-05
9.05817e-05
2.95409e-05
6.0955e-05
5.97892e-05
0.000107406
4.65342e-05
7.68102e-05
0.000201375
0.000315015
1.01449e-06
-1.01449e-06
3.83528e-06
-2.82098e-06
6.46178e-07
3.18925e-06
-3.56959e-06
4.21577e-06
-5.41499e-06
1.84538e-06
-6.06755e-06
6.52568e-07
-6.08963e-06
2.21234e-08
-5.51045e-06
-5.79077e-07
-4.05726e-06
-1.4533e-06
-2.03747e-06
-2.01969e-06
1.61348e-07
-2.19899e-06
2.00158e-06
-1.84023e-06
3.48811e-06
-1.48652e-06
4.25995e-06
-7.71844e-07
3.38542e-06
8.74549e-07
4.52817e-06
-1.14267e-06
2.4095e-06
2.11865e-06
1.2946e-06
1.11494e-06
1.2947e-06
9.14201e-07
-1.92849e-06
2.79362e-06
-4.70058e-06
-8.52787e-07
6.8357e-06
-5.8477e-06
9.21074e-06
-7.73679e-06
3.73451e-06
-8.2532e-06
1.16905e-06
-7.91764e-06
-3.13499e-07
-7.02966e-06
-1.4669e-06
-5.29735e-06
-3.18593e-06
-2.89981e-06
-4.41708e-06
-9.21338e-07
-4.17751e-06
3.23365e-07
-3.08496e-06
8.02045e-07
-1.96519e-06
1.98492e-06
-1.95462e-06
2.85805e-06
1.41605e-09
2.41104e-06
-6.95569e-07
2.1665e-06
2.36327e-06
1.16765e-06
2.11385e-06
2.4624e-06
9.48959e-07
-2.87731e-06
2.81463e-06
-6.56631e-06
-1.45186e-06
1.11022e-05
-6.03371e-06
1.37926e-05
-8.0004e-06
5.70121e-06
-8.85142e-06
2.02011e-06
-8.33756e-06
-8.27537e-07
-7.13917e-06
-2.66502e-06
-5.74608e-06
-4.57921e-06
-3.83556e-06
-6.32755e-06
-1.44233e-06
-6.5708e-06
5.08786e-07
-5.03606e-06
1.88284e-06
-3.33925e-06
2.43878e-06
-2.51052e-06
3.08866e-06
-6.48473e-07
2.57414e-06
-1.80988e-07
2.16419e-06
2.77325e-06
1.17926e-06
3.09879e-06
3.64168e-06
5.34838e-07
-3.4121e-06
2.86991e-06
-8.90138e-06
-1.71591e-06
1.56879e-05
-7.24757e-06
1.93243e-05
-8.25562e-06
6.70923e-06
-9.13667e-06
2.90124e-06
-8.75352e-06
-1.21088e-06
-7.38925e-06
-4.02911e-06
-6.06617e-06
-5.90246e-06
-4.25207e-06
-8.14159e-06
-2.17287e-06
-8.65003e-06
7.95251e-07
-8.00418e-06
1.51862e-06
-4.06263e-06
2.63129e-06
-3.62313e-06
3.21789e-06
-1.23509e-06
2.75156e-06
2.85381e-07
2.22905e-06
3.29579e-06
1.21661e-06
4.11121e-06
4.85829e-06
-1.01476e-06
-2.39734e-06
1.79861e-06
-1.17147e-05
-2.87978e-06
2.03662e-05
-8.66007e-06
2.51046e-05
-1.03094e-05
8.35848e-06
-1.10295e-05
3.62142e-06
-1.03053e-05
-1.93521e-06
-8.1028e-06
-6.2315e-06
-5.71635e-06
-8.28906e-06
-4.70963e-06
-9.14825e-06
-9.58573e-07
-1.24011e-05
6.20953e-07
-9.5837e-06
2.76529e-06
-6.20694e-06
2.97359e-06
-3.83135e-06
3.46267e-06
-1.72412e-06
2.93463e-06
8.13468e-07
2.33803e-06
3.89242e-06
1.26175e-06
5.18744e-06
6.12003e-06
3.18401e-06
-5.58145e-06
4.97932e-06
-1.35099e-05
-3.05116e-06
2.83965e-05
-1.02221e-05
3.22756e-05
-1.24665e-05
1.0603e-05
-1.30678e-05
4.22272e-06
-1.13794e-05
-3.62366e-06
-8.53533e-06
-9.07547e-06
-7.26428e-06
-9.56022e-06
-2.23202e-06
-1.41805e-05
-5.55571e-07
-1.40775e-05
9.98394e-07
-1.11376e-05
2.01187e-06
-7.22037e-06
3.23741e-06
-5.05676e-06
3.57107e-06
-2.05772e-06
3.22818e-06
1.1564e-06
2.46871e-06
4.65192e-06
1.33107e-06
6.32504e-06
7.4511e-06
2.04226e-06
-7.62388e-06
5.50844e-06
-1.69759e-05
-4.09194e-06
3.79968e-05
-5.83144e-06
3.40151e-05
-1.37713e-05
1.85427e-05
-1.48216e-05
5.2731e-06
-1.39447e-05
-4.50064e-06
-1.30018e-05
-1.00183e-05
-4.79498e-06
-1.77671e-05
-1.93543e-06
-1.704e-05
1.94181e-07
-1.62071e-05
1.40104e-06
-1.23444e-05
2.35638e-06
-8.17568e-06
3.47697e-06
-6.17725e-06
3.85347e-06
-2.43417e-06
3.46184e-06
1.54805e-06
2.63449e-06
5.47931e-06
1.41345e-06
7.54607e-06
8.86457e-06
1.64944e-06
-9.2735e-06
5.73743e-06
-2.10639e-05
3.56667e-07
4.33773e-05
-7.49318e-06
4.18649e-05
-9.4736e-06
2.0523e-05
-9.50791e-06
5.30744e-06
-7.65739e-06
-6.35126e-06
-5.0125e-06
-1.26632e-05
-3.57695e-06
-1.92027e-05
-6.14538e-06
-1.44716e-05
-6.9651e-07
-2.1656e-05
1.1766e-06
-1.42175e-05
4.25684e-06
-1.12559e-05
3.89283e-06
-5.8132e-06
4.21188e-06
-2.75318e-06
3.84211e-06
1.91784e-06
2.83061e-06
6.49083e-06
1.52462e-06
8.8521e-06
1.03892e-05
8.03429e-06
-3.99125e-05
1.70294e-05
-4.24732e-05
2.31205e-05
-4.22282e-05
3.2837e-05
-3.95002e-05
3.78408e-05
-4.57727e-05
6.38354e-05
-5.58491e-05
7.47714e-05
-5.62881e-05
8.0366e-05
-6.24149e-05
8.9742e-05
-6.40299e-05
0.000103448
-7.28011e-05
0.00012584
-7.46706e-05
0.000149434
-8.2897e-05
0.000149166
-3.70541e-05
0.000167954
-6.15306e-05
0.000181519
-5.34419e-05
0.000192752
-3.11282e-05
0.000202298
-1.27459e-05
0.000213225
9.25846e-06
0.000221954
2.08125e-05
0.000245789
3.59539e-05
0.000191157
0.000101166
0.000275001
0.000117531
0.000334731
0.000255286
7.33991e-06
-4.72524e-05
1.62243e-05
-5.13576e-05
2.23968e-05
-4.84008e-05
4.224e-05
-5.93433e-05
5.14121e-05
-5.49448e-05
5.93163e-05
-6.37533e-05
6.75109e-05
-6.44827e-05
7.40058e-05
-6.89098e-05
8.65941e-05
-7.66181e-05
0.00010088
-8.70867e-05
0.000123793
-9.7584e-05
0.000147537
-0.000106641
0.000156442
-4.59598e-05
0.000177911
-8.2999e-05
0.000198239
-7.377e-05
0.000218797
-5.16864e-05
0.000243692
-3.76404e-05
0.000252952
-2.43177e-09
0.000248583
2.51819e-05
0.000187697
9.68402e-05
0.000248288
4.05748e-05
0.000266812
9.90072e-05
0.000207065
0.000394477
1.05992e-05
-5.78516e-05
2.05777e-05
-6.13361e-05
3.1625e-05
-5.9448e-05
3.92467e-05
-6.6965e-05
4.83119e-05
-6.401e-05
5.50038e-05
-7.04452e-05
6.39924e-05
-7.34713e-05
7.27321e-05
-7.76496e-05
8.25264e-05
-8.64124e-05
9.39086e-05
-9.84689e-05
0.000121795
-0.000125471
0.000149521
-0.000134366
0.000158712
-5.51512e-05
0.000188541
-0.000112827
0.000217057
-0.000102286
0.000257945
-9.25744e-05
0.000287079
-6.6775e-05
0.000299232
-1.21546e-05
0.000315287
9.12621e-06
0.000336249
7.5878e-05
0.00027616
0.000100664
0.000254021
0.000121146
0.000184549
0.000276537
1.07932e-05
-6.86448e-05
2.07344e-05
-7.12773e-05
3.05491e-05
-6.92627e-05
3.71787e-05
-7.35946e-05
4.58532e-05
-7.26845e-05
5.32979e-05
-7.78899e-05
5.809e-05
-7.82635e-05
6.29369e-05
-8.24964e-05
6.77278e-05
-9.12034e-05
8.12856e-05
-0.000112027
0.000116552
-0.000160737
0.00014482
-0.000162635
0.000162006
-7.23365e-05
0.00020424
-0.000155061
0.000252225
-0.000150271
0.000294782
-0.000135131
0.000317941
-8.99347e-05
0.000330866
-2.5079e-05
0.000343976
-3.98344e-06
0.000363422
5.64317e-05
0.000413307
5.07786e-05
0.000412757
0.000121697
0.000150336
0.00044697
9.66771e-06
-7.83125e-05
1.81173e-05
-7.97269e-05
2.71211e-05
-7.82665e-05
3.47448e-05
-8.12183e-05
4.24411e-05
-8.03808e-05
4.66252e-05
-8.20741e-05
4.94316e-05
-8.10698e-05
5.23977e-05
-8.54624e-05
5.31506e-05
-9.19563e-05
7.21369e-05
-0.000131013
0.000116743
-0.000205343
0.000145518
-0.000191411
0.000180182
-0.000107
0.000227535
-0.000202415
0.00026664
-0.000189376
0.000293754
-0.000162245
0.000308202
-0.000104383
0.000321975
-3.88524e-05
0.000306742
1.125e-05
0.000308505
5.46683e-05
0.000223559
0.000135725
0.000232784
0.000112471
4.49656e-05
0.000338155
9.37898e-06
-8.76915e-05
1.81584e-05
-8.85063e-05
2.71668e-05
-8.72748e-05
3.39742e-05
-8.80257e-05
3.97436e-05
-8.61502e-05
4.27402e-05
-8.50707e-05
4.29938e-05
-8.13234e-05
4.03898e-05
-8.28584e-05
3.70092e-05
-8.85758e-05
7.78188e-05
-0.000171823
0.000122762
-0.000250286
0.000151124
-0.000219772
0.000188785
-0.000144662
0.000221728
-0.000235357
0.000215426
-0.000183075
0.000177749
-0.000124567
0.000149073
-7.57062e-05
0.000109344
8.76095e-07
0.000133219
-1.26249e-05
0.000155013
3.28748e-05
0.000222045
6.86924e-05
0.00031453
1.99861e-05
6.34699e-05
0.000296026
9.20829e-06
-9.68998e-05
1.76935e-05
-9.69916e-05
2.58984e-05
-9.54797e-05
3.30698e-05
-9.51971e-05
3.84672e-05
-9.15477e-05
4.05712e-05
-8.71747e-05
3.61238e-05
-7.68759e-05
2.69456e-05
-7.36803e-05
3.21314e-05
-9.37615e-05
8.43251e-05
-0.000224016
0.000116765
-0.000282726
0.000136012
-0.00023902
0.000152308
-0.000160958
0.000100509
-0.000183558
4.98296e-05
-0.000132395
4.14904e-05
-0.000116228
7.32687e-05
-0.000107485
0.000101709
-2.75645e-05
0.000135662
-4.65771e-05
0.000248521
-7.9985e-05
0.00028328
3.39336e-05
0.000293945
9.32091e-06
4.75004e-05
0.000309915
9.54387e-06
-0.000106444
1.85906e-05
-0.000106038
2.79768e-05
-0.000104866
3.49748e-05
-0.000102195
4.10141e-05
-9.7587e-05
4.27468e-05
-8.89074e-05
3.36716e-05
-6.78008e-05
1.90793e-05
-5.90879e-05
3.15528e-05
-0.000106235
5.37447e-05
-0.000246208
6.41478e-05
-0.000293129
5.56269e-05
-0.000230499
4.18657e-05
-0.000147197
-3.14656e-06
-0.000138546
-2.02653e-05
-0.000115277
-1.26832e-05
-0.00012381
1.03455e-05
-0.000130513
7.72973e-05
-9.45164e-05
9.60255e-05
-6.53053e-05
8.93321e-05
-7.32915e-05
0.000153301
-3.0035e-05
0.000189977
-2.73559e-05
-3.18538e-05
0.000269332
1.01514e-05
-0.000116595
2.13934e-05
-0.00011728
3.03618e-05
-0.000113834
3.75485e-05
-0.000109382
4.27455e-05
-0.000102784
4.23263e-05
-8.84882e-05
3.09044e-05
-5.63789e-05
1.37766e-05
-4.19601e-05
1.0382e-05
-0.000102841
3.62555e-05
-0.000272082
5.3519e-05
-0.000310392
1.31317e-05
-0.000190112
-8.10714e-06
-0.000125958
-2.39507e-05
-0.000122702
-1.53195e-05
-0.000123908
-2.89689e-05
-0.000110161
-5.53417e-07
-0.000158929
2.08338e-05
-0.000115904
6.2526e-05
-0.000106998
6.42207e-05
-7.49864e-05
8.08286e-05
-4.6643e-05
0.000115375
-6.19018e-05
-4.41256e-05
0.000127646
7.10428e-06
-0.000123699
1.27268e-05
-0.000122903
1.7515e-05
-0.000118623
2.17376e-05
-0.000113604
2.52369e-05
-0.000106283
2.82731e-05
-9.15244e-05
2.9677e-05
-5.77828e-05
2.63438e-05
-3.86269e-05
1.27246e-05
-8.92213e-05
3.32261e-05
-0.000292583
4.39368e-05
-0.000321103
1.05496e-05
-0.000156724
-5.22884e-06
-0.000110179
-1.92213e-05
-0.00010871
-3.80264e-05
-0.000105103
-1.67312e-05
-0.000131456
3.56979e-05
-0.000211358
5.10115e-05
-0.000131217
3.1398e-05
-8.7384e-05
4.51319e-05
-8.87202e-05
0.000113083
-0.000114594
9.97372e-05
-4.85566e-05
-0.000103371
0.000158982
-5.94474e-07
-0.000123105
-8.1308e-07
-0.000122684
-8.11328e-07
-0.000118624
9.43493e-08
-0.00011451
2.94663e-06
-0.000109136
1.32152e-05
-0.000101793
4.32218e-05
-8.77894e-05
7.86684e-05
-7.40735e-05
7.94235e-05
-8.99764e-05
2.21736e-06
-0.000215377
-6.55136e-05
-0.000253372
-3.2264e-05
-0.000189974
-1.32656e-05
-0.000129178
-9.59447e-06
-0.000112381
2.1215e-05
-0.000135912
2.79124e-05
-0.000138154
3.67526e-05
-0.000220198
4.10033e-05
-0.000135468
4.27697e-05
-8.91504e-05
0.000115684
-0.000161635
0.000115042
-0.000113952
0.000200449
-0.000133963
-0.000111023
0.000208101
-9.44002e-07
-0.000122161
-1.45079e-06
-0.000122177
-1.58486e-06
-0.00011849
-1.33829e-06
-0.000114757
4.92317e-07
-0.000110966
1.11224e-05
-0.000112423
2.57502e-05
-0.000102417
4.23278e-05
-9.06511e-05
4.58503e-05
-9.3499e-05
9.10753e-06
-0.000178634
-1.53606e-05
-0.000228904
6.26749e-06
-0.000211602
1.14059e-05
-0.000134316
5.25364e-05
-0.000153512
7.28777e-05
-0.000156254
9.90081e-05
-0.000164284
3.86635e-05
-0.000159854
1.34854e-05
-0.00011029
8.80317e-05
-0.000163697
9.58097e-05
-0.000169413
0.000152846
-0.000170988
0.000172964
-0.000154082
-8.72382e-05
0.00014918
3.83706e-07
-0.000122545
-1.00374e-06
-0.00012079
-2.50485e-06
-0.000116989
-3.74845e-06
-0.000113513
3.20262e-07
-0.000115035
3.01609e-05
-0.000142264
6.4107e-05
-0.000136363
6.30928e-05
-8.96369e-05
7.48246e-05
-0.000105231
3.11606e-05
-0.00013497
-3.16105e-08
-0.000197712
3.53198e-05
-0.000246953
2.63143e-05
-0.000125311
3.07312e-05
-0.000157929
3.64768e-05
-0.000161999
0.000107996
-0.000235803
9.12189e-05
-0.000143077
0.000120483
-0.000139554
6.34922e-05
-0.000106706
9.15027e-05
-0.000197424
9.93024e-05
-0.000178788
9.97523e-05
-0.000154532
-0.000146494
0.000159008
1.1916e-05
-0.000134461
1.29828e-05
-0.000121857
2.13184e-05
-0.000125325
1.83403e-05
-0.000110535
1.31744e-05
-0.000109869
7.88075e-05
-0.000207897
7.29473e-05
-0.000130503
0.000119117
-0.000135807
0.000111751
-9.78648e-05
8.11287e-05
-0.000104348
4.79071e-05
-0.00016449
7.86817e-06
-0.000206915
3.66239e-05
-0.000154067
6.5961e-05
-0.000187266
6.57949e-05
-0.000161833
8.59266e-05
-0.000255935
8.48646e-05
-0.000142015
9.59598e-05
-0.000150649
0.00013987
-0.000150616
0.000175945
-0.000233499
0.00019059
-0.000193433
0.000185501
-0.000149443
-0.000102771
0.000141778
7.61365e-06
-0.000142074
2.61303e-05
-0.000140374
4.22988e-05
-0.000141493
7.16747e-05
-0.000139911
0.000101984
-0.000140178
4.92459e-05
-0.000155159
6.37619e-05
-0.000145019
7.59118e-05
-0.000147957
0.000125867
-0.00014782
0.000137391
-0.000115872
0.000107321
-0.00013442
6.55438e-05
-0.000165137
9.69854e-05
-0.000185508
0.00010189
-0.00019217
0.00011556
-0.000175504
4.19806e-05
-0.000182355
0.000126658
-0.000226693
0.000102965
-0.000126956
0.000109324
-0.000156975
0.000122328
-0.000246503
0.000121803
-0.000192908
0.000120052
-0.000147692
-0.000190195
0.000207477
1.59015e-05
-0.000157976
3.49459e-05
-0.000159418
5.11548e-05
-0.000157702
6.44502e-05
-0.000153206
7.84684e-05
-0.000154196
8.5005e-05
-0.000161696
9.32764e-05
-0.000153291
9.62072e-05
-0.000150888
0.000103812
-0.000155425
0.000133198
-0.000145259
0.000137588
-0.00013881
0.000126015
-0.000153564
0.000118976
-0.00017847
0.000112357
-0.000185552
0.000116347
-0.000179494
9.17663e-05
-0.000157774
0.00012337
-0.000258297
0.000118816
-0.000122402
0.000186414
-0.000224574
0.000146647
-0.000206736
0.000149064
-0.000195325
0.000203379
-0.000202008
-0.00018167
0.000194854
4.88774e-05
-0.000206853
4.66596e-05
-0.000157201
4.82365e-05
-0.000159279
5.61004e-05
-0.00016107
6.79237e-05
-0.000166019
6.98197e-05
-0.000163592
7.42598e-05
-0.000157731
8.01852e-05
-0.000156813
8.26875e-05
-0.000157927
9.00085e-05
-0.00015258
0.000102943
-0.000151745
0.000107587
-0.000158208
9.91889e-05
-0.000170071
7.28221e-05
-0.000159185
0.000168565
-0.000275236
0.000173321
-0.00016253
0.000116544
-0.00020152
0.000160339
-0.000166197
0.000208705
-0.00027294
0.000236759
-0.000234789
0.00024287
-0.000201436
0.000224565
-0.000183702
-0.000186999
0.000229894
-1.46903e-05
-0.000192163
2.7935e-05
-0.000199826
7.03201e-05
-0.000201664
6.02051e-05
-0.000150955
4.73751e-05
-0.000153189
4.49837e-05
-0.0001612
6.12083e-05
-0.000173955
5.91522e-05
-0.000154757
6.7147e-05
-0.000165922
6.81885e-05
-0.000153621
7.55426e-05
-0.000159099
8.07733e-05
-0.000163439
6.70697e-05
-0.000156368
7.55977e-05
-0.000167713
0.000109697
-0.000309335
0.000116315
-0.000169148
8.99834e-05
-0.000175189
0.000192123
-0.000268337
0.000152588
-0.000233405
0.000157495
-0.000239696
0.000182006
-0.000225947
0.000252603
-0.000254299
-0.00020458
0.000270183
5.70949e-07
-0.000192734
7.01947e-06
-0.000206275
1.47254e-05
-0.00020937
4.45321e-07
-0.000136675
6.21293e-05
-0.000214873
3.59e-05
-0.000134971
2.07385e-05
-0.000158794
8.15559e-05
-0.000215574
5.64846e-05
-0.000140851
6.28175e-05
-0.000159954
6.99581e-05
-0.00016624
5.80646e-05
-0.000151545
8.17716e-05
-0.000180075
9.01818e-05
-0.000176123
6.82436e-05
-0.000287397
0.000151874
-0.000252778
0.000212422
-0.000235737
0.000213015
-0.00026893
0.000238245
-0.000258635
0.000253222
-0.000254673
0.000260468
-0.000233193
0.000188806
-0.000182637
-0.000200675
0.000184901
-5.88211e-06
-0.000186852
-1.55873e-06
-0.000210598
-5.4782e-07
-0.000210381
2.16145e-05
-0.000158838
1.20788e-05
-0.000205338
5.9404e-05
-0.000182296
2.99318e-05
-0.000129322
1.6797e-05
-0.00020244
6.12411e-05
-0.000185295
5.09761e-05
-0.000149689
2.51153e-05
-0.000140379
7.63805e-05
-0.00020281
4.65613e-05
-0.000150256
0.000131135
-0.000260697
9.80224e-05
-0.000254285
0.000101295
-0.000256051
0.000119275
-0.000253717
0.000127906
-0.000277561
0.000143552
-0.000274281
0.00015917
-0.000270292
0.000179717
-0.00025374
0.000201185
-0.000204105
-0.000264755
0.000265265
-2.69069e-06
-0.000184161
4.20451e-06
-0.000217493
2.47729e-06
-0.000208654
3.81834e-06
-0.000160179
4.28237e-08
-0.000201562
1.49467e-06
-0.000183748
4.03239e-05
-0.000168151
2.35639e-05
-0.00018568
3.71283e-06
-0.000165444
5.62873e-05
-0.000202264
8.07973e-05
-0.000164889
4.20774e-05
-0.000164091
9.3379e-05
-0.000201557
8.50356e-05
-0.000252353
9.1725e-05
-0.000260974
0.000100916
-0.000265242
0.000120873
-0.000273674
0.000130535
-0.000287223
0.000152898
-0.000296643
0.00019169
-0.000309084
0.000176917
-0.000238967
0.000189361
-0.000216549
-0.000268645
0.000193251
-3.38499e-05
-0.000150312
-2.43395e-06
-0.000248909
1.37711e-05
-0.000224859
-8.33633e-06
-0.000138071
3.20906e-06
-0.000213108
3.6819e-06
-0.000184221
2.11062e-05
-0.000185576
1.4059e-05
-0.000178633
2.32514e-05
-0.000174637
3.23735e-05
-0.000211386
3.96708e-05
-0.000172186
6.60226e-05
-0.000190442
8.7166e-05
-0.000222701
0.000127301
-0.000292488
0.000150795
-0.000284468
0.000173092
-0.00028754
0.000192698
-0.00029328
0.000196891
-0.000291416
0.000194704
-0.000294456
0.000188692
-0.000303072
0.000204278
-0.000254553
0.000309725
-0.000321997
-0.000227159
0.00026824
3.79298e-05
-0.000188241
5.99058e-07
-0.000211579
-1.86438e-05
-0.000205616
2.60708e-05
-0.000182786
1.46488e-05
-0.000201686
1.99305e-05
-0.000189503
1.60726e-05
-0.000181718
1.0844e-05
-0.000173404
3.6717e-06
-0.000167464
6.7379e-05
-0.000275093
4.82267e-05
-0.000153034
1.21635e-05
-0.000154379
5.53918e-05
-0.000265929
6.82567e-05
-0.000305353
9.47709e-05
-0.000310982
0.000123345
-0.000316114
0.000118511
-0.000288446
0.000146625
-0.00031953
0.000236758
-0.00038459
0.000257132
-0.000323446
0.000175273
-0.000172694
0.00022083
-0.000367553
-0.000200677
0.000194347
6.09949e-06
-0.000194341
2.49687e-06
-0.000207976
2.18848e-06
-0.000205308
1.23875e-05
-0.000192985
1.22693e-05
-0.000201567
1.579e-05
-0.000193024
2.47145e-05
-0.000190642
3.98082e-05
-0.000188498
7.07018e-05
-0.000198358
1.87123e-05
-0.000223104
5.40041e-05
-0.000188326
9.20666e-05
-0.000192442
4.34669e-05
-0.00021733
9.3654e-05
-0.00035554
0.000157191
-0.00037452
8.98332e-05
-0.000248755
0.000157924
-0.000356537
0.000198254
-0.00035986
0.000231162
-0.000417498
0.000175593
-0.000267876
0.000267782
-0.000264883
0.00015171
-0.000251482
-0.000219901
0.000170935
6.22965e-06
-0.000200571
4.89815e-06
-0.000206644
4.02961e-06
-0.000204439
1.21302e-05
-0.000201086
1.11719e-05
-0.000200609
1.69034e-05
-0.000198755
2.32476e-05
-0.000196986
3.82428e-05
-0.000203493
4.43449e-05
-0.00020446
3.44856e-05
-0.000213245
5.41731e-05
-0.000208013
6.46313e-05
-0.0002029
5.61089e-05
-0.000208807
9.3725e-05
-0.000393156
0.00011187
-0.000392665
9.76465e-05
-0.000234532
0.000117597
-0.000376487
0.000169603
-0.000411866
0.000189906
-0.000437801
0.000171514
-0.000249484
0.000167108
-0.000260477
0.000169823
-0.000254198
-0.000233257
0.000183179
4.06811e-06
-0.000204639
5.46179e-06
-0.000208038
9.2099e-06
-0.000208187
1.59859e-05
-0.000207862
2.03484e-05
-0.000204972
2.89568e-05
-0.000207364
3.84175e-05
-0.000206447
4.56193e-05
-0.000210695
5.1222e-05
-0.000210063
5.2691e-05
-0.000214714
6.06319e-05
-0.000215954
7.32111e-05
-0.000215479
8.30564e-05
-0.000218653
9.39339e-05
-0.000404034
9.64642e-05
-0.000395195
8.67407e-05
-0.000224809
0.000100814
-0.000390561
9.68771e-05
-0.000407929
0.000118181
-0.000459105
0.000146344
-0.000277647
0.000164814
-0.000278947
0.000180079
-0.000269463
-0.000252813
0.000199635
4.62921e-06
-0.000209268
8.88944e-06
-0.000212298
1.29919e-05
-0.00021229
1.75092e-05
-0.000212379
2.23432e-05
-0.000209806
2.73189e-05
-0.000212339
3.36146e-05
-0.000212743
3.8006e-05
-0.000215087
4.42811e-05
-0.000216338
4.96519e-05
-0.000220084
5.50123e-05
-0.000221315
6.48505e-05
-0.000225317
7.56364e-05
-0.000229439
7.60523e-05
-0.000404449
7.49498e-05
-0.000394092
0.000101211
-0.00025107
0.000130173
-0.000419523
0.0001327
-0.000410455
0.000139399
-0.000465804
0.000137948
-0.000276196
0.000164711
-0.00030571
0.000184517
-0.000289269
-0.000272539
0.000204243
3.1429e-06
-0.000212411
5.09932e-06
-0.000214255
8.20854e-06
-0.000215399
1.18689e-05
-0.000216039
2.00588e-05
-0.000217995
2.52538e-05
-0.000217534
3.13424e-05
-0.000218832
3.67105e-05
-0.000220455
4.23429e-05
-0.00022197
4.64441e-05
-0.000224186
5.24012e-05
-0.000227272
5.72363e-05
-0.000230152
6.6465e-05
-0.000238667
7.24169e-05
-0.000410401
6.93531e-05
-0.000391029
0.000196603
-0.00037832
8.96766e-05
-0.000312597
0.00011801
-0.000438788
0.000106803
-0.000454597
0.000132454
-0.000301846
0.000156757
-0.000330013
0.000181659
-0.000314171
-0.000297155
0.000206275
4.11969e-06
-0.000216531
8.43197e-06
-0.000218567
1.23139e-05
-0.000219281
1.64044e-05
-0.00022013
1.99816e-05
-0.000221573
2.45174e-05
-0.00022207
2.84375e-05
-0.000222752
3.2148e-05
-0.000224165
3.64145e-05
-0.000226237
4.04001e-05
-0.000228171
4.44409e-05
-0.000231313
4.86323e-05
-0.000234344
5.25843e-05
-0.000242619
5.42191e-05
-0.000412036
6.69021e-05
-0.000403712
0.000118281
-0.000429699
0.000103972
-0.000298288
0.000134603
-0.00046942
1.84087e-05
-0.000338403
0.000166275
-0.000449713
0.000159567
-0.000323306
0.000196378
-0.000350982
-0.000330595
0.000229818
3.48081e-06
-0.000220011
7.56263e-06
-0.000222649
1.12592e-05
-0.000222977
1.52348e-05
-0.000224105
1.81079e-05
-0.000224446
2.18334e-05
-0.000225796
2.52214e-05
-0.00022614
2.87113e-05
-0.000227655
3.17846e-05
-0.00022931
3.50363e-05
-0.000231423
3.87551e-05
-0.000235031
4.49139e-05
-0.000240503
4.76308e-05
-0.000245336
5.56727e-05
-0.000420078
6.92997e-05
-0.000417339
6.96264e-05
-0.000430026
0.000189244
-0.000417905
4.69282e-05
-0.000327104
2.84139e-05
-0.000319889
6.91557e-05
-0.000490455
0.000244864
-0.000499014
0.000202352
-0.000308469
-0.000353813
0.00022557
3.31389e-06
-0.000223325
6.60118e-06
-0.000225936
9.9482e-06
-0.000226324
1.31753e-05
-0.000227332
1.68361e-05
-0.000228107
2.05809e-05
-0.00022954
2.31099e-05
-0.000228669
2.5662e-05
-0.000230207
2.81198e-05
-0.000231768
3.04566e-05
-0.00023376
3.33138e-05
-0.000237889
3.18835e-05
-0.000239072
3.26824e-05
-0.000246135
2.83275e-05
-0.000415723
4.55012e-05
-0.000434512
6.25204e-05
-0.000447045
0.000101206
-0.000456591
9.2059e-05
-0.000317957
7.82809e-05
-0.000306111
9.27672e-05
-0.000504941
0.000107836
-0.000514083
0.000145756
-0.00034639
-0.000399562
0.000191505
2.9824e-06
-0.000226308
5.73239e-06
-0.000228686
9.18248e-06
-0.000229774
1.18811e-05
-0.000230031
1.54137e-05
-0.000231639
1.79168e-05
-0.000232044
2.03142e-05
-0.000231066
2.25155e-05
-0.000232409
2.48281e-05
-0.000234081
2.63439e-05
-0.000235275
3.14055e-05
-0.00024295
3.04827e-05
-0.000238149
3.38708e-05
-0.000249523
2.42696e-05
-0.000406122
3.81624e-05
-0.000448405
6.6459e-05
-0.000475341
7.89562e-05
-0.000469088
7.85227e-05
-0.000317524
0.000101625
-0.000329213
0.000138587
-0.000541903
3.44244e-05
-0.000409921
0.000138272
-0.000450237
-0.000464237
0.000202947
2.39882e-06
-0.000228707
5.74759e-06
-0.000232035
8.31136e-06
-0.000232338
1.20638e-05
-0.000233783
1.45451e-05
-0.000234121
1.62034e-05
-0.000233702
1.84939e-05
-0.000233357
2.02551e-05
-0.00023417
2.25032e-05
-0.000236329
2.27392e-05
-0.000235511
2.70994e-05
-0.00024731
2.92642e-05
-0.000240314
2.74957e-05
-0.000247755
2.33557e-05
-0.000401982
3.93984e-05
-0.000464448
3.72737e-05
-0.000473217
2.24639e-05
-0.000454278
0.000142074
-0.000437134
0.000144784
-0.000331923
2.70383e-05
-0.000424157
4.00789e-05
-0.000422961
2.29736e-05
-0.000433132
-0.000635039
0.000193776
1.93963e-06
-0.000230646
5.54392e-06
-0.000235639
7.63869e-06
-0.000234433
1.10921e-05
-0.000237237
1.27225e-05
-0.000235751
1.49974e-05
-0.000235977
1.74758e-05
-0.000235835
1.96552e-05
-0.000236349
2.17687e-05
-0.000238442
2.29412e-05
-0.000236684
2.19749e-05
-0.000246344
2.44188e-05
-0.000242758
1.7282e-05
-0.000240618
2.09925e-05
-0.000405693
2.4588e-05
-0.000468044
1.98126e-05
-0.000468441
1.63361e-05
-0.000450802
4.14196e-05
-0.000462218
5.43044e-05
-0.000344807
-6.09828e-06
-0.000363754
4.77336e-05
-0.000476793
1.34929e-05
-0.000398891
-0.000625767
4.22083e-06
2.38426e-06
-0.00023303
4.57235e-06
-0.000237827
7.99171e-06
-0.000237852
9.09099e-06
-0.000238336
1.10211e-05
-0.000237681
1.35068e-05
-0.000238462
1.63467e-05
-0.000238675
1.93574e-05
-0.00023936
2.06078e-05
-0.000239693
2.32252e-05
-0.000239301
2.03868e-05
-0.000243506
2.17487e-05
-0.00024412
1.80492e-05
-0.000236918
2.32467e-05
-0.00041089
1.81242e-05
-0.000462921
5.03368e-06
-0.000455351
-9.95895e-08
-0.000445668
-3.54206e-06
-0.000458775
7.28465e-05
-0.000421196
1.44856e-05
-0.000305393
-1.73021e-05
-0.000445005
-5.81973e-05
-0.000357996
-0.00060798
-7.59848e-05
2.82273e-06
-0.000235853
4.26773e-06
-0.000239272
7.45835e-06
-0.000241043
7.81665e-06
-0.000238694
8.68235e-06
-0.000238547
1.15141e-05
-0.000241294
1.47849e-05
-0.000241946
1.8272e-05
-0.000242847
1.96587e-05
-0.000241079
2.28474e-05
-0.00024249
1.99718e-05
-0.00024063
1.90948e-05
-0.000243243
1.86317e-05
-0.000236455
1.8749e-05
-0.000411008
5.10153e-06
-0.000449274
-4.91103e-06
-0.000445338
-3.76326e-06
-0.000446816
-2.50515e-06
-0.000460033
1.95834e-05
-0.000443284
2.5097e-06
-0.000288319
-0.000101115
-0.000341381
-1.61053e-05
-0.000443005
-0.000410269
-0.000213816
2.55214e-06
-0.000238405
4.12294e-06
-0.000240843
5.90872e-06
-0.000242829
7.0629e-06
-0.000239848
7.95416e-06
-0.000239438
1.02645e-05
-0.000243604
1.30639e-05
-0.000244745
1.77104e-05
-0.000247493
2.01052e-05
-0.000243474
2.39849e-05
-0.00024637
2.41101e-05
-0.000240755
2.72452e-05
-0.000246378
2.42838e-05
-0.000233494
3.93988e-06
-0.000390664
-1.43061e-05
-0.000431028
-8.23751e-06
-0.000451407
-1.25398e-05
-0.000442514
-2.0412e-05
-0.000452161
-1.61165e-05
-0.00044758
-3.43099e-05
-0.000270126
-8.24725e-05
-0.000293218
-6.48293e-05
-0.000460649
-0.000312848
-0.000162251
1.92259e-06
-0.000240328
3.33448e-06
-0.000242255
4.53016e-06
-0.000244024
6.63036e-06
-0.000241948
8.96728e-06
-0.000241775
1.02508e-05
-0.000244888
1.25681e-05
-0.000247063
1.64687e-05
-0.000251394
1.85602e-05
-0.000245566
1.90551e-05
-0.000246865
2.92148e-05
-0.000250915
3.87179e-05
-0.000255881
6.20893e-05
-0.000256865
-2.31141e-05
-0.00030546
-7.30802e-06
-0.000446834
-7.1745e-06
-0.00045154
-1.38625e-05
-0.000435826
-2.70452e-05
-0.000438979
-3.52555e-05
-0.00043937
-5.81374e-05
-0.000247244
-9.05645e-05
-0.000260791
-0.000120411
-0.000430802
-0.000255261
-0.000177998
1.49564e-06
-0.000241824
2.59696e-06
-0.000243356
2.70222e-06
-0.000244129
4.38721e-06
-0.000243633
6.77563e-06
-0.000244163
8.05504e-06
-0.000246167
9.07013e-06
-0.000248078
7.58678e-06
-0.000249911
9.83711e-06
-0.000247816
1.26191e-05
-0.000249647
2.03877e-05
-0.000258684
2.24948e-05
-0.000257988
2.98545e-05
-0.000264225
6.04755e-06
-0.000281653
1.51027e-05
-0.000455889
-8.7425e-06
-0.000427695
-1.46037e-05
-0.000429965
-3.12514e-05
-0.000422331
-3.67211e-05
-0.0004339
-4.23711e-05
-0.000241594
-5.53414e-05
-0.00024782
-8.32192e-05
-0.000402924
-0.000235485
-0.000102995
1.4463e-06
-0.00024327
2.39174e-06
-0.000244302
2.76097e-06
-0.000244499
4.14328e-06
-0.000245016
5.91938e-06
-0.000245939
7.25706e-06
-0.000247505
8.0569e-06
-0.000248878
8.45162e-06
-0.000250305
1.45493e-05
-0.000253914
1.85036e-05
-0.000253601
2.18435e-05
-0.000262023
2.81811e-05
-0.000264326
3.31213e-05
-0.000269165
1.6956e-05
-0.000265488
1.36869e-05
-0.00045262
-9.02437e-06
-0.000404984
-1.76971e-05
-0.000421292
-3.44913e-05
-0.000405537
-4.76191e-05
-0.000420772
-5.06291e-05
-0.000238584
-5.91333e-05
-0.000239316
-7.7183e-05
-0.000384875
-0.000213987
-9.86816e-05
5.8595e-07
-0.000243856
9.06258e-07
-0.000244622
1.58083e-06
-0.000245173
2.36012e-06
-0.000245795
3.19651e-06
-0.000246776
4.19268e-06
-0.000248501
5.70641e-06
-0.000250392
6.99233e-06
-0.000251591
1.15447e-05
-0.000258466
1.68392e-05
-0.000258895
2.18457e-05
-0.00026703
3.13236e-05
-0.000273804
4.12616e-05
-0.000279103
3.86073e-05
-0.000262834
2.10596e-05
-0.000435072
-7.85958e-07
-0.000383138
-2.33203e-05
-0.000398758
-4.16499e-05
-0.000387207
-6.17518e-05
-0.00040067
-4.8585e-05
-0.000251751
-4.33649e-05
-0.000244536
-5.79645e-05
-0.000370275
-0.000204017
-6.79339e-05
2.8623e-07
4.87375e-07
5.38605e-07
8.09699e-07
1.37016e-06
1.76127e-06
2.23253e-06
4.51168e-06
3.43039e-06
6.35292e-06
9.33197e-06
1.45837e-05
3.08763e-05
8.29989e-05
1.59219e-05
3.0088e-06
-1.67051e-05
-3.33455e-05
-8.19026e-05
-3.2122e-05
7.20276e-06
-5.73735e-05
-2.04907e-05
0.000171177
8.41093e-05
9.42476e-05
7.69291e-05
3.03098e-05
6.39378e-05
3.50957e-05
-4.78598e-06
0.00035644
0.000122146
0.000299364
0.000134005
0.000292055
7.12471e-05
0.000115545
0.000211605
0.000301607
9.7077e-05
0.00038064
5.49714e-05
0.000391764
6.01234e-05
0.000109226
0.000398084
0.000460007
8.40394e-05
0.000430821
8.41574e-05
0.000402975
8.797e-05
5.91912e-05
0.000453009
0.000365341
5.68525e-05
0.000381307
6.81917e-05
0.000395244
7.40333e-05
5.46066e-05
0.000399828
0.000306867
4.60115e-05
0.000317812
5.72465e-05
0.000325713
6.61322e-05
6.92077e-05
0.000311112
0.00030614
4.97865e-05
0.000303349
6.00378e-05
0.00032541
4.40711e-05
4.24074e-05
0.00035221
0.000293323
2.57952e-05
0.000302886
5.04751e-05
0.000295191
5.17662e-05
8.73553e-05
0.000250243
0.000154532
-1.09091e-06
0.000195634
9.37391e-06
0.00021023
3.71698e-05
5.16073e-05
0.000245978
0.000184927
-2.70356e-05
0.000207042
-1.27409e-05
0.000219863
2.43486e-05
6.3523e-05
0.000207947
0.000205982
-2.49171e-05
0.000207121
-1.38793e-05
0.000221562
9.90714e-06
6.36382e-05
0.000221447
0.000177014
-5.2752e-05
0.000206672
-4.35371e-05
0.000223015
-6.43598e-06
5.56319e-05
0.000231022
0.000164198
-5.79422e-05
0.000156571
-3.591e-05
0.000199007
-4.88717e-05
2.64124e-05
0.000228226
0.000160689
-7.68531e-05
0.00020014
-7.53617e-05
0.000198099
-4.68308e-05
-1.53332e-05
0.000239845
0.000219733
-8.91094e-05
0.000200589
-5.62177e-05
0.000218211
-6.44529e-05
-4.2781e-05
0.000245659
0.000184886
-7.91423e-05
0.000208913
-8.02448e-05
0.000246063
-0.000101602
-6.3903e-05
0.000267185
0.000234246
-8.34936e-05
0.000232568
-7.85676e-05
0.00023405
-0.000103084
-7.8998e-05
0.000249145
0.000275453
-8.87634e-05
0.000249659
-5.2774e-05
0.000250157
-0.000103582
-9.03086e-05
0.000261467
0.000194836
-9.86986e-05
0.000255917
-0.000113854
0.000268302
-0.000115968
-8.83699e-05
0.000266364
0.000234634
-6.80676e-05
0.000210541
-8.9761e-05
0.000225983
-0.00013141
-0.000117084
0.000254697
0.000208288
-8.31048e-05
0.000215309
-9.6782e-05
0.000223433
-0.000139534
-0.000130252
0.000236602
0.000279142
-9.40074e-05
0.000267868
-8.55077e-05
0.000212704
-8.43694e-05
-0.000121824
0.000204275
0.000195231
-9.48911e-05
0.000201702
-9.19788e-05
0.000215166
-9.78333e-05
-0.000105186
0.000198529
0.000176036
-9.99927e-05
0.000188509
-0.000104451
0.000203532
-0.000112857
-0.000114667
0.000213012
0.000193312
-0.000110126
0.000207268
-0.000118407
0.000219172
-0.000124761
-0.000123834
0.00022834
0.000211007
-0.000121498
0.000222604
-0.000130004
0.000229804
-0.000131961
-0.000129188
0.000235159
0.000215755
-0.00013301
0.000226276
-0.000140525
0.00023069
-0.000136375
-0.000133065
0.000234566
0.000218344
-0.000145078
0.00022514
-0.00014732
0.000218584
-0.00012982
-0.000136257
0.000221776
0.000250631
-0.000165891
0.000272382
-0.000169072
0.000295468
-0.000152906
-0.000149436
0.000308647
0.000246495
-0.000186816
0.000261468
-0.000184044
0.000273376
-0.000164813
-0.000140966
0.000264906
0.00020957
-0.000204882
0.00022001
-0.000194485
0.000229453
-0.000174256
-0.000137362
0.000225849
0.000229274
-0.000231208
0.000263123
-0.000228334
0.000290336
-0.000201469
-0.000142972
0.000295946
0.000172098
-0.00020953
0.000167543
-0.000223779
0.000173917
-0.000207843
-0.000152333
0.000183278
4.44051e-05
-0.000249715
3.98876e-05
-0.000219261
3.50208e-05
-0.000202977
-0.000153713
3.64011e-05
-9.86564e-05
-0.000227043
-8.65905e-05
-0.000231327
-8.83002e-05
-0.000201267
-0.000161618
-8.03958e-05
-0.000177795
-0.000263064
-0.000163021
-0.000246101
-0.000180606
-0.000183682
-0.000158394
-0.00018383
-0.000169006
-0.000256308
-0.000242517
-0.00017259
-0.000245319
-0.000180879
-0.000153481
-0.000250232
-0.000282457
-0.000151849
-0.00023841
-0.000216638
-0.000225103
-0.000194187
-0.000117662
-0.000260922
-7.79792e-05
-0.000176865
-0.000184271
-0.000110346
-0.000223216
-0.000155242
-8.72613e-05
-0.000253616
-0.000110834
-0.000164712
-0.00012029
-0.00010089
-0.000185367
-9.01648e-05
-7.19873e-05
-0.000200641
-0.000137427
-9.52188e-05
-9.18904e-05
-0.000146427
-0.000109113
-7.29424e-05
-5.7126e-05
-0.000123974
-4.94131e-06
-4.86857e-05
-3.86798e-05
-3.09961e-05
-5.70993e-05
4.30397e-05
-5.34243e-05
-2.47389e-05
-3.53868e-05
2.53397e-05
-3.63791e-05
4.28571e-05
-3.23352e-05
1.6479e-05
-2.25248e-05
-4.50299e-06
-1.58043e-05
-1.30718e-05
-9.34106e-06
-1.91264e-05
-1.07612e-05
-1.77826e-05
-6.02407e-06
-1.92088e-05
-1.1838e-06
-2.64963e-05
2.82847e-06
-1.82297e-05
6.63807e-06
-1.50655e-05
9.37481e-06
-8.54991e-06
1.00596e-05
-3.43793e-06
9.20054e-06
2.77688e-06
6.77006e-06
8.92133e-06
3.64282e-06
1.19794e-05
1.40321e-05
9.99095e-05
0.000154735
1.46626e-05
6.05079e-05
-7.7973e-06
4.77996e-05
-2.80787e-05
6.31385e-05
-5.10303e-05
3.94306e-05
-7.13245e-05
1.57912e-05
-3.4276e-05
-5.01204e-05
-2.2489e-05
-3.09135e-05
-1.3036e-05
-2.72356e-05
1.47482e-06
-3.37196e-05
7.17013e-06
-3.21916e-05
1.08996e-05
-2.19593e-05
1.06971e-05
-1.48631e-05
1.20546e-05
-9.90746e-06
1.28099e-05
-4.19318e-06
1.16879e-05
3.89884e-06
8.26906e-06
1.23402e-05
4.37873e-06
1.58698e-05
1.84109e-05
0.00039485
0.000157969
0.000207245
0.000248113
0.000134464
0.00012058
0.000140055
5.75475e-05
0.000142825
3.66611e-05
6.77447e-05
9.08712e-05
9.20871e-06
8.41556e-06
-8.83348e-06
-1.28713e-05
-4.03605e-06
-3.20331e-05
-2.95505e-07
-3.74602e-05
6.48529e-06
-3.89725e-05
9.74535e-06
-2.52194e-05
1.29607e-05
-1.80786e-05
1.37293e-05
-1.06761e-05
1.58547e-05
-6.31859e-06
1.41406e-05
5.61293e-06
1.01023e-05
1.63786e-05
5.17463e-06
2.07976e-05
2.35855e-05
0.000473693
0.000137285
0.000366307
0.000355499
0.000216307
0.00027058
0.000138609
0.000135245
6.84952e-05
0.000106775
-8.17965e-06
0.000167546
-8.81949e-05
8.84308e-05
-4.8058e-05
-5.30082e-05
-1.65357e-05
-6.35554e-05
9.64677e-07
-5.49606e-05
1.09084e-05
-4.89162e-05
2.57859e-05
-4.0097e-05
3.0256e-05
-2.25488e-05
3.10672e-05
-1.14874e-05
2.37096e-05
1.03901e-06
1.79413e-05
1.13812e-05
1.22208e-05
2.20992e-05
6.229e-06
2.67894e-05
2.98145e-05
0.000300469
0.000236644
0.000447339
0.000208629
0.000428021
0.000289899
0.000326393
0.000236873
0.000231773
0.000201395
0.000209978
0.000189341
0.000143766
0.000154643
1.66251e-05
7.41329e-05
-3.83356e-06
-4.30967e-05
9.16424e-06
-6.79583e-05
2.55632e-05
-6.53153e-05
3.59343e-05
-5.04683e-05
4.04606e-05
-2.70751e-05
3.94344e-05
-1.04612e-05
2.65674e-05
1.3906e-05
2.16598e-05
1.62888e-05
1.45132e-05
2.92458e-05
7.2441e-06
3.40585e-05
3.70587e-05
0.000304111
0.000243646
0.000338351
0.000174388
0.000230968
0.000397282
0.000273617
0.000194225
0.000238426
0.000236585
0.000185521
0.000242247
0.000168314
0.000171849
1.90039e-05
0.000223443
-2.67811e-05
2.68839e-06
2.72412e-07
-9.50118e-05
3.09155e-05
-9.59585e-05
5.04794e-05
-7.00323e-05
5.43593e-05
-3.09551e-05
5.58667e-05
-1.19686e-05
4.58054e-05
2.39672e-05
2.72296e-05
3.48646e-05
1.73822e-05
3.90932e-05
8.44045e-06
4.30003e-05
4.54991e-05
0.000440413
0.000155443
0.000289
0.000325801
0.000358723
0.000327559
0.000268922
0.000284025
0.000268129
0.000237378
0.000262636
0.000247739
0.000119243
0.000315243
4.14479e-05
0.000301238
-3.17291e-05
7.58653e-05
-6.92056e-06
-0.00011982
3.99326e-05
-0.000142812
6.7083e-05
-9.71827e-05
6.68864e-05
-3.07585e-05
4.30975e-05
1.18203e-05
3.58452e-05
3.12196e-05
2.78335e-05
4.28764e-05
1.83794e-05
4.85472e-05
9.13534e-06
5.22444e-05
5.46346e-05
0.000306872
9.88137e-05
0.000435672
0.000197002
0.000414691
0.00034854
0.000342656
0.000356061
0.000293035
0.000286998
0.000236425
0.00030435
0.000185352
0.000366316
0.000254864
0.000231726
0.00017047
0.00016026
6.44294e-05
-1.37799e-05
5.29363e-05
-0.000131319
6.04871e-05
-0.000104734
5.50717e-05
-2.5343e-05
4.8505e-05
1.83871e-05
3.98262e-05
3.98985e-05
3.05195e-05
5.21831e-05
2.01315e-05
5.89353e-05
9.97926e-06
6.23968e-05
6.46139e-05
0.000322134
2.26573e-05
0.000381828
0.000137308
0.000393812
0.000336556
0.000356351
0.000393522
0.000270449
0.0003729
0.000235867
0.000338932
0.000359996
0.000242187
0.000341054
0.000250668
0.000321972
0.000179342
0.000264217
4.39755e-05
0.000183803
-5.09046e-05
0.000107356
-2.82861e-05
7.97938e-05
2.21895e-06
6.14504e-05
3.67306e-05
4.64699e-05
5.48789e-05
3.37994e-05
6.48536e-05
2.18867e-05
7.0848e-05
1.07572e-05
7.35263e-05
7.5371e-05
0.000205217
2.53876e-05
0.000241843
0.000100682
0.000223514
0.000354885
0.000211163
0.000405874
0.000290639
0.000293424
0.000347974
0.000281596
0.000309707
0.000280454
0.000274917
0.000285458
0.000205796
0.000248463
0.00014851
0.000101262
0.000113753
-1.61482e-05
0.000108116
-2.26482e-05
8.5089e-05
2.52458e-05
6.78686e-05
5.3951e-05
5.07205e-05
7.20269e-05
3.62763e-05
7.92978e-05
2.32423e-05
8.38821e-05
1.1342e-05
8.54266e-05
8.6713e-05
0.000233882
1.29527e-05
0.00025358
8.09841e-05
0.000229688
0.000378777
0.000271899
0.000363663
0.000288792
0.000276531
0.000314651
0.000255737
0.000327745
0.00026736
0.000353751
0.000259452
0.000369032
0.000233182
0.000322475
0.000147818
0.000223191
8.31355e-05
0.000149139
5.14041e-05
0.000107132
6.72529e-05
7.67626e-05
8.43208e-05
5.51722e-05
9.36174e-05
3.85974e-05
9.58727e-05
2.44659e-05
9.80136e-05
1.18363e-05
9.80561e-05
9.85493e-05
0.000225282
1.8692e-05
0.000259106
4.7161e-05
0.000226378
0.000411504
0.000221968
0.000368072
0.000235897
0.000262603
0.000266841
0.000224792
0.000292055
0.000242147
0.000358605
0.000192901
0.000346542
0.000245246
0.000311564
0.000182796
0.000240503
0.000154197
0.000161473
0.000130434
0.000112933
0.000115792
8.21226e-05
0.000115131
5.72066e-05
0.000118533
3.90695e-05
0.00011401
2.45106e-05
0.000112572
1.17232e-05
0.000110843
0.000110273
0.000246037
8.81306e-07
0.000303376
-1.01781e-05
0.000336469
0.000378411
0.000262023
0.000442518
0.000225503
0.000299123
0.00027115
0.000179145
0.00022782
0.000285477
0.000218753
0.000201968
0.0003201
0.000143898
0.000277982
0.000224915
0.000222564
0.000209614
0.000141911
0.000211087
0.000111631
0.000146073
8.04473e-05
0.000146315
5.57136e-05
0.000143267
3.90527e-05
0.000130671
2.44233e-05
0.000127202
1.16096e-05
0.000123657
0.000121882
0.000245021
-4.29463e-06
0.000252687
-1.78442e-05
0.000238355
0.000392743
0.000191461
0.000489412
0.000163856
0.000326729
0.000163785
0.000179216
0.000235838
0.000213424
0.000199867
0.000237939
0.000199709
0.000144057
0.000204304
0.000220319
0.000178756
0.000235163
0.000166914
0.000222929
0.000110072
0.000202914
7.79729e-05
0.000178414
5.35514e-05
0.000167689
3.63092e-05
0.000147913
2.28548e-05
0.000140656
1.07663e-05
0.000135746
0.000132648
0.000264362
-2.29975e-05
0.000268992
-2.24738e-05
0.000264375
0.00039736
0.000284497
0.000469289
0.000203741
0.000407485
7.34676e-05
0.00030949
0.000133304
0.000153588
0.000131344
0.000239899
0.000128544
0.000146857
0.000202425
0.000146438
0.000163868
0.000273719
0.000148447
0.00023835
0.000101289
0.000250072
7.25242e-05
0.000207179
6.18799e-05
0.000178333
3.53972e-05
0.000174395
2.27375e-05
0.000153316
9.99965e-06
0.000148483
0.000142648
0.000287542
-4.33546e-05
0.000292197
-2.71288e-05
0.000250134
0.000439423
0.000211204
0.000508219
0.000229458
0.000389231
0.000207001
0.000331947
0.000143428
0.00021716
0.000173972
0.000209355
0.000130314
0.000190515
0.000131643
0.00014511
0.00012032
0.000285042
8.2946e-05
0.000275724
7.7488e-05
0.00025553
5.69195e-05
0.000227748
4.06687e-05
0.000194584
3.46557e-05
0.000180408
1.93676e-05
0.000168604
1.13223e-05
0.000156529
0.00015397
0.000264479
-5.86878e-05
0.00026791
-3.05597e-05
0.000233266
0.000474066
0.000184347
0.000557138
0.000167916
0.000405661
0.000196718
0.000303146
0.000111075
0.000302803
0.000167367
0.000153063
0.000173013
0.000184868
9.62878e-05
0.000221835
0.00011536
0.00026597
0.000104146
0.000286938
7.18455e-05
0.00028783
4.80815e-05
0.000251512
3.24478e-05
0.000210217
2.20807e-05
0.000190775
1.49575e-05
0.000175727
6.49564e-06
0.00016499
0.000160466
0.000306253
-0.000103473
0.000318408
-4.2715e-05
0.000366153
0.000426321
0.000315064
0.000608227
0.000235229
0.000485497
0.000184681
0.000353693
0.000155201
0.000332284
0.000136941
0.000171323
0.000124863
0.000196946
0.000108079
0.000238619
7.71328e-05
0.000296917
6.51195e-05
0.000298951
4.40072e-05
0.000308943
3.88039e-05
0.000256715
2.15924e-05
0.000227429
1.49706e-05
0.000197397
1.15248e-05
0.000179173
4.65232e-06
0.000171863
0.000165118
0.000279442
-0.000116551
0.000294522
-5.77954e-05
0.000343687
0.000377157
0.000315195
0.000636719
0.000246141
0.00055455
0.000197053
0.000402782
0.00012853
0.000400806
4.45917e-05
0.000255261
7.09632e-05
0.000170575
4.7908e-05
0.000261674
3.87111e-05
0.000306114
2.46747e-05
0.000312988
2.15909e-05
0.000312026
1.91598e-05
0.000259146
1.00141e-05
0.000236575
7.28774e-06
0.000200123
3.14492e-06
0.000183315
1.53334e-06
0.000173474
0.000166651
0.000246506
-0.000108359
0.000256188
-6.74784e-05
0.000204069
0.000429276
0.000171939
0.000668849
0.000144296
0.000582193
0.000138765
0.000408313
5.83768e-05
0.000481194
-2.89685e-05
0.000342607
-3.71994e-05
0.000178806
-2.39732e-05
0.000248448
-3.44524e-05
0.000316593
-4.17671e-05
0.000320303
-1.06043e-05
0.000280864
-8.39704e-06
0.000256939
-1.28908e-05
0.000241068
-6.84556e-06
0.000194078
-5.90774e-06
0.000182378
-1.4961e-06
0.000169063
0.000165155
0.000224687
-9.64444e-05
0.000240378
-8.31694e-05
0.000191238
0.000478416
0.000156002
0.000704084
0.000139738
0.000598457
9.93674e-05
0.000448684
1.8659e-05
0.000561902
-0.000155978
0.000517244
-0.000182821
0.000205648
-0.000166788
0.000232415
-7.52187e-05
0.000225024
-7.22816e-05
0.000317366
-3.57987e-05
0.000244381
-2.1213e-05
0.000242353
-2.07987e-05
0.000240654
-1.16601e-05
0.000184939
-1.13161e-05
0.000182034
-4.2664e-06
0.000162013
0.000160889
0.000229954
-0.000122124
0.000198879
-5.20941e-05
0.000191146
0.000486148
0.000148897
0.000746334
0.000144243
0.00060311
8.03369e-05
0.00051259
-4.71428e-05
0.000689382
-0.00012154
0.000591641
-0.000161186
0.000245295
-0.000171925
0.000243153
-0.000199713
0.000252812
-0.000194637
0.00031229
-0.000112329
0.000162072
-8.41087e-05
0.000214133
-4.22779e-05
0.000198823
-2.47006e-05
0.000167362
-1.25053e-05
0.000169838
-5.85012e-06
0.000155358
0.000155039
0.000243289
-0.000166885
0.000292654
-0.000101459
0.000296186
0.000482616
0.000252098
0.000790422
0.000160567
0.000694641
9.08579e-05
0.000582299
-2.68485e-05
0.000807089
-0.000160333
0.000725126
-0.000162197
0.000247159
-0.000123316
0.000204271
-0.000117986
0.000247483
-0.000111188
0.000305491
-0.000167916
0.0002188
-0.00012152
0.000167738
-5.22007e-05
0.000129504
-3.39644e-05
0.000149126
-1.69067e-05
0.000152781
-7.19417e-06
0.000145645
0.000147845
0.000243089
-0.000196961
0.000245337
-0.000103706
0.000176794
0.000551159
0.000138899
0.000828318
0.000112497
0.000721043
7.62556e-05
0.00061854
2.89056e-05
0.000854439
-8.06284e-05
0.00083466
-0.000155254
0.000321784
-0.000216106
0.000265124
-0.000158813
0.00019019
-0.000153247
0.000299925
-0.000120353
0.000185906
-8.09073e-05
0.000128292
-5.20646e-05
0.000100661
-3.22857e-05
0.000129347
-1.68268e-05
0.000137322
-7.86918e-06
0.000136688
0.000139975
0.00026238
-0.000231002
0.000224624
-6.59505e-05
0.00016753
0.000608253
0.000140229
0.000855618
0.000165399
0.000695874
9.54596e-05
0.000688479
0.000137975
0.000811923
2.6154e-05
0.000946481
-0.000203985
0.000551923
-0.000201559
0.000262698
-0.000287904
0.000276535
-0.000184355
0.000196377
-0.000131623
0.000133174
-8.23427e-05
7.90116e-05
-9.2649e-05
0.000110967
-5.82956e-05
9.49934e-05
-2.91339e-05
0.00010816
-1.56518e-05
0.000123206
0.000124324
0.000190228
-0.000186072
0.000180612
-5.63341e-05
0.000165328
0.000623537
0.000139482
0.000881464
0.000159414
0.000675943
0.000180021
0.000667872
0.000128992
0.000862952
6.28318e-05
0.00101264
-8.07864e-05
0.000695542
-0.000242185
0.000424097
-0.000242393
0.000276742
-0.000283945
0.000237929
-0.000210614
5.9843e-05
-0.000146949
1.53468e-05
-6.57838e-05
2.9802e-05
-3.93302e-05
6.85397e-05
-1.98987e-05
8.87282e-05
-8.06382e-06
0.000111371
0.00011626
0.000178101
-0.000129606
0.000161957
-4.01906e-05
0.000156096
0.000629399
0.000120576
0.000916983
0.000125074
0.000671445
0.000183412
0.000609534
0.000239955
0.000806409
0.000266002
0.000986594
8.41945e-05
0.000877349
-0.000136146
0.000644438
-0.000203814
0.00034441
-0.000120278
0.000154394
-0.000124375
6.3939e-05
-0.000107895
-1.13284e-06
-5.03012e-05
-2.77918e-05
-2.45838e-05
4.28224e-05
-1.30052e-05
7.71497e-05
-5.9105e-06
0.000104276
0.000110349
0.000182166
-8.99959e-05
0.000127729
1.42462e-05
0.000170631
0.000586497
0.000150342
0.000937272
0.000149681
0.000672106
0.000126526
0.000632688
0.000245335
0.000687601
0.000243401
0.000988528
0.00041936
0.00070139
0.000319282
0.000744516
7.69178e-05
0.000586774
3.20542e-05
0.000199257
1.34069e-05
8.25862e-05
-1.52647e-05
2.75388e-05
-1.61744e-05
-2.68821e-05
-1.26743e-05
3.93223e-05
-1.22304e-05
7.67058e-05
-1.11069e-06
9.31563e-05
0.000109239
0.000161388
5.72634e-05
6.13358e-05
0.000114298
0.000271105
0.000376728
0.000125027
0.00108335
0.000237248
0.000559885
0.000171985
0.000697952
0.00016135
0.000698235
0.00038289
0.000766987
0.000231093
0.000853188
0.00043693
0.000538679
0.000312925
0.000710779
0.000106551
0.000405631
4.32932e-05
0.000145844
-1.15396e-05
8.23717e-05
-2.81758e-05
-1.0246e-05
1.09139e-07
1.10373e-05
1.74551e-05
5.93599e-05
1.81727e-05
9.24387e-05
0.000127411
0.000316666
5.5033e-06
0.000212377
0.000218587
0.000224003
0.000365102
0.000235419
0.00107193
0.000160179
0.000635125
0.000230952
0.000627179
0.000219598
0.00070959
0.000254754
0.000731831
0.000427828
0.000680114
0.000391125
0.000575382
0.000343605
0.000758299
0.000408515
0.000340722
0.000182307
0.000372052
0.000130165
0.000134514
6.32272e-05
5.66919e-05
6.71216e-05
7.14301e-06
3.85108e-05
8.79707e-05
1.43509e-05
0.000116599
0.000141762
0.000324467
-9.31151e-05
0.000238199
0.000304855
0.000112072
0.000491229
0.000401362
0.000782643
0.000222289
0.000814198
0.000155268
0.0006942
0.00014223
0.000722628
0.00017396
0.0007001
0.000205161
0.000648914
0.000193689
0.000586854
0.000448815
0.000503172
0.000393856
0.00039568
0.000442322
0.000323587
0.000375194
0.000201641
0.00028805
0.000143836
0.000120351
0.000174842
0.000122888
8.54346e-05
5.05375e-05
0.000188949
0.0001923
0.000301385
-9.85535e-05
0.00023515
0.000371089
0.000238619
0.00048776
0.000298352
0.000722911
0.000299052
0.000813498
0.000244623
0.000748629
0.000252045
0.000715205
0.000300747
0.000651399
0.000337317
0.000612343
0.000382923
0.000541247
0.000394645
0.000491451
0.000407056
0.000383269
0.000402355
0.000328288
0.000358658
0.000245338
0.000266503
0.000235991
0.000197936
0.000243409
6.70445e-05
0.000216326
3.42924e-05
0.000221701
0.000226592
0.000227357
-0.000142633
0.000233705
0.000364742
0.000230909
0.000490556
0.000207149
0.00074667
0.000242474
0.000778173
0.00021681
0.000774294
0.000190795
0.000741219
0.000160104
0.00068209
0.000196397
0.000576051
0.000221419
0.000516224
0.00023083
0.00048204
0.000248544
0.000365554
0.000299331
0.000277501
0.00027841
0.000266259
0.000228487
0.000285915
0.000175084
0.000296811
9.12341e-05
0.000300176
4.26085e-05
0.000270327
0.000269201
6.93115e-05
-0.000175543
0.000137543
0.00029651
0.000126447
0.000501652
0.000148033
0.000725084
0.000181947
0.000744259
0.000191842
0.0007644
0.000183424
0.000749637
0.000196955
0.000668559
0.000191997
0.000581009
0.000202728
0.000505493
0.000212819
0.00047195
0.0002072
0.000371174
0.000171263
0.000313438
0.000132485
0.000305037
0.00010055
0.00031785
8.0616e-05
0.000316745
5.95678e-05
0.000321224
3.05878e-05
0.000299307
0.000299789
-6.56747e-05
-0.000190264
8.55082e-07
0.00022998
3.14548e-05
0.000471052
9.15982e-05
0.000664941
0.000126092
0.000709765
0.000162544
0.000727948
0.000196164
0.000716017
0.000242114
0.000622609
0.000296817
0.000526306
0.000319838
0.000482471
0.000306385
0.000485403
0.000221774
0.000455785
0.000172141
0.00036307
0.000121389
0.000355788
8.861e-05
0.00035063
6.63913e-05
0.000338963
4.7943e-05
0.000339673
2.27133e-05
0.000324536
0.000322502
-0.000150066
-0.000224029
-7.0468e-05
0.000150382
-2.75083e-05
0.000428092
4.4009e-05
0.000593424
8.36023e-05
0.000670172
0.000144695
0.000666855
0.000200438
0.000660274
0.000233923
0.000589125
0.000249181
0.000511048
0.00025434
0.000477312
0.000252841
0.000486902
0.000228964
0.000479662
0.000148198
0.000443837
0.000110491
0.000393495
8.28459e-05
0.000378275
5.9954e-05
0.000361855
4.21586e-05
0.000357468
2.08754e-05
0.00034582
0.000343377
-0.000234201
-0.00024006
-0.000131835
4.80167e-05
-6.05104e-05
0.000356768
-1.10346e-05
0.000543948
3.54247e-05
0.000623713
9.94343e-05
0.000602846
0.000118051
0.000641657
0.000128756
0.00057842
0.000131582
0.000508222
0.000113777
0.000495118
0.00010573
0.000494948
0.000100944
0.000484448
9.53035e-05
0.000449477
8.15176e-05
0.000407281
6.55467e-05
0.000394246
4.92668e-05
0.000378135
3.43302e-05
0.000372405
1.76875e-05
0.000362462
0.000361065
-0.000302335
-0.000198647
-0.000209639
-4.468e-05
-0.000122999
0.000270128
-8.02038e-05
0.000501152
-2.98802e-05
0.000573389
3.47176e-05
0.000538248
7.4131e-05
0.000602244
0.000103337
0.000549214
8.46204e-05
0.000526938
7.05602e-05
0.000509178
6.96577e-05
0.000495851
7.63577e-05
0.000477748
7.54532e-05
0.000450382
6.55589e-05
0.000417175
5.41268e-05
0.000405678
4.14247e-05
0.000390837
2.90936e-05
0.000384736
1.6539e-05
0.000375017
0.000377604
-0.000301894
-0.000150369
-0.000299548
-4.70259e-05
-0.000224721
0.000195301
-0.000163224
0.000439656
-0.000101079
0.000511243
-4.12195e-05
0.000478388
4.70396e-06
0.00055632
2.60335e-05
0.000527884
3.02886e-05
0.000522683
3.77512e-05
0.000501715
4.486e-05
0.000488742
5.34515e-05
0.000469157
5.5719e-05
0.000448114
4.9682e-05
0.000423212
4.19876e-05
0.000413372
3.25072e-05
0.000400317
2.29947e-05
0.000394248
1.47706e-05
0.000383241
0.000392374
-0.000237574
-0.000113435
-0.00028659
1.9899e-06
-0.000258587
0.000167298
-0.000195732
0.000376801
-0.000131629
0.00044714
-9.30044e-05
0.000439763
-4.16629e-05
0.000504979
-1.09308e-05
0.000497152
1.09742e-05
0.000500778
2.41781e-05
0.000488511
3.53132e-05
0.000477607
4.2763e-05
0.000461707
4.44721e-05
0.000446405
3.95309e-05
0.000428153
3.30921e-05
0.000419811
2.49569e-05
0.000408452
1.69597e-05
0.000402246
9.40748e-06
0.000390793
0.000401782
-0.00016665
-7.07591e-05
-0.000205106
4.04461e-05
-0.000207957
0.000170149
-0.000155441
0.000324285
-0.00010028
0.000391979
-7.70253e-05
0.000416508
-4.04822e-05
0.000468436
-1.75675e-05
0.000474238
-3.51864e-07
0.000483563
1.06911e-05
0.000477468
1.8958e-05
0.00046934
2.30379e-05
0.000457627
2.38146e-05
0.000445629
2.0942e-05
0.000431026
1.77669e-05
0.000422986
1.34651e-05
0.000412754
8.88783e-06
0.000406823
3.89154e-06
0.000395789
0.000405673
-3.69834e-05
-5.34202e-05
-6.92035e-05
-6.13157e-05
-5.29471e-05
-3.98213e-05
-2.55952e-05
-1.31395e-05
-1.83692e-06
6.05826e-06
1.15378e-05
1.46446e-05
1.50506e-05
1.30872e-05
1.10911e-05
8.53729e-06
5.86789e-06
-2.09215e-06
)
;

boundaryField
{
    leftWall
    {
        type            calculated;
        value           uniform 0;
    }
    rightWall
    {
        type            calculated;
        value           uniform 0;
    }
    lowerWall
    {
        type            calculated;
        value           uniform 0;
    }
    atmosphere
    {
        type            calculated;
        value           nonuniform List<scalar> 
46
(
-0.000244142
-0.000244823
-0.000245225
-0.000246066
-0.000247336
-0.000248892
-0.000250863
-0.000253871
-0.000257385
-0.000261818
-0.000270009
-0.000279055
-0.000295396
-0.000314956
-0.000367995
-0.000370225
-0.000379044
-0.000370567
-0.000352113
-0.000301531
-0.000283861
-0.000305699
-0.0002409
-0.000110768
-0.000102683
-8.29482e-05
-6.48098e-05
-6.47716e-05
5.68829e-05
0.000185932
0.000316398
0.000383611
0.000403383
0.00045421
0.000461782
0.00047226
0.000469573
0.00046386
0.00045452
0.000445223
0.000432989
0.000424983
0.000415308
0.000409492
0.000403749
0.000403581
)
;
    }
    defaultFaces
    {
        type            empty;
    }
}


// ************************************************************************* //
