/*--------------------------------*- C++ -*----------------------------------*\
| =========                 |                                                 |
| \\      /  F ield         | foam-extend: Open Source CFD                    |
|  \\    /   O peration     | Version:     4.1                                |
|   \\  /    A nd           | Web:         http://www.foam-extend.org         |
|    \\/     M anipulation  |                                                 |
\*---------------------------------------------------------------------------*/
FoamFile
{
    version     2.0;
    format      ascii;
    class       volVectorField;
    location    "0.2";
    object      U_0;
}
// * * * * * * * * * * * * * * * * * * * * * * * * * * * * * * * * * * * * * //

dimensions      [0 1 -1 0 0 0 0];

internalField   nonuniform List<vector> 
2268
(
(0.0516132 -0.00744288 0)
(0.07173 -0.00741116 0)
(0.176702 -0.00834652 0)
(0.208792 -0.00474235 0)
(0.283448 -0.0120925 0)
(0.363167 -0.00565998 0)
(0.445198 -0.00687519 0)
(0.486738 -0.00918301 0)
(0.572562 -0.00499103 0)
(0.568902 0.0327059 0)
(0.495581 -0.0925605 0)
(0.508171 -0.0629623 0)
(0.574638 -0.05977 0)
(0.599444 -0.0296415 0)
(0.641384 -0.0420761 0)
(0.653001 -0.0248573 0)
(0.715097 -0.0651218 0)
(0.742645 -0.0179769 0)
(0.684096 -0.0303866 0)
(0.598159 0.0843571 0)
(0.400554 0.0624864 0)
(0.422445 0.0445739 0)
(0.603342 0.0802865 0)
(0.0516664 -0.0214596 0)
(0.0724703 -0.0221042 0)
(0.177575 -0.02442 0)
(0.210169 -0.0193693 0)
(0.283365 -0.0255822 0)
(0.36947 -0.0308668 0)
(0.445526 -0.0236122 0)
(0.489306 -0.0212016 0)
(0.596676 -0.0173343 0)
(0.55141 -0.0173159 0)
(0.494103 -0.0928039 0)
(0.519022 -0.0438938 0)
(0.596885 -0.0283471 0)
(0.607017 -0.011472 0)
(0.652385 0.00124475 0)
(0.63448 0.0147223 0)
(0.685372 0.029604 0)
(0.83114 0.0395192 0)
(0.767317 0.0672488 0)
(0.657213 0.0263768 0)
(0.394676 0.0915797 0)
(0.385433 0.226565 0)
(0.581927 0.178545 0)
(0.0508123 -0.036611 0)
(0.0725526 -0.0371433 0)
(0.175891 -0.0411057 0)
(0.21313 -0.0285628 0)
(0.274933 -0.0510761 0)
(0.385423 -0.0421817 0)
(0.424605 -0.0370812 0)
(0.505013 -0.0455626 0)
(0.608221 -0.0246472 0)
(0.519888 -0.168019 0)
(0.478906 -0.113952 0)
(0.513406 -0.0707882 0)
(0.563754 -0.0532795 0)
(0.571461 -0.0390471 0)
(0.61473 -0.0223465 0)
(0.62435 -0.0126232 0)
(0.692695 0.102447 0)
(0.727866 0.0477811 0)
(0.68643 0.0629455 0)
(0.595989 0.000692043 0)
(0.533601 0.089952 0)
(0.392681 0.243936 0)
(0.546405 0.307804 0)
(0.0499915 -0.0502701 0)
(0.0735941 -0.0516253 0)
(0.175557 -0.0580305 0)
(0.213463 -0.0418718 0)
(0.293282 -0.0678623 0)
(0.372103 -0.0645902 0)
(0.418943 -0.0529178 0)
(0.549771 -0.0704457 0)
(0.513962 -0.0682288 0)
(0.455205 -0.175415 0)
(0.454115 -0.105934 0)
(0.473075 -0.0861128 0)
(0.520503 -0.0555038 0)
(0.534958 -0.0379775 0)
(0.588932 -0.0232284 0)
(0.607013 -0.00757864 0)
(0.674014 0.0810275 0)
(0.685129 0.049228 0)
(0.656554 0.04917 0)
(0.60545 0.0609611 0)
(0.545773 0.197836 0)
(0.418623 0.269993 0)
(0.497702 0.411095 0)
(0.0481732 -0.0657286 0)
(0.0738548 -0.0668788 0)
(0.174133 -0.0739969 0)
(0.214814 -0.0556974 0)
(0.302444 -0.0892113 0)
(0.359629 -0.0696657 0)
(0.421698 -0.084669 0)
(0.548781 -0.0588707 0)
(0.461767 -0.185941 0)
(0.398026 -0.1612 0)
(0.417101 -0.11949 0)
(0.449077 -0.113591 0)
(0.498736 -0.0706278 0)
(0.523952 -0.0681534 0)
(0.58593 -0.0529711 0)
(0.604517 -0.0259037 0)
(0.654461 0.0466123 0)
(0.667178 0.0397717 0)
(0.634949 0.0869783 0)
(0.645394 0.0648344 0)
(0.613292 0.202487 0)
(0.414817 0.415489 0)
(0.566207 0.52645 0)
(0.0463205 -0.0786485 0)
(0.0762102 -0.0813987 0)
(0.174175 -0.0917302 0)
(0.21655 -0.0718341 0)
(0.303872 -0.104075 0)
(0.354806 -0.0908648 0)
(0.462759 -0.109694 0)
(0.41562 -0.0977004 0)
(0.353501 -0.189418 0)
(0.365499 -0.168409 0)
(0.395942 -0.12336 0)
(0.44159 -0.131949 0)
(0.503253 -0.0864787 0)
(0.542007 -0.0814733 0)
(0.581642 -0.0613984 0)
(0.64986 -0.0389819 0)
(0.665713 0.0362856 0)
(0.700164 0.0714562 0)
(0.650806 0.17274 0)
(0.710509 0.15588 0)
(0.757586 0.305627 0)
(0.549997 0.483668 0)
(0.51257 0.658796 0)
(0.0422497 -0.0946696 0)
(0.0775375 -0.0972625 0)
(0.173599 -0.106263 0)
(0.214979 -0.0857825 0)
(0.299772 -0.122145 0)
(0.356644 -0.116735 0)
(0.380444 -0.0840275 0)
(0.348065 -0.196873 0)
(0.323083 -0.18882 0)
(0.35216 -0.184743 0)
(0.39096 -0.150525 0)
(0.455148 -0.170849 0)
(0.524967 -0.119067 0)
(0.551745 -0.113419 0)
(0.608955 -0.100173 0)
(0.692957 -0.0592013 0)
(0.681395 0.00361541 0)
(0.740545 0.0781373 0)
(0.68919 0.124991 0)
(0.709499 0.18778 0)
(0.840193 0.305648 0)
(0.630407 0.712369 0)
(0.602162 0.79496 0)
(0.0393328 -0.105927 0)
(0.0832506 -0.111915 0)
(0.171097 -0.125153 0)
(0.209873 -0.107933 0)
(0.287866 -0.145204 0)
(0.346486 -0.0937935 0)
(0.288361 -0.141337 0)
(0.303598 -0.211479 0)
(0.310987 -0.194812 0)
(0.352053 -0.205964 0)
(0.391561 -0.171671 0)
(0.475059 -0.194642 0)
(0.534784 -0.116157 0)
(0.564458 -0.134649 0)
(0.643183 -0.12957 0)
(0.690864 -0.0644673 0)
(0.686489 -0.00417346 0)
(0.751834 0.0737866 0)
(0.725325 0.10141 0)
(0.763347 0.224472 0)
(1.0121 0.366625 0)
(0.797959 0.696842 0)
(0.512948 1.07929 0)
(0.00102985 -0.00355476 0)
(0.0230696 -0.00523992 0)
(0.0324823 0.00599325 0)
(-0.020018 0.00591704 0)
(-0.0371701 -0.000640647 0)
(-0.0468563 0.00263187 0)
(-0.0492116 -0.000162418 0)
(-0.0472624 -0.00105545 0)
(-0.0411317 -0.00298527 0)
(-0.0238148 -0.00409723 0)
(-0.0113505 -0.00018341 0)
(0.00968483 -0.00654304 0)
(0.0178578 -0.0312264 0)
(0.0333695 -0.00619159 0)
(0.0318505 0.001635 0)
(0.0452375 -0.00287614 0)
(0.0336873 0.00428853 0)
(0.0293684 0.00185874 0)
(0.00834435 0.00219647 0)
(0.000472256 -0.00832747 0)
(0.0146602 -0.0136358 0)
(0.0249803 0.0144492 0)
(-0.0366709 0.0222261 0)
(-0.0550898 0.0133003 0)
(-0.0642487 0.00638943 0)
(-0.0646067 0.000492316 0)
(-0.0596879 -0.00680764 0)
(-0.0519436 -0.00744392 0)
(-0.0316797 -0.00966217 0)
(-0.0169373 -0.0176914 0)
(-0.000142316 -0.00637909 0)
(-0.000248056 0.011649 0)
(0.014737 -0.00267085 0)
(0.0357171 0.00275034 0)
(0.0380694 -0.0037512 0)
(0.0312111 0.00795646 0)
(0.0261744 0.00518699 0)
(0.00755514 0.00600546 0)
(0.00282683 -0.00916909 0)
(0.0216774 -0.0219452 0)
(0.0192564 0.0297661 0)
(-0.0386951 0.0404184 0)
(-0.0562605 0.0125498 0)
(-0.0676935 0.0100522 0)
(-0.070042 -0.00198857 0)
(-0.061378 -0.0125267 0)
(-0.0514476 -0.0116464 0)
(-0.0397138 -0.0181091 0)
(-0.0223304 -0.030166 0)
(-0.00351744 -0.0336758 0)
(0.00776688 -0.0241557 0)
(0.0210902 -0.00943329 0)
(0.0422173 -0.0030127 0)
(0.0403022 -0.00113968 0)
(0.0330339 0.00788147 0)
(0.0262761 0.00830482 0)
(0.00771877 0.00963236 0)
(-0.0102954 -0.00929057 0)
(0.0184072 -0.0241603 0)
(0.0253234 0.0435689 0)
(-0.048662 0.0493043 0)
(-0.0638331 0.0292091 0)
(-0.0652815 0.0182762 0)
(-0.0763322 -0.00182608 0)
(-0.0629628 -0.0237032 0)
(-0.0543799 -0.0224523 0)
(-0.0412359 -0.0242704 0)
(-0.0280098 -0.0169744 0)
(-0.00754203 -0.0295123 0)
(0.0154676 -0.0219003 0)
(0.0231594 -0.00926642 0)
(0.0453538 -0.00241215 0)
(0.0426008 -0.000217433 0)
(0.035044 0.00974715 0)
(0.0269414 0.0114241 0)
(0.00799862 0.0135054 0)
(-0.0269839 -0.0323074 0)
(0.0101884 -0.0350697 0)
(0.0172927 0.0598478 0)
(-0.0557149 0.0829751 0)
(-0.0813007 0.059783 0)
(-0.0791017 0.0173838 0)
(-0.0919405 -0.0142329 0)
(-0.0732019 -0.0315836 0)
(-0.0535813 -0.0119987 0)
(-0.0391791 -0.0281686 0)
(-0.0351454 -0.0367908 0)
(-0.00684102 -0.0297459 0)
(0.014964 -0.0256395 0)
(0.0264676 -0.0132907 0)
(0.051432 -0.00609152 0)
(0.0445511 0.0017514 0)
(0.0378789 0.011319 0)
(0.0278137 0.0146877 0)
(0.00843625 0.0173387 0)
(-0.012673 0.0260392 0)
(0.0521433 -0.0407865 0)
(0.0286034 0.0753208 0)
(-0.0680449 0.0816575 0)
(-0.0954683 0.0497655 0)
(-0.0973458 0.0151124 0)
(-0.107356 -0.0104651 0)
(-0.0728218 -0.00731857 0)
(-0.06338 -0.0511527 0)
(-0.051343 -0.0945213 0)
(-0.0273764 -0.048399 0)
(-0.00121484 -0.0313831 0)
(0.0200177 -0.0189128 0)
(0.0341776 -0.0139714 0)
(0.0497906 -0.00608871 0)
(0.0501412 0.00312723 0)
(0.0404612 0.0135704 0)
(0.0293702 0.018152 0)
(0.00894025 0.0215181 0)
(-0.0391657 -0.085611 0)
(0.0599429 -0.0584744 0)
(0.0280306 0.111123 0)
(-0.0810672 0.142075 0)
(-0.106377 0.0932193 0)
(-0.108626 0.0388553 0)
(-0.120939 -0.0360418 0)
(-0.101605 -0.0527817 0)
(-0.101549 -0.0701783 0)
(-0.0564899 -0.0891826 0)
(-0.0130681 -0.042608 0)
(0.00854736 -0.0426067 0)
(0.0247544 -0.0271765 0)
(0.0390883 -0.0199104 0)
(0.0555875 -0.00803878 0)
(0.0531881 0.004155 0)
(0.0442008 0.0157813 0)
(0.0309836 0.021906 0)
(0.00964999 0.0257891 0)
(0.0169345 0.0194603 0)
(0.00204708 -0.0465281 0)
(0.106847 0.162458 0)
(-0.086096 0.178851 0)
(-0.153563 0.0328497 0)
(-0.15231 -0.00647058 0)
(-0.149922 -0.0233457 0)
(-0.106708 -0.0879526 0)
(-0.0549892 -0.051582 0)
(-0.0649846 -0.0238949 0)
(-0.0336368 -0.0656356 0)
(-5.97245e-05 -0.0415478 0)
(0.0254902 -0.0302733 0)
(0.0475404 -0.0194481 0)
(0.0600423 -0.00820409 0)
(0.0598152 0.00551651 0)
(0.047939 0.0188421 0)
(0.0333434 0.0260451 0)
(0.0103327 0.0304968 0)
(0.0337761 -0.133537 0)
(0.0834998 -0.137304 0)
(0.156448 -0.14573 0)
(0.180411 -0.101674 0)
(0.288683 -0.152539 0)
(0.241217 -0.168868 0)
(0.242996 -0.206815 0)
(0.289732 -0.214662 0)
(0.298389 -0.213888 0)
(0.351121 -0.233262 0)
(0.395952 -0.227342 0)
(0.516882 -0.262473 0)
(0.544037 -0.212789 0)
(0.56014 -0.19547 0)
(0.654134 -0.172925 0)
(0.667783 -0.0908213 0)
(0.724685 -0.0200563 0)
(0.730224 0.085921 0)
(0.80861 0.130706 0)
(0.822529 0.217289 0)
(1.10181 0.327025 0)
(1.42208 0.889582 0)
(0.899226 1.42256 0)
(0.0433223 -0.153361 0)
(0.062967 -0.168433 0)
(0.167497 -0.162636 0)
(0.14894 -0.193606 0)
(0.167107 -0.184472 0)
(0.206844 -0.236384 0)
(0.235822 -0.21471 0)
(0.255244 -0.236504 0)
(0.282114 -0.252153 0)
(0.342247 -0.296177 0)
(0.386566 -0.312154 0)
(0.509667 -0.336578 0)
(0.545646 -0.314513 0)
(0.594833 -0.25952 0)
(0.668483 -0.220591 0)
(0.758994 -0.132261 0)
(0.815091 -0.0745237 0)
(0.962822 0.038799 0)
(0.912081 0.149791 0)
(1.06275 0.326323 0)
(1.48596 0.326365 0)
(1.99298 0.794142 0)
(1.71202 1.15861 0)
(0.02839 -0.186947 0)
(0.0474365 -0.202579 0)
(0.100764 -0.192304 0)
(0.127165 -0.238542 0)
(0.160632 -0.220455 0)
(0.184765 -0.234831 0)
(0.214046 -0.256341 0)
(0.242603 -0.265834 0)
(0.281595 -0.303338 0)
(0.312284 -0.333389 0)
(0.364116 -0.396621 0)
(0.518622 -0.439277 0)
(0.561913 -0.349328 0)
(0.610447 -0.338181 0)
(0.745607 -0.304428 0)
(0.831412 -0.233627 0)
(1.04214 -0.197016 0)
(1.06205 -0.0371604 0)
(1.14217 0.0503399 0)
(1.2355 0.369426 0)
(1.47879 0.3268 0)
(1.87789 0.584291 0)
(1.78922 0.710614 0)
(0.0288434 -0.230608 0)
(0.0480417 -0.240459 0)
(0.101683 -0.239408 0)
(0.115949 -0.249194 0)
(0.153583 -0.244348 0)
(0.174579 -0.274749 0)
(0.210717 -0.277723 0)
(0.210033 -0.298166 0)
(0.24787 -0.324373 0)
(0.24354 -0.380604 0)
(0.350559 -0.510575 0)
(0.484663 -0.542009 0)
(0.556903 -0.445492 0)
(0.648771 -0.481959 0)
(0.820603 -0.443286 0)
(1.02696 -0.44661 0)
(1.13664 -0.294772 0)
(1.15027 -0.147067 0)
(1.23992 0.00574907 0)
(1.27091 0.214346 0)
(1.40868 0.390818 0)
(1.65094 0.457177 0)
(1.59512 0.638189 0)
(0.0199746 -0.263559 0)
(0.0485349 -0.273412 0)
(0.082361 -0.260685 0)
(0.109857 -0.282536 0)
(0.141502 -0.282588 0)
(0.161541 -0.291288 0)
(0.178396 -0.292386 0)
(0.177676 -0.307405 0)
(0.204352 -0.340484 0)
(0.180444 -0.438613 0)
(0.3488 -0.650159 0)
(0.479588 -0.62421 0)
(0.573791 -0.586119 0)
(0.754074 -0.666844 0)
(0.908071 -0.683255 0)
(1.08452 -0.574215 0)
(1.05878 -0.39103 0)
(1.15082 -0.243534 0)
(1.16885 -0.0716042 0)
(1.0814 0.199401 0)
(1.22677 0.370573 0)
(1.67172 0.48784 0)
(1.4549 0.466375 0)
(0.0238685 -0.300716 0)
(0.0427323 -0.301191 0)
(0.0880252 -0.303643 0)
(0.105223 -0.302242 0)
(0.138966 -0.298148 0)
(0.14863 -0.313597 0)
(0.16584 -0.30242 0)
(0.146708 -0.317429 0)
(0.142555 -0.332982 0)
(0.132392 -0.516422 0)
(0.409968 -0.884053 0)
(0.517232 -0.795859 0)
(0.638774 -0.936858 0)
(0.772506 -0.865083 0)
(0.880954 -0.767496 0)
(0.792567 -0.656317 0)
(0.523882 -0.380401 0)
(0.58246 -0.0349794 0)
(0.974914 0.142965 0)
(0.944888 0.529568 0)
(1.26373 0.628345 0)
(1.48826 0.404905 0)
(1.23196 0.29474 0)
(0.0165602 -0.331842 0)
(0.0485511 -0.33839 0)
(0.0785856 -0.326423 0)
(0.105351 -0.332907 0)
(0.131768 -0.322846 0)
(0.146424 -0.318416 0)
(0.146675 -0.29342 0)
(0.117114 -0.287545 0)
(0.0712009 -0.314903 0)
(0.162074 -0.75232 0)
(0.448225 -1.06142 0)
(0.470487 -0.928227 0)
(0.630436 -1.11082 0)
(0.530474 -0.906294 0)
(0.206086 -0.585197 0)
(0.192584 -0.293416 0)
(0.142629 -0.190538 0)
(0.444279 0.0661273 0)
(1.01483 -0.188001 0)
(0.871294 0.00321047 0)
(1.16088 0.395028 0)
(1.15613 0.0152361 0)
(1.10981 0.172827 0)
(0.0232093 -0.361295 0)
(0.0441493 -0.356679 0)
(0.0885112 -0.358421 0)
(0.110965 -0.354319 0)
(0.140958 -0.34054 0)
(0.158487 -0.323237 0)
(0.146293 -0.266036 0)
(0.103039 -0.245245 0)
(0.0221126 -0.369852 0)
(0.213492 -0.935133 0)
(0.200411 -1.11992 0)
(0.265411 -0.914557 0)
(0.204155 -1.16314 0)
(0.091933 -0.532684 0)
(-0.0937474 -0.412782 0)
(-0.0695524 -0.52978 0)
(-0.0651204 -0.541504 0)
(0.249964 -0.240084 0)
(0.896138 -0.444811 0)
(0.502329 -0.556237 0)
(0.839894 -0.183947 0)
(1.32208 -0.0125545 0)
(1.15644 0.115927 0)
(0.0193859 -0.410578 0)
(0.0527995 -0.410125 0)
(0.0992899 -0.399025 0)
(0.118391 -0.393795 0)
(0.153745 -0.377538 0)
(0.159992 -0.335437 0)
(0.147109 -0.226373 0)
(0.0812332 -0.182958 0)
(0.004912 -0.411239 0)
(0.159205 -0.953013 0)
(0.113324 -1.08916 0)
(0.250327 -0.771483 0)
(-0.0958083 -0.98243 0)
(-0.0435989 -0.490402 0)
(-0.133904 -0.4428 0)
(-0.0986831 -0.495041 0)
(-0.0684079 -0.54608 0)
(-0.00158419 -0.424321 0)
(0.352517 -0.404597 0)
(0.48419 -0.429742 0)
(0.490234 -0.216401 0)
(0.731774 -0.133712 0)
(0.869989 -0.242132 0)
(0.0215577 -0.43988 0)
(0.032885 -0.43745 0)
(0.0611916 -0.425775 0)
(0.0690332 -0.406491 0)
(0.0900376 -0.375022 0)
(0.0942159 -0.310394 0)
(0.111063 -0.184654 0)
(0.11095 -0.118461 0)
(0.0610518 -0.335006 0)
(0.160848 -0.985249 0)
(0.0439095 -1.18764 0)
(0.229283 -0.657609 0)
(-0.0999999 -0.827116 0)
(-0.0337868 -0.488198 0)
(-0.0857039 -0.542134 0)
(-0.250853 -0.979066 0)
(0.0898809 -0.902777 0)
(0.176198 -0.522135 0)
(0.182074 -0.479053 0)
(0.233192 -0.60344 0)
(0.388275 -0.390002 0)
(0.493072 -0.297984 0)
(0.984257 -0.271 0)
(-0.00311248 -0.455897 0)
(-0.00321024 -0.455258 0)
(-0.0018183 -0.443274 0)
(-0.0022731 -0.426495 0)
(0.00391933 -0.400544 0)
(0.0225047 -0.34482 0)
(0.0695934 -0.239961 0)
(0.253966 -0.177185 0)
(0.327952 -0.379683 0)
(0.278681 -1.31303 0)
(-0.252193 -1.43676 0)
(-0.22846 -0.617123 0)
(-0.0992296 -0.774814 0)
(-0.0362014 -0.410548 0)
(-0.0371619 -0.976878 0)
(0.152742 -0.961617 0)
(0.200144 -0.753562 0)
(0.0706304 -0.475954 0)
(0.196782 -0.739975 0)
(0.322827 -0.670092 0)
(0.657481 -0.429913 0)
(0.807682 -0.449378 0)
(0.837288 -0.444201 0)
(-0.00766607 -0.459208 0)
(-0.00705913 -0.467474 0)
(-0.00480297 -0.459167 0)
(-0.00632866 -0.445378 0)
(-0.00369994 -0.427051 0)
(0.00919507 -0.399889 0)
(0.0763367 -0.373013 0)
(0.116512 -0.357252 0)
(0.205375 -0.845614 0)
(0.149078 -1.57613 0)
(-0.0325368 -1.84398 0)
(-0.0773062 -0.846601 0)
(0.081707 -1.03327 0)
(0.0633495 -0.412494 0)
(0.254473 -0.987496 0)
(0.329694 -1.05578 0)
(0.411305 -1.05568 0)
(0.0445121 -0.583529 0)
(0.114209 -0.531434 0)
(0.511714 -0.566268 0)
(0.677736 -0.567008 0)
(0.590108 -0.585253 0)
(0.767148 -0.66329 0)
(0.000139603 -0.463368 0)
(0.000226621 -0.446852 0)
(-0.00729981 -0.440327 0)
(-0.0101502 -0.424242 0)
(-0.0200712 -0.408664 0)
(0.0211371 -0.416183 0)
(0.204145 -0.404084 0)
(0.268137 -0.342626 0)
(0.263611 -0.476194 0)
(0.295151 -0.957478 0)
(0.0723501 -1.37236 0)
(-0.0604044 -0.78197 0)
(0.249583 -0.861684 0)
(0.0659371 -0.851467 0)
(0.183739 -1.16638 0)
(0.302641 -0.994451 0)
(0.520359 -1.08879 0)
(0.577906 -0.948415 0)
(0.392186 -0.6611 0)
(0.455225 -0.653194 0)
(0.646739 -0.674975 0)
(0.64989 -0.661259 0)
(0.647735 -0.538175 0)
(0.024943 -0.466303 0)
(0.0477577 -0.474035 0)
(0.0622291 -0.483788 0)
(0.0893419 -0.507715 0)
(0.0359427 -0.534524 0)
(0.160395 -0.646242 0)
(0.402316 -0.898977 0)
(0.629023 -0.963776 0)
(0.342885 -0.496706 0)
(0.589814 -0.922876 0)
(0.428581 -1.39391 0)
(0.163789 -1.31084 0)
(-0.0604868 -0.879299 0)
(0.267624 -1.28388 0)
(0.445645 -1.0958 0)
(0.351192 -0.969344 0)
(0.384502 -0.973261 0)
(0.650664 -1.03792 0)
(0.602205 -0.950911 0)
(0.617117 -0.874407 0)
(0.652427 -0.677715 0)
(0.751745 -0.577865 0)
(0.627781 -0.651046 0)
(0.0468191 -0.962523 0)
(0.0786179 -0.970587 0)
(0.113671 -0.987136 0)
(0.191978 -1.00252 0)
(0.338922 -0.994709 0)
(0.375863 -0.993836 0)
(0.35554 -0.987245 0)
(0.498666 -1.03705 0)
(0.557327 -0.915076 0)
(0.482084 -0.585201 0)
(0.524951 -0.915762 0)
(0.393128 -1.39126 0)
(0.415161 -1.30228 0)
(0.388013 -1.33009 0)
(0.5066 -1.15722 0)
(0.315844 -1.17483 0)
(0.306638 -0.894706 0)
(0.603833 -0.998135 0)
(0.734947 -1.06708 0)
(0.731647 -0.959115 0)
(0.88759 -0.759935 0)
(0.746155 -0.536914 0)
(0.779311 -0.727678 0)
(0.0466586 -1.14427 0)
(0.0979424 -1.09474 0)
(0.16062 -1.07675 0)
(0.219718 -1.02496 0)
(0.259259 -1.01525 0)
(0.324294 -1.10458 0)
(0.340852 -1.06193 0)
(0.349822 -1.03732 0)
(0.371528 -1.06568 0)
(0.470462 -0.988855 0)
(0.518516 -0.899927 0)
(0.531738 -0.942376 0)
(0.512958 -1.2459 0)
(0.414572 -1.35349 0)
(0.422111 -1.26183 0)
(0.592248 -1.19081 0)
(0.541477 -0.889174 0)
(0.476467 -0.745063 0)
(0.647079 -0.926294 0)
(0.836458 -0.835031 0)
(1.02349 -0.742262 0)
(0.902895 -0.669493 0)
(0.739082 -0.715198 0)
(0.125833 -0.917637 0)
(0.192578 -1.15543 0)
(0.190964 -1.17119 0)
(0.202823 -1.11355 0)
(0.218596 -1.14252 0)
(0.306926 -1.12074 0)
(0.249075 -1.06041 0)
(0.291343 -1.09138 0)
(0.330222 -1.06043 0)
(0.311494 -1.02569 0)
(0.356499 -1.04401 0)
(0.423107 -1.10951 0)
(0.380564 -1.23512 0)
(0.441467 -1.16054 0)
(0.564978 -1.0802 0)
(0.701257 -1.05451 0)
(0.609787 -1.2385 0)
(0.505008 -1.03391 0)
(0.710199 -1.04441 0)
(0.88753 -0.84802 0)
(0.965051 -0.80278 0)
(0.915564 -0.791111 0)
(0.897592 -0.668827 0)
(-0.0573733 -0.731063 0)
(-0.0351729 -0.878832 0)
(0.26013 -0.883749 0)
(0.242734 -1.06179 0)
(0.244905 -1.17387 0)
(0.395471 -1.17713 0)
(0.222397 -1.18088 0)
(0.252913 -1.14943 0)
(0.340718 -1.15036 0)
(0.281635 -1.05553 0)
(0.223144 -1.08586 0)
(0.318139 -1.10414 0)
(0.375576 -1.06535 0)
(0.508414 -1.09405 0)
(0.456239 -1.15694 0)
(0.400347 -1.22244 0)
(0.494552 -1.36774 0)
(0.695315 -1.12878 0)
(0.86908 -0.994217 0)
(1.04218 -0.926512 0)
(1.09296 -0.871503 0)
(1.0575 -0.934792 0)
(1.0295 -0.818123 0)
(-0.0129924 -0.737922 0)
(0.0205594 -0.77107 0)
(0.0848998 -0.759446 0)
(-0.0176481 -1.12272 0)
(0.0752484 -0.888327 0)
(0.330654 -1.09486 0)
(0.165802 -1.21072 0)
(0.166699 -0.899207 0)
(0.39774 -1.13666 0)
(0.364216 -1.11315 0)
(0.162555 -1.15118 0)
(0.375453 -1.18068 0)
(0.350197 -1.19991 0)
(0.281578 -1.27983 0)
(0.426863 -1.23074 0)
(0.487198 -1.04384 0)
(0.699932 -0.971687 0)
(0.861874 -0.996638 0)
(0.87541 -0.936634 0)
(0.962012 -0.910224 0)
(0.988211 -0.897828 0)
(1.1433 -0.896455 0)
(1.27784 -0.733496 0)
(-0.0278633 -0.724847 0)
(-0.00575475 -0.823767 0)
(-0.0268748 -0.837145 0)
(0.033858 -0.694571 0)
(0.102989 -0.787801 0)
(0.092298 -0.755322 0)
(0.300701 -1.05186 0)
(0.142225 -0.799547 0)
(0.119294 -0.780128 0)
(0.275709 -1.14506 0)
(0.14383 -1.17423 0)
(0.233022 -0.892129 0)
(0.288771 -1.21707 0)
(0.383753 -1.06625 0)
(0.615837 -1.04443 0)
(0.652954 -0.978923 0)
(0.741763 -0.915247 0)
(0.819372 -1.07353 0)
(0.929873 -1.09187 0)
(1.03103 -0.996586 0)
(1.14072 -0.934937 0)
(1.32773 -0.719486 0)
(1.27434 -0.898352 0)
(-0.0282136 -0.602009 0)
(-0.016227 -0.782142 0)
(0.0396656 -0.775551 0)
(0.0059117 -0.484595 0)
(0.0116938 -0.749109 0)
(-0.0186316 -0.649088 0)
(0.0515508 -0.704644 0)
(0.208291 -0.749814 0)
(-0.016966 -0.650586 0)
(0.0750337 -0.863635 0)
(0.336111 -0.715893 0)
(0.288433 -0.655394 0)
(0.278553 -0.821434 0)
(0.454275 -0.925603 0)
(0.61482 -1.0077 0)
(0.656452 -0.990416 0)
(0.735461 -1.02679 0)
(0.85254 -1.14516 0)
(0.927466 -1.13041 0)
(1.0362 -1.17506 0)
(1.15267 -0.996585 0)
(1.31463 -0.746578 0)
(1.32872 -0.974997 0)
(-0.132849 -0.867803 0)
(-0.0766904 -0.812157 0)
(0.0568413 -0.771572 0)
(-0.00121752 -0.763691 0)
(-0.0197265 -0.718139 0)
(0.0201392 -0.65745 0)
(0.0407446 -0.534786 0)
(0.0962464 -0.586882 0)
(0.0262085 -0.511848 0)
(0.142581 -0.679034 0)
(0.29936 -0.499608 0)
(0.236537 -0.562152 0)
(0.27951 -0.725869 0)
(0.342986 -0.988697 0)
(0.577993 -1.08336 0)
(0.629029 -0.99823 0)
(0.657875 -1.06741 0)
(0.817682 -1.16184 0)
(0.881022 -1.10301 0)
(1.06336 -1.18693 0)
(1.35364 -0.966197 0)
(1.33971 -1.04553 0)
(1.14579 -1.24788 0)
(0.11924 -1.25372 0)
(0.134351 -1.28264 0)
(-0.122203 -1.2491 0)
(0.0110156 -1.21562 0)
(0.14989 -1.22081 0)
(0.0512049 -1.19596 0)
(0.105522 -1.13037 0)
(0.10346 -1.07623 0)
(-0.0462919 -0.988691 0)
(0.123909 -0.87949 0)
(0.291675 -0.909682 0)
(0.0884773 -0.931447 0)
(0.105726 -0.897649 0)
(0.297023 -1.06238 0)
(0.612611 -1.09982 0)
(0.612976 -1.13946 0)
(0.63471 -1.08314 0)
(0.918919 -1.15311 0)
(0.993551 -1.34454 0)
(0.964545 -1.28084 0)
(1.14325 -0.97693 0)
(1.02321 -1.37649 0)
(1.09803 -1.38504 0)
(0.00985468 -1.36719 0)
(0.0294755 -1.46477 0)
(0.00560245 -1.44075 0)
(0.025368 -1.35456 0)
(0.0670275 -1.41216 0)
(0.0819275 -1.36554 0)
(0.136173 -1.34316 0)
(0.217435 -1.2996 0)
(0.295592 -1.29844 0)
(0.219235 -1.3491 0)
(0.0672904 -1.21536 0)
(0.329479 -1.23399 0)
(0.32805 -1.31232 0)
(0.316939 -1.28824 0)
(0.436122 -1.31024 0)
(0.635026 -1.50793 0)
(0.636021 -1.39536 0)
(0.723796 -1.39454 0)
(0.817861 -1.6604 0)
(1.05344 -1.59953 0)
(1.20691 -1.55181 0)
(1.03104 -1.62632 0)
(1.0746 -1.39104 0)
(0.0155994 -1.41256 0)
(0.026298 -1.43318 0)
(0.0199459 -1.41516 0)
(0.0288941 -1.40298 0)
(0.0634762 -1.39175 0)
(0.0870935 -1.36869 0)
(0.151451 -1.36091 0)
(0.143837 -1.39136 0)
(0.146127 -1.41597 0)
(0.202496 -1.49312 0)
(0.222598 -1.42178 0)
(0.198951 -1.40716 0)
(0.29807 -1.4849 0)
(0.41463 -1.41832 0)
(0.325734 -1.47515 0)
(0.516514 -1.62433 0)
(0.742082 -1.51664 0)
(0.76397 -1.59392 0)
(0.687416 -1.75475 0)
(0.881568 -1.73029 0)
(1.23031 -1.81515 0)
(1.14969 -1.76585 0)
(1.24209 -1.6381 0)
(0.00600904 -1.45599 0)
(0.0247606 -1.48073 0)
(0.0392699 -1.47336 0)
(0.0443735 -1.46737 0)
(0.0752166 -1.44711 0)
(0.0919585 -1.4603 0)
(0.117139 -1.44882 0)
(0.15436 -1.48205 0)
(0.179012 -1.47468 0)
(0.19675 -1.46195 0)
(0.195774 -1.51229 0)
(0.2443 -1.48662 0)
(0.286186 -1.48859 0)
(0.349934 -1.52492 0)
(0.340935 -1.60407 0)
(0.494327 -1.53089 0)
(0.675882 -1.47496 0)
(0.65815 -1.66225 0)
(0.673618 -1.79092 0)
(0.917191 -1.84984 0)
(1.18317 -1.84768 0)
(1.22142 -1.81355 0)
(1.36658 -1.70023 0)
(0.00525896 -1.47895 0)
(0.0265761 -1.5016 0)
(0.0375153 -1.50037 0)
(0.0544966 -1.49668 0)
(0.0733304 -1.47162 0)
(0.085619 -1.49657 0)
(0.111044 -1.49218 0)
(0.12664 -1.51588 0)
(0.145907 -1.52325 0)
(0.168309 -1.55138 0)
(0.19196 -1.56005 0)
(0.192217 -1.57038 0)
(0.311457 -1.57828 0)
(0.314777 -1.62774 0)
(0.345341 -1.6561 0)
(0.658265 -1.58947 0)
(0.608098 -1.58731 0)
(0.584551 -1.61333 0)
(0.403471 -1.71685 0)
(0.654685 -1.96715 0)
(1.21473 -2.09784 0)
(1.26114 -1.97623 0)
(1.40682 -1.91832 0)
(0.00260068 -1.50925 0)
(0.0246295 -1.52658 0)
(0.0421753 -1.53224 0)
(0.0720647 -1.52715 0)
(0.0733617 -1.53469 0)
(0.0776432 -1.53564 0)
(0.101836 -1.54477 0)
(0.119863 -1.55936 0)
(0.143422 -1.56708 0)
(0.155249 -1.58208 0)
(0.175498 -1.60233 0)
(0.193497 -1.62317 0)
(0.229401 -1.6265 0)
(0.266572 -1.64822 0)
(0.341865 -1.65253 0)
(0.665351 -1.60879 0)
(0.696594 -1.90342 0)
(0.628921 -1.73794 0)
(0.263881 -1.74526 0)
(0.539485 -1.99071 0)
(1.05336 -2.34803 0)
(1.2605 -2.14424 0)
(1.37163 -2.03368 0)
(0.00963719 -1.53304 0)
(0.0214587 -1.54347 0)
(0.0376938 -1.55056 0)
(0.0507226 -1.55637 0)
(0.0642371 -1.57416 0)
(0.0791336 -1.57131 0)
(0.097553 -1.57914 0)
(0.104892 -1.58733 0)
(0.123924 -1.60201 0)
(0.133846 -1.61875 0)
(0.152455 -1.64139 0)
(0.163968 -1.65785 0)
(0.188407 -1.66925 0)
(0.260869 -1.60476 0)
(0.377811 -1.65156 0)
(0.3679 -1.73036 0)
(0.61132 -2.02662 0)
(0.814472 -1.80733 0)
(0.0657861 -2.11813 0)
(0.286631 -1.9259 0)
(0.795255 -2.29785 0)
(1.34338 -2.39177 0)
(1.53711 -2.31063 0)
(0.00706293 -1.56124 0)
(0.0191702 -1.57888 0)
(0.0339825 -1.58224 0)
(0.0468519 -1.58732 0)
(0.0586734 -1.59371 0)
(0.0724545 -1.59954 0)
(0.0842584 -1.60511 0)
(0.096411 -1.61325 0)
(0.108496 -1.6275 0)
(0.116412 -1.63972 0)
(0.134615 -1.65797 0)
(0.142335 -1.67199 0)
(0.191598 -1.68893 0)
(0.224184 -1.60823 0)
(0.222974 -1.71016 0)
(0.332483 -1.80278 0)
(0.672601 -1.76894 0)
(0.618912 -2.13508 0)
(0.0489474 -2.28971 0)
(0.347018 -1.78908 0)
(0.597962 -1.93639 0)
(1.12945 -2.32017 0)
(1.65621 -2.43045 0)
(0.00547714 -1.58123 0)
(0.0166783 -1.60275 0)
(0.0304533 -1.60333 0)
(0.0399683 -1.60891 0)
(0.0528443 -1.61399 0)
(0.0696167 -1.61839 0)
(0.080285 -1.62358 0)
(0.0864181 -1.63483 0)
(0.097644 -1.64551 0)
(0.102312 -1.65915 0)
(0.116885 -1.67666 0)
(0.117754 -1.68755 0)
(0.167459 -1.69531 0)
(0.165079 -1.65867 0)
(0.205498 -1.73057 0)
(0.396458 -1.73542 0)
(0.362852 -1.73008 0)
(0.362216 -2.20333 0)
(0.471782 -2.08872 0)
(0.632754 -1.84611 0)
(0.539489 -1.92629 0)
(0.717577 -2.31156 0)
(1.18258 -2.88127 0)
(0.0051438 -1.60469 0)
(0.0146156 -1.62324 0)
(0.0276515 -1.62519 0)
(0.0370899 -1.62894 0)
(0.0511715 -1.62724 0)
(0.0622307 -1.63112 0)
(0.0725296 -1.63712 0)
(0.0747485 -1.64461 0)
(0.0889565 -1.656 0)
(0.0859593 -1.66427 0)
(0.107836 -1.68321 0)
(0.107733 -1.68582 0)
(0.129342 -1.69081 0)
(0.130728 -1.64217 0)
(0.203172 -1.67211 0)
(0.283073 -1.69261 0)
(0.227888 -1.92248 0)
(0.318037 -2.22629 0)
(0.7127 -2.16941 0)
(0.676655 -2.11761 0)
(0.231986 -2.61391 0)
(0.252742 -2.58396 0)
(0.711231 -3.14295 0)
(0.00265525 -1.61653 0)
(0.013873 -1.63276 0)
(0.0235965 -1.635 0)
(0.0385448 -1.63617 0)
(0.0514339 -1.63783 0)
(0.0604647 -1.6417 0)
(0.0674817 -1.65225 0)
(0.0671365 -1.65529 0)
(0.0798414 -1.66766 0)
(0.0757275 -1.66917 0)
(0.0956703 -1.68128 0)
(0.0972368 -1.68353 0)
(0.118379 -1.70923 0)
(0.129607 -1.62267 0)
(0.147448 -1.66166 0)
(0.162343 -1.74829 0)
(0.0734362 -1.8845 0)
(0.216641 -1.86811 0)
(0.758478 -2.22941 0)
(0.297813 -2.54373 0)
(0.0842262 -2.83852 0)
(0.116207 -2.79395 0)
(0.170278 -2.75429 0)
(0.00429084 -1.62443 0)
(0.0129587 -1.6402 0)
(0.0235004 -1.64251 0)
(0.0355768 -1.64181 0)
(0.047379 -1.64711 0)
(0.0509012 -1.65292 0)
(0.0617943 -1.66428 0)
(0.0636124 -1.67105 0)
(0.0763379 -1.67631 0)
(0.0743614 -1.67677 0)
(0.0929042 -1.67746 0)
(0.0664958 -1.68068 0)
(0.118265 -1.70828 0)
(0.108725 -1.61989 0)
(0.102705 -1.69195 0)
(0.0926478 -1.73334 0)
(0.0826388 -1.80982 0)
(0.0239783 -1.81489 0)
(0.249245 -2.33819 0)
(0.0730968 -2.58691 0)
(-0.071041 -2.16776 0)
(0.211476 -2.90585 0)
(-0.0441208 -2.57105 0)
(0.00353194 -1.63469 0)
(0.0110922 -1.64785 0)
(0.0227128 -1.65134 0)
(0.033733 -1.6517 0)
(0.0394871 -1.65632 0)
(0.0435552 -1.66441 0)
(0.0519507 -1.67174 0)
(0.0547673 -1.68416 0)
(0.0747403 -1.68633 0)
(0.0721981 -1.68757 0)
(0.0963209 -1.68474 0)
(0.0558995 -1.67736 0)
(0.127123 -1.69804 0)
(0.10325 -1.62481 0)
(0.0511893 -1.67655 0)
(0.0532073 -1.7581 0)
(-0.0176353 -1.78177 0)
(-0.0832304 -1.8744 0)
(0.0749094 -1.86475 0)
(0.314756 -2.20907 0)
(-0.201323 -1.99613 0)
(-0.20207 -2.62501 0)
(-0.208988 -2.64739 0)
(0.00604857 -1.64539 0)
(0.0124291 -1.65784 0)
(0.0202504 -1.65789 0)
(0.0299728 -1.66289 0)
(0.0332456 -1.66694 0)
(0.0335192 -1.67449 0)
(0.0411948 -1.68252 0)
(0.0496234 -1.69016 0)
(0.0707146 -1.68616 0)
(0.0711797 -1.69673 0)
(0.0987571 -1.67615 0)
(0.0573205 -1.67919 0)
(0.156868 -1.66482 0)
(0.0941356 -1.58883 0)
(0.0037414 -1.69554 0)
(0.00411997 -1.75336 0)
(-0.0292726 -1.73681 0)
(-0.0285523 -1.76912 0)
(0.00330745 -1.74202 0)
(0.191005 -2.04879 0)
(-0.330504 -2.07046 0)
(-0.229988 -2.04598 0)
(-0.281591 -2.63886 0)
(0.00612052 -1.65847 0)
(0.0130467 -1.67234 0)
(0.0174226 -1.67283 0)
(0.0246443 -1.67844 0)
(0.0283501 -1.68718 0)
(0.0286255 -1.69214 0)
(0.0356701 -1.69472 0)
(0.0510151 -1.69596 0)
(0.068632 -1.69381 0)
(0.0843843 -1.70229 0)
(0.112479 -1.66548 0)
(0.0789897 -1.68455 0)
(0.25274 -1.58115 0)
(0.074794 -1.56464 0)
(-0.0903189 -1.7321 0)
(-0.017119 -1.75423 0)
(-0.0462254 -1.72677 0)
(-0.076593 -1.71264 0)
(-0.08197 -1.76315 0)
(-0.0685093 -1.9931 0)
(-0.248395 -2.08381 0)
(-0.367515 -1.79528 0)
(-0.111659 -2.36206 0)
(0.00563188 -1.66331 0)
(0.0118441 -1.67608 0)
(0.0162929 -1.67708 0)
(0.0194712 -1.68166 0)
(0.0240252 -1.68987 0)
(0.0295636 -1.6929 0)
(0.0387323 -1.69501 0)
(0.0530069 -1.69809 0)
(0.0702576 -1.6992 0)
(0.0968128 -1.70109 0)
(0.131807 -1.69789 0)
(0.141082 -1.73167 0)
(0.377738 -1.66314 0)
(0.00433763 -1.90082 0)
(-0.124394 -1.75412 0)
(-0.0159894 -1.73328 0)
(-0.0432157 -1.70832 0)
(-0.0772312 -1.67385 0)
(-0.128433 -1.65258 0)
(-0.16311 -1.74929 0)
(-0.301652 -1.79531 0)
(-0.422314 -1.72601 0)
(-0.420609 -1.85366 0)
(0.00494008 -1.66326 0)
(0.0110702 -1.67485 0)
(0.0121635 -1.67613 0)
(0.0114277 -1.68114 0)
(0.0161756 -1.68483 0)
(0.0234437 -1.68912 0)
(0.0331601 -1.69105 0)
(0.045328 -1.69622 0)
(0.0582494 -1.70534 0)
(0.0798945 -1.71741 0)
(0.0774087 -1.75231 0)
(0.11286 -1.77101 0)
(0.17467 -1.77914 0)
(0.00729693 -2.02766 0)
(0.0880635 -1.73315 0)
(-0.010536 -1.72903 0)
(-0.0516905 -1.70149 0)
(-0.0833245 -1.66369 0)
(-0.152746 -1.62065 0)
(-0.153424 -1.63696 0)
(-0.185385 -1.67421 0)
(-0.264961 -1.56587 0)
(-0.385293 -1.60856 0)
(0.00428386 -1.70327 0)
(0.00967724 -1.71422 0)
(0.0105031 -1.71806 0)
(0.0109913 -1.72167 0)
(0.0163105 -1.72385 0)
(0.0229972 -1.7293 0)
(0.0315853 -1.73418 0)
(0.0414462 -1.74227 0)
(0.0513967 -1.75364 0)
(0.0648747 -1.77082 0)
(0.0742231 -1.78591 0)
(0.113892 -1.7961 0)
(0.120637 -1.80767 0)
(0.110451 -1.83029 0)
(0.139327 -1.66953 0)
(-0.0186419 -1.68358 0)
(-0.0535925 -1.65099 0)
(-0.0975073 -1.6316 0)
(-0.183104 -1.58581 0)
(-0.193189 -1.59033 0)
(-0.208722 -1.60774 0)
(-0.245157 -1.49774 0)
(-0.329149 -1.50571 0)
(0.00150932 -1.6893 0)
(0.00375412 -1.69639 0)
(0.00490018 -1.69978 0)
(0.00665912 -1.70292 0)
(0.00935185 -1.70686 0)
(0.0134403 -1.71424 0)
(0.0182882 -1.72316 0)
(0.0260286 -1.73716 0)
(0.0356915 -1.74992 0)
(0.0493885 -1.76907 0)
(0.072415 -1.78835 0)
(0.106232 -1.80245 0)
(0.121884 -1.8283 0)
(0.267379 -1.81403 0)
(0.25966 -1.72167 0)
(0.00996227 -1.68102 0)
(-0.055127 -1.66257 0)
(-0.112142 -1.63555 0)
(-0.24336 -1.61733 0)
(-0.25577 -1.62363 0)
(-0.114048 -1.61691 0)
(-0.205228 -1.43513 0)
(-0.232407 -1.38124 0)
(0.000494 -1.35944 0)
(0.0017158 -1.36393 0)
(0.00287254 -1.36684 0)
(0.00366694 -1.37091 0)
(0.0045616 -1.37653 0)
(0.00629193 -1.38436 0)
(0.0106348 -1.39497 0)
(0.0182602 -1.41103 0)
(0.0195479 -1.43218 0)
(0.027032 -1.45314 0)
(0.0502891 -1.48976 0)
(0.0754548 -1.53429 0)
(0.131351 -1.61695 0)
(0.307977 -1.69189 0)
(0.233337 -1.89288 0)
(0.0276145 -1.90971 0)
(-0.0270936 -1.93044 0)
(-0.0927342 -1.8865 0)
(-0.270266 -1.80383 0)
(-0.282694 -1.59768 0)
(0.0460038 -1.5143 0)
(-0.0510248 -1.56538 0)
(-0.276311 -1.2617 0)
(1.09867 1.3673 0)
(1.11176 1.27195 0)
(0.308361 0.875945 0)
(-0.0662082 -0.409864 0)
(1.30894 1.17263 0)
(1.22097 1.18913 0)
(1.10917 1.1227 0)
(1.14712 0.993422 0)
(1.85828 0.828796 0)
(1.76376 0.929311 0)
(1.51048 0.986813 0)
(1.51944 1.04255 0)
(1.65883 0.736952 0)
(1.74297 0.732628 0)
(1.77936 0.78385 0)
(1.7655 0.865596 0)
(1.35101 0.614527 0)
(1.41518 0.684604 0)
(1.58094 0.727851 0)
(1.60646 0.854417 0)
(1.22852 0.363289 0)
(1.21819 0.468572 0)
(1.3422 0.53163 0)
(1.32089 0.665051 0)
(1.09709 0.381127 0)
(1.10235 0.487882 0)
(1.27469 0.602538 0)
(1.35832 0.587918 0)
(0.987103 0.338617 0)
(1.04997 0.462314 0)
(1.24138 0.727773 0)
(1.37382 0.677042 0)
(1.01063 0.0585161 0)
(1.155 0.339641 0)
(1.43938 0.830708 0)
(1.47996 0.842468 0)
(1.32467 -0.00224734 0)
(1.29551 0.0653001 0)
(1.52197 0.513623 0)
(1.48228 0.713045 0)
(0.867242 -0.329205 0)
(0.804851 -0.212744 0)
(1.32301 -0.00917048 0)
(1.75238 0.540653 0)
(1.21335 -0.443918 0)
(1.1824 -0.210167 0)
(1.44923 0.217058 0)
(1.73952 0.636223 0)
(0.621666 -0.379287 0)
(0.72193 -0.414838 0)
(1.14762 -0.148643 0)
(1.71023 0.568982 0)
(0.603198 -0.619217 0)
(0.736636 -0.648042 0)
(0.803338 -0.53085 0)
(1.8631 0.239813 0)
(0.832883 -0.735457 0)
(0.976197 -0.750527 0)
(1.20703 -0.831244 0)
(1.79916 -0.442041 0)
(0.796316 -0.744313 0)
(0.995876 -0.750303 0)
(1.38685 -0.89908 0)
(1.97731 -0.600324 0)
(0.946887 -0.670778 0)
(1.12854 -0.63413 0)
(1.44296 -0.829458 0)
(1.79455 -0.630274 0)
(1.04197 -0.757863 0)
(1.15164 -0.683603 0)
(1.34103 -0.851318 0)
(1.89682 -0.756655 0)
(1.229 -0.776359 0)
(1.21238 -0.858592 0)
(1.33516 -0.939614 0)
(1.87184 -0.919536 0)
(1.09199 -0.938268 0)
(1.19876 -0.950893 0)
(1.40858 -1.04541 0)
(1.7578 -1.03039 0)
(1.38179 -1.0493 0)
(1.38361 -1.05876 0)
(1.34302 -1.19165 0)
(1.46865 -1.16304 0)
(1.16603 -1.26039 0)
(1.18981 -1.25205 0)
(1.25426 -1.25546 0)
(1.45941 -1.15813 0)
(1.31553 -1.35266 0)
(1.43202 -1.28461 0)
(1.43249 -1.24884 0)
(1.46853 -1.22069 0)
(1.22975 -1.3715 0)
(1.31686 -1.40762 0)
(1.3589 -1.47431 0)
(1.41471 -1.44864 0)
(1.3476 -1.64818 0)
(1.40393 -1.6432 0)
(1.39044 -1.6251 0)
(1.51709 -1.57254 0)
(1.49278 -1.73855 0)
(1.49803 -1.74287 0)
(1.45669 -1.69911 0)
(1.50436 -1.68236 0)
(1.54291 -1.97733 0)
(1.57597 -1.94912 0)
(1.51147 -1.81705 0)
(1.56987 -1.75886 0)
(1.53214 -2.07249 0)
(1.58692 -2.02143 0)
(1.52459 -1.74547 0)
(1.51483 -1.68904 0)
(1.72641 -2.38575 0)
(1.84457 -2.27049 0)
(1.79946 -2.01996 0)
(1.37125 -1.93106 0)
(1.64911 -2.57112 0)
(1.65243 -2.53823 0)
(1.60817 -2.41527 0)
(1.40446 -2.06177 0)
(1.40458 -2.97221 0)
(1.43654 -2.83696 0)
(1.48335 -2.56327 0)
(1.21814 -1.91197 0)
(1.41984 -3.32473 0)
(1.37498 -3.25374 0)
(1.18987 -2.93673 0)
(1.17269 -2.07875 0)
(0.873338 -3.24934 0)
(1.00789 -3.38279 0)
(0.784307 -3.0553 0)
(0.822514 -2.15971 0)
(-0.0958417 -2.95932 0)
(0.225698 -3.20673 0)
(-0.0434126 -3.01358 0)
(0.128768 -2.21513 0)
(-0.826709 -2.92835 0)
(-0.831221 -3.16918 0)
(-0.768919 -3.00476 0)
(-0.87197 -2.33961 0)
(-1.1098 -2.43818 0)
(-1.271 -2.50112 0)
(-1.27706 -2.63309 0)
(-1.56869 -2.34715 0)
(-0.894033 -2.27556 0)
(-1.58181 -2.36017 0)
(-1.75824 -2.47265 0)
(-1.90262 -2.25122 0)
(-0.942605 -2.08454 0)
(-1.45588 -1.9397 0)
(-1.61621 -1.87117 0)
(-1.74773 -2.0058 0)
(-0.323023 -1.75943 0)
(-0.976493 -1.54099 0)
(-1.51545 -1.303 0)
(-1.7625 -1.33759 0)
(-0.39279 -1.37854 0)
(-0.682138 -1.58673 0)
(-1.10185 -1.24546 0)
(-1.41664 -1.1 0)
(-0.391863 -1.276 0)
(-0.573924 -1.16406 0)
(-0.779235 -1.11529 0)
(-0.782985 -0.824383 0)
(-0.0313543 -1.24045 0)
(-0.0681273 -1.12963 0)
(-0.260416 -0.91113 0)
(-0.225479 -0.716436 0)
(-0.0421945 -0.181159 0)
(-0.817627 -0.317925 0)
(0.0130084 0.425509 0)
(-0.25889 0.511935 0)
(-0.278705 0.396642 0)
(-0.199377 0.161632 0)
(-0.14855 0.00653403 0)
(-0.112322 -0.0686349 0)
(-0.0251416 -0.08505 0)
(-0.0607226 -0.111368 0)
(-0.0337172 -0.0832718 0)
(0.00490791 -0.0534985 0)
(0.0257001 -0.0482107 0)
(0.0587678 -0.0238497 0)
(0.0677876 -0.0121097 0)
(0.0668984 0.00739775 0)
(0.0556255 0.0237144 0)
(0.0369192 0.0328246 0)
(0.0117966 0.0384859 0)
(1.17295 0.835063 0)
(0.262118 -0.140688 0)
(-0.0815625 0.0249721 0)
(-0.070993 0.114835 0)
(-0.359998 -0.18376 0)
(-0.475335 -0.277514 0)
(-0.301178 -0.234673 0)
(-0.179698 -0.119224 0)
(-0.146429 -0.156479 0)
(-0.0523134 -0.136489 0)
(0.0576443 -0.0939384 0)
(0.0307518 -0.0722513 0)
(0.0540198 -0.0498366 0)
(0.0850309 -0.0313282 0)
(0.0812575 -0.0110801 0)
(0.0895651 0.00922482 0)
(0.0679984 0.0333493 0)
(0.0446263 0.0433222 0)
(0.0142556 0.0509979 0)
(1.67943 1.0896 0)
(1.58953 0.926291 0)
(1.13355 0.671347 0)
(0.777426 0.379649 0)
(0.681066 0.422859 0)
(0.397121 0.585409 0)
(0.0299186 0.038835 0)
(-0.0202403 -0.0270951 0)
(-0.0447882 -0.13131 0)
(-0.00149191 -0.0902435 0)
(-0.00156722 -0.115131 0)
(0.0460966 -0.0654318 0)
(0.0844031 -0.0488738 0)
(0.08705 -0.0351836 0)
(0.105001 -0.0205431 0)
(0.106913 0.0190577 0)
(0.0859334 0.0448101 0)
(0.051819 0.0575958 0)
(0.0178835 0.066352 0)
(1.8168 0.932749 0)
(1.88571 1.04195 0)
(1.79426 0.834467 0)
(1.13998 0.403786 0)
(0.575432 0.194385 0)
(0.165696 0.403458 0)
(-0.36776 -0.206797 0)
(-0.358602 -0.236758 0)
(-0.217213 -0.175158 0)
(-0.0471621 -0.172422 0)
(0.0571264 -0.150246 0)
(0.091172 -0.109247 0)
(0.0971818 -0.0712763 0)
(0.110191 -0.0368305 0)
(0.132365 -0.0162172 0)
(0.147832 0.0311506 0)
(0.102494 0.0602097 0)
(0.0631099 0.07518 0)
(0.0212117 0.0845846 0)
(1.83614 0.876904 0)
(1.92969 1.34615 0)
(1.8288 1.33467 0)
(1.53846 1.22215 0)
(1.48033 1.18238 0)
(1.40891 1.24628 0)
(0.794523 0.936907 0)
(0.075397 0.0218402 0)
(-0.0599379 -0.207295 0)
(0.0159106 -0.165881 0)
(0.0782404 -0.162953 0)
(0.109432 -0.148034 0)
(0.149532 -0.0745592 0)
(0.132496 -0.0385463 0)
(0.163234 0.0220107 0)
(0.174292 0.0386725 0)
(0.12567 0.0805257 0)
(0.0724954 0.0962088 0)
(0.0253023 0.106202 0)
(1.74836 0.87902 0)
(2.08893 1.29317 0)
(1.86024 1.57424 0)
(1.23074 1.27848 0)
(1.0129 1.15562 0)
(0.883263 1.04118 0)
(0.638595 0.758907 0)
(0.414005 0.419054 0)
(-0.266235 0.00136134 0)
(-0.0526406 -0.271068 0)
(0.0695842 -0.252161 0)
(0.159145 -0.177392 0)
(0.195656 -0.101698 0)
(0.194421 -0.0635064 0)
(0.197207 0.0596531 0)
(0.199444 0.0832196 0)
(0.154757 0.108587 0)
(0.0846367 0.122579 0)
(0.0290531 0.131484 0)
(1.61043 0.759538 0)
(1.88517 1.088 0)
(1.83073 1.38247 0)
(1.26049 1.12898 0)
(0.954006 0.856096 0)
(1.08025 0.962159 0)
(0.994612 1.28221 0)
(0.359481 0.981402 0)
(-0.146783 -0.209931 0)
(-0.0888434 -0.5273 0)
(0.0853824 -0.421024 0)
(0.219038 -0.286479 0)
(0.237508 -0.106133 0)
(0.271059 0.000709757 0)
(0.289182 0.0949218 0)
(0.214931 0.128917 0)
(0.160192 0.141232 0)
(0.0914701 0.152223 0)
(0.0320961 0.16003 0)
(1.87183 0.555329 0)
(1.93121 1.02002 0)
(1.62349 1.14884 0)
(1.39627 1.09015 0)
(1.2369 0.878377 0)
(1.52697 0.972518 0)
(1.60661 1.293 0)
(1.10931 1.28478 0)
(0.808486 0.674502 0)
(0.551633 -0.327123 0)
(0.396585 -0.548747 0)
(0.411107 -0.401792 0)
(0.422165 -0.104966 0)
(0.357294 0.0620668 0)
(0.308321 0.110525 0)
(0.23979 0.150057 0)
(0.174019 0.171168 0)
(0.10007 0.183283 0)
(0.0348185 0.190637 0)
(1.55541 0.277447 0)
(1.85857 0.609324 0)
(1.52816 1.14912 0)
(1.44714 1.27015 0)
(1.37139 1.23464 0)
(1.59893 1.27646 0)
(1.64306 1.36548 0)
(1.56264 1.35703 0)
(1.33288 1.01092 0)
(1.15186 0.173289 0)
(0.762555 -0.31765 0)
(0.693019 -0.227227 0)
(0.662247 -0.0401326 0)
(0.46287 0.0823974 0)
(0.365223 0.150445 0)
(0.26786 0.186782 0)
(0.189031 0.207544 0)
(0.107319 0.217088 0)
(0.0373949 0.223616 0)
(1.02028 0.0511616 0)
(1.77159 0.411711 0)
(1.5344 1.23854 0)
(1.4368 1.48139 0)
(1.27963 1.3361 0)
(1.40429 1.34092 0)
(1.56268 1.39287 0)
(1.45552 1.34149 0)
(1.24982 0.962811 0)
(1.24969 0.0505095 0)
(0.849361 -0.241109 0)
(0.763927 -0.0910458 0)
(0.661543 0.0627588 0)
(0.522045 0.148572 0)
(0.396312 0.202933 0)
(0.289153 0.229662 0)
(0.199956 0.247693 0)
(0.112734 0.254732 0)
(0.0393789 0.260026 0)
(0.880719 0.0950747 0)
(1.66927 0.341029 0)
(1.6612 1.28104 0)
(1.40822 1.46811 0)
(1.13139 1.14848 0)
(1.17103 1.07059 0)
(1.34611 1.03372 0)
(1.38381 0.991619 0)
(1.49852 0.890425 0)
(1.45444 0.541951 0)
(0.955153 0.119843 0)
(0.934465 0.010826 0)
(0.86793 0.130934 0)
(0.586769 0.216805 0)
(0.433392 0.265172 0)
(0.30608 0.281718 0)
(0.210314 0.290928 0)
(0.116643 0.293011 0)
(0.0410226 0.295505 0)
(1.02314 0.0669567 0)
(1.68009 0.319509 0)
(1.66596 1.42768 0)
(1.36671 1.3797 0)
(0.778208 0.869344 0)
(0.936207 0.834321 0)
(1.22437 0.863969 0)
(1.38518 0.925835 0)
(1.53264 0.859788 0)
(1.33896 0.517127 0)
(0.925809 0.411839 0)
(0.892504 0.302025 0)
(0.877995 0.315297 0)
(0.636198 0.326015 0)
(0.449108 0.339592 0)
(0.310186 0.334754 0)
(0.208925 0.339102 0)
(0.115184 0.335663 0)
(0.0400834 0.336439 0)
(1.08092 0.0468056 0)
(1.70116 0.159459 0)
(1.7562 1.45614 0)
(1.35106 1.46761 0)
(0.711713 0.939346 0)
(0.92619 0.897042 0)
(1.37587 0.986623 0)
(1.45216 1.12092 0)
(1.34276 0.906883 0)
(1.12275 0.736981 0)
(0.856983 0.611717 0)
(0.865179 0.601842 0)
(0.865557 0.447536 0)
(0.615645 0.427971 0)
(0.43651 0.419946 0)
(0.30315 0.397048 0)
(0.209813 0.382273 0)
(0.112012 0.375659 0)
(0.0400562 0.370435 0)
(1.02703 0.0128995 0)
(1.33563 -0.0748692 0)
(1.94635 1.38904 0)
(1.35404 1.66963 0)
(0.570094 1.08427 0)
(0.660969 1.04963 0)
(1.17087 1.0779 0)
(0.971544 1.16705 0)
(0.636257 0.833219 0)
(0.805054 0.753447 0)
(0.71613 0.75027 0)
(0.718161 0.771737 0)
(0.715442 0.574322 0)
(0.613446 0.520964 0)
(0.428379 0.505235 0)
(0.278081 0.440394 0)
(0.190511 0.43262 0)
(0.10533 0.414404 0)
(0.0345506 0.408495 0)
(1.14922 -0.0089001 0)
(1.26309 -0.0351271 0)
(2.00969 1.49831 0)
(1.5329 1.78447 0)
(0.745877 1.3125 0)
(0.688623 1.08586 0)
(0.347282 0.753865 0)
(0.572443 0.754046 0)
(0.557447 0.822062 0)
(0.792197 0.789877 0)
(0.710851 0.874651 0)
(0.608534 0.763332 0)
(0.615917 0.764342 0)
(0.569903 0.636145 0)
(0.360324 0.560548 0)
(0.25224 0.518579 0)
(0.180552 0.469526 0)
(0.0860934 0.456229 0)
(0.0335187 0.44032 0)
(1.27965 -0.135913 0)
(1.36361 -0.100188 0)
(1.9475 1.50513 0)
(1.49744 1.78788 0)
(1.02085 1.48421 0)
(0.832759 1.21668 0)
(0.794354 1.2408 0)
(0.877181 0.925251 0)
(0.629418 0.813379 0)
(0.613451 0.983419 0)
(0.617633 1.01629 0)
(0.447946 0.842329 0)
(0.543895 0.837826 0)
(0.413377 0.705624 0)
(0.310971 0.592007 0)
(0.194419 0.580888 0)
(0.13269 0.514682 0)
(0.078206 0.490517 0)
(0.0194048 0.475747 0)
(1.2444 -0.195869 0)
(1.33686 -0.10714 0)
(1.89631 1.6414 0)
(1.39173 1.8788 0)
(1.01471 1.44892 0)
(0.862912 1.18751 0)
(0.841619 1.28163 0)
(0.61158 0.802819 0)
(0.70641 0.648595 0)
(0.578988 0.828563 0)
(0.567625 0.950956 0)
(0.369461 0.959797 0)
(0.450636 0.895433 0)
(0.318096 0.784813 0)
(0.234779 0.654263 0)
(0.161051 0.589101 0)
(0.100758 0.55801 0)
(0.047333 0.51434 0)
(0.0173153 0.505711 0)
(1.50037 -0.313628 0)
(0.860037 -0.114929 0)
(1.64291 1.64735 0)
(1.37244 2.00623 0)
(1.10223 1.61308 0)
(0.855554 1.2001 0)
(0.78808 1.20416 0)
(0.447459 1.04947 0)
(0.582156 0.642721 0)
(0.323541 0.721653 0)
(0.483048 0.925296 0)
(0.351251 0.96413 0)
(0.25972 0.946594 0)
(0.196832 0.824101 0)
(0.116192 0.703981 0)
(0.0954292 0.628782 0)
(0.0603435 0.564057 0)
(0.0319672 0.538925 0)
(0.00975087 0.521026 0)
(1.71419 -0.434137 0)
(0.827123 -0.198638 0)
(1.56829 1.49065 0)
(1.31315 2.11837 0)
(1.15268 2.00247 0)
(0.884912 1.4947 0)
(0.836266 1.42583 0)
(0.0398335 1.18381 0)
(0.210544 0.785143 0)
(0.195816 0.798084 0)
(0.166197 1.05301 0)
(0.134194 1.05227 0)
(0.0705285 1.04758 0)
(0.0678081 0.829573 0)
(0.0471169 0.740914 0)
(0.0245019 0.646951 0)
(0.00988902 0.588141 0)
(0.00467776 0.55811 0)
(0.00169069 0.53347 0)
(1.33725 -0.490957 0)
(0.767811 -0.252979 0)
(1.57694 1.53454 0)
(1.2981 2.2183 0)
(1.09584 2.01578 0)
(0.77526 1.51088 0)
(0.562832 1.63518 0)
(-0.233504 2.12803 0)
(-0.216367 1.22416 0)
(-0.0959832 0.934179 0)
(-0.151044 1.19742 0)
(-0.182047 1.0277 0)
(-0.131754 0.988401 0)
(-0.176153 0.822369 0)
(-0.0384759 0.759314 0)
(-0.0522624 0.624435 0)
(-0.0243156 0.576412 0)
(-0.021607 0.556921 0)
(-0.0151226 0.543292 0)
(1.00179 -0.5306 0)
(0.83712 -0.313686 0)
(1.55497 1.62171 0)
(1.1744 2.27916 0)
(1.02522 2.03315 0)
(0.778052 1.55257 0)
(0.473795 1.89888 0)
(-0.51376 2.02198 0)
(-0.84953 0.994045 0)
(-0.62677 0.973055 0)
(-0.706248 1.15612 0)
(-0.660094 1.08399 0)
(-0.41679 0.843381 0)
(-0.250972 0.878645 0)
(-0.139196 0.803073 0)
(-0.169422 0.619062 0)
(-0.0574944 0.584494 0)
(-0.0261585 0.532046 0)
(-0.011087 0.53507 0)
(0.999726 -0.517797 0)
(0.94511 -0.294884 0)
(1.5312 1.92065 0)
(1.13308 2.4585 0)
(0.938043 2.08539 0)
(0.789206 1.67746 0)
(0.24481 2.22961 0)
(-0.693278 2.07908 0)
(-0.797786 0.805893 0)
(-0.616329 0.870245 0)
(-0.798079 1.0123 0)
(-0.799074 1.06748 0)
(-0.601242 0.799512 0)
(-0.327648 0.809961 0)
(-0.343011 0.755012 0)
(-0.29961 0.573689 0)
(-0.120932 0.572024 0)
(-0.0755336 0.514842 0)
(-0.018939 0.506192 0)
(1.17069 -0.533121 0)
(1.00516 -0.312926 0)
(1.47393 1.85307 0)
(1.03746 2.55454 0)
(0.932601 2.26088 0)
(0.897018 1.94781 0)
(0.379024 2.69127 0)
(-0.678267 2.26984 0)
(-0.64944 1.00317 0)
(-0.713626 0.986263 0)
(-0.940213 0.952395 0)
(-0.906859 1.08643 0)
(-0.759729 0.726252 0)
(-0.472073 0.622488 0)
(-0.443473 0.532637 0)
(-0.357049 0.510952 0)
(-0.165501 0.533008 0)
(-0.0921118 0.494768 0)
(-0.0182084 0.498339 0)
(1.03151 -0.632259 0)
(1.00063 -0.413946 0)
(1.48996 1.90233 0)
(1.02966 2.73574 0)
(0.871213 2.48796 0)
(0.675883 2.13322 0)
(0.569146 3.1394 0)
(-0.439965 2.8539 0)
(-0.118903 2.02254 0)
(-1.05359 0.998126 0)
(-1.23301 1.01413 0)
(-1.12877 1.08431 0)
(-1.10078 0.7818 0)
(-0.7078 0.48628 0)
(-0.470164 0.36529 0)
(-0.314166 0.496251 0)
(-0.144819 0.485753 0)
(-0.108585 0.467033 0)
(-0.0160541 0.467545 0)
(1.39039 -0.783713 0)
(0.831721 -0.38577 0)
(1.46988 1.96784 0)
(1.03202 2.83877 0)
(0.872306 2.53303 0)
(0.574404 2.28132 0)
(0.831621 3.19922 0)
(0.179797 3.03744 0)
(-0.00195753 2.00855 0)
(-1.37117 0.92916 0)
(-1.21609 1.0651 0)
(-1.33679 1.08318 0)
(-1.23012 0.651789 0)
(-0.729934 0.337379 0)
(-0.437864 0.397643 0)
(-0.248594 0.368045 0)
(-0.164034 0.402794 0)
(-0.104363 0.426659 0)
(-0.0157702 0.449787 0)
(1.79752 -0.837953 0)
(0.752049 -0.319524 0)
(1.39857 2.07792 0)
(1.05908 2.96031 0)
(0.842879 2.55801 0)
(0.607481 2.58897 0)
(0.955055 3.46589 0)
(0.774082 3.43009 0)
(0.330954 2.1102 0)
(-1.02939 1.08201 0)
(-0.784374 1.21727 0)
(-1.16923 0.976952 0)
(-1.04814 0.456508 0)
(-0.632283 0.160864 0)
(-0.455203 0.255358 0)
(-0.350784 0.273991 0)
(-0.178311 0.370812 0)
(-0.104234 0.404363 0)
(-0.00942698 0.436515 0)
(1.79421 -0.608844 0)
(0.676795 -0.181049 0)
(1.34048 2.17565 0)
(0.9409 3.12118 0)
(0.702547 2.49428 0)
(0.543344 2.63547 0)
(1.07799 3.76205 0)
(1.11085 3.64812 0)
(1.03309 2.68137 0)
(-0.350543 1.71407 0)
(-0.593973 1.75277 0)
(-0.766024 0.456517 0)
(-0.58691 0.00299088 0)
(-0.429116 -0.15909 0)
(-0.387837 -0.129988 0)
(-0.203 0.209845 0)
(-0.0725498 0.305568 0)
(-0.0618439 0.341244 0)
(0.00579623 0.38027 0)
(1.54332 -0.358858 0)
(0.168576 -0.141385 0)
(1.43167 2.4461 0)
(1.00481 3.22497 0)
(0.630641 2.569 0)
(0.551147 2.55346 0)
(0.958824 3.75546 0)
(1.35948 3.8692 0)
(1.86877 3.47867 0)
(1.50271 2.59894 0)
(0.827113 2.27483 0)
(0.0972825 1.34359 0)
(0.207726 0.545147 0)
(-0.00748146 0.0999264 0)
(-0.0848461 -0.0978104 0)
(-0.00378599 0.0799618 0)
(-0.0651561 0.257076 0)
(-0.0406956 0.344776 0)
(0.034369 0.360242 0)
(1.34658 -0.00521898 0)
(-0.210695 0.49423 0)
(1.29443 2.4265 0)
(0.94305 3.50103 0)
(0.883402 2.93109 0)
(0.915265 2.70719 0)
(0.871335 3.74944 0)
(1.28799 3.93296 0)
(1.85413 3.62435 0)
(1.65686 2.90259 0)
(1.51059 2.31572 0)
(0.969676 1.15515 0)
(0.61333 0.268713 0)
(0.194427 0.0154719 0)
(-0.166772 -0.112323 0)
(-0.0633732 0.158073 0)
(0.157203 0.273137 0)
(0.11316 0.382911 0)
(0.0237223 0.368492 0)
(2.2 0.384895 0)
(0.811709 0.950779 0)
(1.25256 2.16627 0)
(1.16798 3.71123 0)
(0.673188 3.83213 0)
(0.703192 3.25114 0)
(1.03681 4.08533 0)
(1.11773 4.28047 0)
(1.46583 3.70885 0)
(1.67787 3.46831 0)
(1.51307 2.60857 0)
(1.24911 1.75849 0)
(1.57003 1.14365 0)
(1.32273 0.546877 0)
(0.683654 -0.00707282 0)
(0.333001 -0.129151 0)
(0.163704 0.298931 0)
(0.118298 0.406434 0)
(-0.00227602 0.447024 0)
(2.40438 -0.304593 0)
(1.28137 1.90671 0)
(0.670523 2.97088 0)
(1.34706 3.9944 0)
(1.48272 4.59699 0)
(1.3161 4.28997 0)
(1.0074 4.35323 0)
(1.05686 4.22743 0)
(1.33149 3.90267 0)
(1.50732 3.56708 0)
(1.5643 2.7851 0)
(1.46533 2.38822 0)
(1.46374 1.55455 0)
(1.65989 0.998764 0)
(1.28388 0.549565 0)
(0.9029 0.181024 0)
(0.674179 0.316712 0)
(0.276944 0.449193 0)
(0.0891927 0.506903 0)
(0.903024 -0.590638 0)
(1.4475 2.33809 0)
(0.689663 3.13947 0)
(1.43176 4.64025 0)
(1.47544 4.93278 0)
(1.16436 4.62301 0)
(0.940324 4.34077 0)
(1.02175 4.20364 0)
(1.30407 3.91033 0)
(1.47325 3.49677 0)
(1.54722 3.11459 0)
(1.54348 2.49466 0)
(1.51704 2.12423 0)
(1.53932 1.50461 0)
(1.13988 1.26391 0)
(0.786066 0.99071 0)
(0.631227 0.758329 0)
(0.293617 0.852845 0)
(0.00616443 0.869491 0)
(0.312563 -0.462385 0)
(1.31237 2.33991 0)
(0.622824 3.07189 0)
(1.30915 4.71044 0)
(1.40687 4.79951 0)
(1.13811 4.65439 0)
(0.748014 4.20681 0)
(0.818344 3.78572 0)
(1.3119 3.46251 0)
(1.51745 3.28078 0)
(1.60967 2.97517 0)
(1.5272 2.1612 0)
(1.47979 1.80105 0)
(1.09361 1.55916 0)
(0.926549 1.65586 0)
(0.693421 1.81224 0)
(0.650861 1.72077 0)
(0.524297 1.67784 0)
(0.096331 1.67624 0)
(-0.278709 -0.451831 0)
(0.725874 2.12385 0)
(0.340364 3.202 0)
(0.949257 4.67513 0)
(1.14633 4.66374 0)
(1.05535 4.63158 0)
(0.745436 4.21882 0)
(0.773478 3.80924 0)
(1.15405 3.45323 0)
(1.50078 3.14365 0)
(1.41332 2.64547 0)
(1.43402 2.05925 0)
(1.30682 1.64789 0)
(1.00843 1.76147 0)
(0.812945 1.92937 0)
(0.62129 1.90863 0)
(0.487879 1.97101 0)
(0.362677 1.74091 0)
(0.0597347 1.75541 0)
(-0.933513 -0.820524 0)
(-0.138524 1.76932 0)
(-0.205933 3.28909 0)
(0.411181 4.59107 0)
(0.835263 4.68294 0)
(0.790337 4.62794 0)
(0.705698 4.2359 0)
(0.889216 3.80869 0)
(1.05228 3.47838 0)
(1.27718 3.08637 0)
(1.31266 2.77839 0)
(1.35715 2.42402 0)
(1.28542 1.90799 0)
(0.9802 2.07144 0)
(0.720408 2.1051 0)
(0.536265 2.05664 0)
(0.402136 2.06352 0)
(0.275183 1.95637 0)
(0.045631 1.93584 0)
(-1.51384 -1.30139 0)
(-0.838008 1.19651 0)
(-0.475578 3.0421 0)
(0.0104012 4.00923 0)
(0.483621 4.4665 0)
(0.581088 4.40349 0)
(0.642851 3.99863 0)
(0.916587 3.48799 0)
(0.949512 3.07086 0)
(1.06656 2.97421 0)
(1.03267 2.99074 0)
(0.869333 2.98823 0)
(0.93259 2.54043 0)
(0.92162 2.39334 0)
(0.665617 2.28878 0)
(0.488405 2.1883 0)
(0.356786 2.17473 0)
(0.241116 2.10025 0)
(0.0525736 2.088 0)
(-2.07148 -1.49685 0)
(-1.54959 0.605558 0)
(-0.653534 2.40496 0)
(-0.32437 3.47098 0)
(0.00619624 4.02525 0)
(0.281378 3.76936 0)
(0.486807 3.65115 0)
(0.805695 3.30297 0)
(0.772514 3.07121 0)
(0.796468 3.08649 0)
(0.669383 3.09202 0)
(0.670436 3.07028 0)
(0.664783 2.86597 0)
(0.649703 2.58998 0)
(0.504997 2.46786 0)
(0.404276 2.3535 0)
(0.289945 2.3064 0)
(0.1964 2.23221 0)
(0.0496517 2.2128 0)
(-2.34726 -1.43702 0)
(-2.21093 -0.130838 0)
(-1.26425 1.94393 0)
(-0.848054 3.2708 0)
(-0.543926 3.69578 0)
(-0.128895 3.53127 0)
(0.258152 3.76362 0)
(0.47583 3.44231 0)
(0.367623 3.26079 0)
(0.477953 3.17863 0)
(0.426432 3.09942 0)
(0.501853 2.99332 0)
(0.540117 2.78957 0)
(0.498299 2.57161 0)
(0.41541 2.49512 0)
(0.334167 2.39255 0)
(0.241795 2.35393 0)
(0.173468 2.3028 0)
(0.0552767 2.30552 0)
(-1.99206 -0.911223 0)
(-2.41255 -0.223894 0)
(-2.03722 1.36035 0)
(-1.48663 3.01362 0)
(-1.0301 3.45628 0)
(-0.58691 3.17637 0)
(-0.210741 3.55068 0)
(0.048526 3.40437 0)
(0.0813174 3.33257 0)
(0.23364 3.2266 0)
(0.267583 3.1084 0)
(0.345253 3.00797 0)
(0.395883 2.85274 0)
(0.373614 2.68664 0)
(0.31746 2.59579 0)
(0.258615 2.4979 0)
(0.186441 2.44617 0)
(0.144801 2.38872 0)
(0.050923 2.34695 0)
(-1.48381 -0.809775 0)
(-1.87435 -0.117013 0)
(-2.04446 0.933316 0)
(-1.59096 2.24879 0)
(-1.15021 2.78521 0)
(-0.70347 2.65926 0)
(-0.508182 3.12628 0)
(-0.169939 3.13925 0)
(-0.0422144 3.1405 0)
(0.120168 3.05683 0)
(0.208537 2.97226 0)
(0.265883 2.88395 0)
(0.314804 2.78024 0)
(0.291918 2.63835 0)
(0.248402 2.55501 0)
(0.197363 2.4697 0)
(0.137522 2.42594 0)
(0.0959319 2.38155 0)
(0.0308048 2.33291 0)
(-1.06476 -0.34965 0)
(-1.22372 0.357139 0)
(-1.46161 1.22704 0)
(-1.22009 2.16971 0)
(-0.796482 2.6354 0)
(-0.508808 2.61206 0)
(-0.38991 2.99848 0)
(-0.155264 3.02689 0)
(-0.0571467 3.04935 0)
(0.0497686 3.00006 0)
(0.102773 2.9315 0)
(0.135482 2.85569 0)
(0.159943 2.77091 0)
(0.144368 2.66577 0)
(0.128273 2.59559 0)
(0.104768 2.52331 0)
(0.0746536 2.47773 0)
(0.0361603 2.43224 0)
(0.00884854 2.36215 0)
(-0.213385 -0.295223 0)
(-0.281258 0.2721 0)
(-0.40218 0.889056 0)
(-0.437036 1.49923 0)
(-0.346303 1.86519 0)
(-0.273756 1.99004 0)
(-0.219167 2.23805 0)
(-0.103465 2.29323 0)
(-0.0452876 2.3468 0)
(0.0216448 2.33396 0)
(0.0582141 2.30226 0)
(0.0802883 2.25483 0)
(0.0970904 2.207 0)
(0.0871829 2.14298 0)
(0.0766904 2.09871 0)
(0.0627503 2.04715 0)
(0.0396369 2.01494 0)
(0.00232094 1.9853 0)
(-0.0117322 1.97675 0)
)
;

boundaryField
{
    leftWall
    {
        type            fixedValue;
        value           uniform (0 0 0);
    }
    rightWall
    {
        type            fixedValue;
        value           uniform (0 0 0);
    }
    lowerWall
    {
        type            fixedValue;
        value           uniform (0 0 0);
    }
    atmosphere
    {
        type            pressureInletOutletVelocity;
        value           nonuniform List<vector> 
46
(
(0 -1.35944 0)
(0 -1.36393 0)
(0 -1.36684 0)
(0 -1.37091 0)
(0 -1.37653 0)
(0 -1.38436 0)
(0 -1.39497 0)
(0 -1.41103 0)
(0 -1.43218 0)
(0 -1.45314 0)
(0 -1.48976 0)
(0 -1.53429 0)
(0 -1.61695 0)
(0 -1.69189 0)
(0 -1.89288 0)
(0 -1.90971 0)
(0 -1.93044 0)
(0 -1.8865 0)
(0 -1.80383 0)
(0 -1.59768 0)
(0 -1.5143 0)
(0 -1.56538 0)
(0 -1.2617 0)
(0 -1.24045 0)
(0 -1.12963 0)
(0 -0.91113 0)
(0 -0.716436 0)
(0 -0.295223 0)
(-0.281258 0.2721 0)
(-0.40218 0.889056 0)
(-0.437036 1.49923 0)
(-0.346303 1.86519 0)
(-0.273756 1.99004 0)
(-0.219167 2.23805 0)
(-0.103465 2.29323 0)
(-0.0452876 2.3468 0)
(0.0216448 2.33396 0)
(0.0582141 2.30226 0)
(0.0802883 2.25483 0)
(0.0970904 2.207 0)
(0.0871829 2.14298 0)
(0.0766904 2.09871 0)
(0.0627503 2.04715 0)
(0.0396369 2.01494 0)
(0.00232094 1.9853 0)
(-0.0117322 1.97675 0)
)
;
    }
    defaultFaces
    {
        type            empty;
    }
}


// ************************************************************************* //
