/*--------------------------------*- C++ -*----------------------------------*\
| =========                 |                                                 |
| \\      /  F ield         | foam-extend: Open Source CFD                    |
|  \\    /   O peration     | Version:     4.1                                |
|   \\  /    A nd           | Web:         http://www.foam-extend.org         |
|    \\/     M anipulation  |                                                 |
\*---------------------------------------------------------------------------*/
FoamFile
{
    version     2.0;
    format      ascii;
    class       volVectorField;
    location    "0.75";
    object      U;
}
// * * * * * * * * * * * * * * * * * * * * * * * * * * * * * * * * * * * * * //

dimensions      [0 1 -1 0 0 0 0];

internalField   nonuniform List<vector> 
2268
(
(-0.00365033 0.0167601 0)
(-0.0906637 0.0176336 0)
(-0.110858 0.00349258 0)
(-0.150595 -0.0212242 0)
(-0.176294 0.000848641 0)
(-0.159935 -0.00084143 0)
(-0.169531 0.00178603 0)
(-0.164631 -0.00362358 0)
(-0.152643 -0.00676579 0)
(-0.15973 -0.0085896 0)
(-0.115943 -0.0163634 0)
(-0.0638824 0.000175237 0)
(-0.0454495 -0.00734925 0)
(-0.0386656 -0.0112599 0)
(-0.0198109 -0.019353 0)
(-0.00775433 -0.0086582 0)
(0.00554098 -0.00732301 0)
(0.0200144 -0.00565656 0)
(0.0199791 -0.00812278 0)
(0.0466266 -0.00724438 0)
(0.0494822 0.00582103 0)
(0.0266019 0.00459664 0)
(0.0210483 0.00337886 0)
(0.00476751 0.0262653 0)
(-0.0841094 0.0352356 0)
(-0.11302 0.0186142 0)
(-0.147569 -0.0197738 0)
(-0.17115 0.000290476 0)
(-0.159163 -0.0023786 0)
(-0.167397 -0.000318721 0)
(-0.159804 -0.000617793 0)
(-0.13776 0.00597595 0)
(-0.135184 -0.00845571 0)
(-0.0793658 -0.00731166 0)
(-0.0542825 0.00968854 0)
(-0.0429078 -0.00550026 0)
(-0.0406343 -0.0131666 0)
(-0.012258 -0.00872062 0)
(0.00428716 -0.00712374 0)
(0.0180982 -0.00500478 0)
(0.0391805 -0.000326654 0)
(0.0375229 0.00707255 0)
(0.0500356 -0.0157077 0)
(0.0413762 0.00274758 0)
(0.0268541 0.0100698 0)
(0.037218 0.0179447 0)
(-0.00679208 0.0372285 0)
(-0.0919007 0.0476934 0)
(-0.120172 0.01942 0)
(-0.152528 -0.00733348 0)
(-0.170809 0.0029575 0)
(-0.156149 -0.000954553 0)
(-0.163129 0.00524852 0)
(-0.1555 -0.0118835 0)
(-0.140138 -0.0143376 0)
(-0.145462 -0.0355711 0)
(-0.0946373 -0.00321662 0)
(-0.0688167 -0.0224293 0)
(-0.0754558 -0.0311177 0)
(-0.0685351 -0.0350146 0)
(-0.050483 -0.0272151 0)
(-0.0372061 -0.0345811 0)
(0.00505944 -0.0237074 0)
(0.0234214 -0.0139689 0)
(0.03411 -0.0219924 0)
(0.0449484 -0.00930612 0)
(0.0628742 0.00146906 0)
(0.0285914 0.0121022 0)
(0.0326678 0.0386575 0)
(-0.0148482 0.0702297 0)
(-0.104311 0.0408166 0)
(-0.132206 0.0306956 0)
(-0.15332 -0.00583525 0)
(-0.167294 0.000932917 0)
(-0.157192 -0.00470026 0)
(-0.172855 -0.00190839 0)
(-0.170687 -0.0241769 0)
(-0.145898 -0.0042562 0)
(-0.130193 0.0049176 0)
(-0.120269 0.00977705 0)
(-0.12637 -0.00709815 0)
(-0.124698 -0.00506137 0)
(-0.119465 -0.00333299 0)
(-0.0986268 -0.0239927 0)
(-0.0805779 -0.0297515 0)
(-0.0379533 -0.0219699 0)
(-0.02048 -0.0130428 0)
(0.00476571 -0.0194556 0)
(0.00944814 -0.0113796 0)
(0.0543718 0.018721 0)
(0.0262678 0.0408805 0)
(0.0434863 0.0391915 0)
(-0.034222 0.0915144 0)
(-0.113876 0.0513477 0)
(-0.13892 0.029191 0)
(-0.161367 0.000962248 0)
(-0.17241 0.0031542 0)
(-0.169555 -7.55665e-05 0)
(-0.186684 0.0075281 0)
(-0.16025 0.000446109 0)
(-0.151631 -0.0312069 0)
(-0.154653 0.0113093 0)
(-0.158513 -0.00280735 0)
(-0.166882 -0.0169005 0)
(-0.154577 -0.0351201 0)
(-0.157505 -0.0507928 0)
(-0.145526 -0.042783 0)
(-0.124491 -0.0601871 0)
(-0.0889561 -0.0544974 0)
(-0.0697447 -0.0337107 0)
(-0.0419749 -0.014923 0)
(-0.0159049 -0.0367135 0)
(0.0430993 -0.0203047 0)
(0.0106519 0.0453339 0)
(0.0309765 0.0782009 0)
(-0.0318593 0.108391 0)
(-0.128727 0.0617453 0)
(-0.154302 0.0448821 0)
(-0.165461 0.00352979 0)
(-0.17242 0.00419079 0)
(-0.164353 -0.00296784 0)
(-0.186148 0.00549182 0)
(-0.211696 0.0303849 0)
(-0.192697 0.014696 0)
(-0.179628 0.0146431 0)
(-0.195083 0.014393 0)
(-0.196863 -0.0111509 0)
(-0.190719 -0.0201379 0)
(-0.178693 -0.042512 0)
(-0.155929 -0.0427284 0)
(-0.148843 -0.0587053 0)
(-0.112742 -0.0437735 0)
(-0.0959351 -0.0265707 0)
(-0.0671197 -0.0589444 0)
(-0.0264388 -0.0458488 0)
(0.0312395 0.0116212 0)
(0.0732423 0.0454847 0)
(0.0513079 0.115704 0)
(-0.0525357 0.129018 0)
(-0.152671 0.0906449 0)
(-0.194733 0.032963 0)
(-0.196421 0.00555487 0)
(-0.198707 0.001241 0)
(-0.211207 0.00359578 0)
(-0.222764 0.0118731 0)
(-0.224673 0.0182158 0)
(-0.218008 0.034575 0)
(-0.215669 0.0108323 0)
(-0.206563 0.00891893 0)
(-0.203111 -0.00564126 0)
(-0.190934 -0.0129419 0)
(-0.189037 -0.0363617 0)
(-0.17107 -0.0557121 0)
(-0.141953 -0.0803362 0)
(-0.110932 -0.0948279 0)
(-0.114545 -0.113666 0)
(-0.0611945 -0.0950687 0)
(0.00815164 -0.0567277 0)
(0.0386963 -0.0818227 0)
(0.107966 0.0195042 0)
(0.0503975 0.217471 0)
(-0.0399542 0.16059 0)
(-0.186063 0.157136 0)
(-0.226651 0.0787961 0)
(-0.216203 0.00615936 0)
(-0.238978 0.0157832 0)
(-0.259044 0.00599838 0)
(-0.264674 0.0118237 0)
(-0.257803 0.0130429 0)
(-0.236504 0.0208247 0)
(-0.226103 0.0146239 0)
(-0.215157 0.00999095 0)
(-0.20503 -0.0205083 0)
(-0.203369 -0.0331563 0)
(-0.190777 -0.0411047 0)
(-0.174261 -0.0658957 0)
(-0.153243 -0.0875502 0)
(-0.11274 -0.101666 0)
(-0.0893034 -0.15472 0)
(-0.0357812 -0.0598287 0)
(0.00324626 -0.0738405 0)
(0.0761444 -0.099343 0)
(0.204167 0.00165151 0)
(0.105834 0.22108 0)
(-0.726426 0.138565 0)
(-0.701415 0.108905 0)
(-0.956266 -0.00890024 0)
(-1.18446 0.0609456 0)
(-1.30868 -0.0294854 0)
(-1.36185 -0.0461602 0)
(-1.41202 -0.0226354 0)
(-1.39832 -0.00135538 0)
(-1.46294 0.000439856 0)
(-1.63684 -0.0374669 0)
(-1.6889 -0.0521948 0)
(-1.69064 -0.0548698 0)
(-1.69343 -0.00571695 0)
(-1.70109 -0.149247 0)
(-1.77012 -0.193881 0)
(-1.76967 -0.120911 0)
(-1.13988 -0.0517914 0)
(-0.854165 -0.37019 0)
(-0.179583 -0.0480391 0)
(-0.656656 0.218284 0)
(-0.628988 0.240684 0)
(-0.838459 0.221267 0)
(-1.04633 0.144444 0)
(-1.06753 0.0356263 0)
(-1.09106 0.0309308 0)
(-1.17529 0.0854032 0)
(-1.19205 0.124565 0)
(-1.3659 0.117614 0)
(-1.53561 0.0496045 0)
(-1.60138 0.0751397 0)
(-1.579 0.0660215 0)
(-1.74056 0.0351261 0)
(-1.90602 -0.00257374 0)
(-1.89781 -0.270484 0)
(-1.80742 -0.0259213 0)
(-1.31006 0.186035 0)
(-0.794767 -0.414271 0)
(-0.209968 -0.398034 0)
(-0.659889 0.395285 0)
(-0.594346 0.426088 0)
(-0.737005 0.236075 0)
(-0.842009 0.143571 0)
(-0.716352 0.0533646 0)
(-0.632186 0.0630313 0)
(-0.697811 0.0808959 0)
(-0.720925 0.0845942 0)
(-1.02018 0.13786 0)
(-1.16054 0.0645688 0)
(-1.2583 0.104404 0)
(-1.25694 -0.104665 0)
(-1.48659 -0.283691 0)
(-1.72155 -0.183643 0)
(-1.84542 -0.443294 0)
(-1.59844 -0.298604 0)
(-1.38989 -0.136275 0)
(-0.596915 -0.302411 0)
(-0.107589 -0.537042 0)
(-0.596775 0.508367 0)
(-0.553822 0.505443 0)
(-0.568458 0.167123 0)
(-0.64152 0.0349986 0)
(-0.621779 0.132844 0)
(-0.407627 0.00679362 0)
(-0.335385 0.0860941 0)
(-0.388606 0.33511 0)
(-0.399801 0.181752 0)
(-0.674382 0.0292637 0)
(-0.843686 0.0775009 0)
(-0.882922 0.179416 0)
(-0.961826 -0.118115 0)
(-1.31886 -0.297923 0)
(-1.40013 -0.399586 0)
(-1.30771 -0.232293 0)
(-0.860412 -0.309368 0)
(-0.66681 -0.296108 0)
(0.0258268 -0.770518 0)
(-0.577864 0.603551 0)
(-0.414954 0.620958 0)
(-0.34181 0.237028 0)
(-0.458103 0.095882 0)
(-0.357833 -0.0066224 0)
(-0.285601 -0.16244 0)
(-0.0116103 -0.0334254 0)
(-0.10333 0.294014 0)
(-0.04592 0.205799 0)
(-0.1936 0.209181 0)
(-0.363434 0.121235 0)
(-0.545762 0.416294 0)
(-0.799598 0.00685589 0)
(-1.03734 -0.332198 0)
(-1.0819 -0.510622 0)
(-1.22518 -0.242604 0)
(-0.715762 -0.417307 0)
(-0.581218 -0.324159 0)
(0.0584515 -0.872786 0)
(-0.499096 0.72373 0)
(-0.326196 0.643647 0)
(-0.222182 0.224483 0)
(-0.36255 0.14549 0)
(-0.224924 0.0158472 0)
(-0.129113 -0.184886 0)
(0.0661021 -0.0704727 0)
(-0.0108011 0.166331 0)
(0.117479 0.252872 0)
(0.263833 0.198182 0)
(0.270337 0.239931 0)
(-0.284211 0.415367 0)
(-0.170498 0.122735 0)
(-0.176974 -0.34706 0)
(-0.264845 -0.495475 0)
(-0.732539 -0.310732 0)
(-0.398357 -0.460782 0)
(-0.332794 -0.441857 0)
(0.0803856 -0.892683 0)
(-0.476456 0.782463 0)
(-0.202839 0.652742 0)
(-0.0887696 0.217259 0)
(-0.211622 0.150725 0)
(0.00284274 -0.0676963 0)
(0.114036 -0.140037 0)
(0.173217 -0.0535224 0)
(0.16769 0.182393 0)
(0.255972 0.288341 0)
(0.362178 0.182195 0)
(0.380366 0.243673 0)
(0.15319 0.313087 0)
(0.368886 0.11601 0)
(0.220431 -0.132077 0)
(0.166169 -0.332818 0)
(-0.359185 -0.420206 0)
(-0.190084 -0.491678 0)
(-0.209258 -0.476743 0)
(0.12347 -0.86119 0)
(-0.416618 0.923082 0)
(-0.142515 0.651432 0)
(0.059006 0.216062 0)
(0.00678577 0.01059 0)
(0.211928 -0.117684 0)
(0.29537 -0.248808 0)
(0.339042 -0.046485 0)
(0.343002 0.091017 0)
(0.312002 0.193275 0)
(0.416813 0.165576 0)
(0.515577 0.32559 0)
(0.401321 0.259435 0)
(0.540795 0.0884437 0)
(0.430035 -0.174077 0)
(0.383244 -0.307795 0)
(0.179934 -0.245271 0)
(-0.00888857 -0.422144 0)
(-0.0306391 -0.543401 0)
(0.143625 -0.855122 0)
(-0.0601787 0.194894 0)
(-0.197663 0.177986 0)
(-0.309509 0.12929 0)
(-0.289606 0.0300621 0)
(-0.255854 0.0161158 0)
(-0.280562 0.0209077 0)
(-0.277452 0.0192549 0)
(-0.264757 0.00346725 0)
(-0.239936 0.0123943 0)
(-0.226044 -0.0105562 0)
(-0.207349 -0.00864595 0)
(-0.196991 -0.0504661 0)
(-0.181082 -0.0621145 0)
(-0.182857 -0.073424 0)
(-0.187441 -0.0828949 0)
(-0.144177 -0.11043 0)
(-0.135288 -0.152851 0)
(-0.0621103 -0.118187 0)
(-0.00116594 -0.194434 0)
(0.0507808 -0.0848236 0)
(0.117022 -0.0683582 0)
(0.211011 1.36818e-05 0)
(0.183129 0.171249 0)
(-0.107557 0.280545 0)
(-0.296078 0.246519 0)
(-0.316099 0.175422 0)
(-0.287384 0.182831 0)
(-0.25916 0.0920956 0)
(-0.264074 0.0248697 0)
(-0.278774 0.00730965 0)
(-0.248519 -0.0292205 0)
(-0.223833 -0.011534 0)
(-0.210062 -0.0233616 0)
(-0.20207 -0.00894025 0)
(-0.211611 -0.0634911 0)
(-0.200643 -0.0561623 0)
(-0.189011 -0.0919052 0)
(-0.18748 -0.0953347 0)
(-0.218218 -0.143199 0)
(-0.130673 -0.204693 0)
(-0.128434 -0.215031 0)
(-0.0475913 -0.33269 0)
(0.161706 -0.227939 0)
(0.0515168 -0.109499 0)
(0.0960513 -0.0162285 0)
(0.0911419 0.0360713 0)
(-0.127926 0.397382 0)
(-0.270385 0.311738 0)
(-0.277062 0.290276 0)
(-0.273756 0.199458 0)
(-0.350362 0.169739 0)
(-0.33257 0.0350567 0)
(-0.333837 -0.0047938 0)
(-0.237957 -0.0669717 0)
(-0.192971 -0.0439946 0)
(-0.194835 -0.0249239 0)
(-0.267187 -0.0265364 0)
(-0.281758 0.014375 0)
(-0.197793 -0.0268815 0)
(-0.282361 -0.00882642 0)
(-0.340246 -0.0692197 0)
(-0.37776 -0.125063 0)
(-0.344628 -0.256614 0)
(-0.330033 -0.383298 0)
(-0.236406 -0.306115 0)
(-0.234212 -0.336157 0)
(-0.358933 -0.183082 0)
(-0.320796 -0.0500747 0)
(-0.36207 0.286962 0)
(-0.0660295 0.498572 0)
(-0.197723 0.335951 0)
(-0.247738 0.255823 0)
(-0.215444 0.0680621 0)
(-0.33293 -0.051319 0)
(-0.432313 0.0162831 0)
(-0.430319 -0.000360464 0)
(-0.335229 0.106211 0)
(-0.188149 0.0195762 0)
(-0.233338 -0.0165454 0)
(-0.2065 -0.077723 0)
(-0.418273 0.0566355 0)
(-0.364503 -0.0091721 0)
(-0.286371 0.0265273 0)
(-0.355101 0.0420619 0)
(-0.448052 -0.185394 0)
(-0.524135 -0.318799 0)
(-0.587498 -0.298243 0)
(-0.774534 -0.121479 0)
(-0.8827 -0.0930973 0)
(-0.941525 0.0578023 0)
(-0.953052 0.311145 0)
(-0.82697 0.427033 0)
(-0.041967 0.619562 0)
(-0.175691 0.454796 0)
(-0.175101 0.306505 0)
(-0.138115 0.191595 0)
(-0.302136 -0.0163525 0)
(-0.386227 0.0595803 0)
(-0.35566 -0.0657037 0)
(-0.401908 -0.0700459 0)
(-0.383218 -0.200028 0)
(-0.430961 -0.0617999 0)
(-0.442928 -0.00937164 0)
(-0.463581 0.0136126 0)
(-0.441159 0.0956712 0)
(-0.350376 0.0634576 0)
(-0.532345 0.0562718 0)
(-0.70285 -0.0344986 0)
(-0.663947 -0.0885084 0)
(-0.661817 -0.071491 0)
(-0.931402 -0.0319657 0)
(-0.988791 -0.182938 0)
(-0.91899 -0.158001 0)
(-0.931265 0.193671 0)
(-0.952374 0.341867 0)
(-0.00184095 0.71374 0)
(-0.0937564 0.497418 0)
(0.084942 0.39115 0)
(0.0664582 0.199472 0)
(0.0903087 0.253161 0)
(-0.2783 0.268423 0)
(-0.449598 0.212511 0)
(-0.789231 0.27923 0)
(-1.11458 0.243669 0)
(-1.18479 0.107896 0)
(-1.17134 0.0270697 0)
(-1.15053 -0.0132026 0)
(-1.09018 -0.0387123 0)
(-1.04327 -0.0512483 0)
(-1.01583 -0.0469094 0)
(-1.00602 0.0253855 0)
(-0.963601 0.0461131 0)
(-0.917089 -0.0018217 0)
(-1.15536 -0.0832349 0)
(-1.32466 0.0153873 0)
(-0.924612 0.0696445 0)
(-0.747385 -0.00559011 0)
(-0.731874 -0.0247672 0)
(-0.0228926 0.744863 0)
(0.0586962 0.449686 0)
(0.258932 0.242261 0)
(-0.0478174 0.284175 0)
(-0.49752 0.485481 0)
(-1.00806 0.494105 0)
(-1.30248 0.564434 0)
(-1.47834 0.401754 0)
(-1.46617 0.130839 0)
(-1.4352 0.00512802 0)
(-1.44927 -0.0839324 0)
(-1.38622 -0.135835 0)
(-1.34851 -0.14251 0)
(-1.24445 -0.120282 0)
(-1.1829 -0.128693 0)
(-1.12579 -0.111116 0)
(-1.10668 -0.0903757 0)
(-1.06191 -0.268977 0)
(-1.01549 -0.319413 0)
(-0.993054 -0.0564642 0)
(-0.956328 0.0291094 0)
(-0.900005 -0.00161993 0)
(-0.934922 0.0184983 0)
(-0.0129825 0.748225 0)
(0.0544275 0.398246 0)
(-0.0115044 0.390371 0)
(-0.609587 0.701217 0)
(-0.938341 0.786676 0)
(-1.11194 0.904147 0)
(-1.29738 0.749343 0)
(-1.28658 0.461006 0)
(-1.18118 0.222281 0)
(-1.26532 0.0671641 0)
(-1.3683 -0.0454131 0)
(-1.32392 -0.129655 0)
(-1.305 -0.161185 0)
(-1.32573 -0.198 0)
(-1.34148 -0.217994 0)
(-1.33134 -0.22155 0)
(-1.50359 -0.212835 0)
(-1.54404 -0.204217 0)
(-1.09623 -0.175808 0)
(-0.974394 -0.0358155 0)
(-1.03999 0.120345 0)
(-1.11805 0.0776237 0)
(-1.20759 0.0460204 0)
(-0.0877727 0.776595 0)
(-0.153835 0.711494 0)
(-0.71237 0.927916 0)
(-0.980268 1.07516 0)
(-0.967669 1.07658 0)
(-0.922151 0.972166 0)
(-1.07346 0.744473 0)
(-0.790806 0.424599 0)
(-0.769542 0.310465 0)
(-0.779442 0.321009 0)
(-0.945342 0.164291 0)
(-1.15119 -0.065014 0)
(-1.31408 -0.168501 0)
(-1.30223 -0.297691 0)
(-1.31007 -0.34477 0)
(-1.33606 -0.356908 0)
(-1.41031 -0.38512 0)
(-1.4467 -0.193367 0)
(-1.30966 -0.113633 0)
(-1.24219 -0.132569 0)
(-1.43053 -0.0153978 0)
(-1.50612 0.0256008 0)
(-0.986061 0.128639 0)
(-0.146631 0.956474 0)
(-0.497065 1.28691 0)
(-0.742212 1.24005 0)
(-0.871679 1.3146 0)
(-0.79824 1.33046 0)
(-0.75214 0.946095 0)
(-0.593979 0.558195 0)
(-0.376741 0.185157 0)
(-0.359035 0.151958 0)
(-0.438926 0.370142 0)
(-0.62168 0.464752 0)
(-0.747689 0.239364 0)
(-0.791074 0.0487835 0)
(-0.978768 -0.157976 0)
(-1.11558 -0.282846 0)
(-1.28102 -0.389186 0)
(-1.39395 -0.394977 0)
(-1.3987 -0.309882 0)
(-1.38777 -0.281562 0)
(-1.30454 -0.289248 0)
(-1.27942 -0.283723 0)
(-1.26882 0.0168699 0)
(-1.11264 0.113718 0)
(-0.274322 1.38042 0)
(-0.422186 1.65177 0)
(-0.646196 1.29678 0)
(-0.762898 1.30695 0)
(-0.57183 1.16521 0)
(-0.525808 0.726725 0)
(-0.153032 0.404745 0)
(-0.15662 0.135939 0)
(-0.383372 0.288711 0)
(-0.627176 0.495214 0)
(-0.812612 0.499516 0)
(-0.912621 0.275337 0)
(-1.00219 0.141128 0)
(-1.06393 0.0652595 0)
(-1.05093 -0.049102 0)
(-0.993763 -0.233815 0)
(-0.969887 -0.247431 0)
(-1.02112 -0.260765 0)
(-1.13136 -0.297154 0)
(-1.12744 -0.336634 0)
(-1.15644 -0.364838 0)
(-1.11945 -0.314561 0)
(-1.09068 -0.228041 0)
(-0.15239 1.56133 0)
(-0.456809 1.6265 0)
(-0.646661 1.26696 0)
(-0.590486 1.1703 0)
(-0.246329 0.765357 0)
(-0.322291 0.551175 0)
(0.241478 0.239289 0)
(0.10659 0.204383 0)
(-0.397902 0.670714 0)
(-0.6738 0.835822 0)
(-0.768417 0.590234 0)
(-0.786151 0.324592 0)
(-0.733732 0.113849 0)
(-0.627158 -0.0977713 0)
(-0.548263 -0.251069 0)
(-0.482511 -0.244201 0)
(-0.455301 -0.166423 0)
(-0.370415 -0.105128 0)
(-0.312877 -0.0338658 0)
(-0.302039 -0.0368426 0)
(-0.328189 -0.0677004 0)
(-0.310474 -0.0920496 0)
(-0.355133 -0.0888529 0)
(-0.186779 1.67533 0)
(-0.408193 1.61046 0)
(-0.525577 1.17162 0)
(-0.275175 0.898583 0)
(-0.0692273 0.48457 0)
(0.0638788 0.432656 0)
(0.343275 0.301794 0)
(0.224765 0.510635 0)
(-0.24449 0.959101 0)
(-0.457958 0.964416 0)
(-0.561933 0.630518 0)
(-0.504526 0.336468 0)
(-0.432961 0.0515359 0)
(-0.400342 -0.141966 0)
(-0.431567 -0.268049 0)
(-0.463824 -0.418738 0)
(-0.510837 -0.432096 0)
(-0.432509 -0.342596 0)
(-0.330307 -0.321897 0)
(-0.364332 -0.267933 0)
(-0.351614 -0.137545 0)
(-0.341485 -0.0833971 0)
(-0.38399 -0.115561 0)
(-0.13916 1.82231 0)
(-0.349695 1.68022 0)
(-0.476792 1.10979 0)
(-0.163301 0.734289 0)
(-0.0574506 0.371902 0)
(0.322163 0.327334 0)
(0.272549 0.488222 0)
(0.0474672 1.20483 0)
(-0.220805 1.20858 0)
(-0.362622 1.03799 0)
(-0.436637 0.636823 0)
(-0.376998 0.220104 0)
(-0.420871 0.00171055 0)
(-0.480814 -0.275149 0)
(-0.480274 -0.475472 0)
(-0.34389 -0.483969 0)
(-0.294733 -0.411408 0)
(-0.426254 -0.301651 0)
(-0.409631 -0.327051 0)
(-0.456498 -0.234879 0)
(-0.606501 -0.0877974 0)
(-0.6561 -0.0860173 0)
(-0.63205 -0.0954575 0)
(-0.126534 1.94389 0)
(-0.315725 1.6603 0)
(-0.424903 1.01523 0)
(-0.0690737 0.639825 0)
(-0.0129316 0.215525 0)
(0.194223 0.172724 0)
(0.164733 0.499506 0)
(0.0166289 1.29526 0)
(-0.208824 1.35076 0)
(-0.214882 1.12843 0)
(-0.252646 0.633237 0)
(-0.205335 0.289426 0)
(-0.244381 0.0934124 0)
(-0.210672 -0.168331 0)
(-0.0227432 -0.404649 0)
(0.00446769 -0.323533 0)
(-0.0741004 -0.340261 0)
(-0.144058 -0.194132 0)
(-0.170086 -0.0485059 0)
(-0.179237 0.0350058 0)
(-0.144079 0.0449883 0)
(-0.129215 -0.0108292 0)
(-0.121345 -0.116305 0)
(-0.129842 2.0371 0)
(-0.253134 1.67037 0)
(-0.327321 0.978461 0)
(-0.065172 0.606144 0)
(-0.115705 0.10962 0)
(-0.0250272 0.058482 0)
(-0.121868 0.472841 0)
(0.0801644 1.11238 0)
(-0.123418 1.36851 0)
(-0.0967833 1.12526 0)
(-0.0659667 0.678252 0)
(0.228615 0.439521 0)
(0.261933 0.124694 0)
(0.248874 -0.319122 0)
(0.196091 -0.45038 0)
(0.13641 -0.457113 0)
(-0.0245728 -0.349045 0)
(-0.132109 -0.238949 0)
(-0.1516 -0.211853 0)
(-0.128266 -0.157353 0)
(-0.0975471 -0.106266 0)
(-0.0387982 -0.114694 0)
(-0.0958008 -0.115957 0)
(-0.129221 2.1452 0)
(-0.235848 1.71434 0)
(-0.249756 0.964471 0)
(-0.0427123 0.673272 0)
(0.0121499 0.234724 0)
(-0.203825 0.0323698 0)
(-0.269242 0.42914 0)
(0.103026 0.960276 0)
(0.0963234 1.34334 0)
(0.170319 1.20223 0)
(0.347289 0.954699 0)
(0.577365 0.466682 0)
(0.485212 0.0248437 0)
(0.319416 -0.264045 0)
(0.300248 -0.275582 0)
(0.176942 -0.356986 0)
(-0.00186866 -0.355374 0)
(-0.0849696 -0.311358 0)
(-0.0127443 -0.201368 0)
(-0.0106341 -0.220665 0)
(-0.0113321 -0.120486 0)
(-0.00487994 -0.147766 0)
(0.033792 -0.107102 0)
(-0.128605 2.22397 0)
(-0.182393 1.74072 0)
(-0.19697 1.04844 0)
(-0.122525 1.02776 0)
(-0.115888 0.29354 0)
(-0.218837 0.103099 0)
(-0.31552 0.307088 0)
(-0.0801025 0.878407 0)
(0.183356 1.06412 0)
(0.417971 0.943369 0)
(0.533701 0.765392 0)
(0.541177 0.337692 0)
(0.44335 -0.109143 0)
(0.298733 -0.2128 0)
(0.266542 -0.173772 0)
(0.175546 -0.2048 0)
(0.110241 -0.132514 0)
(0.0759921 -0.124314 0)
(0.0458725 -0.10559 0)
(0.0198055 -0.104198 0)
(0.0310615 -0.133425 0)
(0.0580137 -0.137277 0)
(0.108691 -0.169475 0)
(-0.124414 2.31861 0)
(-0.158982 1.75641 0)
(-0.0961729 1.02694 0)
(-0.210483 0.857636 0)
(-0.421253 0.147668 0)
(-0.327504 0.112964 0)
(-0.364511 0.379763 0)
(-0.199035 0.70794 0)
(-0.0257944 0.926642 0)
(0.395568 0.892576 0)
(0.514114 0.540968 0)
(0.522322 0.271641 0)
(0.353676 -0.00100243 0)
(0.290123 0.0114996 0)
(0.303547 -0.0701192 0)
(0.219491 -0.0559941 0)
(0.168776 -0.0755325 0)
(0.0597932 -0.0483756 0)
(0.0758083 -0.107237 0)
(0.0632536 -0.068579 0)
(0.0860718 -0.128938 0)
(0.0530881 -0.133618 0)
(0.0898335 -0.153795 0)
(-0.109455 2.39478 0)
(-0.102392 1.78451 0)
(0.0656159 0.946495 0)
(-0.141109 0.817863 0)
(-0.211899 0.05009 0)
(-0.236889 0.120851 0)
(-0.376646 0.429992 0)
(-0.198402 0.687719 0)
(-0.0375754 1.01184 0)
(0.117318 1.01524 0)
(0.297137 0.601568 0)
(0.231755 0.310784 0)
(0.249077 0.138224 0)
(0.240225 0.0364366 0)
(0.170721 -0.0298103 0)
(0.167466 -0.031729 0)
(0.128199 -0.0839244 0)
(0.117613 -0.118008 0)
(0.140285 -0.109387 0)
(0.112828 -0.125361 0)
(0.107227 -0.114373 0)
(0.117767 -0.13194 0)
(0.150304 -0.135271 0)
(-0.0738974 2.43941 0)
(-0.0896941 1.80849 0)
(0.171106 1.10684 0)
(0.0995509 0.951426 0)
(-0.0517681 0.303101 0)
(-0.238625 0.184353 0)
(-0.250717 0.470748 0)
(-0.144558 0.692678 0)
(-0.0874409 0.762587 0)
(-0.258284 0.646477 0)
(-0.141482 0.422076 0)
(0.0765326 0.255333 0)
(0.127276 0.153609 0)
(0.0869718 -0.0355552 0)
(0.130534 0.00264782 0)
(0.130422 -0.00440262 0)
(0.0826797 -0.0465429 0)
(0.105703 -0.0653465 0)
(0.138555 -0.108067 0)
(0.14743 -0.145305 0)
(0.155525 -0.1879 0)
(0.101936 -0.188501 0)
(0.15923 -0.213114 0)
(-0.0630019 2.48413 0)
(-0.0182965 1.80997 0)
(0.179368 1.63644 0)
(0.0442928 1.13469 0)
(-0.0719615 0.37382 0)
(-0.164994 0.418348 0)
(-0.215111 0.492902 0)
(-0.318296 0.521987 0)
(-0.384254 0.567391 0)
(-0.318328 0.469181 0)
(-0.124237 0.358386 0)
(-0.0349702 0.222968 0)
(0.00185013 0.0865394 0)
(0.0449857 0.018996 0)
(0.0836466 0.00830449 0)
(0.0715131 -0.0566226 0)
(0.07536 -0.069449 0)
(0.0963624 -0.0802207 0)
(0.104445 -0.130431 0)
(0.0970866 -0.15012 0)
(0.120931 -0.19183 0)
(0.187731 -0.175266 0)
(0.233701 -0.231598 0)
(-0.0521943 2.56112 0)
(0.132892 1.73098 0)
(0.161907 1.62338 0)
(-0.169204 1.18727 0)
(0.0439902 0.424981 0)
(-0.218206 0.621095 0)
(-0.206274 0.568392 0)
(-0.303094 0.487878 0)
(-0.404142 0.588359 0)
(-0.4099 0.406986 0)
(-0.192909 0.172065 0)
(-0.147334 0.115275 0)
(-0.0839703 0.0499732 0)
(-0.0735389 -0.0354044 0)
(-0.00509829 -0.0563221 0)
(0.00572294 -0.0929492 0)
(0.0562304 -0.0685625 0)
(0.106372 -0.09472 0)
(0.127821 -0.124615 0)
(0.139579 -0.154859 0)
(0.167588 -0.139592 0)
(0.14885 -0.145915 0)
(0.200292 -0.202807 0)
(-0.1242 2.62063 0)
(0.149344 1.80977 0)
(0.209066 1.54684 0)
(-0.131203 1.18727 0)
(0.138997 0.471417 0)
(-0.184866 0.776379 0)
(-0.288991 0.625398 0)
(-0.33404 0.532487 0)
(-0.342401 0.521516 0)
(-0.369045 0.266658 0)
(-0.279037 0.105788 0)
(-0.25399 0.0969037 0)
(-0.244551 0.00721166 0)
(-0.178294 -0.0683539 0)
(-0.0956488 -0.0808919 0)
(-0.0302412 -0.110933 0)
(0.0666074 -0.118749 0)
(0.0746854 -0.11711 0)
(0.0990802 -0.13552 0)
(0.13621 -0.177111 0)
(0.188406 -0.18622 0)
(0.188654 -0.199414 0)
(0.24009 -0.232527 0)
(-0.127112 2.66564 0)
(-0.0214915 1.9912 0)
(0.137037 1.68352 0)
(0.123003 1.32326 0)
(0.174641 0.555561 0)
(-0.25599 1.05078 0)
(-0.311014 0.827102 0)
(-0.221597 0.725501 0)
(-0.256364 0.636203 0)
(-0.494134 0.352747 0)
(-0.381132 0.156852 0)
(-0.300318 0.0907762 0)
(-0.308722 0.00367937 0)
(-0.237269 -0.201649 0)
(-0.158316 -0.224018 0)
(-0.119736 -0.132807 0)
(0.00823939 -0.174393 0)
(0.0503764 -0.121362 0)
(0.0963734 -0.191816 0)
(0.156915 -0.272678 0)
(0.187278 -0.169272 0)
(0.164313 -0.162072 0)
(0.2917 -0.206976 0)
(-0.0795426 2.68952 0)
(0.0619826 2.00647 0)
(0.00474852 2.18995 0)
(0.0370964 1.30718 0)
(0.0383724 0.780683 0)
(0.0961186 1.38464 0)
(-0.220368 1.36055 0)
(-0.204563 1.41207 0)
(-0.379548 0.732841 0)
(-0.548959 0.425355 0)
(-0.420859 0.217816 0)
(-0.41424 0.104883 0)
(-0.445226 -0.13982 0)
(-0.334823 -0.232177 0)
(-0.189007 -0.302533 0)
(-0.116521 -0.181331 0)
(-0.00522728 -0.261478 0)
(0.0176173 -0.30321 0)
(0.0119895 -0.256756 0)
(0.211515 -0.252442 0)
(0.308067 -0.261982 0)
(0.222006 -0.297406 0)
(0.226585 -0.237508 0)
(-0.0269379 2.72914 0)
(0.150792 1.99647 0)
(-0.105894 2.27153 0)
(0.0113397 1.3843 0)
(0.29807 1.35995 0)
(0.00301831 1.56112 0)
(0.0339858 1.36303 0)
(-0.156163 1.33367 0)
(-0.51125 0.639022 0)
(-0.447782 0.393086 0)
(-0.325342 0.122646 0)
(-0.476354 -0.0781023 0)
(-0.432962 -0.28811 0)
(-0.286528 -0.358663 0)
(-0.220532 -0.292687 0)
(-0.149264 -0.190179 0)
(-0.128089 -0.295138 0)
(0.0220502 -0.333037 0)
(0.115111 -0.314446 0)
(0.129587 -0.323847 0)
(0.147727 -0.408204 0)
(0.228439 -0.388613 0)
(0.206233 -0.23022 0)
(0.0074197 2.84312 0)
(0.203106 2.09324 0)
(-0.0480258 2.36644 0)
(0.00602864 1.67091 0)
(-0.00703589 1.55533 0)
(-0.25105 1.55393 0)
(-0.0822876 1.37143 0)
(-0.148524 1.1109 0)
(-0.319549 0.745165 0)
(-0.043444 0.607699 0)
(-0.187451 0.336883 0)
(-0.33936 -0.127042 0)
(-0.371479 -0.321333 0)
(-0.267525 -0.462238 0)
(-0.173347 -0.412274 0)
(-0.135768 -0.441701 0)
(-0.131261 -0.338619 0)
(-0.0224193 -0.312772 0)
(0.0257238 -0.359916 0)
(0.0881964 -0.353191 0)
(0.192911 -0.397024 0)
(0.35735 -0.41455 0)
(0.310717 -0.343903 0)
(0.0400649 2.89913 0)
(0.229872 2.275 0)
(-0.0420839 2.57919 0)
(-0.0274951 1.77397 0)
(-0.22006 1.67007 0)
(-0.385746 1.44478 0)
(-0.105788 1.34467 0)
(-0.0358404 1.05127 0)
(-0.0552451 1.28744 0)
(-0.129646 1.02979 0)
(-0.328945 0.449886 0)
(-0.281002 0.0825618 0)
(-0.385381 -0.328355 0)
(-0.2378 -0.537313 0)
(-0.196335 -0.536672 0)
(-0.120008 -0.561999 0)
(-0.00439646 -0.388022 0)
(-0.00917629 -0.396607 0)
(0.0956635 -0.382533 0)
(0.096031 -0.306043 0)
(0.0929888 -0.385392 0)
(0.278928 -0.381042 0)
(0.366675 -0.39023 0)
(0.133238 2.99932 0)
(0.454152 2.55124 0)
(0.13911 2.7658 0)
(-0.0409847 2.08096 0)
(-0.194015 1.71163 0)
(-0.289883 1.32425 0)
(-0.20515 1.19477 0)
(0.139709 1.13043 0)
(0.302945 1.15827 0)
(-0.166297 0.934943 0)
(-0.365607 0.409415 0)
(-0.129691 0.00995081 0)
(-0.345867 -0.480574 0)
(-0.130047 -0.685842 0)
(-0.092639 -0.659302 0)
(-0.0239179 -0.641254 0)
(0.0102669 -0.615029 0)
(-0.0303595 -0.46551 0)
(0.0983711 -0.45178 0)
(0.0882265 -0.30312 0)
(0.133307 -0.320933 0)
(0.297298 -0.30713 0)
(0.382949 -0.359037 0)
(0.157991 3.27291 0)
(0.390631 2.72816 0)
(0.170127 2.76104 0)
(0.0691941 2.32937 0)
(-0.0692905 1.8748 0)
(-0.065063 1.35559 0)
(-0.0831461 1.08519 0)
(0.110631 1.17656 0)
(0.238337 0.997574 0)
(0.067367 0.779535 0)
(0.0117672 0.55019 0)
(0.255036 0.125701 0)
(-0.0033622 -0.475886 0)
(0.0981895 -0.637813 0)
(0.0471416 -0.636107 0)
(-0.0608201 -0.75622 0)
(0.19754 -0.664285 0)
(0.156385 -0.520993 0)
(0.199849 -0.493095 0)
(0.192462 -0.466509 0)
(0.132033 -0.3001 0)
(0.228463 -0.350729 0)
(0.459241 -0.493124 0)
(0.0701872 3.26533 0)
(0.206345 2.72069 0)
(0.162409 2.69949 0)
(0.205023 2.37218 0)
(0.168417 2.0159 0)
(0.141289 1.42308 0)
(0.162688 0.969454 0)
(0.205674 0.987775 0)
(0.294179 0.914343 0)
(0.348921 0.886571 0)
(0.536751 0.784335 0)
(0.448589 0.387368 0)
(0.358507 -0.347914 0)
(0.357078 -0.726033 0)
(0.200872 -0.702669 0)
(0.196522 -0.64643 0)
(0.302331 -0.552683 0)
(0.174001 -0.551686 0)
(0.14885 -0.471995 0)
(0.259791 -0.493816 0)
(0.274524 -0.457203 0)
(0.168192 -0.466845 0)
(0.283922 -0.456049 0)
(0.0455654 3.1805 0)
(0.0347342 2.64892 0)
(0.0393648 2.51262 0)
(0.229765 2.26042 0)
(0.26162 1.91963 0)
(0.349093 1.34729 0)
(0.339493 0.987633 0)
(0.296757 0.979556 0)
(0.403945 0.958557 0)
(0.723816 0.993442 0)
(0.707278 0.794195 0)
(0.369609 0.281169 0)
(0.390812 -0.384772 0)
(0.57879 -0.578044 0)
(0.508695 -0.595488 0)
(0.295057 -0.569468 0)
(0.295636 -0.575352 0)
(0.234861 -0.502248 0)
(0.244225 -0.449493 0)
(0.210103 -0.507396 0)
(0.189538 -0.481145 0)
(0.255882 -0.443487 0)
(0.347224 -0.414083 0)
(0.0538928 3.16237 0)
(0.0207686 2.64539 0)
(-0.00513871 2.31966 0)
(0.205508 2.00649 0)
(0.345139 1.65773 0)
(0.460071 1.21754 0)
(0.478756 1.03049 0)
(0.478132 1.03001 0)
(0.511615 1.04843 0)
(0.602371 0.979461 0)
(0.677383 0.71395 0)
(0.472669 0.273688 0)
(0.689684 -0.154145 0)
(0.82585 -0.371613 0)
(0.527173 -0.515501 0)
(0.253473 -0.532413 0)
(0.376251 -0.559264 0)
(0.346606 -0.510897 0)
(0.18723 -0.444874 0)
(0.249614 -0.477431 0)
(0.343505 -0.411267 0)
(0.28419 -0.330815 0)
(0.281017 -0.412292 0)
(0.0995701 3.09336 0)
(0.0665011 2.63586 0)
(0.179945 2.07454 0)
(0.264351 1.76203 0)
(0.410099 1.4821 0)
(0.43176 1.1504 0)
(0.438527 1.05176 0)
(0.420094 1.02444 0)
(0.47151 0.977558 0)
(0.4109 0.834953 0)
(0.611367 0.661382 0)
(0.556593 0.159706 0)
(0.767797 -0.00445253 0)
(0.906214 -0.325652 0)
(0.628775 -0.570545 0)
(0.45346 -0.63443 0)
(0.384484 -0.524325 0)
(0.368251 -0.573053 0)
(0.372 -0.442909 0)
(0.303076 -0.413343 0)
(0.364527 -0.415634 0)
(0.281445 -0.484151 0)
(0.25502 -0.49506 0)
(0.18414 2.78946 0)
(0.232743 2.50649 0)
(0.427339 1.91137 0)
(0.389028 1.62443 0)
(0.42708 1.43152 0)
(0.361505 1.21078 0)
(0.291658 1.13347 0)
(0.254459 0.972568 0)
(0.410216 0.913184 0)
(0.381729 0.701418 0)
(0.395134 0.50924 0)
(0.572037 0.101139 0)
(1.02048 -0.0444477 0)
(0.927483 -0.235395 0)
(0.450934 -0.417838 0)
(0.411567 -0.516852 0)
(0.438695 -0.524544 0)
(0.444722 -0.42759 0)
(0.398606 -0.441548 0)
(0.251465 -0.388256 0)
(0.271905 -0.448073 0)
(0.27101 -0.533609 0)
(0.361861 -0.578791 0)
(0.159823 2.24305 0)
(0.478947 2.23798 0)
(0.54535 1.87306 0)
(0.467834 1.65274 0)
(0.418138 1.55753 0)
(0.307666 1.42828 0)
(0.230328 1.22783 0)
(0.20338 0.854813 0)
(0.283699 0.709096 0)
(0.400478 0.361849 0)
(0.454851 0.359431 0)
(0.627579 0.226527 0)
(0.917654 -0.110594 0)
(0.578802 -0.383475 0)
(0.294391 -0.444785 0)
(0.353176 -0.308187 0)
(0.404359 -0.358174 0)
(0.393594 -0.330783 0)
(0.337077 -0.434149 0)
(0.275103 -0.470254 0)
(0.252224 -0.498463 0)
(0.219086 -0.483567 0)
(0.259668 -0.605367 0)
(0.0565897 1.59797 0)
(0.483625 1.99204 0)
(0.521531 1.85544 0)
(0.477714 1.76778 0)
(0.394148 1.72972 0)
(0.29962 1.56806 0)
(0.259638 1.26841 0)
(0.307688 0.742685 0)
(0.287774 0.585347 0)
(0.421881 0.41377 0)
(0.586217 0.316154 0)
(0.748475 0.261317 0)
(0.765647 0.0542987 0)
(0.3931 -0.24841 0)
(0.333787 -0.189711 0)
(0.365171 -0.216446 0)
(0.330512 -0.255309 0)
(0.304421 -0.407253 0)
(0.196436 -0.399316 0)
(0.227142 -0.513625 0)
(0.359085 -0.474122 0)
(0.221422 -0.503543 0)
(0.175242 -0.469711 0)
(0.0146885 1.234 0)
(0.282067 1.63949 0)
(0.381428 1.88321 0)
(0.394284 1.85927 0)
(0.341817 1.80429 0)
(0.302529 1.6094 0)
(0.278485 1.20589 0)
(0.399245 0.754837 0)
(0.525217 0.547731 0)
(0.510329 0.480451 0)
(0.556062 0.262769 0)
(0.618465 0.134774 0)
(0.414375 -0.249823 0)
(0.292787 -0.336762 0)
(0.359339 -0.25527 0)
(0.287889 -0.257565 0)
(0.168461 -0.310214 0)
(0.225235 -0.378756 0)
(0.230618 -0.353765 0)
(0.202309 -0.355577 0)
(0.320896 -0.474306 0)
(0.208056 -0.529391 0)
(0.121291 -0.496089 0)
(-0.015935 1.12934 0)
(0.119805 1.34896 0)
(0.171629 1.75238 0)
(0.274709 1.84948 0)
(0.301337 1.79049 0)
(0.318358 1.53996 0)
(0.323697 1.08496 0)
(0.381257 0.864509 0)
(0.400635 0.621154 0)
(0.465349 0.485156 0)
(0.465389 0.284538 0)
(0.525856 0.165551 0)
(0.44094 -0.0289895 0)
(0.417025 -0.0736312 0)
(0.443712 -0.195148 0)
(0.328884 -0.210689 0)
(0.173093 -0.205681 0)
(0.234754 -0.211588 0)
(0.200408 -0.31548 0)
(0.0696345 -0.348984 0)
(0.211281 -0.424218 0)
(0.140749 -0.509767 0)
(0.0477072 -0.54626 0)
(-0.0262689 1.08239 0)
(0.0692931 1.27244 0)
(0.176138 1.61083 0)
(0.156627 1.7067 0)
(0.148425 1.75296 0)
(0.193027 1.46403 0)
(0.244385 1.06086 0)
(0.362224 0.728446 0)
(0.205636 0.355028 0)
(0.321368 0.321743 0)
(0.311348 0.169484 0)
(0.351431 0.0956186 0)
(0.268901 0.0211188 0)
(0.316275 0.0430542 0)
(0.354444 -0.123063 0)
(0.191585 -0.186373 0)
(0.0749699 -0.198892 0)
(0.151802 -0.178883 0)
(0.0626855 -0.328191 0)
(0.0668597 -0.389471 0)
(0.201068 -0.391945 0)
(0.0898508 -0.486072 0)
(0.0585173 -0.558261 0)
(0.0776215 0.648577 0)
(0.25529 0.839 0)
(0.297313 1.24833 0)
(0.106139 1.78748 0)
(-0.192396 1.55671 0)
(-0.234702 1.05587 0)
(-0.246334 0.611741 0)
(0.0748457 0.544726 0)
(0.127894 0.299735 0)
(0.144775 0.344742 0)
(0.217431 0.312737 0)
(0.377809 0.196331 0)
(0.340686 0.119015 0)
(0.176121 0.0887859 0)
(0.178577 0.0310343 0)
(0.147993 -0.193629 0)
(0.0545969 -0.216641 0)
(0.101551 -0.24951 0)
(0.00763567 -0.379925 0)
(-0.0165976 -0.354732 0)
(0.146421 -0.428565 0)
(0.0354723 -0.577878 0)
(0.0325777 -0.493137 0)
(0.183215 0.149926 0)
(0.151149 0.113488 0)
(0.206542 0.0937532 0)
(-0.360789 0.790272 0)
(-0.00299038 -0.00451144 0)
(-0.148369 0.137836 0)
(-0.204133 0.52569 0)
(-0.425882 0.813123 0)
(-0.625905 0.444266 0)
(-0.6875 0.605748 0)
(-0.621406 0.727865 0)
(-0.5781 0.768158 0)
(-0.776753 0.522384 0)
(-0.69449 0.584864 0)
(-0.672006 0.628531 0)
(-0.548818 0.579054 0)
(-0.831798 0.413595 0)
(-0.7112 0.305602 0)
(-0.586321 0.233869 0)
(-0.404388 0.0738012 0)
(-0.621462 -0.0737746 0)
(-0.605045 -0.0816334 0)
(-0.607274 -0.0398745 0)
(-0.87649 -0.0141632 0)
(-1.01468 0.131511 0)
(-1.06588 0.13258 0)
(-1.08722 0.106287 0)
(-1.08652 0.0917044 0)
(-1.19731 0.164768 0)
(-1.10675 0.175472 0)
(-1.06138 0.140713 0)
(-1.0236 0.107112 0)
(-0.871737 0.174189 0)
(-0.843527 0.161741 0)
(-0.798716 0.128857 0)
(-0.769765 0.0640003 0)
(-0.994014 0.0716955 0)
(-0.896337 0.0807605 0)
(-0.846968 0.0193028 0)
(-0.781016 0.0306074 0)
(-1.05416 -0.213288 0)
(-0.954211 -0.229616 0)
(-0.913512 -0.262452 0)
(-0.858865 -0.285759 0)
(-0.433958 -0.0100324 0)
(-0.429971 -0.0216206 0)
(-0.405737 -0.11838 0)
(-0.413774 -0.213714 0)
(-0.423403 -0.140505 0)
(-0.429297 -0.0997367 0)
(-0.280114 -0.0479452 0)
(-0.239165 -0.0280163 0)
(-0.575466 -0.126176 0)
(-0.536943 -0.158264 0)
(-0.510235 -0.150959 0)
(-0.460557 -0.219964 0)
(-0.159847 -0.137648 0)
(-0.189107 -0.120666 0)
(-0.227112 -0.100291 0)
(-0.278645 -0.0891638 0)
(-0.145588 -0.102549 0)
(-0.175994 -0.051318 0)
(-0.227605 -0.0251215 0)
(-0.292101 -0.0394336 0)
(0.0247905 -0.0461471 0)
(0.0612529 -0.00488601 0)
(0.0806265 0.0667103 0)
(0.110724 0.042535 0)
(0.109142 -0.162961 0)
(0.130393 -0.170079 0)
(0.156553 -0.155293 0)
(0.182994 -0.174292 0)
(0.127422 -0.151213 0)
(0.171764 -0.178332 0)
(0.201032 -0.159981 0)
(0.255466 -0.184284 0)
(0.178887 -0.163537 0)
(0.205775 -0.177006 0)
(0.193991 -0.200355 0)
(0.195176 -0.19753 0)
(0.202638 -0.207487 0)
(0.182229 -0.189878 0)
(0.220346 -0.227288 0)
(0.323588 -0.187061 0)
(0.250304 -0.219099 0)
(0.234519 -0.229528 0)
(0.251273 -0.221026 0)
(0.361034 -0.208694 0)
(0.263925 -0.19973 0)
(0.262938 -0.214834 0)
(0.322454 -0.198968 0)
(0.383237 -0.198662 0)
(0.303519 -0.210644 0)
(0.307584 -0.220415 0)
(0.350356 -0.223786 0)
(0.381372 -0.284232 0)
(0.323565 -0.244022 0)
(0.256594 -0.235662 0)
(0.258826 -0.262558 0)
(0.314527 -0.303972 0)
(0.307296 -0.2984 0)
(0.298717 -0.306244 0)
(0.277635 -0.289214 0)
(0.307627 -0.27615 0)
(0.245253 -0.272668 0)
(0.356641 -0.300318 0)
(0.392822 -0.304099 0)
(0.406504 -0.310897 0)
(0.243321 -0.286488 0)
(0.305544 -0.280666 0)
(0.337454 -0.31877 0)
(0.330488 -0.316478 0)
(0.351513 -0.364697 0)
(0.366194 -0.353473 0)
(0.409786 -0.36072 0)
(0.389938 -0.353797 0)
(0.386007 -0.341683 0)
(0.378025 -0.326904 0)
(0.397536 -0.352478 0)
(0.352942 -0.408066 0)
(0.458988 -0.488336 0)
(0.389601 -0.472807 0)
(0.364953 -0.51075 0)
(0.277216 -0.51581 0)
(0.417891 -0.532061 0)
(0.333229 -0.520701 0)
(0.291024 -0.518469 0)
(0.391316 -0.482493 0)
(0.350591 -0.42371 0)
(0.339399 -0.449348 0)
(0.366296 -0.392886 0)
(0.413657 -0.336664 0)
(0.305042 -0.448868 0)
(0.365752 -0.475934 0)
(0.515981 -0.42725 0)
(0.495223 -0.406746 0)
(0.293047 -0.47968 0)
(0.373556 -0.444224 0)
(0.524184 -0.518962 0)
(0.48552 -0.593352 0)
(0.340601 -0.568143 0)
(0.309011 -0.564058 0)
(0.267186 -0.603463 0)
(0.29537 -0.673398 0)
(0.290905 -0.592509 0)
(0.277295 -0.58659 0)
(0.246763 -0.617514 0)
(0.263053 -0.617754 0)
(0.233532 -0.479979 0)
(0.268165 -0.509296 0)
(0.243635 -0.555643 0)
(0.237194 -0.566591 0)
(0.175711 -0.527904 0)
(0.223445 -0.586713 0)
(0.194243 -0.612095 0)
(0.121696 -0.615539 0)
(0.147859 -0.562237 0)
(0.220568 -0.618763 0)
(0.225002 -0.645475 0)
(0.174983 -0.654629 0)
(0.154026 -0.52388 0)
(0.0611786 -0.5829 0)
(0.0480405 -0.676751 0)
(0.0863864 -0.721716 0)
(0.0701248 -0.590413 0)
(-0.0304954 -0.642399 0)
(-0.0414899 -0.657209 0)
(0.0270181 -0.662642 0)
(-0.464292 0.971655 0)
(-0.0595413 0.585171 0)
(0.406284 0.365162 0)
(0.337374 0.161296 0)
(0.501172 -0.106908 0)
(0.519355 -0.175677 0)
(0.506402 -0.0600631 0)
(0.483074 0.0134511 0)
(0.411892 0.21987 0)
(0.479414 0.255482 0)
(0.57542 0.264675 0)
(0.527314 0.195219 0)
(0.628547 0.0451652 0)
(0.534717 -0.0880667 0)
(0.489792 -0.118423 0)
(0.469335 -0.110292 0)
(0.0713424 -0.313857 0)
(0.0865268 -0.508508 0)
(0.164379 -0.846566 0)
(-0.436425 0.880239 0)
(0.0491149 0.0880368 0)
(0.153422 -0.262889 0)
(0.381992 -0.115573 0)
(0.697825 -0.23635 0)
(0.686733 -0.258964 0)
(0.658138 -0.086005 0)
(0.668485 0.209803 0)
(0.529902 0.362855 0)
(0.467454 0.315836 0)
(0.367517 0.142771 0)
(0.359169 0.121326 0)
(0.478925 0.0297685 0)
(0.499306 -0.012148 0)
(0.418906 0.0284852 0)
(0.280327 -0.0992445 0)
(-0.0369662 -0.213364 0)
(0.132867 -0.462357 0)
(0.169417 -0.758517 0)
(-0.384634 0.584328 0)
(0.0505299 -0.304521 0)
(0.331003 -0.180456 0)
(0.522097 -0.142959 0)
(0.546333 -0.239392 0)
(0.553438 -0.1618 0)
(0.61216 -0.0118947 0)
(0.41931 0.26143 0)
(0.272342 0.24437 0)
(0.336442 0.234999 0)
(0.280255 0.133857 0)
(0.115411 0.261771 0)
(0.297148 0.203398 0)
(0.191144 0.0121477 0)
(0.221557 0.0242892 0)
(-0.117395 0.0519718 0)
(0.199784 -0.198538 0)
(0.261813 -0.752715 0)
(0.204097 -0.933218 0)
(-0.075806 0.116328 0)
(-0.0461804 -0.413705 0)
(0.070554 -0.246117 0)
(-0.115332 -0.490782 0)
(0.238072 -0.596992 0)
(0.128827 -0.133643 0)
(0.135763 0.0618529 0)
(-0.174863 0.029524 0)
(-0.051545 0.383032 0)
(-0.000825625 0.510672 0)
(-0.082856 0.117222 0)
(-0.229255 0.105003 0)
(0.0284833 0.217129 0)
(-0.253513 0.107427 0)
(-0.156533 0.132936 0)
(-0.213058 -0.121486 0)
(0.0325339 -0.78422 0)
(-0.0977625 -1.02598 0)
(0.071252 -1.06872 0)
(-0.402332 -0.144348 0)
(-0.492264 -0.28517 0)
(-0.537089 -0.243402 0)
(-0.555015 -0.328798 0)
(-0.405879 -0.332509 0)
(-0.347105 -0.0158212 0)
(-0.577414 0.213536 0)
(-0.456875 0.447235 0)
(-0.273502 0.392503 0)
(-0.258804 0.427113 0)
(-0.437593 0.19635 0)
(-0.525708 0.177284 0)
(-0.514011 0.287359 0)
(-0.559054 0.228964 0)
(-0.151098 0.0755369 0)
(-0.286409 -0.501671 0)
(-0.187096 -0.83628 0)
(-0.242311 -0.928653 0)
(-0.0883255 -0.77671 0)
(-0.991526 -0.0360549 0)
(-0.911967 -0.201311 0)
(-0.925863 -0.367161 0)
(-0.986665 -0.330425 0)
(-0.958838 -0.236412 0)
(-0.905683 0.0473332 0)
(-0.924438 0.0666138 0)
(-0.909753 0.116149 0)
(-0.901715 0.0443519 0)
(-0.897178 0.26071 0)
(-1.12071 0.288021 0)
(-0.741932 0.206512 0)
(-0.593302 0.101656 0)
(-0.584255 0.0530726 0)
(-0.418463 -0.236734 0)
(-0.4328 -0.381423 0)
(-0.281338 -0.674503 0)
(-0.213269 -0.991155 0)
(-0.00737548 -0.727119 0)
(-1.08529 0.081462 0)
(-1.14257 -0.0973075 0)
(-1.09677 -0.262753 0)
(-1.09883 -0.280338 0)
(-1.18899 -0.336431 0)
(-1.56655 -0.210838 0)
(-1.69393 -0.0435839 0)
(-1.39959 0.228827 0)
(-1.07768 0.161581 0)
(-0.937616 0.195393 0)
(-0.952899 0.271444 0)
(-0.741254 0.166972 0)
(-0.671644 -0.00757487 0)
(-0.513973 0.0440399 0)
(-0.403067 -0.161106 0)
(-0.332707 -0.259462 0)
(-0.368029 -0.67346 0)
(-0.00974152 -0.880702 0)
(0.132891 -1.21904 0)
(-1.04259 0.0236957 0)
(-1.05066 -0.134654 0)
(-0.982174 -0.184929 0)
(-1.05005 -0.227148 0)
(-1.11702 -0.298365 0)
(-1.10945 -0.367369 0)
(-1.2018 -0.026311 0)
(-1.20882 0.102173 0)
(-1.04509 0.217337 0)
(-0.914348 0.12485 0)
(-1.02884 0.0685208 0)
(-1.08148 0.0267113 0)
(-0.634795 -0.0665363 0)
(-0.475646 -0.112468 0)
(-0.427742 -0.171444 0)
(-0.432192 -0.505882 0)
(-0.328283 -0.645629 0)
(-0.046112 -0.815612 0)
(-0.0351747 -1.35434 0)
(-0.707914 0.00681236 0)
(-0.723823 -0.074762 0)
(-0.841041 -0.34002 0)
(-0.981447 -0.407537 0)
(-1.13944 -0.261731 0)
(-0.901502 -0.136591 0)
(-0.832205 -0.0570211 0)
(-0.854671 -0.0298765 0)
(-0.802743 0.0294233 0)
(-0.696301 -0.0742803 0)
(-0.700932 -0.151128 0)
(-0.712941 0.0306612 0)
(-0.670594 0.0819175 0)
(-0.635608 -0.15853 0)
(-0.626697 -0.27404 0)
(-0.510913 -0.637315 0)
(-0.517704 -0.795305 0)
(-0.245604 -1.20855 0)
(-0.0483737 -1.32645 0)
(-0.714717 -0.0299839 0)
(-0.772917 -0.145971 0)
(-0.913853 -0.235961 0)
(-0.824943 -0.384264 0)
(-0.864531 -0.19286 0)
(-0.867098 -0.0746687 0)
(-0.74703 -0.0383853 0)
(-0.727575 0.0107873 0)
(-0.665419 -0.0274555 0)
(-0.64222 0.00456904 0)
(-0.654671 -0.0542555 0)
(-0.663774 -0.0575611 0)
(-0.597808 -0.0503392 0)
(-0.606219 -0.0731227 0)
(-0.680283 -0.329796 0)
(-0.625934 -0.70872 0)
(-0.617791 -0.987583 0)
(-0.36908 -1.28151 0)
(-0.187331 -1.83189 0)
(-0.83101 -0.344468 0)
(-0.845074 -0.402218 0)
(-0.960058 -0.315148 0)
(-0.956137 -0.252701 0)
(-0.758381 -0.314513 0)
(-0.758938 -0.170513 0)
(-0.831464 -0.131041 0)
(-0.876851 -0.0980464 0)
(-0.609273 -0.00901011 0)
(-0.513137 -0.0282498 0)
(-0.582867 -0.0244538 0)
(-0.56914 0.0246129 0)
(-0.561117 -0.0233906 0)
(-0.532536 -0.0514303 0)
(-0.517906 -0.343004 0)
(-0.55986 -0.786926 0)
(-0.359071 -1.20723 0)
(-0.373581 -1.41112 0)
(-0.225304 -2.04559 0)
(-0.397831 -0.36674 0)
(-0.481178 -0.488834 0)
(-0.552073 -0.42727 0)
(-0.6356 -0.183168 0)
(-0.662158 -0.121609 0)
(-0.716114 -0.0704719 0)
(-0.703052 -0.0163647 0)
(-0.725906 0.00857443 0)
(-0.694445 0.104964 0)
(-0.604269 0.00792234 0)
(-0.61636 -0.0306385 0)
(-0.608983 -0.0754368 0)
(-0.712048 -0.00912456 0)
(-0.289613 -0.107395 0)
(-0.0905921 -0.313727 0)
(-0.224603 -0.618175 0)
(-0.201419 -1.22915 0)
(-0.315759 -1.7146 0)
(-0.111657 -2.24748 0)
(-0.288691 -0.0520946 0)
(-0.40641 -0.251012 0)
(-0.452604 -0.258265 0)
(-0.447621 -0.17909 0)
(-0.469845 -0.178253 0)
(-0.509937 -0.134117 0)
(-0.569634 -0.136656 0)
(-0.567666 -0.14506 0)
(-0.532042 -0.0402208 0)
(-0.432791 -0.0423532 0)
(-0.394291 -0.180697 0)
(-0.344684 -0.36565 0)
(-0.0379657 -0.212749 0)
(0.0906392 -0.18687 0)
(0.105495 -0.700421 0)
(0.163758 -0.466364 0)
(-0.174284 -1.23662 0)
(-0.356256 -1.79424 0)
(-0.129052 -2.30172 0)
(-0.41499 -0.233359 0)
(-0.421771 -0.292705 0)
(-0.462595 -0.210375 0)
(-0.412149 -0.146939 0)
(-0.450592 -0.100968 0)
(-0.416933 -0.106065 0)
(-0.591953 -0.0859056 0)
(-0.684594 -0.117197 0)
(-0.342722 -0.100872 0)
(-0.153299 -0.221848 0)
(-0.166224 -0.347902 0)
(-0.286599 -0.337047 0)
(0.0635036 -0.392355 0)
(0.165823 -0.207563 0)
(0.108239 -0.854169 0)
(0.377953 -0.532666 0)
(-0.184614 -1.32513 0)
(-0.410038 -1.74949 0)
(-0.143265 -1.97531 0)
(-0.332061 -0.123533 0)
(-0.419813 -0.175876 0)
(-0.46593 -0.149617 0)
(-0.439411 -0.169295 0)
(-0.354045 -0.0967186 0)
(-0.33338 -0.079886 0)
(-0.263878 -0.272486 0)
(-0.337274 -0.154463 0)
(-0.209876 -0.0795764 0)
(0.016406 -0.277477 0)
(0.0466656 -0.28145 0)
(0.0577798 -0.241137 0)
(0.105639 -0.39115 0)
(0.130864 -0.36874 0)
(0.271948 -0.71348 0)
(0.183413 -0.496119 0)
(-0.0286453 -1.19303 0)
(-0.22086 -1.54846 0)
(-0.0744481 -1.86808 0)
(-0.296591 -0.096481 0)
(-0.317528 -0.259767 0)
(-0.334929 -0.31834 0)
(-0.335397 -0.255964 0)
(-0.241992 -0.21209 0)
(-0.105192 -0.201602 0)
(-0.118913 -0.35286 0)
(-0.0762732 -0.418213 0)
(-0.0207439 -0.350138 0)
(0.047235 -0.279937 0)
(0.0892954 -0.318734 0)
(0.108526 -0.357811 0)
(0.127516 -0.391264 0)
(0.0976221 -0.435246 0)
(0.251473 -0.609634 0)
(0.0780097 -0.49072 0)
(-0.0324567 -0.800665 0)
(-0.103536 -1.53685 0)
(-0.057303 -1.85399 0)
(0.0405876 0.109608 0)
(0.160086 -0.150253 0)
(0.117068 -0.235415 0)
(0.0462373 -0.182177 0)
(-0.17708 -0.165649 0)
(0.0856531 -0.143279 0)
(-0.0759068 -0.259346 0)
(0.115512 -0.335469 0)
(0.11044 -0.228072 0)
(0.175115 -0.261308 0)
(0.225154 -0.360001 0)
(0.133808 -0.382009 0)
(0.183098 -0.374737 0)
(0.183441 -0.447385 0)
(0.191266 -0.562488 0)
(-0.104507 -0.479692 0)
(-0.012657 -0.612194 0)
(-0.0227484 -1.47961 0)
(-0.0342859 -1.84023 0)
(0.224623 -0.100805 0)
(0.288169 -0.198919 0)
(0.244384 -0.144263 0)
(0.275409 -0.167546 0)
(0.0761502 -0.060028 0)
(0.375376 -0.210759 0)
(0.311988 -0.167665 0)
(0.229531 -0.281007 0)
(0.331356 -0.345427 0)
(0.337356 -0.288751 0)
(0.28784 -0.351771 0)
(0.285939 -0.34356 0)
(0.237796 -0.297262 0)
(0.177244 -0.359655 0)
(0.236497 -0.370837 0)
(0.198725 -0.257123 0)
(0.150418 -0.425855 0)
(-0.0150342 -1.40883 0)
(0.0239573 -1.86186 0)
(0.28568 -0.190675 0)
(0.357877 -0.150566 0)
(0.346995 -0.188287 0)
(0.349543 -0.223867 0)
(0.517317 -0.225951 0)
(0.531571 -0.213104 0)
(0.406753 -0.272522 0)
(0.340165 -0.39488 0)
(0.450711 -0.354255 0)
(0.400779 -0.342322 0)
(0.293878 -0.343619 0)
(0.337268 -0.389162 0)
(0.33429 -0.359482 0)
(0.219025 -0.297743 0)
(0.218142 -0.31165 0)
(0.237889 -0.248303 0)
(0.269107 -0.512915 0)
(0.0694939 -1.25788 0)
(0.118307 -1.82185 0)
(0.398033 -0.193445 0)
(0.379106 -0.0951687 0)
(0.257403 -0.223039 0)
(0.305618 -0.185493 0)
(0.383544 -0.223384 0)
(0.530275 -0.365062 0)
(0.468021 -0.382131 0)
(0.405192 -0.30741 0)
(0.445097 -0.333399 0)
(0.39955 -0.378592 0)
(0.332004 -0.327433 0)
(0.35238 -0.312602 0)
(0.39766 -0.363684 0)
(0.273803 -0.319432 0)
(0.214188 -0.310922 0)
(0.220722 -0.218165 0)
(0.29006 -0.471266 0)
(0.0966888 -1.18066 0)
(0.167918 -1.7804 0)
(0.420891 -0.163582 0)
(0.290673 -0.306565 0)
(0.191943 -0.362488 0)
(0.291823 -0.260883 0)
(0.333456 -0.322798 0)
(0.558417 -0.325551 0)
(0.537253 -0.381768 0)
(0.451554 -0.324559 0)
(0.359577 -0.267658 0)
(0.34974 -0.303135 0)
(0.337056 -0.298463 0)
(0.335756 -0.261767 0)
(0.387989 -0.339537 0)
(0.27158 -0.392815 0)
(0.212724 -0.314742 0)
(0.182838 -0.251104 0)
(0.290658 -0.463536 0)
(0.134005 -1.02211 0)
(0.192223 -1.69385 0)
(0.301708 -0.214138 0)
(0.1777 -0.331044 0)
(0.249267 -0.273412 0)
(0.284419 -0.306723 0)
(0.362109 -0.297807 0)
(0.528127 -0.25405 0)
(0.430686 -0.336569 0)
(0.378096 -0.366751 0)
(0.30916 -0.327896 0)
(0.286527 -0.325302 0)
(0.304234 -0.298553 0)
(0.304243 -0.281752 0)
(0.326711 -0.285648 0)
(0.262872 -0.35418 0)
(0.256986 -0.306111 0)
(0.163475 -0.255252 0)
(0.274288 -0.437559 0)
(0.1069 -0.933338 0)
(0.188316 -1.63874 0)
(0.34221 -0.204166 0)
(0.254976 -0.216369 0)
(0.231757 -0.232108 0)
(0.26609 -0.272214 0)
(0.349405 -0.26538 0)
(0.437876 -0.291247 0)
(0.409925 -0.286452 0)
(0.313737 -0.303208 0)
(0.299243 -0.358093 0)
(0.330822 -0.374658 0)
(0.353057 -0.325528 0)
(0.359086 -0.296403 0)
(0.32316 -0.330613 0)
(0.231309 -0.317919 0)
(0.246145 -0.251326 0)
(0.13993 -0.251303 0)
(0.25347 -0.42304 0)
(0.0632826 -0.830458 0)
(0.208332 -1.57754 0)
(0.30868 -0.267246 0)
(0.213231 -0.234194 0)
(0.219831 -0.232087 0)
(0.257134 -0.186354 0)
(0.304852 -0.246829 0)
(0.449019 -0.300568 0)
(0.387741 -0.33428 0)
(0.306924 -0.281989 0)
(0.278949 -0.350486 0)
(0.328068 -0.289421 0)
(0.396305 -0.308591 0)
(0.319855 -0.309295 0)
(0.327765 -0.426897 0)
(0.333365 -0.33274 0)
(0.276807 -0.272157 0)
(0.118372 -0.248043 0)
(0.239648 -0.389074 0)
(0.00260295 -0.800951 0)
(0.185601 -1.50491 0)
(0.401304 -0.353155 0)
(0.347445 -0.389065 0)
(0.293712 -0.378183 0)
(0.238455 -0.382902 0)
(0.266178 -0.344003 0)
(0.389029 -0.350207 0)
(0.383145 -0.388976 0)
(0.313833 -0.360655 0)
(0.271416 -0.309636 0)
(0.354008 -0.251613 0)
(0.344763 -0.27215 0)
(0.264754 -0.27578 0)
(0.318922 -0.319659 0)
(0.361519 -0.276017 0)
(0.313395 -0.250085 0)
(0.166038 -0.216905 0)
(0.265428 -0.330558 0)
(-0.00440453 -0.759149 0)
(0.24956 -1.41588 0)
(0.31027 -0.298736 0)
(0.239259 -0.462037 0)
(0.261827 -0.420409 0)
(0.273956 -0.469933 0)
(0.342434 -0.371619 0)
(0.408829 -0.32279 0)
(0.356237 -0.329942 0)
(0.346839 -0.387277 0)
(0.342357 -0.263955 0)
(0.339213 -0.264308 0)
(0.336764 -0.258823 0)
(0.29289 -0.261473 0)
(0.333615 -0.220413 0)
(0.384563 -0.259839 0)
(0.334249 -0.209277 0)
(0.150985 -0.17017 0)
(0.256121 -0.293654 0)
(0.0576951 -0.693375 0)
(0.237206 -1.34203 0)
(0.332655 -0.401043 0)
(0.237004 -0.327252 0)
(0.245835 -0.340851 0)
(0.304214 -0.368134 0)
(0.423723 -0.308604 0)
(0.380788 -0.32065 0)
(0.304382 -0.333396 0)
(0.355754 -0.265562 0)
(0.366381 -0.256174 0)
(0.346006 -0.253026 0)
(0.334469 -0.21847 0)
(0.311189 -0.240137 0)
(0.327984 -0.207192 0)
(0.360622 -0.262314 0)
(0.330995 -0.193652 0)
(0.194238 -0.191437 0)
(0.228576 -0.26101 0)
(0.0882083 -0.600321 0)
(0.256016 -1.27402 0)
(0.336489 -0.436226 0)
(0.338333 -0.421946 0)
(0.295691 -0.392278 0)
(0.326168 -0.365337 0)
(0.395469 -0.311885 0)
(0.352742 -0.349321 0)
(0.371894 -0.335686 0)
(0.391441 -0.260763 0)
(0.323541 -0.223553 0)
(0.344691 -0.2444 0)
(0.339461 -0.293177 0)
(0.29169 -0.245434 0)
(0.302611 -0.154731 0)
(0.368988 -0.204854 0)
(0.327933 -0.212225 0)
(0.165652 -0.202018 0)
(0.211011 -0.249262 0)
(0.0719017 -0.542314 0)
(0.244833 -1.19465 0)
(0.27173 -0.393321 0)
(0.340146 -0.464994 0)
(0.340432 -0.46254 0)
(0.378094 -0.445293 0)
(0.432743 -0.479296 0)
(0.33588 -0.513408 0)
(0.348887 -0.416864 0)
(0.401511 -0.376846 0)
(0.372542 -0.302138 0)
(0.275831 -0.278559 0)
(0.350112 -0.315805 0)
(0.423563 -0.230441 0)
(0.352594 -0.157532 0)
(0.297442 -0.198014 0)
(0.319107 -0.239395 0)
(0.214837 -0.102479 0)
(0.207704 -0.171448 0)
(0.0406125 -0.486281 0)
(0.269321 -1.13513 0)
(0.276311 -0.381947 0)
(0.307515 -0.428255 0)
(0.334145 -0.510629 0)
(0.344604 -0.44942 0)
(0.322945 -0.548496 0)
(0.364225 -0.541849 0)
(0.512924 -0.496113 0)
(0.476947 -0.325393 0)
(0.45273 -0.272751 0)
(0.366275 -0.244095 0)
(0.397335 -0.231176 0)
(0.450343 -0.202837 0)
(0.349765 -0.168496 0)
(0.270295 -0.174266 0)
(0.392749 -0.118727 0)
(0.233873 -0.0146752 0)
(0.199819 -0.117233 0)
(0.0674804 -0.436201 0)
(0.265831 -1.06814 0)
(0.240587 -0.377111 0)
(0.281529 -0.473653 0)
(0.376062 -0.471146 0)
(0.365081 -0.461519 0)
(0.30153 -0.421232 0)
(0.376305 -0.382957 0)
(0.609855 -0.386759 0)
(0.616029 -0.366956 0)
(0.53539 -0.347218 0)
(0.373706 -0.199754 0)
(0.40878 -0.201459 0)
(0.471808 -0.198466 0)
(0.374677 -0.206776 0)
(0.337797 -0.0644792 0)
(0.501859 -0.0254139 0)
(0.321177 -0.0584567 0)
(0.237091 -0.110471 0)
(0.0832566 -0.375515 0)
(0.284946 -0.980664 0)
(0.378925 -0.457261 0)
(0.326262 -0.495878 0)
(0.357296 -0.484758 0)
(0.393469 -0.53002 0)
(0.446955 -0.466876 0)
(0.54498 -0.40265 0)
(0.561899 -0.311052 0)
(0.584791 -0.420558 0)
(0.606158 -0.392396 0)
(0.554623 -0.215628 0)
(0.436537 -0.140469 0)
(0.440165 -0.153064 0)
(0.436259 -0.193439 0)
(0.435925 -0.0639954 0)
(0.394848 -0.0241339 0)
(0.241497 -0.0586338 0)
(0.212781 -0.0417038 0)
(0.0876275 -0.291453 0)
(0.272067 -0.91188 0)
(0.318149 -0.428807 0)
(0.325489 -0.502147 0)
(0.338785 -0.502777 0)
(0.413734 -0.481029 0)
(0.552109 -0.541326 0)
(0.616434 -0.44481 0)
(0.544845 -0.408396 0)
(0.512606 -0.331399 0)
(0.724311 -0.271972 0)
(0.654059 -0.226177 0)
(0.456301 -0.155195 0)
(0.420584 -0.154755 0)
(0.448774 -0.0323399 0)
(0.555776 0.0411839 0)
(0.468814 0.11753 0)
(0.384027 0.119991 0)
(0.28895 0.0364545 0)
(0.0460714 -0.245409 0)
(0.296328 -0.829028 0)
(0.324035 -0.424673 0)
(0.314833 -0.497059 0)
(0.353652 -0.492417 0)
(0.4409 -0.493229 0)
(0.54289 -0.613383 0)
(0.639214 -0.483676 0)
(0.579211 -0.435934 0)
(0.530461 -0.248839 0)
(0.577226 -0.208313 0)
(0.475737 -0.243583 0)
(0.386821 -0.119039 0)
(0.482659 -0.0777326 0)
(0.638975 -0.0107385 0)
(0.589217 0.0137473 0)
(0.517835 0.1501 0)
(0.274843 0.0532331 0)
(0.17722 0.01512 0)
(0.120009 -0.171195 0)
(0.271903 -0.756302 0)
(0.361412 -0.637541 0)
(0.295003 -0.528722 0)
(0.30919 -0.589394 0)
(0.334797 -0.603113 0)
(0.498517 -0.622472 0)
(0.68467 -0.491826 0)
(0.607871 -0.486597 0)
(0.4061 -0.421202 0)
(0.416982 -0.387025 0)
(0.432444 -0.304835 0)
(0.414687 -0.111408 0)
(0.363962 0.0556011 0)
(0.432246 0.0173289 0)
(0.63613 0.0264927 0)
(0.471186 0.187945 0)
(0.397686 0.116565 0)
(0.345123 0.0866492 0)
(0.139555 -0.0991677 0)
(0.289928 -0.658761 0)
(0.394737 -0.70945 0)
(0.328516 -0.684297 0)
(0.3183 -0.724815 0)
(0.370083 -0.710735 0)
(0.465258 -0.604547 0)
(0.614619 -0.457818 0)
(0.43146 -0.555104 0)
(0.23648 -0.418327 0)
(0.292418 -0.29528 0)
(0.455199 -0.198106 0)
(0.414713 -0.0761404 0)
(0.403077 -0.022519 0)
(0.401063 0.0874865 0)
(0.536475 0.136539 0)
(0.493437 0.2161 0)
(0.269169 0.193091 0)
(0.244374 0.0500376 0)
(0.0967039 -0.0532282 0)
(0.257126 -0.592952 0)
(0.391741 -0.7028 0)
(0.315298 -0.761226 0)
(0.23578 -0.773788 0)
(0.366482 -0.745096 0)
(0.547346 -0.646964 0)
(0.510075 -0.654154 0)
(0.29792 -0.659675 0)
(0.100095 -0.407335 0)
(0.257429 -0.25409 0)
(0.430024 -0.188223 0)
(0.40473 -0.14651 0)
(0.32972 0.0356642 0)
(0.409027 0.0774791 0)
(0.603949 0.189265 0)
(0.483222 0.161495 0)
(0.202058 0.177913 0)
(0.284083 0.175944 0)
(0.262239 0.124535 0)
(0.258034 -0.555764 0)
(0.239634 -0.669946 0)
(0.252069 -0.720635 0)
(0.330491 -0.662368 0)
(0.402647 -0.624488 0)
(0.290047 -0.59048 0)
(0.245671 -0.705519 0)
(0.219591 -0.67327 0)
(0.144596 -0.374077 0)
(0.293716 -0.304394 0)
(0.197917 -0.248162 0)
(0.194865 -0.282998 0)
(0.117007 -0.0349246 0)
(0.264374 0.300627 0)
(0.492409 0.219998 0)
(0.425717 0.13742 0)
(0.267443 0.234091 0)
(0.275056 0.191081 0)
(0.0697043 0.0645371 0)
(0.184682 -0.62545 0)
(0.232976 -0.651387 0)
(0.297858 -0.634824 0)
(0.317845 -0.605531 0)
(0.260138 -0.577707 0)
(0.150253 -0.653948 0)
(0.0945266 -0.520429 0)
(0.16885 -0.482324 0)
(0.062701 -0.213015 0)
(0.00378767 -0.193138 0)
(-0.0597991 -0.1459 0)
(-0.058095 -0.27568 0)
(0.0918437 -0.192099 0)
(0.165192 0.143714 0)
(0.246499 0.253844 0)
(0.233081 0.209231 0)
(0.183869 0.274493 0)
(0.226912 0.245813 0)
(0.0903861 0.123632 0)
(0.150207 -0.160004 0)
(0.297897 -0.666316 0)
(0.251399 -0.749535 0)
(0.291666 -0.902695 0)
(0.0898675 -0.892938 0)
(0.0649576 -0.79762 0)
(-0.00700111 -0.632481 0)
(-0.0223043 -0.394053 0)
(0.0627537 -0.176567 0)
(-0.140258 -0.060212 0)
(-0.290877 -0.206992 0)
(-0.243916 -0.283145 0)
(-0.186851 -0.187653 0)
(0.0510999 -0.0822733 0)
(0.218011 0.16799 0)
(0.197773 0.158558 0)
(0.182885 0.243592 0)
(0.201628 0.232381 0)
(0.0890109 0.177766 0)
(0.207113 -0.0328247 0)
(0.244102 -0.750003 0)
(0.0852979 -0.803529 0)
(0.0503978 -0.988845 0)
(0.112474 -1.00505 0)
(0.0651619 -0.803547 0)
(0.0562783 -0.744134 0)
(0.0393843 -0.249051 0)
(-0.13565 -0.0721883 0)
(-0.275054 0.0562679 0)
(-0.388192 -0.195488 0)
(-0.240782 -0.255626 0)
(-0.217778 -0.311702 0)
(-0.214336 -0.194774 0)
(-0.01321 0.125637 0)
(0.125329 0.119428 0)
(0.158236 0.218554 0)
(0.256998 0.202564 0)
(0.264271 0.30145 0)
(0.291905 0.164195 0)
(0.184237 -0.703589 0)
(0.0392919 -0.902628 0)
(-0.0676972 -0.810893 0)
(0.0522636 -0.778782 0)
(0.0526685 -0.670032 0)
(0.103208 -0.564126 0)
(0.0271393 -0.216082 0)
(-0.0974034 0.170462 0)
(-0.218216 -0.0895932 0)
(-0.149824 -0.237732 0)
(-0.128571 -0.332997 0)
(-0.20862 -0.399471 0)
(-0.216479 -0.267213 0)
(-0.107573 -0.139482 0)
(-0.0150132 0.0278726 0)
(0.0538919 0.0363071 0)
(0.477852 0.0134769 0)
(0.502758 -0.0433795 0)
(0.490927 0.942489 0)
)
;

boundaryField
{
    leftWall
    {
        type            fixedValue;
        value           uniform (0 0 0);
    }
    rightWall
    {
        type            fixedValue;
        value           uniform (0 0 0);
    }
    lowerWall
    {
        type            fixedValue;
        value           uniform (0 0 0);
    }
    atmosphere
    {
        type            pressureInletOutletVelocity;
        value           nonuniform List<vector> 
46
(
(0.0776215 0.648577 0)
(0.25529 0.839 0)
(0.297313 1.24833 0)
(0.106139 1.78748 0)
(-0.192396 1.55671 0)
(-0.234702 1.05587 0)
(-0.246334 0.611741 0)
(0.0748457 0.544726 0)
(0.127894 0.299735 0)
(0.144775 0.344742 0)
(0.217431 0.312737 0)
(0.377809 0.196331 0)
(0.340686 0.119015 0)
(0.176121 0.0887859 0)
(0.178577 0.0310343 0)
(0 -0.193629 0)
(0 -0.216641 0)
(0 -0.24951 0)
(0 -0.379925 0)
(0 -0.354732 0)
(0 -0.428565 0)
(0 -0.577878 0)
(0 -0.493137 0)
(0 -0.590413 0)
(0 -0.642399 0)
(0 -0.657209 0)
(0 -0.662642 0)
(0 -0.703589 0)
(0 -0.902628 0)
(0 -0.810893 0)
(0 -0.778782 0)
(0 -0.670032 0)
(0 -0.564126 0)
(0 -0.216082 0)
(-0.0974034 0.170462 0)
(0 -0.0895932 0)
(0 -0.237732 0)
(0 -0.332997 0)
(0 -0.399471 0)
(0 -0.267213 0)
(0 -0.139482 0)
(-0.0150132 0.0278726 0)
(0.0538919 0.0363071 0)
(0.477852 0.0134769 0)
(0 -0.0433795 0)
(0.490927 0.942489 0)
)
;
    }
    defaultFaces
    {
        type            empty;
    }
}


// ************************************************************************* //
