/*--------------------------------*- C++ -*----------------------------------*\
| =========                 |                                                 |
| \\      /  F ield         | foam-extend: Open Source CFD                    |
|  \\    /   O peration     | Version:     4.1                                |
|   \\  /    A nd           | Web:         http://www.foam-extend.org         |
|    \\/     M anipulation  |                                                 |
\*---------------------------------------------------------------------------*/
FoamFile
{
    version     2.0;
    format      ascii;
    class       volVectorField;
    location    "0.1";
    object      U;
}
// * * * * * * * * * * * * * * * * * * * * * * * * * * * * * * * * * * * * * //

dimensions      [0 1 -1 0 0 0 0];

internalField   nonuniform List<vector> 
2268
(
(0.00663774 -0.00464577 0)
(0.0344436 -0.00416633 0)
(0.0721538 -0.00438149 0)
(0.109082 -0.00525675 0)
(0.150992 -0.0057424 0)
(0.205807 -0.00671172 0)
(0.254102 -0.00994941 0)
(0.302619 -0.0116981 0)
(0.444053 -0.0132272 0)
(0.459875 -0.0448935 0)
(0.478081 -0.0329379 0)
(0.580836 -0.00682595 0)
(0.750018 -0.103048 0)
(0.937049 -0.149566 0)
(1.381 0.0591427 0)
(1.50155 0.0439181 0)
(1.31062 0.0120072 0)
(1.32992 0.0349459 0)
(1.33264 -0.0475063 0)
(1.19129 -0.119084 0)
(1.04674 0.144624 0)
(0.37974 0.221896 0)
(0.0230018 0.0834082 0)
(0.0069168 -0.0139873 0)
(0.0346594 -0.0124193 0)
(0.0717623 -0.0131665 0)
(0.108614 -0.0148644 0)
(0.15053 -0.0171963 0)
(0.204037 -0.0200293 0)
(0.252119 -0.0345049 0)
(0.300179 -0.0351304 0)
(0.432016 -0.0392207 0)
(0.455207 -0.146322 0)
(0.472077 -0.132571 0)
(0.610878 -0.0655211 0)
(0.933418 -0.0939187 0)
(0.955936 -0.137759 0)
(1.17967 0.149994 0)
(1.21991 0.0531774 0)
(1.38574 -0.0991926 0)
(1.67258 -0.0941024 0)
(1.81817 -0.0989223 0)
(1.65381 0.0933049 0)
(0.896191 0.518785 0)
(0.176897 0.513421 0)
(-0.0605447 -0.0849136 0)
(0.00752524 -0.0236951 0)
(0.0349715 -0.0205164 0)
(0.0711103 -0.0218971 0)
(0.10735 -0.0241878 0)
(0.148715 -0.0282037 0)
(0.197798 -0.0330498 0)
(0.247665 -0.0389427 0)
(0.297521 -0.0552695 0)
(0.39832 -0.0640208 0)
(0.419067 -0.184904 0)
(0.491445 -0.179118 0)
(0.623923 -0.284637 0)
(0.979106 -0.229053 0)
(1.07057 0.0768535 0)
(1.03322 0.214855 0)
(1.09756 0.00809697 0)
(1.45078 -0.258665 0)
(1.57488 -0.507522 0)
(1.75063 -0.463043 0)
(2.23041 -0.133052 0)
(2.448 0.480097 0)
(2.101 0.801121 0)
(0.669891 0.501962 0)
(0.00869223 -0.0328013 0)
(0.035601 -0.028299 0)
(0.0700084 -0.0303931 0)
(0.105617 -0.0339671 0)
(0.146297 -0.0389388 0)
(0.198593 -0.0459382 0)
(0.241706 -0.0363361 0)
(0.288153 -0.0751242 0)
(0.370959 -0.0794086 0)
(0.390677 -0.184144 0)
(0.518347 -0.179765 0)
(0.441831 -0.492957 0)
(0.623633 -0.512443 0)
(0.956563 0.0796979 0)
(1.06429 0.182448 0)
(1.16491 -0.0312239 0)
(0.80238 -0.396459 0)
(0.435666 -0.593253 0)
(0.633989 -0.51233 0)
(1.78499 -0.0237111 0)
(2.24456 0.552808 0)
(1.95998 0.955969 0)
(0.689859 1.36392 0)
(0.010211 -0.045774 0)
(0.0361608 -0.0358645 0)
(0.0684223 -0.0386449 0)
(0.103271 -0.0433588 0)
(0.143111 -0.0498034 0)
(0.198682 -0.0595483 0)
(0.234316 -0.0389851 0)
(0.27795 -0.0868179 0)
(0.343173 -0.0870572 0)
(0.369402 -0.207392 0)
(0.415484 -0.224786 0)
(0.179449 -0.415089 0)
(-0.209062 -0.417772 0)
(0.0350909 0.107629 0)
(0.444544 0.299033 0)
(0.108934 0.236581 0)
(0.299139 -0.184248 0)
(0.440179 -0.539635 0)
(0.565373 -0.554332 0)
(1.27796 -0.350782 0)
(1.77442 0.49568 0)
(1.37126 1.01039 0)
(0.0488421 2.14546 0)
(0.0135436 -0.048115 0)
(0.0390508 -0.0423522 0)
(0.0664466 -0.0462448 0)
(0.100274 -0.0523281 0)
(0.138762 -0.0615743 0)
(0.203609 -0.0726766 0)
(0.225023 -0.0784837 0)
(0.265299 -0.110206 0)
(0.30428 -0.111595 0)
(0.340355 -0.187814 0)
(0.372998 -0.255402 0)
(0.29132 -0.2928 0)
(0.102753 -0.249325 0)
(-0.780105 0.134325 0)
(-0.706614 0.531345 0)
(-0.51096 -0.16835 0)
(0.385298 -0.79142 0)
(0.754034 -0.860068 0)
(0.569526 -0.887377 0)
(0.30027 -0.55969 0)
(0.821144 0.450411 0)
(0.320675 1.34351 0)
(-0.176119 2.37855 0)
(0.012872 -0.0368765 0)
(0.0376102 -0.0497255 0)
(0.0636401 -0.0539202 0)
(0.0959637 -0.0616385 0)
(0.133394 -0.0739296 0)
(0.189782 -0.0855592 0)
(0.212666 -0.104497 0)
(0.266431 -0.149588 0)
(0.293261 -0.187122 0)
(0.309353 -0.185958 0)
(0.355118 -0.245439 0)
(0.341524 -0.320706 0)
(0.0829209 0.0189052 0)
(-0.549833 0.257193 0)
(-0.387868 -0.163662 0)
(0.0767056 -0.55431 0)
(0.213293 -0.719926 0)
(0.455478 -0.571241 0)
(0.0967502 -0.580232 0)
(-0.270861 -0.322278 0)
(-0.10575 0.486955 0)
(-0.268611 1.3916 0)
(-0.124465 2.20475 0)
(0.00729796 -0.0407996 0)
(0.0307023 -0.0514651 0)
(0.0606294 -0.0589402 0)
(0.0905716 -0.0674999 0)
(0.126674 -0.0816499 0)
(0.187754 -0.0957866 0)
(0.188528 -0.128798 0)
(0.225291 -0.153876 0)
(0.281414 -0.210414 0)
(0.301039 -0.213629 0)
(0.333617 -0.267697 0)
(0.27918 -0.307937 0)
(-0.144498 0.370264 0)
(-0.222033 0.307316 0)
(0.500482 -0.195369 0)
(0.372171 -0.667968 0)
(0.295491 -0.804751 0)
(0.396332 -0.530774 0)
(-0.0355299 -0.434392 0)
(-0.423742 -0.19888 0)
(-0.484634 0.472825 0)
(-0.386519 1.28355 0)
(-0.169399 1.64991 0)
(0.0106831 -0.01047 0)
(0.0434313 -0.0159562 0)
(0.0795139 -0.0057408 0)
(0.0994247 -0.00284529 0)
(0.105938 -0.000884591 0)
(0.105783 0.000282289 0)
(0.103002 0.000844603 0)
(0.0987554 0.00159226 0)
(0.0939916 0.00215601 0)
(0.089413 0.00215688 0)
(0.0817421 0.000491159 0)
(0.088732 -0.00637693 0)
(0.0989208 0.0104508 0)
(0.0819529 0.0027428 0)
(0.0591759 0.00206969 0)
(0.044016 0.00160696 0)
(0.0302492 0.00143569 0)
(0.0177657 0.0013386 0)
(0.0058435 0.00129033 0)
(0.00897782 -0.0319976 0)
(0.0467355 -0.0397117 0)
(0.0870603 -0.0173989 0)
(0.104104 -0.00844999 0)
(0.110172 -0.00306261 0)
(0.109668 0.000924669 0)
(0.106232 0.00189497 0)
(0.102022 0.00488696 0)
(0.0968287 0.00680458 0)
(0.0911611 0.00719608 0)
(0.0804526 0.00319207 0)
(0.0952553 0.00446106 0)
(0.105459 0.020694 0)
(0.0802795 0.00781207 0)
(0.0603149 0.00610581 0)
(0.044888 0.00485169 0)
(0.0309239 0.00433999 0)
(0.0181713 0.0040548 0)
(0.00597944 0.0039117 0)
(0.00936945 -0.0528159 0)
(0.0504853 -0.0470816 0)
(0.0947776 -0.0286986 0)
(0.108185 -0.0129911 0)
(0.112829 -0.00467651 0)
(0.111078 0.0020396 0)
(0.10737 0.00612558 0)
(0.1036 0.00870296 0)
(0.0976241 0.0120038 0)
(0.0900492 0.0128615 0)
(0.0833944 -0.00167317 0)
(0.0984819 0.0341531 0)
(0.10313 0.0215044 0)
(0.0774426 0.0126592 0)
(0.0596182 0.00992911 0)
(0.0444279 0.0080957 0)
(0.0307126 0.00726429 0)
(0.0180647 0.00680176 0)
(0.00594767 0.00656671 0)
(0.0141792 -0.07702 0)
(0.0567809 -0.0616643 0)
(0.101561 -0.0403525 0)
(0.114253 -0.0165112 0)
(0.116566 -0.00507485 0)
(0.11434 0.00259438 0)
(0.109051 0.0118264 0)
(0.104542 0.0122336 0)
(0.0986769 0.0194061 0)
(0.0848645 0.0178314 0)
(0.089963 0.0120272 0)
(0.106051 0.0468044 0)
(0.0965953 0.0248269 0)
(0.0746839 0.0171538 0)
(0.0584854 0.0134821 0)
(0.0437772 0.0112541 0)
(0.0303879 0.0101398 0)
(0.0178976 0.00951692 0)
(0.00589708 0.00919535 0)
(0.0201554 -0.108848 0)
(0.0672884 -0.0865614 0)
(0.113605 -0.0524778 0)
(0.123003 -0.0190367 0)
(0.120939 -0.00404799 0)
(0.118262 0.00676989 0)
(0.111438 0.0165886 0)
(0.1068 0.0173434 0)
(0.099697 0.0275351 0)
(0.0873629 0.0174493 0)
(0.0950984 0.0480549 0)
(0.104418 0.0460549 0)
(0.0910492 0.0285672 0)
(0.0724292 0.0211669 0)
(0.0571179 0.0168028 0)
(0.0430093 0.0143067 0)
(0.0299753 0.0129515 0)
(0.0176844 0.0121915 0)
(0.0058319 0.011792 0)
(0.035881 -0.135457 0)
(0.0841793 -0.105999 0)
(0.129292 -0.0624812 0)
(0.134522 -0.0191139 0)
(0.12755 -0.00157766 0)
(0.123118 0.013618 0)
(0.113453 0.0227529 0)
(0.108851 0.0184993 0)
(0.098442 0.0366983 0)
(0.0939697 0.0387965 0)
(0.102549 0.0603049 0)
(0.097828 0.0489712 0)
(0.0854391 0.0317111 0)
(0.0699445 0.024687 0)
(0.0555791 0.0199517 0)
(0.0421422 0.0172494 0)
(0.0294895 0.0157012 0)
(0.0174315 0.0148256 0)
(0.00575395 0.0143568 0)
(0.0889982 -0.224931 0)
(0.113682 -0.129825 0)
(0.149196 -0.0758079 0)
(0.148212 -0.0170925 0)
(0.134851 0.00441501 0)
(0.1287 0.0216579 0)
(0.11282 0.0322781 0)
(0.112805 0.0256131 0)
(0.108621 0.0449475 0)
(0.0960539 0.0615762 0)
(0.0994587 0.0573528 0)
(0.0928123 0.0535475 0)
(0.0805867 0.0348033 0)
(0.0674562 0.0278286 0)
(0.0539604 0.0229007 0)
(0.0412044 0.0200683 0)
(0.0289456 0.0183771 0)
(0.0171454 0.0174091 0)
(0.005665 0.0168804 0)
(0.252207 -0.262426 0)
(0.211391 -0.138848 0)
(0.176039 -0.0737898 0)
(0.166226 -0.0128228 0)
(0.141993 0.0115282 0)
(0.133593 0.0295039 0)
(0.113792 0.0402689 0)
(0.113962 0.0513415 0)
(0.112728 0.0496947 0)
(0.0988713 0.0596581 0)
(0.0992481 0.0589178 0)
(0.0881604 0.0594024 0)
(0.0746128 0.0376148 0)
(0.064989 0.030729 0)
(0.052285 0.0257387 0)
(0.0402214 0.022815 0)
(0.0283598 0.0210139 0)
(0.0168335 0.0199686 0)
(0.00556725 0.0193864 0)
(0.00835485 -0.0499662 0)
(0.027415 -0.0639996 0)
(0.05203 -0.0765436 0)
(0.0793254 -0.0886883 0)
(0.111984 -0.116574 0)
(0.153305 -0.120075 0)
(0.170289 -0.163918 0)
(0.209781 -0.158868 0)
(0.256587 -0.206806 0)
(0.254845 -0.227682 0)
(0.29898 -0.273248 0)
(0.362802 -0.307446 0)
(0.481248 -0.0617664 0)
(0.925062 0.123773 0)
(0.983376 -0.111776 0)
(0.702532 -0.603985 0)
(0.361202 -0.651282 0)
(0.300916 -0.311985 0)
(0.0021178 -0.218299 0)
(-0.240815 0.0229073 0)
(-0.357254 0.345988 0)
(-0.186664 0.937909 0)
(0.314011 1.22832 0)
(-0.00716302 -0.0909494 0)
(0.0056837 -0.0814474 0)
(0.0373152 -0.107039 0)
(0.0529158 -0.120715 0)
(0.0965134 -0.130152 0)
(0.149563 -0.147517 0)
(0.159212 -0.169091 0)
(0.186308 -0.184412 0)
(0.226534 -0.222318 0)
(0.237904 -0.238915 0)
(0.229246 -0.238329 0)
(0.118033 -0.355465 0)
(0.221502 -0.15459 0)
(0.6529 0.500027 0)
(0.721656 0.124955 0)
(0.651653 -0.329265 0)
(0.449727 -0.263832 0)
(0.188828 -0.0758818 0)
(0.123178 0.0298337 0)
(-0.0731453 0.205768 0)
(-0.0858319 0.407072 0)
(0.189956 0.637364 0)
(0.441335 0.772321 0)
(0.0198557 -0.146199 0)
(0.0136242 -0.130089 0)
(0.0139383 -0.112051 0)
(0.0573865 -0.128901 0)
(0.09132 -0.116027 0)
(0.115737 -0.159402 0)
(0.133763 -0.181938 0)
(0.159833 -0.208173 0)
(0.201692 -0.238959 0)
(0.240961 -0.253003 0)
(0.221369 -0.266291 0)
(0.103639 -0.33084 0)
(-0.00770651 -0.269569 0)
(0.120695 -0.193365 0)
(0.468888 -0.291033 0)
(0.799528 -0.417444 0)
(0.935256 -0.268367 0)
(0.507033 0.0226535 0)
(0.316545 0.163233 0)
(0.174231 0.207078 0)
(0.0992104 0.43686 0)
(0.198828 0.469158 0)
(0.31281 0.406253 0)
(0.0109701 -0.184243 0)
(0.0427022 -0.194328 0)
(0.0426884 -0.174347 0)
(0.0507252 -0.158252 0)
(0.064838 -0.167291 0)
(0.0841817 -0.155925 0)
(0.112027 -0.167508 0)
(0.125763 -0.218413 0)
(0.174441 -0.268011 0)
(0.199198 -0.276374 0)
(0.0749879 -0.291101 0)
(0.113237 -0.398699 0)
(0.416201 -0.182691 0)
(0.269293 -0.344847 0)
(0.45561 -0.470147 0)
(0.467826 -0.410974 0)
(0.341818 -0.179351 0)
(0.322222 0.204979 0)
(0.277423 0.299894 0)
(0.242307 0.276927 0)
(0.179547 0.355979 0)
(0.197101 0.373949 0)
(0.265165 0.337949 0)
(0.00977392 -0.229323 0)
(0.0284445 -0.233929 0)
(0.0561789 -0.250205 0)
(0.062731 -0.254843 0)
(0.0910159 -0.255915 0)
(0.119643 -0.252179 0)
(0.0781843 -0.259919 0)
(0.0684119 -0.269322 0)
(0.136902 -0.281781 0)
(0.200761 -0.300919 0)
(0.255087 -0.288716 0)
(0.301994 -0.550169 0)
(0.404014 -0.338269 0)
(0.823854 -0.260824 0)
(1.16891 -0.290891 0)
(1.05396 -0.269457 0)
(0.37629 0.0903988 0)
(0.328527 0.302025 0)
(0.27157 0.307155 0)
(0.243616 0.280559 0)
(0.196159 0.286271 0)
(0.172393 0.314783 0)
(0.226166 0.306502 0)
(0.00634046 -0.259352 0)
(0.0200426 -0.264381 0)
(0.0252836 -0.27353 0)
(0.0477155 -0.298575 0)
(0.0775673 -0.297537 0)
(0.0923973 -0.322482 0)
(0.0918411 -0.331637 0)
(0.103325 -0.31246 0)
(0.140216 -0.281104 0)
(0.169714 -0.3041 0)
(0.160175 -0.342914 0)
(0.013307 -0.53217 0)
(-0.31331 -0.600042 0)
(-0.193421 -0.494373 0)
(-0.221995 -0.519346 0)
(0.0605993 -0.425559 0)
(0.066691 0.121281 0)
(0.228773 0.290198 0)
(0.242388 0.271585 0)
(0.227045 0.269187 0)
(0.21303 0.246736 0)
(0.203996 0.28276 0)
(0.219192 0.280208 0)
(0.00482941 -0.279877 0)
(0.0144755 -0.282574 0)
(0.019528 -0.292427 0)
(0.0389138 -0.288356 0)
(0.0622056 -0.309348 0)
(0.0805013 -0.326408 0)
(0.0954282 -0.336524 0)
(0.120058 -0.316097 0)
(0.140838 -0.322335 0)
(0.122476 -0.333012 0)
(0.157195 -0.368202 0)
(0.183091 -0.327119 0)
(0.140019 -0.285103 0)
(-0.394234 -0.202346 0)
(-0.394139 -0.676703 0)
(-0.178766 -0.289961 0)
(-0.0302239 0.0834259 0)
(0.204414 0.219705 0)
(0.238682 0.293173 0)
(0.220855 0.286604 0)
(0.214558 0.27686 0)
(0.205542 0.287908 0)
(0.203411 0.277037 0)
(0.00371639 -0.294932 0)
(0.00752071 -0.29656 0)
(0.019748 -0.301346 0)
(0.0305829 -0.299855 0)
(0.0382104 -0.336566 0)
(0.0644954 -0.29234 0)
(0.102243 -0.317687 0)
(0.11729 -0.323458 0)
(0.124992 -0.347423 0)
(0.110855 -0.351108 0)
(0.10502 -0.36015 0)
(-0.0130043 -0.236883 0)
(-0.0922164 0.0965936 0)
(0.0208124 -0.421833 0)
(0.243139 -0.575096 0)
(0.34164 -0.579032 0)
(0.25727 -0.293156 0)
(0.413031 0.197051 0)
(0.3142 0.274582 0)
(0.212244 0.286523 0)
(0.215175 0.286095 0)
(0.200293 0.287102 0)
(0.188087 0.274916 0)
(0.00333102 -0.305685 0)
(0.00826559 -0.305745 0)
(0.0167729 -0.305026 0)
(0.00287708 -0.303579 0)
(0.0693665 -0.290232 0)
(0.0992292 -0.2909 0)
(0.0662475 -0.301159 0)
(0.091307 -0.325592 0)
(0.107926 -0.335921 0)
(0.107331 -0.335531 0)
(0.103718 -0.319556 0)
(-0.0735634 -0.0870088 0)
(-0.0733271 -0.278688 0)
(0.314678 -0.449559 0)
(0.509259 -0.683071 0)
(0.630228 -0.704852 0)
(0.497983 -0.413696 0)
(0.332267 0.230026 0)
(0.267334 0.289626 0)
(0.230265 0.306953 0)
(0.219294 0.299712 0)
(0.193927 0.29304 0)
(0.177257 0.282459 0)
(0.00385432 -0.318666 0)
(0.0083729 -0.317253 0)
(0.0223754 -0.309422 0)
(0.0414982 -0.292297 0)
(0.0495736 -0.241078 0)
(0.0519251 -0.328154 0)
(0.0731741 -0.328059 0)
(0.0861182 -0.332889 0)
(0.111019 -0.347009 0)
(0.115809 -0.365406 0)
(0.125727 -0.360022 0)
(0.222537 -0.170022 0)
(0.348803 -0.339957 0)
(0.524994 -0.57127 0)
(0.614152 -0.643022 0)
(0.510196 -0.644155 0)
(0.238982 -0.253103 0)
(0.102646 0.265018 0)
(0.182627 0.313807 0)
(0.208859 0.322362 0)
(0.203127 0.318212 0)
(0.183363 0.309295 0)
(0.164405 0.297369 0)
(0.00534622 -0.331944 0)
(0.0185548 -0.333506 0)
(0.0404209 -0.324807 0)
(0.0731079 -0.342513 0)
(0.0393268 -0.355207 0)
(0.0111677 -0.346412 0)
(0.0606203 -0.346595 0)
(0.0762009 -0.366618 0)
(0.0775912 -0.370015 0)
(0.0872498 -0.387312 0)
(0.131165 -0.374961 0)
(0.156956 -0.400725 0)
(0.301836 -0.642555 0)
(0.376675 -0.51707 0)
(0.00143343 -0.492302 0)
(-0.16086 -0.30681 0)
(-0.138041 -0.0928225 0)
(0.0390395 0.211891 0)
(0.193821 0.257051 0)
(0.224405 0.308358 0)
(0.206497 0.328045 0)
(0.173844 0.326908 0)
(0.149808 0.315584 0)
(0.00287318 -0.341956 0)
(0.0135371 -0.345864 0)
(0.0151268 -0.355468 0)
(0.0314921 -0.415536 0)
(0.0420293 -0.409774 0)
(0.0474688 -0.414351 0)
(0.0525613 -0.370735 0)
(0.0656634 -0.372668 0)
(0.0835067 -0.384738 0)
(0.097411 -0.396817 0)
(0.212072 -0.377815 0)
(0.0375107 -0.390062 0)
(-0.0211018 -0.716267 0)
(0.147432 -0.328781 0)
(0.205348 -0.356317 0)
(0.154169 -0.297503 0)
(0.206189 -0.255561 0)
(0.190544 -0.161008 0)
(0.261583 0.143116 0)
(0.288139 0.307948 0)
(0.22208 0.371706 0)
(0.171488 0.363746 0)
(0.134074 0.340032 0)
(0.000471221 -0.345344 0)
(0.00575866 -0.34174 0)
(-0.033109 -0.346782 0)
(0.00998438 -0.331029 0)
(0.0412627 -0.391865 0)
(0.0521905 -0.342633 0)
(0.0959041 -0.34948 0)
(0.0669256 -0.317912 0)
(0.0542888 -0.364212 0)
(0.0634186 -0.414309 0)
(0.179541 -0.45472 0)
(0.236582 -0.357134 0)
(0.151582 -0.581602 0)
(0.153472 -0.50624 0)
(0.303565 -0.361516 0)
(0.234217 -0.389041 0)
(0.245476 -0.24941 0)
(0.187412 0.277292 0)
(0.284852 0.361515 0)
(0.284874 0.394056 0)
(0.245065 0.425473 0)
(0.140462 0.398951 0)
(0.100744 0.37458 0)
(0.00732239 -0.351552 0)
(0.0133173 -0.332432 0)
(0.0122485 -0.316773 0)
(-0.0149008 -0.265561 0)
(0.0303774 -0.294068 0)
(0.082014 -0.281617 0)
(0.101266 -0.339366 0)
(0.0557267 -0.375989 0)
(-0.00922426 -0.3676 0)
(0.00253952 -0.454357 0)
(0.14839 -0.461336 0)
(-0.0228942 -0.26456 0)
(-0.233432 -0.577355 0)
(-0.401884 -0.515656 0)
(-0.374295 -0.459929 0)
(0.0188878 -0.670504 0)
(0.303561 -0.690097 0)
(0.47256 -0.475491 0)
(0.571334 -0.185114 0)
(0.546365 0.273393 0)
(0.255419 0.587206 0)
(0.107329 0.517146 0)
(0.0609004 0.416512 0)
(0.0219915 -0.385175 0)
(0.0399148 -0.345011 0)
(0.035508 -0.302301 0)
(0.0329019 -0.269202 0)
(0.0228355 -0.234738 0)
(-0.0124492 -0.287474 0)
(0.0115843 -0.42581 0)
(0.0679109 -0.464238 0)
(-0.00244382 -0.503247 0)
(-0.0347627 -0.513306 0)
(0.268375 -0.546492 0)
(0.270731 -0.0962864 0)
(0.192598 -0.510909 0)
(0.0908717 -0.290515 0)
(0.248271 -0.481566 0)
(-0.047426 -0.460281 0)
(-0.122205 -0.480918 0)
(-0.208769 -0.240373 0)
(0.140937 0.27701 0)
(0.0135944 0.658316 0)
(-0.172468 0.786706 0)
(-0.0854352 0.576942 0)
(-0.0626242 0.427084 0)
(0.056896 -0.462582 0)
(0.0962548 -0.357251 0)
(0.0861726 -0.30542 0)
(0.0553624 -0.241841 0)
(0.0229463 -0.232144 0)
(-0.104398 -0.334481 0)
(-0.0962073 -0.363558 0)
(-0.0197793 -0.463427 0)
(-0.101748 -0.538635 0)
(-0.0958174 -0.717387 0)
(0.198919 -0.74617 0)
(0.13074 -0.00193679 0)
(0.0138022 -0.683002 0)
(0.349828 -0.540941 0)
(0.323008 -0.694376 0)
(0.21825 -0.951684 0)
(-0.189393 -0.883271 0)
(-0.418183 -0.363784 0)
(-0.579356 0.184874 0)
(-0.608372 0.595807 0)
(-0.516314 0.630058 0)
(-0.292095 0.482343 0)
(-0.175074 0.392276 0)
(0.128638 -0.687952 0)
(0.179575 -0.250937 0)
(0.148151 -0.173223 0)
(0.109257 -0.148729 0)
(-0.0587719 -0.16638 0)
(-0.114859 -0.337238 0)
(-0.102164 -0.280137 0)
(-0.162165 -0.264953 0)
(-0.342545 -0.29142 0)
(-0.328724 -0.879293 0)
(-0.217611 -0.744789 0)
(0.0928611 -0.117822 0)
(0.213746 -0.441907 0)
(-0.336171 -0.531364 0)
(-0.252548 -0.558229 0)
(-0.393553 -0.0860283 0)
(-0.588809 -0.0573738 0)
(-0.650577 -0.051899 0)
(-0.570093 0.175756 0)
(-0.644964 0.299171 0)
(-0.559603 0.381612 0)
(-0.338166 0.368319 0)
(-0.223758 0.336296 0)
(0.15258 -0.864863 0)
(0.232307 -0.184829 0)
(0.108392 -0.080667 0)
(0.0816443 -0.0374187 0)
(-0.110217 -0.0201359 0)
(-0.068303 -0.38042 0)
(0.0263327 -0.244898 0)
(-0.09731 -0.103953 0)
(-0.156096 -0.177956 0)
(0.335849 -0.992099 0)
(-0.0113412 -0.977052 0)
(-0.0423399 -0.327299 0)
(-0.084699 -0.0657852 0)
(-0.135454 -0.111827 0)
(-0.166758 -0.230207 0)
(-0.592546 -0.177178 0)
(-0.524611 0.0149924 0)
(-0.459541 0.0811568 0)
(-0.582285 0.0659908 0)
(-0.630799 0.192346 0)
(-0.462375 0.320495 0)
(-0.335568 0.300891 0)
(-0.238978 0.287246 0)
(-0.176895 -0.634607 0)
(0.0875403 -0.172841 0)
(-0.00201418 -0.104422 0)
(-0.148316 0.0170416 0)
(-0.282454 -0.0080874 0)
(0.0807396 -0.509645 0)
(0.0773093 -0.208435 0)
(-0.0749621 -0.196458 0)
(0.201312 -0.459053 0)
(0.408177 -0.895375 0)
(-0.374997 -0.953435 0)
(-0.428615 -0.242328 0)
(-0.143494 -0.396267 0)
(-0.340649 -0.575047 0)
(-0.443968 -0.530205 0)
(-0.374969 -0.0140068 0)
(-0.495664 0.140832 0)
(-0.546706 0.0771594 0)
(-0.464733 0.0623502 0)
(-0.420716 0.172029 0)
(-0.446838 0.202393 0)
(-0.361834 0.232503 0)
(-0.259021 0.252071 0)
(0.0347481 -0.68919 0)
(0.0109702 -0.0871794 0)
(-0.281181 0.0553555 0)
(-0.156731 0.254796 0)
(0.00108876 -0.280131 0)
(-0.149961 -0.51337 0)
(0.138882 -0.0950832 0)
(0.117724 -0.215214 0)
(-0.194009 -0.638849 0)
(0.0142965 -0.411745 0)
(-0.295882 -0.543803 0)
(-0.489144 -0.435778 0)
(-0.430018 -0.403898 0)
(-0.397235 -0.057155 0)
(-0.437177 -0.101593 0)
(-0.434994 -0.00773083 0)
(-0.454025 0.0620941 0)
(-0.545654 0.122598 0)
(-0.481118 0.144408 0)
(-0.455754 0.123162 0)
(-0.391597 0.144266 0)
(-0.280099 0.201483 0)
(-0.22192 0.210031 0)
(-0.252743 -0.644691 0)
(-0.203511 0.0695426 0)
(-0.168645 -0.0877117 0)
(0.0364068 0.0124159 0)
(-0.0137185 -0.335579 0)
(-0.0811599 -0.429031 0)
(-0.143341 -0.414943 0)
(0.11652 0.230492 0)
(0.0325296 -0.561931 0)
(-0.355173 -0.67612 0)
(-0.0994733 -0.63939 0)
(-0.371776 -0.567643 0)
(-0.444298 -0.363999 0)
(-0.552394 -0.244877 0)
(-0.479504 0.0163888 0)
(-0.388692 -0.0093546 0)
(-0.376454 -0.0330027 0)
(-0.472083 0.0436594 0)
(-0.495553 0.0827105 0)
(-0.40967 0.116808 0)
(-0.368597 0.169612 0)
(-0.29678 0.185215 0)
(-0.247819 0.174093 0)
(-0.0489318 -0.63402 0)
(-0.184174 -0.255988 0)
(-0.104892 -0.218743 0)
(0.145349 0.0501425 0)
(0.166247 -0.256698 0)
(0.0940453 -0.347471 0)
(-0.0230426 -0.467481 0)
(-0.0446087 -0.265053 0)
(0.0828627 -0.54587 0)
(-0.114521 -0.49335 0)
(-0.327546 -0.438298 0)
(-0.416904 -0.425914 0)
(-0.44769 -0.394924 0)
(-0.347555 -0.144797 0)
(-0.422102 -0.0124632 0)
(-0.46806 -0.0353889 0)
(-0.410894 -0.0281748 0)
(-0.427093 -0.0431612 0)
(-0.412325 0.0462222 0)
(-0.368131 0.0690275 0)
(-0.332934 0.125147 0)
(-0.282716 0.145806 0)
(-0.243377 0.149876 0)
(-0.0727564 -0.41399 0)
(-0.0792946 -0.338874 0)
(-0.0749925 -0.320621 0)
(0.0220363 -0.263573 0)
(0.087394 -0.401154 0)
(0.0638223 -0.423731 0)
(-0.0183086 -0.559193 0)
(-0.0454733 -0.293618 0)
(0.0242882 -0.468546 0)
(-0.0753646 -0.532336 0)
(-0.199846 -0.485197 0)
(-0.297148 -0.381119 0)
(-0.295168 -0.251642 0)
(-0.225202 -0.205767 0)
(-0.319965 -0.175981 0)
(-0.393448 -0.0284233 0)
(-0.373362 -0.0299372 0)
(-0.398601 0.0157121 0)
(-0.385472 0.0519562 0)
(-0.330109 0.087209 0)
(-0.296589 0.110111 0)
(-0.27259 0.12987 0)
(-0.256662 0.140185 0)
(-0.0102312 -0.352496 0)
(-0.0512124 -0.302719 0)
(-0.00399402 -0.231763 0)
(0.0125641 -0.22008 0)
(0.0217695 -0.256921 0)
(0.0425356 -0.398371 0)
(-0.0074756 -0.42606 0)
(-0.0798025 -0.333512 0)
(-0.0802631 -0.423384 0)
(-0.105582 -0.375962 0)
(-0.189003 -0.356373 0)
(-0.22643 -0.295111 0)
(-0.22989 -0.19901 0)
(-0.226691 -0.1765 0)
(-0.216028 -0.149681 0)
(-0.322546 -0.0872371 0)
(-0.376628 -0.0541996 0)
(-0.341552 -0.00627942 0)
(-0.333076 0.0509269 0)
(-0.308739 0.09354 0)
(-0.286812 0.0984737 0)
(-0.251627 0.118257 0)
(-0.231947 0.139003 0)
(0.00512897 -0.261701 0)
(0.00471389 -0.220878 0)
(0.00360429 -0.181898 0)
(-0.0196228 -0.210608 0)
(-0.040885 -0.201357 0)
(-0.0527115 -0.260043 0)
(-0.0280627 -0.286584 0)
(-0.0341388 -0.341257 0)
(-0.0716024 -0.289219 0)
(-0.112465 -0.321108 0)
(-0.145229 -0.321893 0)
(-0.166465 -0.282462 0)
(-0.185817 -0.233499 0)
(-0.164489 -0.217736 0)
(-0.217225 -0.168629 0)
(-0.285059 -0.167496 0)
(-0.286954 -0.0433101 0)
(-0.297782 -0.0204659 0)
(-0.283767 0.0312103 0)
(-0.282918 0.0549274 0)
(-0.272881 0.0811235 0)
(-0.230883 0.102693 0)
(-0.199697 0.119656 0)
(0.00465888 -0.17371 0)
(-0.00352343 -0.168856 0)
(-0.010811 -0.183642 0)
(-0.0200638 -0.184552 0)
(-0.0349117 -0.185938 0)
(-0.0510166 -0.17866 0)
(-0.0815709 -0.185124 0)
(-0.0763799 -0.206116 0)
(-0.0712596 -0.225448 0)
(-0.134251 -0.223591 0)
(-0.150087 -0.197302 0)
(-0.133522 -0.185162 0)
(-0.16144 -0.174851 0)
(-0.159092 -0.180194 0)
(-0.156561 -0.199041 0)
(-0.173468 -0.128912 0)
(-0.22373 -0.0561798 0)
(-0.271876 0.00237262 0)
(-0.257593 0.0237894 0)
(-0.260264 0.0340189 0)
(-0.239919 0.0666864 0)
(-0.212742 0.0874331 0)
(-0.179103 0.101173 0)
(-0.00178878 -0.164707 0)
(-0.00806275 -0.170666 0)
(-0.0142318 -0.170858 0)
(-0.0231992 -0.173388 0)
(-0.0343658 -0.173065 0)
(-0.0469317 -0.170848 0)
(-0.0616448 -0.166946 0)
(-0.0719334 -0.151727 0)
(-0.0834435 -0.167464 0)
(-0.0993137 -0.163918 0)
(-0.118766 -0.126788 0)
(-0.139649 -0.116207 0)
(-0.16644 -0.12465 0)
(-0.174031 -0.107748 0)
(-0.170615 -0.120763 0)
(-0.146745 -0.106325 0)
(-0.143886 -0.0981719 0)
(-0.213088 -0.0315731 0)
(-0.252943 0.0248898 0)
(-0.240443 0.0279699 0)
(-0.21948 0.0551769 0)
(-0.195491 0.0708631 0)
(-0.157572 0.0845782 0)
(-0.00249277 -0.160529 0)
(-0.00952787 -0.162308 0)
(-0.0150859 -0.165168 0)
(-0.0227552 -0.163325 0)
(-0.0328247 -0.161835 0)
(-0.0448749 -0.158257 0)
(-0.060516 -0.155516 0)
(-0.0730858 -0.152417 0)
(-0.0831479 -0.14985 0)
(-0.0919641 -0.138514 0)
(-0.105356 -0.115447 0)
(-0.131738 -0.103096 0)
(-0.152443 -0.118515 0)
(-0.156714 -0.122425 0)
(-0.157224 -0.0898949 0)
(-0.14877 -0.0880373 0)
(-0.154125 -0.0798425 0)
(-0.142241 -0.0751663 0)
(-0.196238 0.00847688 0)
(-0.231979 0.0254652 0)
(-0.196963 0.0443826 0)
(-0.18255 0.0605294 0)
(-0.162173 0.0722943 0)
(-0.0036277 -0.154949 0)
(-0.0122709 -0.156173 0)
(-0.0152809 -0.157705 0)
(-0.0200128 -0.155221 0)
(-0.0294139 -0.152895 0)
(-0.0401263 -0.146478 0)
(-0.0553968 -0.141689 0)
(-0.0654544 -0.141966 0)
(-0.0695198 -0.138796 0)
(-0.0665674 -0.130751 0)
(-0.0816438 -0.120269 0)
(-0.141836 -0.0999344 0)
(-0.183322 -0.102964 0)
(-0.144395 -0.100753 0)
(-0.13689 -0.0955001 0)
(-0.13686 -0.102105 0)
(-0.130268 -0.0728252 0)
(-0.123808 -0.0487994 0)
(-0.145766 -0.0440684 0)
(-0.19979 0.0314783 0)
(-0.186552 0.031927 0)
(-0.167996 0.0524384 0)
(-0.151819 0.0652271 0)
(-0.00326839 -0.151451 0)
(-0.0115298 -0.15247 0)
(-0.0142479 -0.148806 0)
(-0.0178086 -0.148334 0)
(-0.0243971 -0.142486 0)
(-0.0351826 -0.12585 0)
(-0.0550975 -0.122678 0)
(-0.0671528 -0.135583 0)
(-0.0699933 -0.13254 0)
(-0.0737593 -0.129114 0)
(-0.0740802 -0.1279 0)
(-0.112961 -0.129787 0)
(-0.152296 -0.101527 0)
(-0.149637 -0.0773739 0)
(-0.154561 -0.0993767 0)
(-0.127206 -0.0610295 0)
(-0.102495 -0.0768135 0)
(-0.112069 -0.0435468 0)
(-0.104302 -0.0468675 0)
(-0.157135 0.0154569 0)
(-0.179399 0.0326814 0)
(-0.149318 0.0440146 0)
(-0.138548 0.0571225 0)
(-0.00408814 -0.147591 0)
(-0.00891215 -0.147815 0)
(-0.0113389 -0.14481 0)
(-0.0139847 -0.147007 0)
(-0.00725867 -0.145337 0)
(-0.0200655 -0.146507 0)
(-0.0662567 -0.144039 0)
(-0.0744158 -0.13644 0)
(-0.0631261 -0.124369 0)
(-0.0612416 -0.125125 0)
(-0.0831409 -0.11983 0)
(-0.114907 -0.123952 0)
(-0.130044 -0.096009 0)
(-0.144646 -0.0822284 0)
(-0.118645 -0.0703596 0)
(-0.115207 -0.0500959 0)
(-0.115342 -0.0716007 0)
(-0.0914646 -0.0513572 0)
(-0.0879302 -0.030419 0)
(-0.117467 -0.0260432 0)
(-0.154715 0.0352069 0)
(-0.145161 0.0338187 0)
(-0.12939 0.050667 0)
(-0.00285775 -0.142417 0)
(-0.00799754 -0.141474 0)
(-0.0133214 -0.141344 0)
(-0.0186904 -0.143888 0)
(-0.0248392 -0.146734 0)
(-0.0334098 -0.159609 0)
(-0.0451783 -0.162251 0)
(-0.0481748 -0.146379 0)
(-0.0590206 -0.14444 0)
(-0.069995 -0.138986 0)
(-0.0732241 -0.132213 0)
(-0.0869199 -0.114442 0)
(-0.109335 -0.0809809 0)
(-0.124304 -0.0745739 0)
(-0.122913 -0.0556045 0)
(-0.127034 -0.0758916 0)
(-0.104881 -0.0407331 0)
(-0.0715621 -0.0536398 0)
(-0.0785009 -0.0315887 0)
(-0.0845219 -0.0301653 0)
(-0.120048 0.0187978 0)
(-0.135883 0.033855 0)
(-0.112228 0.0452082 0)
(-0.00240813 -0.13645 0)
(-0.00703149 -0.13657 0)
(-0.0137603 -0.136798 0)
(-0.0192951 -0.135883 0)
(-0.0216895 -0.141692 0)
(-0.0348714 -0.153224 0)
(-0.0539764 -0.143357 0)
(-0.0575098 -0.126541 0)
(-0.0537291 -0.127679 0)
(-0.0476378 -0.110801 0)
(-0.0596169 -0.1096 0)
(-0.0646037 -0.0951918 0)
(-0.0900174 -0.0791179 0)
(-0.118375 -0.0719281 0)
(-0.121998 -0.0586799 0)
(-0.0988686 -0.0492026 0)
(-0.092396 -0.0299661 0)
(-0.0838038 -0.0399518 0)
(-0.064797 -0.0343587 0)
(-0.0669348 -0.0155551 0)
(-0.0886112 -0.0103418 0)
(-0.11647 0.0356173 0)
(-0.108012 0.039995 0)
(-0.0023335 -0.13321 0)
(-0.00767315 -0.133402 0)
(-0.0126942 -0.131206 0)
(-0.0241011 -0.129879 0)
(-0.0400713 -0.128377 0)
(-0.0342207 -0.127537 0)
(-0.0210735 -0.121896 0)
(-0.0332359 -0.0999127 0)
(-0.0413937 -0.101601 0)
(-0.0495859 -0.0979276 0)
(-0.0570536 -0.101865 0)
(-0.0591094 -0.0911318 0)
(-0.0864514 -0.0916843 0)
(-0.103474 -0.0701676 0)
(-0.100985 -0.0574205 0)
(-0.0985098 -0.0382804 0)
(-0.0961281 -0.0517899 0)
(-0.0750629 -0.024275 0)
(-0.0544173 -0.0275473 0)
(-0.0612153 -0.0163631 0)
(-0.0644202 -0.0165057 0)
(-0.0856349 0.0121299 0)
(-0.100816 0.0382033 0)
(-0.00190067 -0.130939 0)
(-0.0043835 -0.130632 0)
(-0.0100096 -0.127692 0)
(-0.0162089 -0.124624 0)
(-0.0210419 -0.101116 0)
(-0.0265624 -0.101006 0)
(-0.0225906 -0.108171 0)
(-0.0382934 -0.115604 0)
(-0.0520539 -0.104756 0)
(-0.0483732 -0.109016 0)
(-0.0537783 -0.100393 0)
(-0.0545231 -0.098253 0)
(-0.0678696 -0.0901371 0)
(-0.0844233 -0.0686751 0)
(-0.0890975 -0.0576154 0)
(-0.0940073 -0.0434646 0)
(-0.0778133 -0.0345744 0)
(-0.0599826 -0.0193926 0)
(-0.0567634 -0.0257574 0)
(-0.0558722 -0.0147532 0)
(-0.0605145 -0.00500387 0)
(-0.0607734 0.00225232 0)
(-0.0813789 0.0349195 0)
(-0.0013496 -0.128441 0)
(-0.00360214 -0.128639 0)
(-0.00695377 -0.128851 0)
(0.00238205 -0.125112 0)
(-0.0153493 -0.123628 0)
(-0.0407438 -0.119468 0)
(-0.0377547 -0.117389 0)
(-0.0294595 -0.124457 0)
(-0.0339268 -0.108315 0)
(-0.0451114 -0.107683 0)
(-0.0459219 -0.104841 0)
(-0.048518 -0.0890351 0)
(-0.0563627 -0.0762388 0)
(-0.0709791 -0.0591965 0)
(-0.0757813 -0.0544473 0)
(-0.0757562 -0.0415143 0)
(-0.0720708 -0.025599 0)
(-0.0667789 -0.0287764 0)
(-0.0497175 -0.0209221 0)
(-0.0404685 -0.0116711 0)
(-0.0478776 -0.000675027 0)
(-0.0438653 0.0116799 0)
(-0.0625833 0.0261963 0)
(-0.00139228 -0.125458 0)
(-0.00415691 -0.126086 0)
(-0.00646652 -0.126829 0)
(-0.0115425 -0.127394 0)
(-0.0149058 -0.139847 0)
(-0.0202304 -0.126326 0)
(-0.0281225 -0.114851 0)
(-0.0291772 -0.108686 0)
(-0.0358493 -0.109095 0)
(-0.0444465 -0.0916948 0)
(-0.0337177 -0.088002 0)
(-0.0269138 -0.0856164 0)
(-0.03888 -0.0798634 0)
(-0.0628202 -0.066984 0)
(-0.0717642 -0.0556046 0)
(-0.0648158 -0.0437408 0)
(-0.0657355 -0.0316265 0)
(-0.0553482 -0.0279978 0)
(-0.0397312 -0.00947531 0)
(-0.035436 -0.0075428 0)
(-0.0370739 0.000724266 0)
(-0.0330561 0.00894807 0)
(-0.048376 0.0178191 0)
(-0.00130471 -0.123407 0)
(-0.00436784 -0.123852 0)
(-0.0081243 -0.12413 0)
(-0.00943246 -0.123179 0)
(-0.0141781 -0.122583 0)
(-0.0168594 -0.122738 0)
(-0.0195236 -0.117732 0)
(-0.0239498 -0.11159 0)
(-0.016523 -0.105166 0)
(-0.0240847 -0.0932188 0)
(-0.0394467 -0.0796498 0)
(-0.0402469 -0.084326 0)
(-0.0390527 -0.0832971 0)
(-0.0461585 -0.0754583 0)
(-0.0523233 -0.0558715 0)
(-0.0517316 -0.0433823 0)
(-0.0562871 -0.0311509 0)
(-0.0444724 -0.0185871 0)
(-0.0293797 -0.0150552 0)
(-0.0302391 -0.0068888 0)
(-0.0312782 -0.000268639 0)
(-0.0266783 0.00652031 0)
(-0.0385303 0.00847419 0)
(-0.00115909 -0.122501 0)
(-0.0040639 -0.122609 0)
(-0.00583362 -0.122256 0)
(-0.0101396 -0.117306 0)
(-0.0139844 -0.122741 0)
(-0.016145 -0.121889 0)
(-0.01688 -0.135673 0)
(-0.016217 -0.114633 0)
(-0.0182147 -0.106866 0)
(-0.0185288 -0.106063 0)
(-0.0245899 -0.0957008 0)
(-0.0308826 -0.0861949 0)
(-0.0297282 -0.077545 0)
(-0.0349058 -0.0673955 0)
(-0.0395193 -0.0539514 0)
(-0.0400187 -0.0424087 0)
(-0.0408814 -0.0307972 0)
(-0.0396197 -0.0158427 0)
(-0.0280202 -0.0155212 0)
(-0.0207664 -0.00699018 0)
(-0.02355 -0.000417279 0)
(-0.0240646 0.00696446 0)
(-0.0227971 0.00889054 0)
(-0.000755786 -0.120274 0)
(-0.00349774 -0.120292 0)
(-0.00278309 -0.120601 0)
(-0.00996128 -0.105353 0)
(-0.018772 -0.114846 0)
(-0.0291152 -0.116139 0)
(-0.0116654 -0.113272 0)
(0.0047577 -0.10974 0)
(-0.00770991 -0.101384 0)
(-0.0129549 -0.09783 0)
(-0.0188901 -0.0941866 0)
(-0.0219564 -0.0847211 0)
(-0.0203323 -0.0755263 0)
(-0.0225211 -0.0669729 0)
(-0.0271188 -0.0534302 0)
(-0.0284526 -0.0437959 0)
(-0.0295031 -0.032791 0)
(-0.0293523 -0.0226274 0)
(-0.0205967 -0.00978137 0)
(-0.0151199 -0.00557675 0)
(-0.0173437 0.000912119 0)
(-0.0172513 0.00720587 0)
(-0.0155877 0.0154264 0)
(-0.000511631 -0.114126 0)
(-0.00396302 -0.115198 0)
(0.00753278 -0.117958 0)
(-0.00469375 -0.132325 0)
(-0.0246214 -0.126394 0)
(-0.0131228 -0.104443 0)
(-0.0105024 -0.0864371 0)
(-0.00339582 -0.110397 0)
(-0.00641884 -0.0923165 0)
(-0.0112427 -0.107046 0)
(-0.0115191 -0.0844419 0)
(-0.0118746 -0.0885879 0)
(-0.0114921 -0.0791214 0)
(-0.0118099 -0.0604707 0)
(-0.0158922 -0.0491212 0)
(-0.0192335 -0.0374303 0)
(-0.0196954 -0.0265519 0)
(-0.0164637 -0.0174822 0)
(-0.0109832 -0.00817615 0)
(-0.010053 -0.00446898 0)
(-0.010715 0.00130529 0)
(-0.0094303 0.0070729 0)
(-0.0127908 0.0142062 0)
(-0.00124073 -0.162772 0)
(-0.00745755 -0.161836 0)
(-0.0227754 -0.152859 0)
(-0.0216133 -0.149395 0)
(0.00911674 -0.128671 0)
(0.012483 -0.133834 0)
(-0.0194272 -0.125371 0)
(-0.00204534 -0.105177 0)
(-0.00498569 -0.120332 0)
(-0.00571236 -0.09386 0)
(-0.00130264 -0.104072 0)
(-0.0182547 -0.0812065 0)
(0.00834324 -0.0753405 0)
(0.00727693 -0.0776096 0)
(-0.00500717 -0.0697072 0)
(-0.00680797 -0.0567104 0)
(-0.0100562 -0.0437643 0)
(-0.0112231 -0.0269087 0)
(-0.00766501 -0.0159365 0)
(-0.00568009 -0.00817805 0)
(-0.00574916 -0.000208628 0)
(-0.00426062 0.0081512 0)
(-0.00448662 0.0133044 0)
(0.67827 0.870917 0)
(0.52094 0.50219 0)
(0.292825 0.157382 0)
(0.322227 0.0426705 0)
(0.51839 0.596061 0)
(0.459894 0.278125 0)
(0.423319 0.0816738 0)
(0.377749 0.0128025 0)
(0.373805 0.318465 0)
(0.405557 0.22693 0)
(0.401375 0.169628 0)
(0.337853 0.134179 0)
(0.307294 0.306759 0)
(0.317447 0.263313 0)
(0.312936 0.228493 0)
(0.299911 0.194613 0)
(0.246203 0.279183 0)
(0.253034 0.255283 0)
(0.251797 0.233093 0)
(0.25272 0.212044 0)
(0.220956 0.266318 0)
(0.221968 0.25208 0)
(0.220998 0.238215 0)
(0.221571 0.225764 0)
(0.197842 0.262945 0)
(0.197726 0.252647 0)
(0.197062 0.24248 0)
(0.194824 0.232306 0)
(0.181839 0.264664 0)
(0.180923 0.257401 0)
(0.178802 0.249206 0)
(0.175941 0.240533 0)
(0.169298 0.273248 0)
(0.165665 0.266113 0)
(0.161595 0.258024 0)
(0.157711 0.249503 0)
(0.153914 0.285985 0)
(0.148725 0.277841 0)
(0.143688 0.26902 0)
(0.139061 0.259957 0)
(0.136333 0.301709 0)
(0.129679 0.292013 0)
(0.123721 0.281608 0)
(0.118398 0.271083 0)
(0.114286 0.32035 0)
(0.106115 0.307399 0)
(0.0993617 0.294442 0)
(0.0938466 0.281752 0)
(0.0821522 0.343591 0)
(0.0746124 0.32557 0)
(0.0692659 0.308193 0)
(0.0647257 0.292164 0)
(0.0323209 0.365129 0)
(0.031423 0.337425 0)
(0.028865 0.315714 0)
(0.0279845 0.296741 0)
(-0.0452673 0.366207 0)
(-0.0295962 0.334742 0)
(-0.0168624 0.315171 0)
(-0.0118473 0.294835 0)
(-0.117561 0.345274 0)
(-0.0757077 0.319568 0)
(-0.0560324 0.296468 0)
(-0.0565431 0.277644 0)
(-0.164479 0.312084 0)
(-0.132996 0.293903 0)
(-0.106873 0.272713 0)
(-0.0854662 0.257383 0)
(-0.189446 0.26987 0)
(-0.160422 0.256623 0)
(-0.135106 0.234038 0)
(-0.110416 0.235201 0)
(-0.216737 0.246026 0)
(-0.205049 0.240474 0)
(-0.145777 0.235582 0)
(-0.1012 0.230354 0)
(-0.198292 0.210661 0)
(-0.178708 0.213 0)
(-0.151752 0.216491 0)
(-0.127802 0.204181 0)
(-0.215275 0.168877 0)
(-0.190087 0.165697 0)
(-0.167345 0.163133 0)
(-0.147579 0.155717 0)
(-0.217473 0.138085 0)
(-0.19377 0.139161 0)
(-0.175287 0.147458 0)
(-0.158832 0.148904 0)
(-0.228596 0.142743 0)
(-0.173225 0.141027 0)
(-0.15231 0.13016 0)
(-0.152396 0.123106 0)
(-0.217519 0.165562 0)
(-0.223451 0.175139 0)
(-0.211456 0.161167 0)
(-0.176704 0.154508 0)
(-0.168255 0.143212 0)
(-0.179699 0.159621 0)
(-0.189046 0.17861 0)
(-0.171442 0.187329 0)
(-0.1557 0.119223 0)
(-0.144436 0.114314 0)
(-0.149958 0.132859 0)
(-0.156644 0.14983 0)
(-0.154441 0.0862059 0)
(-0.154552 0.0844056 0)
(-0.120527 0.0894584 0)
(-0.115679 0.0977104 0)
(-0.1579 0.0672595 0)
(-0.136267 0.076719 0)
(-0.119539 0.0734038 0)
(-0.122283 0.0741794 0)
(-0.141101 0.073185 0)
(-0.14255 0.0840931 0)
(-0.124263 0.0756954 0)
(-0.108091 0.0736471 0)
(-0.121978 0.063265 0)
(-0.130274 0.0672696 0)
(-0.141653 0.0806596 0)
(-0.115545 0.075132 0)
(-0.125021 0.0578425 0)
(-0.104956 0.0614616 0)
(-0.106228 0.0659969 0)
(-0.122908 0.0791209 0)
(-0.103915 0.0532869 0)
(-0.112647 0.0602554 0)
(-0.103389 0.0605172 0)
(-0.102446 0.0651553 0)
(-0.0980659 0.0462662 0)
(-0.0894512 0.0477789 0)
(-0.0983284 0.058295 0)
(-0.104183 0.0573422 0)
(-0.0911798 0.0378757 0)
(-0.0869125 0.0448691 0)
(-0.0835495 0.0460434 0)
(-0.0827216 0.0568245 0)
(-0.0846574 0.038122 0)
(-0.0713436 0.0420724 0)
(-0.0733384 0.0465803 0)
(-0.0654172 0.0504584 0)
(-0.0777018 0.0386688 0)
(-0.0694349 0.0360749 0)
(-0.0655263 0.0420301 0)
(-0.0581374 0.0448308 0)
(-0.0733574 0.0280205 0)
(-0.065017 0.033271 0)
(-0.0546306 0.0372114 0)
(-0.0549277 0.0409604 0)
(-0.0535524 0.0254205 0)
(-0.0504149 0.0345884 0)
(-0.0492151 0.0354676 0)
(-0.0464286 0.0395994 0)
(-0.0310293 0.0242317 0)
(-0.0435466 0.0278349 0)
(-0.0442439 0.0322214 0)
(-0.0388545 0.0365937 0)
(-0.0243574 0.0166773 0)
(-0.0332866 0.0215974 0)
(-0.0309437 0.0279234 0)
(-0.0282962 0.0314436 0)
(-0.0181727 0.016978 0)
(-0.0196648 0.0224551 0)
(-0.0233832 0.0284309 0)
(-0.0165684 0.0344724 0)
(-0.0084754 0.0220307 0)
(-0.00860362 0.0287393 0)
(-0.00513122 0.0348278 0)
(-0.00813537 0.0416624 0)
(0.369635 -0.155169 0)
(0.317566 -0.0936811 0)
(0.205015 -0.0345007 0)
(0.189484 0.000190591 0)
(0.15696 0.0219526 0)
(0.143241 0.0381965 0)
(0.126099 0.0478362 0)
(0.118038 0.0651606 0)
(0.111196 0.0578643 0)
(0.100884 0.0626423 0)
(0.0989719 0.0675469 0)
(0.0817721 0.0495005 0)
(0.0646173 0.0404896 0)
(0.061058 0.0339384 0)
(0.049649 0.0296639 0)
(0.0386214 0.0267873 0)
(0.0273854 0.0249255 0)
(0.0163081 0.0238091 0)
(0.0054013 0.023165 0)
(0.39473 -0.0455657 0)
(0.362794 -0.0437413 0)
(0.249934 0.00457674 0)
(0.207852 0.0224396 0)
(0.170863 0.0430105 0)
(0.153447 0.0532682 0)
(0.133835 0.0599318 0)
(0.121541 0.0669642 0)
(0.111215 0.0647759 0)
(0.106487 0.073768 0)
(0.0880266 0.057545 0)
(0.0656376 0.0421787 0)
(0.0645491 0.0429663 0)
(0.0566738 0.0379158 0)
(0.0467723 0.0344802 0)
(0.0365162 0.031794 0)
(0.0260196 0.0299462 0)
(0.0155415 0.0287913 0)
(0.00515478 0.0280914 0)
(0.344732 0.118178 0)
(0.343559 -0.00256196 0)
(0.276334 0.0325636 0)
(0.221426 0.0393354 0)
(0.184329 0.0673103 0)
(0.158692 0.0777814 0)
(0.138387 0.0827579 0)
(0.122407 0.0844397 0)
(0.117097 0.0795562 0)
(0.094494 0.0636748 0)
(0.0705865 0.0458506 0)
(0.0687084 0.0486642 0)
(0.0609497 0.0456963 0)
(0.0533661 0.0420106 0)
(0.0441405 0.0389501 0)
(0.034522 0.0364659 0)
(0.0246701 0.0346736 0)
(0.0147636 0.0335195 0)
(0.00490129 0.0327854 0)
(0.271534 0.178224 0)
(0.284079 0.0655314 0)
(0.287435 0.0610225 0)
(0.239672 0.0604728 0)
(0.205009 0.0652456 0)
(0.167323 0.0690376 0)
(0.140073 0.071292 0)
(0.119084 0.0698131 0)
(0.092321 0.0653579 0)
(0.0765166 0.04876 0)
(0.074226 0.0538605 0)
(0.0657861 0.0512107 0)
(0.0584309 0.0490636 0)
(0.0505399 0.0459369 0)
(0.0417583 0.0431723 0)
(0.0326489 0.040864 0)
(0.0233547 0.0391358 0)
(0.0139891 0.0379971 0)
(0.00464638 0.0372395 0)
(0.219349 0.182209 0)
(0.248145 0.158514 0)
(0.274448 0.0657931 0)
(0.229458 0.077244 0)
(0.192456 0.0655183 0)
(0.163436 0.0597786 0)
(0.138593 0.0565845 0)
(0.117129 0.0538578 0)
(0.0989908 0.0515375 0)
(0.0838982 0.0579577 0)
(0.0731665 0.0566253 0)
(0.0641811 0.0549477 0)
(0.0561469 0.0526258 0)
(0.0480373 0.0498054 0)
(0.0395527 0.0472159 0)
(0.0308714 0.0450238 0)
(0.0220767 0.0433481 0)
(0.0132252 0.0422272 0)
(0.00439315 0.0414509 0)
(0.211052 0.201308 0)
(0.191181 0.195056 0)
(0.218194 0.106521 0)
(0.233822 0.0968012 0)
(0.19084 0.0879203 0)
(0.159794 0.0792962 0)
(0.135521 0.0738517 0)
(0.114745 0.0694326 0)
(0.0965828 0.0658302 0)
(0.0817183 0.0636401 0)
(0.0712662 0.0613293 0)
(0.0621245 0.0589924 0)
(0.053778 0.0563834 0)
(0.0456465 0.0536303 0)
(0.0374335 0.0511086 0)
(0.0291506 0.0489742 0)
(0.0208249 0.0473289 0)
(0.0124703 0.0462193 0)
(0.0041418 0.0454245 0)
(0.188898 0.213402 0)
(0.160328 0.190723 0)
(0.187797 0.177084 0)
(0.215268 0.10001 0)
(0.179466 0.101599 0)
(0.151789 0.0904196 0)
(0.129627 0.0831913 0)
(0.109888 0.0768095 0)
(0.093243 0.0720328 0)
(0.0794065 0.0690006 0)
(0.0689387 0.065928 0)
(0.059705 0.0630654 0)
(0.0512955 0.0601801 0)
(0.0432657 0.0573752 0)
(0.0353411 0.0548489 0)
(0.0274526 0.0527254 0)
(0.0195845 0.0510869 0)
(0.0117192 0.0499787 0)
(0.00389119 0.0491631 0)
(0.169495 0.225693 0)
(0.155276 0.20234 0)
(0.143318 0.199265 0)
(0.168286 0.127045 0)
(0.178326 0.117572 0)
(0.14433 0.10241 0)
(0.122961 0.0929078 0)
(0.104471 0.0845525 0)
(0.0893968 0.0789993 0)
(0.0761761 0.0745853 0)
(0.0658951 0.0704631 0)
(0.0569241 0.0671396 0)
(0.04863 0.0639409 0)
(0.0408237 0.0610106 0)
(0.0332273 0.0584264 0)
(0.0257476 0.0562765 0)
(0.0183399 0.0546236 0)
(0.0109651 0.0535061 0)
(0.00363948 0.0526668 0)
(0.149036 0.234585 0)
(0.138945 0.212668 0)
(0.118923 0.194958 0)
(0.142735 0.1813 0)
(0.158902 0.120179 0)
(0.12996 0.114948 0)
(0.114096 0.102848 0)
(0.097306 0.0913678 0)
(0.0842305 0.0856064 0)
(0.071684 0.0798674 0)
(0.0622013 0.0748134 0)
(0.0538049 0.0711223 0)
(0.0457505 0.0675929 0)
(0.038277 0.0645041 0)
(0.0310584 0.0618242 0)
(0.0240125 0.0596213 0)
(0.0170782 0.0579359 0)
(0.0102016 0.0567996 0)
(0.00338473 0.0559338 0)
(0.130689 0.244076 0)
(0.12107 0.223337 0)
(0.112909 0.202998 0)
(0.104862 0.19686 0)
(0.12098 0.149857 0)
(0.126103 0.116544 0)
(0.102087 0.111804 0)
(0.0888604 0.0984647 0)
(0.0790064 0.091793 0)
(0.0664084 0.0847384 0)
(0.0579812 0.0783932 0)
(0.0503931 0.0748617 0)
(0.042642 0.0710614 0)
(0.0356048 0.0678303 0)
(0.02881 0.0650368 0)
(0.0222301 0.0627632 0)
(0.0157871 0.0610305 0)
(0.00942296 0.0598666 0)
(0.00312545 0.0589708 0)
(0.110144 0.252988 0)
(0.101862 0.229629 0)
(0.0956192 0.208278 0)
(0.0949783 0.190235 0)
(0.0870954 0.177416 0)
(0.0980025 0.139002 0)
(0.0980107 0.120912 0)
(0.0789209 0.0981893 0)
(0.0718409 0.0970781 0)
(0.0595542 0.089605 0)
(0.0532645 0.0825615 0)
(0.0471756 0.0786082 0)
(0.0393878 0.0743729 0)
(0.0328266 0.0709205 0)
(0.0264744 0.0679772 0)
(0.0203883 0.0656202 0)
(0.0144576 0.063832 0)
(0.00862256 0.0626393 0)
(0.00285877 0.0617177 0)
(0.0866388 0.260666 0)
(0.0806456 0.234555 0)
(0.0774318 0.211417 0)
(0.0767279 0.192371 0)
(0.0763744 0.171348 0)
(0.0776607 0.161765 0)
(0.065846 0.130872 0)
(0.0679924 0.115295 0)
(0.0709329 0.103053 0)
(0.0533569 0.0934414 0)
(0.0478965 0.0817594 0)
(0.042992 0.0817659 0)
(0.0356851 0.0774301 0)
(0.0298186 0.0739524 0)
(0.0240146 0.0708842 0)
(0.0184799 0.0684463 0)
(0.0130901 0.0665838 0)
(0.00780855 0.0653497 0)
(0.00259014 0.0643885 0)
(0.0597671 0.266824 0)
(0.057317 0.237453 0)
(0.0575079 0.212626 0)
(0.0587209 0.191934 0)
(0.0597049 0.172313 0)
(0.0611588 0.155078 0)
(0.0575529 0.136475 0)
(0.0548868 0.131782 0)
(0.0526711 0.109976 0)
(0.0403917 0.10043 0)
(0.04291 0.0920414 0)
(0.0431848 0.0857554 0)
(0.0323302 0.0803798 0)
(0.0269017 0.0762396 0)
(0.0214912 0.0729565 0)
(0.0164967 0.0704314 0)
(0.0116554 0.0685121 0)
(0.00694774 0.0672579 0)
(0.00230074 0.0662833 0)
(0.0280039 0.268097 0)
(0.031674 0.235673 0)
(0.0363173 0.210173 0)
(0.0402698 0.189422 0)
(0.0431124 0.170765 0)
(0.0452821 0.15948 0)
(0.0441549 0.138588 0)
(0.0440653 0.126965 0)
(0.0434096 0.114085 0)
(0.0376076 0.105914 0)
(0.0349743 0.102789 0)
(0.032629 0.090055 0)
(0.0272758 0.0843138 0)
(0.0231894 0.0796453 0)
(0.0188178 0.0761858 0)
(0.0145028 0.0736217 0)
(0.0102488 0.071539 0)
(0.00613187 0.070235 0)
(0.00203651 0.0692151 0)
(-0.00586536 0.262273 0)
(0.00508231 0.230756 0)
(0.0158423 0.205543 0)
(0.0232883 0.186185 0)
(0.0327457 0.168111 0)
(0.0319451 0.150522 0)
(0.0281967 0.137962 0)
(0.0327313 0.127069 0)
(0.0331381 0.115978 0)
(0.0302892 0.110528 0)
(0.0285868 0.100847 0)
(0.0268588 0.0933636 0)
(0.022981 0.0880635 0)
(0.0196584 0.083582 0)
(0.0161265 0.080063 0)
(0.0123549 0.0775134 0)
(0.00863318 0.0753907 0)
(0.00520451 0.074095 0)
(0.00172076 0.0730442 0)
(-0.0416405 0.251936 0)
(-0.0194257 0.224926 0)
(-0.00385933 0.201138 0)
(0.00645457 0.180659 0)
(0.0108634 0.164313 0)
(0.0177236 0.145243 0)
(0.0228699 0.136251 0)
(0.0241732 0.123894 0)
(0.0284396 0.115731 0)
(0.023871 0.108189 0)
(0.0194382 0.101828 0)
(0.0208462 0.0952681 0)
(0.0184313 0.0904068 0)
(0.0159568 0.0863449 0)
(0.0133309 0.0830382 0)
(0.0102804 0.081374 0)
(0.007158 0.0782723 0)
(0.00436064 0.0769342 0)
(0.00143635 0.0758168 0)
(-0.0629874 0.23984 0)
(-0.0407939 0.213879 0)
(-0.0242509 0.189136 0)
(-0.0100681 0.174265 0)
(0.000696799 0.160719 0)
(0.00656824 0.148181 0)
(0.00894585 0.135494 0)
(0.0142036 0.125015 0)
(0.0189102 0.115325 0)
(0.0175265 0.102866 0)
(0.0168445 0.101245 0)
(0.0165029 0.0958901 0)
(0.0148846 0.0923757 0)
(0.012974 0.088186 0)
(0.0116113 0.0845793 0)
(0.00802905 0.0821022 0)
(0.00461342 0.0802283 0)
(0.00334768 0.0790507 0)
(0.00107302 0.0780533 0)
(-0.0870877 0.226436 0)
(-0.0652038 0.206892 0)
(-0.0395964 0.192824 0)
(-0.0194884 0.166905 0)
(-0.0127576 0.150986 0)
(-0.00501604 0.141405 0)
(0.00194217 0.132252 0)
(0.00596301 0.124595 0)
(0.00839562 0.114992 0)
(0.0111092 0.107051 0)
(0.0131191 0.101624 0)
(0.0128184 0.0961137 0)
(0.0114324 0.0908214 0)
(0.00888043 0.0881504 0)
(0.00780417 0.0852442 0)
(0.00632171 0.0821614 0)
(0.00439062 0.0817746 0)
(0.00276488 0.0808379 0)
(0.000907245 0.0799791 0)
(-0.0939765 0.221157 0)
(-0.0708929 0.190108 0)
(-0.0596869 0.178389 0)
(-0.0477971 0.152078 0)
(-0.0225082 0.146348 0)
(-0.0104949 0.139102 0)
(-0.0063147 0.127024 0)
(-0.00140805 0.119446 0)
(0.00303556 0.111841 0)
(0.0055112 0.107474 0)
(0.00693366 0.101343 0)
(0.00672626 0.0962944 0)
(0.00767232 0.0912622 0)
(0.00790597 0.0884775 0)
(0.00619309 0.0862304 0)
(0.00488936 0.0840623 0)
(0.00341507 0.0828412 0)
(0.00210398 0.0818816 0)
(0.000677897 0.0809986 0)
(-0.12734 0.186987 0)
(-0.106301 0.168216 0)
(-0.0747565 0.152458 0)
(-0.048274 0.148127 0)
(-0.0246148 0.141505 0)
(-0.0224279 0.126992 0)
(-0.0159187 0.122865 0)
(-0.00778125 0.117862 0)
(-0.00244829 0.109468 0)
(0.00159924 0.104769 0)
(0.00299939 0.0998318 0)
(0.0037021 0.0960398 0)
(0.00437224 0.0933054 0)
(0.00434701 0.0892718 0)
(0.00380992 0.08669 0)
(0.00325116 0.0843654 0)
(0.00241349 0.0834258 0)
(0.0014843 0.0825458 0)
(0.000495729 0.0817183 0)
(-0.128017 0.145665 0)
(-0.101057 0.154082 0)
(-0.078169 0.147217 0)
(-0.0574444 0.145831 0)
(-0.0415423 0.131936 0)
(-0.027432 0.121706 0)
(-0.0148668 0.118574 0)
(-0.0135226 0.112366 0)
(-0.00879505 0.10627 0)
(-0.00320151 0.103206 0)
(-0.000964788 0.0989905 0)
(0.000819522 0.0950386 0)
(0.00155831 0.0920322 0)
(0.00194153 0.089085 0)
(0.00175304 0.0869582 0)
(0.0019405 0.0852661 0)
(0.00177185 0.0841078 0)
(0.000953018 0.0832775 0)
(0.000321926 0.0824246 0)
(-0.135653 0.145083 0)
(-0.105415 0.143961 0)
(-0.0823143 0.136209 0)
(-0.062324 0.133034 0)
(-0.0461827 0.126464 0)
(-0.0343468 0.122716 0)
(-0.0241029 0.114137 0)
(-0.0191204 0.104717 0)
(-0.0107181 0.105415 0)
(-0.00505071 0.10187 0)
(-0.00439654 0.0971966 0)
(-0.00259107 0.0942869 0)
(-0.00101554 0.091522 0)
(-0.000261709 0.0890391 0)
(0.000354228 0.0868217 0)
(0.000673352 0.085578 0)
(0.000614226 0.0842135 0)
(0.000356947 0.0833776 0)
(0.000119441 0.0824936 0)
(-0.135161 0.118497 0)
(-0.109217 0.127418 0)
(-0.0879183 0.129038 0)
(-0.0664909 0.126526 0)
(-0.0511284 0.11933 0)
(-0.0387918 0.114976 0)
(-0.0308788 0.110466 0)
(-0.0212126 0.106135 0)
(-0.0115206 0.103994 0)
(-0.0105568 0.0988399 0)
(-0.0078687 0.0937 0)
(-0.00431304 0.0930992 0)
(-0.00318846 0.0911662 0)
(-0.0023127 0.0880581 0)
(-0.00137829 0.0862019 0)
(-0.000418666 0.085255 0)
(-0.000218322 0.0842462 0)
(-0.000205761 0.0835744 0)
(-8.31318e-05 0.0827744 0)
(-0.130725 0.147404 0)
(-0.0965168 0.124413 0)
(-0.0845559 0.109223 0)
(-0.071084 0.115165 0)
(-0.0566023 0.115154 0)
(-0.0423497 0.112008 0)
(-0.0323575 0.1064 0)
(-0.0248037 0.105485 0)
(-0.0172083 0.0999442 0)
(-0.0144359 0.096153 0)
(-0.00954648 0.0938414 0)
(-0.00493076 0.091329 0)
(-0.00557576 0.0891353 0)
(-0.00475798 0.0862679 0)
(-0.00218157 0.0860888 0)
(-0.00109637 0.0849448 0)
(-0.000905459 0.0842425 0)
(-0.000570073 0.0834331 0)
(-0.000196638 0.0828917 0)
(-0.169341 0.19363 0)
(-0.146116 0.16454 0)
(-0.0935036 0.142441 0)
(-0.0613475 0.115992 0)
(-0.0550298 0.0995089 0)
(-0.0468041 0.102826 0)
(-0.0367713 0.10379 0)
(-0.0272463 0.10181 0)
(-0.0197553 0.0973315 0)
(-0.0160503 0.094976 0)
(-0.0122227 0.0934891 0)
(-0.0085544 0.090143 0)
(-0.0077874 0.0875049 0)
(-0.00508219 0.0864048 0)
(-0.0025896 0.0857027 0)
(-0.00208828 0.0842949 0)
(-0.00158304 0.0835214 0)
(-0.00100931 0.0829855 0)
(-0.000157115 0.0825259 0)
(-0.149788 0.167623 0)
(-0.138692 0.194039 0)
(-0.131344 0.184985 0)
(-0.112659 0.157089 0)
(-0.0666232 0.131618 0)
(-0.0381724 0.10767 0)
(-0.0339048 0.0912478 0)
(-0.0307734 0.0970669 0)
(-0.0235819 0.0958149 0)
(-0.0179099 0.0939622 0)
(-0.0139545 0.0908685 0)
(-0.0103037 0.0890831 0)
(-0.00894932 0.0870708 0)
(-0.0063646 0.086078 0)
(-0.00407862 0.0847419 0)
(-0.00308322 0.0837599 0)
(-0.0020929 0.0827513 0)
(-0.00109021 0.0825438 0)
(-0.00023501 0.0819289 0)
(-0.118102 0.11087 0)
(-0.131077 0.141671 0)
(-0.129537 0.169386 0)
(-0.106057 0.172249 0)
(-0.101409 0.173527 0)
(-0.0860882 0.147084 0)
(-0.0448953 0.122256 0)
(-0.0227857 0.0973816 0)
(-0.022907 0.0845665 0)
(-0.0205712 0.0919008 0)
(-0.0166826 0.0905894 0)
(-0.0120471 0.0891847 0)
(-0.0105059 0.0860515 0)
(-0.00718777 0.0840785 0)
(-0.00467413 0.0842127 0)
(-0.0038804 0.0832545 0)
(-0.00268347 0.0824053 0)
(-0.00135917 0.0821275 0)
(-0.000316894 0.0817469 0)
(-0.108709 0.0799018 0)
(-0.0858044 0.0871019 0)
(-0.0997623 0.126557 0)
(-0.110606 0.157561 0)
(-0.0906328 0.153574 0)
(-0.0814725 0.163199 0)
(-0.0804753 0.163245 0)
(-0.0671083 0.134873 0)
(-0.0271226 0.115365 0)
(-0.0122824 0.0895898 0)
(-0.0165969 0.0802106 0)
(-0.0144094 0.0868508 0)
(-0.013625 0.0862428 0)
(-0.00806048 0.0842853 0)
(-0.00485856 0.0847163 0)
(-0.0047205 0.0828873 0)
(-0.0031203 0.0817682 0)
(-0.00128799 0.0816252 0)
(-0.000179074 0.0817501 0)
(-0.104211 0.0822131 0)
(-0.0890405 0.0882095 0)
(-0.065877 0.0837354 0)
(-0.0812528 0.12014 0)
(-0.0954584 0.149589 0)
(-0.0784225 0.147022 0)
(-0.0712039 0.150009 0)
(-0.0632287 0.159049 0)
(-0.0661114 0.156992 0)
(-0.0541521 0.12673 0)
(-0.0179193 0.11102 0)
(-0.00626801 0.0868251 0)
(-0.0129323 0.077599 0)
(-0.00855951 0.074099 0)
(-0.00586355 0.0846499 0)
(-0.00659541 0.0836663 0)
(-0.00383642 0.0827903 0)
(-0.000985549 0.0827718 0)
(0.000185229 0.0832428 0)
(-0.0931124 0.072728 0)
(-0.0840158 0.0812865 0)
(-0.0709515 0.0870245 0)
(-0.0506201 0.0805416 0)
(-0.0661225 0.114904 0)
(-0.0821136 0.144514 0)
(-0.0685572 0.14274 0)
(-0.062087 0.14633 0)
(-0.0562492 0.147246 0)
(-0.0510175 0.156898 0)
(-0.0550184 0.152956 0)
(-0.046513 0.126373 0)
(-0.024889 0.112341 0)
(-0.000602855 0.101169 0)
(0.00390475 0.0820281 0)
(-0.00642089 0.0758965 0)
(-0.00392517 0.0738201 0)
(-0.000454017 0.0750669 0)
(0.000656245 0.0790551 0)
(-0.0996874 0.0653095 0)
(-0.0764978 0.0743408 0)
(-0.065888 0.0810262 0)
(-0.0562971 0.0850536 0)
(-0.0373943 0.0778076 0)
(-0.0526451 0.111313 0)
(-0.0702383 0.139697 0)
(-0.0594328 0.141679 0)
(-0.0557302 0.143479 0)
(-0.0504267 0.144807 0)
(-0.0451781 0.144356 0)
(-0.0400659 0.153936 0)
(-0.0359274 0.15258 0)
(-0.0387651 0.145931 0)
(-0.0300214 0.119706 0)
(-0.0138117 0.111478 0)
(-0.00407954 0.104531 0)
(0.00469512 0.0961334 0)
(0.00438906 0.087107 0)
(-0.10346 0.0730787 0)
(-0.0701138 0.0604853 0)
(-0.0617117 0.075819 0)
(-0.0529581 0.0784283 0)
(-0.0424569 0.0838577 0)
(-0.0260765 0.0783628 0)
(-0.0406673 0.10867 0)
(-0.0589036 0.13613 0)
(-0.0536494 0.140835 0)
(-0.0503882 0.141442 0)
(-0.0460395 0.140656 0)
(-0.0401869 0.140695 0)
(-0.0332072 0.140732 0)
(-0.0285373 0.142685 0)
(-0.0242913 0.151769 0)
(-0.0200961 0.151907 0)
(-0.0183556 0.149058 0)
(-0.016997 0.142758 0)
(-0.00767353 0.132743 0)
(-0.0995776 0.0759761 0)
(-0.0744018 0.0709259 0)
(-0.0498036 0.0720158 0)
(-0.0491332 0.0724809 0)
(-0.0370072 0.0728281 0)
(-0.0301838 0.0847282 0)
(-0.0179797 0.0796972 0)
(-0.0300099 0.105842 0)
(-0.0511147 0.13345 0)
(-0.0505881 0.138607 0)
(-0.0460394 0.135949 0)
(-0.0403137 0.136396 0)
(-0.0336612 0.136704 0)
(-0.0285236 0.136874 0)
(-0.0230646 0.138286 0)
(-0.0171592 0.139658 0)
(-0.0126279 0.1416 0)
(-0.00860922 0.145853 0)
(-0.00336983 0.150593 0)
(-0.0835722 0.0699963 0)
(-0.0731213 0.082968 0)
(-0.0602255 0.0683125 0)
(-0.0521688 0.0782259 0)
(-0.0313908 0.0818798 0)
(-0.0198264 0.0820487 0)
(-0.0215549 0.0871527 0)
(-0.010319 0.0811413 0)
(-0.0236998 0.102932 0)
(-0.0482829 0.130581 0)
(-0.0480473 0.134152 0)
(-0.0395162 0.131157 0)
(-0.0328288 0.131918 0)
(-0.0273015 0.13305 0)
(-0.0220225 0.134945 0)
(-0.016821 0.136042 0)
(-0.0123359 0.136835 0)
(-0.00799624 0.137822 0)
(-0.00289508 0.13837 0)
(-0.0702938 0.063098 0)
(-0.0764885 0.0684711 0)
(-0.0542073 0.0626441 0)
(-0.0370234 0.0813881 0)
(-0.033431 0.099053 0)
(-0.0258166 0.075093 0)
(-0.0190791 0.0847914 0)
(-0.0157532 0.0878157 0)
(-0.00648363 0.0808646 0)
(-0.0215535 0.099431 0)
(-0.0459896 0.115129 0)
(-0.0424653 0.12077 0)
(-0.0319487 0.124693 0)
(-0.0257548 0.127642 0)
(-0.0203096 0.130272 0)
(-0.0154689 0.132239 0)
(-0.0111847 0.133793 0)
(-0.00695729 0.135105 0)
(-0.00240158 0.135439 0)
(-0.0628525 0.0480199 0)
(-0.073494 0.0626538 0)
(-0.0485762 0.0741802 0)
(-0.0196287 0.0746357 0)
(-0.0375238 0.0796456 0)
(-0.0320946 0.0844488 0)
(-0.00976152 0.0822658 0)
(-0.013893 0.0866853 0)
(-0.0127726 0.0878636 0)
(-0.0177837 0.083512 0)
(-0.0276335 0.112561 0)
(-0.0309716 0.118804 0)
(-0.0266466 0.119711 0)
(-0.0222464 0.123136 0)
(-0.0178478 0.125886 0)
(-0.0136188 0.128186 0)
(-0.00972114 0.129993 0)
(-0.00590513 0.131381 0)
(-0.0020009 0.131575 0)
(-0.0530689 0.0437579 0)
(-0.0523507 0.0598456 0)
(-0.0436135 0.0780357 0)
(-0.031215 0.0725933 0)
(-0.0242873 0.0696639 0)
(-0.0230975 0.0888954 0)
(-0.0168383 0.0793955 0)
(-0.0108874 0.0854647 0)
(-0.00948506 0.0874731 0)
(0.000886262 0.090188 0)
(-0.0141743 0.0989401 0)
(-0.0357092 0.10936 0)
(-0.0281128 0.113553 0)
(-0.0201723 0.118338 0)
(-0.0157405 0.121888 0)
(-0.0117508 0.124626 0)
(-0.00828654 0.12664 0)
(-0.00496332 0.128029 0)
(-0.00166326 0.128162 0)
(-0.0447527 0.0452998 0)
(-0.0424411 0.0558472 0)
(-0.0373163 0.064114 0)
(-0.0271324 0.0671544 0)
(-0.0224037 0.0755531 0)
(-0.0238679 0.0725628 0)
(-0.0130316 0.0688993 0)
(-0.00660093 0.0836664 0)
(-0.00850962 0.0863333 0)
(-0.00734078 0.0878963 0)
(-0.0102364 0.0802846 0)
(-0.0171084 0.0953853 0)
(-0.0187195 0.107454 0)
(-0.0147578 0.113866 0)
(-0.012156 0.118504 0)
(-0.00931859 0.121686 0)
(-0.0066398 0.123914 0)
(-0.0039829 0.125364 0)
(-0.00133111 0.125503 0)
(-0.0362567 0.0434955 0)
(-0.0353963 0.0548984 0)
(-0.033539 0.0621316 0)
(-0.0211869 0.0648662 0)
(-0.0196459 0.0747421 0)
(-0.0293605 0.0814474 0)
(-0.00686567 0.0848565 0)
(0.00532985 0.085338 0)
(-0.00565103 0.0871537 0)
(-0.00426755 0.088876 0)
(-0.00730178 0.0914537 0)
(-0.0110446 0.0980354 0)
(-0.0113462 0.107756 0)
(-0.010125 0.112566 0)
(-0.00866722 0.11679 0)
(-0.00685759 0.119858 0)
(-0.00495804 0.122058 0)
(-0.00299214 0.123491 0)
(-0.00100024 0.123616 0)
(-0.0256814 0.0430891 0)
(-0.0255545 0.0551976 0)
(-0.0281872 0.0672345 0)
(-0.0155535 0.0807196 0)
(-0.00739883 0.0791107 0)
(-0.0140893 0.0891131 0)
(-0.00954691 0.0996804 0)
(-0.00432219 0.0875765 0)
(-0.0051416 0.0890952 0)
(-0.00339548 0.090072 0)
(-0.00226026 0.0920239 0)
(-0.00267461 0.0983983 0)
(-0.00543081 0.104611 0)
(-0.00652693 0.109722 0)
(-0.00550531 0.113467 0)
(-0.0044989 0.11634 0)
(-0.00330664 0.118419 0)
(-0.00201513 0.119787 0)
(-0.00067672 0.119906 0)
(-0.010506 0.0397348 0)
(-0.0135713 0.0590763 0)
(-0.0101694 0.0706629 0)
(-0.0102632 0.0795409 0)
(-0.011629 0.0721315 0)
(-0.0109661 0.0901668 0)
(-0.00801851 0.0950325 0)
(-0.00394852 0.0817474 0)
(-0.00353118 0.0803457 0)
(-0.00150155 0.0816124 0)
(0.000744099 0.0865839 0)
(0.00069832 0.104381 0)
(-0.000973862 0.111599 0)
(-0.00208949 0.116962 0)
(-0.00264559 0.120401 0)
(-0.00234637 0.123121 0)
(-0.00181548 0.125068 0)
(-0.00111605 0.126377 0)
(-0.00036832 0.126431 0)
(-0.00121018 0.0491158 0)
(0.00239406 0.0503832 0)
(-0.00931465 0.0608691 0)
(-0.0139673 0.0711812 0)
(0.00185249 0.0855667 0)
(0.00691612 0.080535 0)
(-0.0167338 0.0901215 0)
(-0.0176398 0.105358 0)
(-0.00523523 0.111075 0)
(0.00250283 0.113359 0)
(0.0179561 0.110126 0)
(0.0195257 0.0950118 0)
(0.00605658 0.0905231 0)
(0.0014708 0.0899729 0)
(5.31121e-05 0.0912771 0)
(-0.000310876 0.0926924 0)
(-0.000394383 0.0940216 0)
(-0.000291645 0.0949594 0)
(-0.0001215 0.0949678 0)
)
;

boundaryField
{
    leftWall
    {
        type            fixedValue;
        value           uniform (0 0 0);
    }
    rightWall
    {
        type            fixedValue;
        value           uniform (0 0 0);
    }
    lowerWall
    {
        type            fixedValue;
        value           uniform (0 0 0);
    }
    atmosphere
    {
        type            pressureInletOutletVelocity;
        value           nonuniform List<vector> 
46
(
(0 -0.162772 0)
(0 -0.161836 0)
(0 -0.152859 0)
(0 -0.149395 0)
(0 -0.128671 0)
(0 -0.133834 0)
(0 -0.125371 0)
(0 -0.105177 0)
(0 -0.120332 0)
(0 -0.09386 0)
(0 -0.104072 0)
(0 -0.0812065 0)
(0 -0.0753405 0)
(0 -0.0776096 0)
(0 -0.0697072 0)
(0 -0.0567104 0)
(0 -0.0437643 0)
(0 -0.0269087 0)
(0 -0.0159365 0)
(0 -0.00817805 0)
(0 -0.000208628 0)
(-0.00426062 0.0081512 0)
(-0.00448662 0.0133044 0)
(-0.0084754 0.0220307 0)
(-0.00860362 0.0287393 0)
(-0.00513122 0.0348278 0)
(-0.00813537 0.0416624 0)
(-0.00121018 0.0491158 0)
(0.00239406 0.0503832 0)
(-0.00931465 0.0608691 0)
(-0.0139673 0.0711812 0)
(0.00185249 0.0855667 0)
(0.00691612 0.080535 0)
(-0.0167338 0.0901215 0)
(-0.0176398 0.105358 0)
(-0.00523523 0.111075 0)
(0.00250283 0.113359 0)
(0.0179561 0.110126 0)
(0.0195257 0.0950118 0)
(0.00605658 0.0905231 0)
(0.0014708 0.0899729 0)
(5.31121e-05 0.0912771 0)
(-0.000310876 0.0926924 0)
(-0.000394383 0.0940216 0)
(-0.000291645 0.0949594 0)
(-0.0001215 0.0949678 0)
)
;
    }
    defaultFaces
    {
        type            empty;
    }
}


// ************************************************************************* //
