/*--------------------------------*- C++ -*----------------------------------*\
| =========                 |                                                 |
| \\      /  F ield         | foam-extend: Open Source CFD                    |
|  \\    /   O peration     | Version:     4.1                                |
|   \\  /    A nd           | Web:         http://www.foam-extend.org         |
|    \\/     M anipulation  |                                                 |
\*---------------------------------------------------------------------------*/
FoamFile
{
    version     2.0;
    format      ascii;
    class       surfaceScalarField;
    location    "0.8";
    object      phi;
}
// * * * * * * * * * * * * * * * * * * * * * * * * * * * * * * * * * * * * * //

dimensions      [0 3 -1 0 0 0 0];

internalField   nonuniform List<scalar> 
4432
(
1.10585e-05
-1.10585e-05
6.16039e-08
1.09969e-05
-4.01575e-05
4.02191e-05
-2.06196e-05
-1.95379e-05
-1.22237e-05
-8.39586e-06
-2.0834e-05
8.61027e-06
1.11007e-05
-3.19347e-05
2.2348e-05
-1.12473e-05
5.27101e-06
1.7077e-05
-9.59327e-06
1.48643e-05
-1.59541e-05
6.36084e-06
-6.42484e-06
-9.52927e-06
3.54253e-06
-9.96737e-06
5.20005e-06
-1.65752e-06
6.54181e-06
-1.34177e-06
9.80242e-06
-3.26061e-06
1.1489e-05
-1.68659e-06
3.72949e-06
7.75952e-06
3.78252e-06
-5.30345e-08
1.7349e-06
2.04762e-06
3.97708e-06
-2.24218e-06
3.74404e-07
3.60268e-06
3.74404e-07
4.72344e-06
-1.57819e-05
9.1716e-06
6.54871e-06
-7.03777e-06
5.64285e-05
6.48809e-07
-2.72245e-05
1.56048e-05
-2.33518e-05
5.54907e-06
1.8666e-05
7.3464e-07
-2.71202e-05
-5.11534e-06
-5.39733e-06
-1.96357e-05
3.15973e-05
-1.14227e-05
6.65126e-06
-1.77528e-05
1.2691e-05
-6.68785e-06
-2.05942e-05
3.21483e-06
-1.98701e-05
5.85885e-06
-4.30154e-06
7.20987e-06
-2.69278e-06
9.81818e-06
-5.86893e-06
5.7497e-06
2.38189e-06
9.90146e-06
3.60776e-06
5.8913e-06
3.95712e-06
5.0421e-06
2.89683e-06
6.61778e-06
-3.81787e-06
6.32837e-06
3.89209e-06
6.70277e-06
-7.2436e-06
-8.53832e-06
-3.35067e-06
2.65578e-06
-6.04441e-06
5.91222e-05
6.55673e-06
-3.98256e-05
1.38038e-05
-3.05989e-05
1.22897e-05
2.01801e-05
-4.2212e-06
-1.06094e-05
-1.24244e-05
2.80585e-06
-2.23561e-05
4.15291e-05
-9.34705e-06
-6.35783e-06
-1.83931e-05
2.1737e-05
-8.8436e-06
-3.01437e-05
-1.03638e-06
-2.76773e-05
2.3059e-06
-7.64382e-06
5.55651e-06
-5.94339e-06
9.34746e-06
-9.65987e-06
9.8977e-06
1.83166e-06
9.33983e-06
4.16563e-06
6.02168e-06
7.27528e-06
9.47554e-06
-5.57038e-07
6.55357e-06
-8.95898e-07
6.20823e-06
4.23743e-06
1.2911e-05
-1.72477e-05
8.70934e-06
-1.28364e-05
-1.75544e-06
9.60682e-06
3.66789e-05
6.70996e-06
-3.69287e-05
1.31513e-05
-3.70402e-05
1.07107e-05
2.26207e-05
-7.75086e-06
7.85221e-06
-1.91934e-05
1.42484e-05
-2.36389e-05
4.59745e-05
7.21634e-06
-3.7213e-05
-4.30712e-06
3.32604e-05
-1.77689e-05
-1.66818e-05
-8.53151e-06
-3.69147e-05
-1.99034e-06
-1.4185e-05
4.61837e-07
-8.39556e-06
7.34741e-06
-1.65454e-05
9.41733e-06
-2.38265e-07
8.1937e-06
5.38925e-06
5.43041e-06
1.00386e-05
8.80105e-06
-3.92768e-06
6.93206e-06
9.7309e-07
6.29892e-06
4.87057e-06
1.92099e-05
-1.73677e-05
2.60771e-05
-4.24912e-06
-1.48741e-05
1.67228e-05
1.5707e-05
2.0966e-06
-2.23025e-05
-6.00172e-06
-2.89419e-05
1.67761e-06
1.49413e-05
-1.02218e-05
1.97516e-05
-2.87996e-05
3.28263e-05
-2.34859e-05
4.06607e-05
1.98074e-06
-6.26796e-05
-4.20337e-06
3.94445e-05
-1.29211e-05
-7.96411e-06
-4.68591e-06
-4.51499e-05
-8.17901e-06
-1.06919e-05
-3.71303e-06
-1.28615e-05
3.35798e-06
-2.36165e-05
6.53236e-06
-3.41264e-06
5.58041e-06
6.3412e-06
4.24275e-06
1.13762e-05
7.74598e-06
-7.43091e-06
8.55596e-06
1.63106e-07
8.45577e-06
4.97076e-06
2.76657e-05
1.4035e-05
1.20421e-05
2.96247e-05
-3.04637e-05
2.97717e-05
1.55599e-05
2.13722e-05
-1.3903e-05
1.15288e-05
-1.90985e-05
3.58231e-06
2.28878e-05
7.16815e-06
1.61657e-05
-1.40108e-06
4.13955e-05
-1.05178e-05
4.97775e-05
-2.93696e-05
-4.38279e-05
-9.92692e-06
2.00019e-05
-1.06034e-05
-7.28765e-06
-9.69834e-06
-4.60549e-05
-5.59697e-06
-1.47933e-05
-2.04168e-06
-1.64168e-05
5.67568e-06
-3.13338e-05
7.97883e-06
-5.71578e-06
3.64515e-06
1.06749e-05
5.18234e-06
9.83904e-06
3.7882e-06
-6.03677e-06
9.20631e-06
-5.25501e-06
3.81261e-06
1.03645e-05
3.14783e-05
-2.91578e-06
1.49579e-05
9.35733e-06
-4.27369e-05
1.3101e-05
1.18163e-05
8.09194e-06
-8.89395e-06
-1.23552e-05
1.34867e-06
-4.92303e-06
1.54557e-05
3.43377e-06
7.80894e-06
5.5077e-06
3.93216e-05
-1.53909e-05
7.06761e-05
-5.35185e-05
-5.70032e-06
-2.32304e-05
-1.02863e-05
-9.33442e-06
-2.11836e-05
-6.53881e-06
-4.88505e-05
-2.11695e-06
-1.92151e-05
-7.59709e-07
-1.77741e-05
6.6579e-06
-3.87514e-05
9.6733e-06
-8.73119e-06
1.32528e-06
1.90229e-05
3.66092e-06
7.5034e-06
1.10973e-05
-1.34731e-05
1.92254e-05
-1.33831e-05
1.65246e-05
1.30652e-05
4.80029e-05
1.83795e-05
-3.42164e-06
1.92434e-05
-4.36007e-05
3.43525e-05
-3.29294e-06
3.46082e-05
-9.14961e-06
2.68859e-05
9.07092e-06
1.23687e-06
4.11048e-05
-3.04043e-06
1.20862e-05
1.28751e-05
2.3406e-05
2.98803e-05
5.36709e-05
-3.79994e-06
2.79799e-05
-9.50101e-06
-4.58519e-06
-7.01453e-06
-2.36701e-05
-8.48436e-06
-4.73807e-05
-6.91277e-06
-2.07867e-05
9.24599e-07
-2.56114e-05
1.20228e-06
-3.90291e-05
-8.94907e-07
-6.634e-06
-8.33585e-06
2.64638e-05
-5.46771e-06
4.63525e-06
2.9105e-06
-2.18513e-05
1.31783e-05
-2.36509e-05
2.11316e-05
5.11184e-06
6.91345e-05
-6.50757e-05
6.50757e-05
-8.25078e-05
1.74321e-05
-0.000104167
2.16595e-05
-0.000121299
1.71319e-05
-0.000114496
-6.80327e-06
-0.000113901
-5.94605e-07
-0.000116088
2.18627e-06
-7.3678e-05
-4.24096e-05
-6.81363e-05
-5.54173e-06
-5.70729e-05
-1.10633e-05
-5.81172e-05
1.04425e-06
-0.00011249
5.43728e-05
-0.000119161
6.67123e-06
-0.000127156
7.99483e-06
-0.000140194
1.30375e-05
-0.000124255
-1.59382e-05
-7.03964e-05
-5.38591e-05
-7.59931e-05
5.59676e-06
-7.59931e-05
-3.10008e-05
9.60765e-05
-7.69703e-05
6.34016e-05
-9.44416e-05
3.91308e-05
-6.4656e-05
-1.26536e-05
-0.000104532
3.3073e-05
-0.000106776
1.64919e-06
-6.86965e-05
-3.58933e-05
-7.51743e-05
-3.59318e-05
-7.18706e-05
-8.84542e-06
-0.000114312
3.13782e-05
-0.000112785
-4.83119e-07
-6.87979e-05
1.0386e-05
-0.000118878
5.67517e-05
-0.000115431
4.54766e-06
-7.33007e-05
-2.90929e-05
-9.56655e-05
6.42663e-06
-9.32592e-05
-5.62654e-05
-5.58209e-05
-3.18416e-05
-0.000131814
-3.22108e-05
0.000128287
-4.4829e-05
7.60198e-05
-3.4624e-05
2.89258e-05
-5.59422e-05
8.66454e-06
-9.85682e-05
7.56989e-05
-9.93517e-05
2.43273e-06
-0.000113648
-2.15968e-05
-0.000125175
-2.44051e-05
-0.000119889
-1.41312e-05
-0.000112831
2.43195e-05
-0.00011096
-2.35368e-06
-0.000113732
1.31577e-05
-0.00011203
5.50499e-05
-0.000107104
-3.78731e-07
-0.000108962
-2.72344e-05
-9.60045e-05
-6.53086e-06
-7.14898e-05
-8.07801e-05
-2.50183e-05
-7.8313e-05
-0.000156832
-2.82192e-05
0.000156506
-5.22624e-05
0.000100063
-7.5133e-05
5.17964e-05
-0.000101825
3.53562e-05
-5.47007e-05
2.85751e-05
-0.000104203
5.19355e-05
-0.000109045
-1.67557e-05
-6.28015e-05
-7.06481e-05
-0.000103776
2.6843e-05
-5.45386e-05
-2.49176e-05
-9.0996e-05
3.41037e-05
-9.52327e-05
1.73944e-05
-5.59753e-05
1.57925e-05
-9.04374e-05
3.40834e-05
-8.68919e-05
-3.07799e-05
-4.35886e-05
-4.98342e-05
-3.27523e-05
-9.16165e-05
-1.72218e-05
-9.38435e-05
-0.000174054
-2.6802e-05
0.000183308
-4.87178e-05
0.000121979
-6.36214e-05
6.67e-05
-4.5912e-05
1.76468e-05
-8.01e-05
6.2763e-05
-7.1357e-05
4.31924e-05
-3.7482e-05
-5.06307e-05
-8.35292e-05
-2.4601e-05
-4.90553e-05
-7.63099e-06
-7.75224e-05
3.54954e-06
-5.75236e-05
1.4105e-05
-5.91086e-05
1.89794e-05
-8.12947e-05
3.79785e-05
-3.79529e-05
-9.2584e-06
-4.27094e-05
-2.60234e-05
-3.17192e-05
-6.08244e-05
-3.48701e-05
-8.84655e-05
-7.30636e-06
-0.000121407
-0.000181361
-2.48209e-05
0.000208129
-3.64485e-05
0.000133606
-3.9015e-05
6.92665e-05
-4.97611e-05
2.8393e-05
-3.49876e-05
4.79895e-05
-1.22952e-05
2.05e-05
-1.05464e-05
-5.23795e-05
-9.20136e-06
-2.5946e-05
-2.613e-05
9.29767e-06
-2.6574e-05
3.99353e-06
-4.01407e-05
2.76716e-05
-2.89212e-05
7.75991e-06
-1.40326e-05
2.30899e-05
-9.74915e-06
-1.35418e-05
-1.35492e-05
-2.22234e-05
-2.71694e-06
-7.16567e-05
-1.73975e-05
-7.37849e-05
3.6586e-06
-0.000142463
-0.000177702
-4.49225e-05
0.000253052
-1.91944e-05
0.000107878
-1.81615e-05
6.82336e-05
-7.74463e-06
1.79761e-05
-2.90565e-06
4.31505e-05
1.24536e-05
5.14078e-06
8.51153e-06
-4.84375e-05
2.07681e-05
-3.82026e-05
1.32005e-06
2.87457e-05
-1.38012e-05
1.91148e-05
-1.07061e-05
2.45764e-05
-2.0029e-05
1.70828e-05
2.39184e-06
6.69038e-07
1.20524e-05
-2.32024e-05
2.29021e-05
-3.30731e-05
1.33701e-05
-6.21246e-05
1.28476e-06
-6.16997e-05
8.09435e-06
-0.000149273
-0.000169608
-6.09663e-05
0.000314018
-4.50023e-05
9.19143e-05
-9.90755e-06
3.31389e-05
-8.95558e-06
1.70241e-05
5.30525e-06
2.88896e-05
9.99274e-06
4.53285e-07
1.82401e-05
-5.66848e-05
2.53471e-05
-4.53096e-05
1.35397e-05
4.05531e-05
3.70651e-07
3.22838e-05
9.42024e-07
2.4005e-05
-1.42431e-07
1.81673e-05
3.24874e-06
-2.72214e-06
1.54581e-05
-3.54118e-05
3.92538e-05
-5.68688e-05
2.28617e-05
-4.57325e-05
2.01195e-05
-5.89575e-05
1.60493e-05
-0.000145203
-0.000153558
3.42987e-06
-6.85151e-06
3.28506e-05
-7.30215e-05
3.23754e-05
-2.81769e-06
-6.45801e-06
2.96838e-05
-1.92458e-05
2.18587e-05
-9.2154e-06
3.10744e-05
-1.77528e-05
2.06236e-05
-2.09488e-05
2.6602e-05
-1.06235e-05
4.33456e-05
-5.82613e-05
7.56177e-05
-3.01597e-05
-3.26868e-05
-5.1419e-06
-4.86878e-05
4.58833e-06
-5.71109e-05
1.88755e-07
-1.63872e-05
-3.14271e-06
-2.228e-05
-2.2994e-05
-1.91778e-05
-3.04794e-05
8.51396e-07
-2.40654e-05
2.00498e-05
-2.0698e-05
1.26787e-06
-3.41865e-05
-8.36282e-06
-3.9366e-05
-1.84714e-05
-7.9371e-05
4.51168e-05
5.64892e-05
-6.67257e-05
-9.71076e-06
2.85924e-06
-2.33529e-06
-8.0397e-05
-1.79717e-05
1.28187e-05
-3.82026e-05
4.99146e-05
-2.56866e-05
9.34273e-06
-1.08698e-05
1.62575e-05
6.07959e-07
9.1459e-06
1.75797e-05
9.63026e-06
7.71416e-06
5.32112e-05
2.56229e-05
5.7709e-05
2.62019e-05
-3.32658e-05
7.16765e-06
-2.96536e-05
4.8365e-05
-9.83083e-05
8.9139e-06
2.3064e-05
-3.1918e-05
1.85519e-05
-4.84922e-05
-2.60352e-06
-5.38848e-05
6.24395e-06
-7.28917e-05
3.90567e-05
-0.000100605
2.89813e-05
-0.000114224
5.25569e-06
-0.000137981
5.28654e-06
-0.000110408
1.75434e-05
0.000104407
-0.000158326
1.16834e-05
-8.82419e-06
-4.32555e-05
-2.5458e-05
-5.46915e-05
2.42546e-05
-6.35489e-05
5.87721e-05
-2.32852e-05
-3.0921e-05
-9.53201e-06
2.50434e-06
-5.52888e-06
5.14277e-06
-1.99654e-05
2.40668e-05
1.70993e-05
1.61465e-05
6.10719e-05
1.37364e-05
4.93459e-05
-2.15399e-05
1.15858e-05
8.10649e-06
-6.46885e-06
-8.02536e-05
-5.37775e-06
2.19729e-05
7.43966e-06
5.73447e-06
-4.49795e-05
4.98157e-05
-8.90217e-05
5.02862e-05
-0.000112675
6.27102e-05
-0.000137353
5.36587e-05
-0.000146125
1.40281e-05
-0.000162831
2.19923e-05
-0.000182523
3.72359e-05
8.80924e-05
-0.000166208
-5.7073e-05
4.82488e-05
-6.97701e-05
-1.27609e-05
-6.3577e-05
1.80615e-05
-3.87077e-05
3.39028e-05
-2.60249e-05
-4.36038e-05
-1.53866e-05
-8.13401e-06
-5.51476e-05
4.49038e-05
-4.7704e-05
1.66232e-05
-2.16813e-05
-9.87618e-06
3.17922e-05
-3.97372e-05
6.43354e-05
-5.4083e-05
1.29613e-05
5.94806e-05
-5.00126e-06
-6.22911e-05
-1.05909e-05
2.75626e-05
4.38528e-06
-9.24174e-06
-8.21134e-06
6.24123e-05
-4.39161e-05
8.5991e-05
-4.99701e-05
6.87641e-05
-7.22102e-05
7.58988e-05
-0.00011762
5.94377e-05
-0.000128646
3.30182e-05
-0.000163418
7.20082e-05
1.82175e-05
-9.35432e-05
-1.50672e-05
6.3316e-05
-3.03526e-05
2.52458e-06
-4.02222e-06
-8.26897e-06
3.23553e-05
-2.47464e-06
4.95632e-06
-1.62048e-05
-1.10167e-06
-2.07602e-06
2.50093e-05
1.87928e-05
2.98352e-05
1.17973e-05
4.55713e-05
-2.56123e-05
8.22415e-05
-7.64074e-05
4.33993e-06
2.38185e-05
-5.98778e-05
0.000123698
-0.000115017
-7.15223e-06
-4.37196e-05
-4.37345e-05
-4.3777e-05
-9.18432e-06
-1.5975e-05
3.46102e-05
-2.07472e-05
9.07632e-05
-4.61091e-05
9.4126e-05
-3.89132e-05
6.87029e-05
-3.80284e-05
5.85529e-05
-9.86383e-05
9.36281e-05
-8.69778e-05
6.03476e-05
2.65305e-05
-9.52909e-05
1.11165e-06
6.22043e-05
-9.93699e-06
1.35732e-05
-1.13114e-05
-6.89461e-06
-5.83285e-06
-7.95314e-06
-1.71582e-05
-4.87948e-06
-2.12743e-05
2.04007e-06
-2.08195e-05
1.8338e-05
-2.49304e-06
-6.5291e-06
-8.35162e-06
-1.97537e-05
-4.05762e-05
-4.41828e-05
-3.01606e-05
1.3403e-05
2.34151e-05
7.01226e-05
-2.09579e-05
3.72208e-05
-3.40551e-05
-3.06373e-05
-3.84945e-05
-4.74491e-06
-3.29627e-05
2.90785e-05
-2.44848e-05
8.22852e-05
-3.84334e-05
0.000108075
-5.76433e-05
8.79128e-05
-7.13711e-05
7.22808e-05
-8.36126e-05
0.00010587
-9.15594e-05
6.82945e-05
-2.14348e-06
-6.28854e-05
-5.77198e-06
6.79763e-05
-1.0574e-05
1.83752e-05
-1.32689e-05
-4.19969e-06
-1.63222e-05
-4.89991e-06
-1.51656e-05
-6.03603e-06
-7.34422e-06
-5.78132e-06
-2.1731e-05
3.27248e-05
-2.65694e-05
-1.69078e-06
-9.07385e-06
-3.72492e-05
-3.58908e-05
-1.73659e-05
-2.98516e-05
7.36374e-06
-1.11371e-05
5.14081e-05
-1.40296e-05
4.01133e-05
-4.7677e-05
3.0101e-06
-8.04678e-05
2.80459e-05
-8.89955e-05
3.76062e-05
-7.34803e-05
6.67701e-05
-7.30745e-05
0.000107669
-5.78866e-05
7.27249e-05
-8.80062e-05
0.0001024
-7.45812e-05
9.24445e-05
-3.37492e-05
2.74626e-05
-2.1691e-05
-1.42017e-05
-1.11276e-05
7.91039e-05
-3.15468e-05
3.87944e-05
-2.79595e-05
-7.78695e-06
-1.94753e-05
-1.33842e-05
-2.02932e-05
-5.21813e-06
-1.12721e-05
-1.48024e-05
1.37865e-06
2.0074e-05
-1.25758e-05
1.22637e-05
-3.88793e-05
-1.09457e-05
-7.25014e-05
1.62563e-05
-8.57783e-05
2.06406e-05
-7.71985e-05
4.28284e-05
-0.000107399
7.03133e-05
-0.000148838
4.44499e-05
-0.000161769
4.09764e-05
-0.000161715
3.75523e-05
-0.000162171
6.72264e-05
-0.000104444
4.99415e-05
-0.000163229
0.00013151
-0.000126701
6.58722e-05
-9.56049e-05
6.13484e-05
-7.88221e-05
1.06797e-05
-1.11371e-05
-8.93759e-05
1.05389e-05
6.8565e-05
4.00251e-06
4.53307e-05
-1.17659e-05
7.98142e-06
-2.27381e-05
-2.41194e-06
-1.71673e-05
-1.07889e-05
-2.37161e-05
-8.25361e-06
-3.56192e-05
3.19771e-05
-9.36139e-05
7.02584e-05
-0.000158383
5.38239e-05
-0.000224856
8.27289e-05
-0.000243228
3.90121e-05
-0.000244851
4.4452e-05
-0.000233017
5.84788e-05
-0.000229674
4.11071e-05
-0.000260417
7.17195e-05
-0.000301116
7.82509e-05
-0.000315259
8.13701e-05
-0.000354685
8.93673e-05
-0.000294575
7.14004e-05
-0.000253664
2.49607e-05
-0.000195101
2.78517e-06
-0.000179061
-5.36002e-06
-2.19008e-05
-0.000168297
-1.50129e-05
8.35779e-05
-1.17457e-05
4.20635e-05
-1.52165e-05
1.14523e-05
-1.71235e-05
-5.05028e-07
-3.79582e-05
1.00458e-05
-4.8122e-05
1.91014e-06
-8.30347e-05
6.68898e-05
-0.000104426
9.16494e-05
-0.000144784
9.41818e-05
-0.00016256
0.000100506
-0.000187965
6.44171e-05
-0.00017671
3.31966e-05
-0.000187409
6.91775e-05
-0.000290928
0.000144627
-0.000349877
0.000130668
-0.000380448
0.000108822
-0.000348233
4.91556e-05
-0.000325075
6.62084e-05
-0.000315905
6.22312e-05
-0.000295423
4.47869e-06
-0.000267679
-2.49589e-05
-0.000257078
-1.59611e-05
-3.26493e-05
-0.00024633
-5.1179e-06
8.86958e-05
-2.28291e-05
5.97746e-05
-1.97742e-05
8.39735e-06
-2.39345e-05
3.65519e-06
-4.09331e-05
2.70444e-05
-8.83842e-05
4.93611e-05
-0.000104207
8.27125e-05
-0.000198149
0.000185592
-0.000258294
0.000154326
-0.000249619
9.18301e-05
-0.000259917
7.47155e-05
-0.000350268
0.000123547
-0.000384384
0.000103293
-0.000339946
0.00010019
-0.000257891
4.86124e-05
-0.000213656
6.45876e-05
-0.000274042
0.000109541
-0.000258935
5.1101e-05
-0.000200373
3.66966e-06
-0.000209641
1.37471e-05
-0.000285005
5.0405e-05
-0.000303465
2.4987e-06
-1.72415e-05
-0.000318873
-4.9182e-06
9.3614e-05
-1.65238e-05
7.13802e-05
-3.43595e-05
2.6233e-05
-8.26474e-05
5.1943e-05
-0.000147585
9.19815e-05
-0.000198364
0.000100141
-0.000251188
0.000135536
-0.000300723
0.000235128
-0.000280595
0.000134198
-0.000215836
2.70715e-05
-0.000181201
4.00799e-05
-0.00012118
6.35268e-05
-8.81891e-05
7.03023e-05
-0.000170286
0.000182287
-0.000227413
0.000105739
-0.000232125
6.93e-05
-0.000229055
0.000106471
-0.000238894
6.09396e-05
-0.000262365
2.71406e-05
-0.000273231
2.46132e-05
-0.000258478
3.56517e-05
-0.000276617
2.06372e-05
4.84596e-07
-0.000294343
-4.42324e-06
9.80372e-05
-3.32998e-05
0.000100257
-9.41853e-05
8.71183e-05
-0.000140825
9.85827e-05
-0.000179132
0.000130288
-0.000181852
0.00010286
-0.00026751
0.000221193
-0.000155013
0.000122632
-0.000128776
0.000107961
-0.000219705
0.000118
-0.000300651
0.000121026
-0.000343386
0.000106261
-0.000363263
9.01792e-05
-0.000236518
5.55425e-05
-0.000195624
6.48446e-05
-0.000265929
0.000139606
-0.000247868
8.84103e-05
-0.000223566
3.66377e-05
-0.000205558
9.13235e-06
-0.000205934
2.49893e-05
-0.000240919
7.06364e-05
-0.000329372
0.000109089
4.85938e-05
-0.000377482
-2.20284e-06
0.00010024
-3.72794e-05
0.000135333
-8.62604e-05
0.000136099
-0.000140027
0.000152349
-0.000108023
9.82844e-05
-0.000248622
0.000243459
-0.000278438
0.00025101
-0.000364858
0.000209052
-0.00034935
9.24528e-05
-0.000378796
0.000147445
-0.000396617
0.000138848
-0.000378521
8.81647e-05
-0.000355291
6.69496e-05
-0.00033878
3.90311e-05
-0.000309174
3.52389e-05
-0.000183348
1.37796e-05
-0.000132845
3.7907e-05
-0.000174223
7.80162e-05
-0.000194161
2.90724e-05
-0.000252321
8.31507e-05
-0.000302535
0.000120849
-0.00038058
0.000187132
0.000176394
-0.000508383
-2.87292e-06
0.000103113
-2.15195e-05
0.00015398
-5.40811e-05
0.000168661
-9.88354e-05
0.000197103
-0.000277098
0.000276547
-0.000332741
0.000299102
-0.000343973
0.000262241
-0.000373466
0.000238545
-0.00038032
9.93067e-05
-0.00037924
0.000146366
-0.000366012
0.00012562
-0.0003369
5.90528e-05
-0.000301491
3.15404e-05
-0.000299399
3.69392e-05
-0.000292071
2.79115e-05
-0.000306329
2.80372e-05
-0.000351638
8.32163e-05
-0.000356644
8.30229e-05
-0.000539791
0.00021222
-0.000625735
0.000169095
-0.000619415
0.000114528
-0.000621161
0.000188877
0.000144447
-0.000589214
-1.35558e-05
0.000116669
-5.42531e-05
0.000194677
-9.58231e-05
0.000210231
-0.000160954
0.000262234
-0.000163634
0.000279227
-0.000202705
0.000338173
-0.000296659
0.000356195
-0.000198341
0.000140226
-0.000363346
0.000264312
-0.000343518
0.000126538
-0.000240092
2.21939e-05
-0.000224117
4.30773e-05
-0.00029342
0.000100844
-0.000320561
6.40803e-05
-0.000337749
4.50992e-05
-0.00036379
5.40796e-05
-0.000373858
9.3286e-05
-0.00045836
0.000167527
-0.000386383
0.000140243
-0.000388345
0.000171057
-0.000438663
0.000164845
-0.000429043
0.000179257
3.99471e-05
-0.000324542
-1.43627e-05
0.000131031
-3.69535e-05
0.000217268
-7.03857e-05
0.000243663
-8.83304e-05
0.000280179
-0.000115186
0.000306082
-0.000138757
0.000361744
-0.00014434
0.000361779
-0.00028836
0.000284246
-0.000175687
0.000151639
-0.000234125
0.000184975
-0.000276354
6.44233e-05
-0.000309999
7.67217e-05
-0.000271439
6.22845e-05
-0.000247438
4.00788e-05
-0.000245529
4.31896e-05
-0.000255156
6.37076e-05
-0.000276587
0.000114718
-0.000183242
7.4184e-05
-0.000250054
0.000207055
-0.000271952
0.000192956
-0.000422818
0.000315711
-0.000455408
0.000211845
2.05157e-05
-0.000435978
-1.59745e-05
0.000147006
-2.67476e-05
0.000228041
-4.31833e-05
0.000260099
-6.79506e-05
0.000304947
-6.15795e-05
0.000299711
-8.59307e-05
0.000386096
-0.000145998
0.000421847
-6.94221e-05
0.000207669
-9.03157e-05
0.000172533
-0.000125994
0.000220654
-0.000179299
0.000117728
-0.000123297
2.07192e-05
-0.000136404
7.5392e-05
-0.000126674
3.03479e-05
-0.000127573
4.4089e-05
-0.000130628
6.67623e-05
-7.01115e-05
5.42011e-05
-0.000112131
0.000116204
-0.000161585
0.00025651
-0.000346315
0.000377686
-0.000373417
0.000342813
-0.000401258
0.000239686
2.22303e-05
-0.000402973
-3.16115e-05
0.000178617
9.24735e-06
0.000187182
-4.38054e-06
0.000273727
-3.61124e-05
0.000336679
3.6573e-05
0.000227026
3.99461e-05
0.000382722
4.601e-05
0.000415783
7.96804e-05
0.000173999
-9.0637e-06
0.000261276
-1.93191e-05
0.000230909
-3.2455e-06
0.000101654
-9.16184e-06
2.66352e-05
-6.68361e-06
7.29136e-05
-3.80452e-06
2.74686e-05
-9.72878e-06
5.00132e-05
-2.07135e-05
7.77471e-05
-9.56806e-05
0.000129168
-0.000160712
0.000181235
-0.000178534
0.000274333
-0.00017803
0.000377181
-0.000181667
0.00034645
-0.000160035
0.000218053
5.95699e-05
-0.000197375
-1.3706e-05
0.000192323
-2.55757e-05
0.000199052
3.73513e-05
0.0002108
3.83402e-05
0.00033569
2.91363e-05
0.00023623
5.83581e-05
0.000353501
0.000151747
0.000322393
8.16672e-05
0.000244079
0.000138483
0.000204461
0.000156348
0.000213044
0.000149609
0.000108393
6.63572e-05
0.000109887
7.89596e-05
6.03112e-05
5.96592e-05
4.6769e-05
9.62915e-06
0.000100043
-8.44144e-07
8.82204e-05
-2.2198e-05
0.000150522
-5.53439e-05
0.000214381
3.72118e-05
0.000181778
4.57514e-05
0.000368642
4.44452e-05
0.000347755
4.19184e-05
0.000220579
5.33676e-05
4.81204e-05
4.66933e-06
0.000187654
1.38627e-05
0.000189858
1.99854e-05
0.000204677
5.89764e-05
0.000296699
1.1691e-05
0.000283516
4.62727e-05
0.000318919
9.49276e-05
0.000273738
0.000143755
0.000195252
0.00014728
0.000200936
0.000225115
0.000135208
0.000144582
0.000188925
0.000172483
8.19863e-05
0.000142568
9.02263e-05
6.42292e-05
0.000125108
6.00941e-05
0.000104178
7.70812e-05
7.12334e-05
6.39993e-05
0.000163604
7.0097e-05
0.000208283
9.74696e-05
0.000154406
0.000122205
0.000343906
0.000304119
0.000165841
0.000402566
0.000122131
6.89378e-05
0.000386996
1.15543e-05
0.0001761
1.21353e-05
0.000189277
1.84318e-05
0.000198381
1.51152e-05
0.000300015
2.10995e-05
0.000277531
3.54793e-05
0.000304539
0.000128354
0.000180864
8.70281e-05
0.000236577
0.000158886
0.000129077
0.000141308
0.000152787
0.000120043
0.00021019
0.000102115
9.99146e-05
8.30943e-05
0.000109247
0.000105278
0.000102924
9.51608e-05
0.000114295
7.03449e-05
9.60494e-05
0.00014218
9.17689e-05
0.000145189
0.000205275
0.000186591
0.000113003
0.000280184
0.000250313
0.000349305
9.67203e-05
0.000397545
7.38899e-05
5.53107e-05
0.000411171
4.63289e-05
0.000129771
-1.14453e-06
0.000236751
-3.77052e-05
0.000234942
1.897e-07
0.00026212
1.12061e-05
0.000266515
6.00411e-05
0.000255704
5.33667e-05
0.000187538
0.000148665
0.000141279
0.000154188
0.000123554
0.000177418
0.000129557
0.000181348
0.00020626
0.000107697
0.000173566
8.56546e-05
0.000131289
0.000134348
5.42314e-05
0.000129999
0.000118644
7.84314e-05
0.000147617
9.33492e-05
7.68512e-05
0.000149391
0.000149233
0.000106337
0.000156057
0.000206817
0.000149834
0.00019638
0.000107157
0.000218578
5.16914e-05
-1.31883e-05
0.000287077
1.66046e-06
0.00012811
5.02289e-06
0.000233388
1.03292e-05
0.000229635
1.33268e-05
0.000259123
1.93651e-05
0.000260476
0.000120421
0.000154648
4.5271e-05
0.000262688
7.6834e-05
0.000109716
7.92536e-05
0.000121135
0.000122313
8.6498e-05
0.000146486
0.000182087
0.00013729
0.000182761
0.000127777
0.000140803
9.63646e-05
8.56436e-05
8.27926e-05
0.000132216
0.000132931
9.74787e-05
8.37141e-05
0.000126068
0.000123592
0.000109356
0.00014229
0.000137359
0.000140162
0.000151962
0.000177294
7.00252e-05
0.0001822
4.6785e-05
-5.15124e-06
0.000174164
-3.50922e-06
0.00013162
5.68395e-06
0.000224195
1.06896e-05
0.000224629
2.15545e-05
0.000248258
4.18914e-05
0.000240139
4.45361e-05
0.000152003
8.58065e-05
0.000221418
8.41007e-05
0.000111422
8.94719e-05
0.000115764
7.62896e-05
9.96802e-05
8.25175e-05
0.000175859
0.000114785
0.000150494
0.000122029
0.000133559
0.000128575
7.90972e-05
0.000119184
0.000141607
9.6044e-05
0.000120619
9.05687e-05
0.000131544
0.000149226
5.06987e-05
0.000170058
0.000116527
0.000213988
0.000108032
0.000242663
4.13503e-05
0.000241516
4.79328e-05
1.27243e-05
0.00022364
-3.2655e-05
0.000164275
-4.2525e-06
0.000195793
8.70946e-06
0.000211667
2.63561e-05
0.000230611
6.54383e-05
0.000201057
2.19703e-05
0.000195471
6.12439e-05
0.000182144
5.63611e-05
0.000116305
8.79995e-05
8.41252e-05
0.000102671
8.50086e-05
0.000111701
0.000166829
0.000117805
0.00014439
0.000125926
0.000125437
6.98243e-05
0.000135199
9.7333e-05
0.000114098
0.000142541
7.54103e-05
0.000145853
0.000128232
9.7129e-05
9.94226e-05
0.000156958
5.6698e-05
0.000179681
8.5308e-05
0.000141765
7.9267e-05
0.000186875
2.82238e-06
2.87661e-05
0.000170833
2.5011e-07
0.000164024
5.79207e-06
0.00019025
1.65883e-05
0.000200871
3.22192e-05
0.00021498
3.44703e-05
0.000198806
6.95838e-05
0.000160357
8.86235e-05
0.000163105
3.89593e-05
0.000165969
6.07447e-05
6.23398e-05
8.01395e-05
6.56137e-05
8.75477e-05
0.000159421
9.00277e-05
0.00014191
7.32957e-05
0.000142169
0.000130785
7.77097e-05
0.000132757
0.000112126
8.28732e-05
0.000125294
0.000119404
9.1701e-05
0.000128701
9.01254e-05
0.00010732
7.80796e-05
0.000173033
1.95944e-05
0.000181157
7.11433e-05
0.000126575
5.74042e-05
-2.50269e-06
0.000157844
-7.01278e-07
0.000164726
5.51313e-06
0.000184036
1.72763e-05
0.000189108
3.3473e-05
0.000198783
4.4232e-05
0.000188047
3.81128e-05
0.000166477
4.07962e-05
0.000160421
6.53597e-05
0.000141405
5.16699e-05
7.60296e-05
5.96743e-05
5.76094e-05
8.31787e-05
0.000135916
9.81467e-05
0.000126942
0.000114134
0.000126182
5.83115e-05
0.000133532
0.00011545
5.49881e-05
0.000117523
0.00012322
0.000118343
9.08811e-05
0.000118965
8.95034e-05
0.00014928
4.7765e-05
0.000111495
5.73794e-05
0.000114535
6.81035e-05
0.000161623
1.03157e-05
5.40873e-06
0.000153712
-1.36037e-11
0.000164726
9.1926e-06
0.000174843
2.08663e-05
0.000177434
3.76789e-05
0.00018197
4.76307e-05
0.000178095
6.02728e-05
0.000153834
6.64943e-05
0.0001542
6.82883e-05
0.000139611
6.98331e-05
7.44848e-05
5.96146e-05
6.78279e-05
8.39469e-05
0.000111584
9.27799e-05
0.000118109
7.69374e-05
0.000142024
0.000109209
0.00010126
6.73438e-05
9.68535e-05
0.000101246
8.93178e-05
0.000109833
8.22948e-05
0.000116978
8.23578e-05
0.000131593
3.31503e-05
0.000102974
8.59977e-05
0.000150873
2.02045e-05
0.000153414
7.77483e-06
1.33134e-05
0.000145509
1.76995e-06
0.000162956
1.17683e-05
0.000164845
1.99373e-05
0.000169265
3.29901e-05
0.000168918
4.38187e-05
0.000167267
5.33269e-05
0.000144326
6.10001e-05
0.000146526
6.30311e-05
0.00013758
6.25566e-05
7.49592e-05
4.3922e-05
8.64625e-05
8.75956e-05
6.79106e-05
6.77654e-05
0.000137939
9.39704e-05
0.000115819
9.19771e-05
0.000103253
6.55689e-05
0.000123262
0.000110705
4.4182e-05
0.000109969
8.30305e-05
0.000114429
7.78981e-05
8.48318e-05
6.27471e-05
0.000142261
2.85689e-05
0.000134009
2.84562e-05
9.30142e-05
4.87696e-05
-5.52722e-06
0.000111855
3.71256e-06
0.000159243
1.20078e-05
0.00015655
1.99866e-05
0.000161286
2.93227e-05
0.000159582
3.81716e-05
0.000158418
3.57884e-05
0.000146709
5.67283e-05
0.000125587
6.18585e-05
0.00013245
6.24436e-05
7.43741e-05
6.40522e-05
8.48538e-05
5.08423e-05
8.11205e-05
5.10566e-05
0.000137725
6.07611e-05
0.000106115
6.4662e-05
9.93527e-05
9.11529e-05
9.67707e-05
9.03101e-05
4.50248e-05
9.67987e-05
7.65418e-05
0.000105061
6.96356e-05
0.000109769
5.8039e-05
7.82181e-05
6.012e-05
8.35431e-05
2.31311e-05
0.000118815
1.34973e-05
3.64879e-06
0.000109639
3.17414e-06
0.000156069
8.29531e-06
0.000151428
1.71375e-05
0.000152444
2.37305e-05
0.000152989
2.59729e-05
0.000156175
2.10886e-05
0.000151594
6.37522e-05
8.29229e-05
5.02499e-05
0.000145952
5.19601e-05
7.26638e-05
7.13841e-05
6.54298e-05
3.88199e-05
0.000113685
7.38502e-05
0.000102694
8.47816e-05
9.51833e-05
9.29058e-05
9.12284e-05
9.29853e-05
9.66911e-05
9.14915e-05
4.65186e-05
9.14319e-05
7.66014e-05
9.39821e-05
6.70854e-05
7.37297e-05
7.82914e-05
0.00011481
1.90397e-05
0.000108992
2.89493e-05
0.000108962
1.35269e-05
9.31016e-06
0.000103301
5.62099e-06
0.000150448
9.84695e-06
0.000147202
1.22731e-05
0.000150018
1.76131e-05
0.000147649
3.03147e-05
0.000143474
4.31264e-05
0.000138782
5.12182e-05
7.4831e-05
5.87069e-05
0.000138464
6.04889e-05
7.08817e-05
5.73876e-05
6.85311e-05
5.92228e-05
0.000111849
7.00428e-05
9.18744e-05
5.43903e-05
0.000110836
5.75152e-05
8.81035e-05
7.88713e-05
7.5335e-05
3.96813e-05
8.57085e-05
7.96227e-05
3.66601e-05
5.58498e-05
9.08582e-05
0.000101622
3.25191e-05
7.07631e-05
4.98988e-05
8.43378e-05
1.53746e-05
8.41311e-05
1.37336e-05
1.06582e-05
8.2783e-05
7.16159e-06
0.000143286
1.21798e-05
0.000142184
1.97537e-05
0.000142444
2.72159e-05
0.000140186
3.22292e-05
0.000138461
4.21733e-05
0.000128838
5.47504e-05
6.2254e-05
7.20371e-05
0.000121177
4.74253e-05
9.54935e-05
1.04819e-05
0.000105474
5.29558e-05
6.93755e-05
4.6099e-05
9.87312e-05
6.4654e-05
9.22808e-05
4.91723e-05
0.000103585
4.98271e-05
7.46802e-05
7.59682e-05
5.95674e-05
5.18219e-05
6.08063e-05
7.72847e-05
6.53955e-05
8.53245e-05
2.44793e-05
8.8407e-05
4.68162e-05
7.81357e-05
2.56458e-05
7.84613e-05
1.3408e-05
1.02263e-05
7.88931e-05
3.50442e-06
0.000139782
9.23391e-06
0.000136455
1.44143e-05
0.000137264
1.38573e-05
0.000140743
2.69478e-05
0.00012537
2.50833e-05
0.000130702
2.56621e-05
6.16752e-05
4.16577e-05
0.000105181
3.37116e-05
0.00010344
5.02671e-05
8.89189e-05
1.72909e-05
0.000102352
5.83019e-05
5.77202e-05
4.60576e-05
0.000104525
6.37042e-05
8.59386e-05
5.9239e-05
7.91454e-05
4.52923e-05
7.35141e-05
5.02723e-05
5.58263e-05
7.61969e-05
3.94709e-05
4.74279e-05
5.32483e-05
4.55454e-05
4.86988e-05
6.41371e-05
7.05408e-06
4.71581e-05
3.0387e-05
-4.26674e-06
6.16511e-05
3.24468e-06
0.000136537
9.88487e-06
0.000129815
1.50079e-05
0.000132141
1.21175e-05
0.000143634
2.42105e-05
0.000113277
2.336e-05
0.000131553
1.40435e-05
7.09917e-05
4.95778e-05
6.96472e-05
3.25741e-05
0.000120443
2.85711e-05
9.29218e-05
4.30237e-05
8.78992e-05
3.82098e-05
6.25341e-05
5.64795e-05
8.62554e-05
5.9412e-05
8.30062e-05
6.01089e-05
7.84485e-05
5.93797e-05
7.42433e-05
4.4922e-05
7.0284e-05
4.45226e-05
3.98702e-05
4.08339e-05
5.6937e-05
6.61174e-05
2.34153e-05
6.15808e-05
1.15907e-05
6.35178e-05
2.845e-05
1.15365e-05
4.77147e-05
1.59857e-06
0.000134939
9.56137e-06
0.000121852
7.65213e-06
0.00013405
2.97054e-06
0.000148315
3.56144e-05
8.06333e-05
2.46805e-05
0.000142487
2.9306e-05
6.63663e-05
2.67489e-05
7.22043e-05
1.8823e-05
0.000128369
5.11138e-05
6.0631e-05
3.41334e-05
0.00010488
4.52222e-05
5.14452e-05
4.9778e-05
8.16997e-05
5.21033e-05
8.06808e-05
5.32927e-05
7.7259e-05
5.29939e-05
7.45421e-05
5.86341e-05
6.46438e-05
4.38107e-05
5.46936e-05
4.20879e-05
5.86598e-05
5.23968e-05
1.31065e-05
3.29399e-05
3.10476e-05
5.54305e-05
5.95936e-06
1.80387e-05
4.89283e-05
1.35843e-06
0.00013358
6.65025e-06
0.00011656
7.25616e-06
0.000133444
1.51153e-05
0.000140456
1.52611e-05
8.04876e-05
2.36088e-05
0.000134139
2.39397e-05
6.60354e-05
2.70965e-05
6.90475e-05
3.03616e-05
0.000125104
2.2433e-05
6.85596e-05
1.61413e-05
0.000111171
1.35203e-05
5.40662e-05
4.42961e-05
5.09239e-05
2.99288e-05
9.50482e-05
2.71952e-05
7.99926e-05
3.91662e-05
6.25711e-05
3.50003e-05
6.88097e-05
4.00884e-05
4.96055e-05
5.54771e-05
4.32712e-05
4.2726e-05
2.58576e-05
4.59547e-05
2.78188e-05
2.97646e-05
2.21495e-05
7.1003e-06
4.0703e-05
-7.87455e-06
0.000141455
2.34318e-05
8.52537e-05
1.48417e-05
0.000142034
1.8426e-05
0.000136872
2.26678e-05
7.62457e-05
2.41577e-05
0.000132649
2.14066e-05
6.87864e-05
1.17584e-05
7.86957e-05
2.65767e-05
0.000110286
1.90066e-05
7.61297e-05
3.19569e-05
9.82211e-05
2.93647e-05
5.66584e-05
2.05841e-05
5.97044e-05
2.0246e-05
9.53863e-05
3.36378e-05
6.66007e-05
3.29071e-05
6.33019e-05
4.36223e-05
5.80944e-05
3.44646e-05
5.87633e-05
4.7622e-05
3.01138e-05
3.95756e-05
3.39039e-05
2.76291e-05
3.97653e-05
2.3849e-05
2.59296e-05
4.00521e-06
2.69442e-05
5.85025e-06
0.000135604
4.58391e-06
8.652e-05
1.21376e-05
0.00013448
1.62708e-05
0.000132739
1.15826e-05
8.09339e-05
1.85975e-05
0.000125634
1.08844e-05
7.64995e-05
9.95164e-06
7.96285e-05
1.26237e-05
0.000107614
1.35756e-05
7.51778e-05
1.94676e-05
9.23291e-05
1.63672e-05
5.97588e-05
1.47898e-05
6.12818e-05
2.12205e-05
8.89557e-05
1.46105e-05
7.32107e-05
3.05168e-05
4.73956e-05
2.10223e-05
6.75889e-05
4.15835e-05
3.82021e-05
2.02483e-05
5.1449e-05
1.76284e-05
3.65238e-05
3.41492e-05
2.32446e-05
3.45477e-05
2.55311e-05
1.27325e-05
2.58203e-05
3.81836e-06
0.000131786
7.90891e-06
8.24295e-05
1.12469e-05
0.000131142
1.40817e-05
0.000129904
1.46471e-05
8.03685e-05
1.68071e-05
0.000123474
1.79784e-05
7.53282e-05
-5.34341e-06
0.00010295
2.5206e-05
7.70644e-05
2.026e-06
9.83577e-05
2.79163e-05
6.64389e-05
3.17077e-05
5.59673e-05
-4.98522e-06
9.79747e-05
-5.79853e-06
8.9769e-05
1.45555e-05
5.28567e-05
7.30206e-06
5.4649e-05
2.64415e-05
4.84494e-05
1.79699e-05
4.66737e-05
3.49329e-05
3.4486e-05
2.02441e-05
5.12126e-05
2.27031e-05
2.07856e-05
1.56484e-05
3.25858e-05
9.49606e-06
1.88849e-05
1.77145e-05
-1.01672e-05
8.00524e-06
2.89762e-05
6.11827e-06
2.44219e-05
5.92884e-06
1.67746e-05
2.94036e-06
2.02494e-05
1.93996e-06
-1.25697e-05
8.73005e-06
3.12639e-05
1.58105e-05
1.22631e-05
3.75273e-06
-9.66189e-07
-3.57709e-06
9.05001e-06
4.2337e-06
1.10283e-05
5.77165e-06
-9.87954e-05
3.20697e-05
-0.00013389
3.50943e-05
-0.000171216
3.73262e-05
4.4075e-05
-0.000215291
-0.000158138
3.1881e-05
-0.000177123
5.40796e-05
-0.000188659
4.88623e-05
5.74064e-05
-0.000201991
-0.000175689
4.13614e-05
-0.000168685
4.70764e-05
-0.000162659
4.28361e-05
4.66768e-05
-0.000151929
-7.88958e-05
2.67139e-05
-6.55727e-05
3.37533e-05
-6.18811e-05
3.91444e-05
3.03898e-05
-4.55942e-05
-6.84385e-05
-1.38404e-07
-4.05145e-05
5.82927e-06
-1.55802e-05
1.42101e-05
6.2831e-06
8.52652e-06
-5.20098e-05
-1.1014e-05
-4.75361e-05
1.35548e-06
-3.90798e-05
5.75386e-06
-3.24319e-06
-2.95535e-05
-3.43219e-05
9.10618e-06
-5.41278e-05
2.11614e-05
-6.8111e-05
1.9737e-05
3.87711e-06
-7.52313e-05
-8.89995e-05
8.72986e-06
-7.93771e-05
1.1539e-05
-7.56783e-05
1.60383e-05
3.92324e-06
-7.57244e-05
-0.000156723
-2.84411e-06
-0.000143842
-1.34146e-06
-0.0001248
-3.00441e-06
-8.79743e-06
-0.000112079
-0.000233431
-1.57425e-05
-0.000211717
-2.30555e-05
-0.000194247
-2.04742e-05
-2.38586e-05
-0.000179186
-0.000327058
-7.55758e-06
-0.000340336
-9.77697e-06
-0.00034734
-1.34703e-05
-2.4595e-05
-0.000346604
-0.000259647
-4.22537e-05
-0.000251905
-1.75196e-05
-0.000257526
-7.84829e-06
1.70572e-06
-0.000283826
-0.000431534
1.1798e-05
-0.000460934
1.18802e-05
-0.000478609
9.82656e-06
9.7005e-06
-0.000486605
-0.000542595
4.60098e-05
-0.000555047
2.43354e-05
-0.000546821
1.60072e-06
-8.70017e-06
-0.000528422
-0.000557019
1.38125e-05
-0.000526333
-6.35185e-06
-0.000505586
-1.91456e-05
-2.35399e-05
-0.000490746
-0.000299189
-1.15411e-05
-0.000278481
-2.70605e-05
-0.000259605
-3.80215e-05
-2.91224e-05
-0.000254022
-0.000414835
-3.26835e-05
-0.000394386
-4.75089e-05
-0.000362716
-6.96919e-05
-5.37642e-05
-0.000338074
-0.000385833
-4.98238e-05
-0.000367604
-6.57379e-05
-0.000354699
-8.25972e-05
-0.000100448
-0.000308015
-0.000243261
-3.93873e-06
-0.000281147
-2.78522e-05
-0.00031463
-4.91136e-05
-0.000117548
-0.000297529
6.70235e-05
-2.28426e-05
8.98922e-05
-5.07214e-05
0.000133197
-9.24192e-05
-0.000110209
0.000125858
0.00038316
-1.90071e-05
0.000363979
-3.15392e-05
0.000319394
-4.78346e-05
-8.89508e-05
0.000298135
0.000400303
-8.13789e-06
0.000392085
-2.33214e-05
0.000372123
-2.78716e-05
-4.17062e-05
0.000324878
0.000283058
-4.11888e-06
0.00026824
-8.50272e-06
0.000254297
-1.39288e-05
-1.724e-05
0.000229831
0.000189339
-1.92938e-05
0.000192617
-1.17805e-05
0.000189614
-1.09258e-05
-1.06937e-05
0.000183067
0.00020796
-3.61289e-06
0.00020672
-1.05411e-05
0.000202202
-6.40736e-06
-8.38707e-06
0.000199895
0.000160984
6.23622e-06
0.000144309
6.1341e-06
0.000139642
-1.73987e-06
-9.57001e-06
0.000140825
0.000164524
-4.43539e-07
0.000171612
-9.53722e-07
0.00017543
-5.55831e-06
-7.92788e-06
0.000173788
0.000153969
-7.01114e-07
0.000156202
-3.18686e-06
0.00015527
-4.62606e-06
-7.28264e-06
0.000154625
0.000144458
3.50492e-07
0.000142704
-1.43325e-06
0.000141233
-3.15434e-06
-5.83879e-06
0.000139789
0.000115241
-3.0361e-06
0.000116945
-3.13677e-06
0.000118716
-4.92585e-06
-5.61702e-06
0.000118495
0.000107551
-9.48001e-07
0.000107571
-3.15695e-06
0.00010842
-5.77451e-06
-8.17171e-06
0.000110975
0.000101485
8.67585e-07
9.99646e-05
-1.63634e-06
9.73333e-05
-3.14321e-06
-4.46767e-06
9.36292e-05
8.05212e-05
3.12936e-06
7.89831e-05
-9.81972e-08
7.89248e-05
-3.08491e-06
-5.75053e-06
8.02076e-05
8.05302e-05
1.49229e-06
7.78567e-05
2.57524e-06
7.46965e-05
7.53657e-08
-1.58507e-06
7.0531e-05
6.31941e-05
-5.07245e-08
6.44753e-05
1.29409e-06
6.61875e-05
-1.63687e-06
-2.52861e-06
6.71311e-05
4.60494e-05
1.61451e-06
5.12284e-05
-3.88488e-06
5.12429e-05
-1.65135e-06
-5.03355e-06
5.37478e-05
4.88504e-05
1.69243e-06
4.64824e-05
-1.5169e-06
4.71867e-05
-2.35566e-06
-3.90603e-06
4.60592e-05
4.0848e-05
1.5474e-06
3.95441e-05
-2.13011e-07
3.82732e-05
-1.08475e-06
-2.50422e-06
3.68714e-05
2.79437e-05
5.47843e-07
2.77051e-05
2.56503e-08
2.76446e-05
-1.02423e-06
-4.24101e-06
2.93814e-05
2.40673e-05
2.30091e-06
2.04313e-05
3.66162e-06
1.86224e-05
7.8472e-07
8.84275e-07
1.34971e-05
1.63659e-05
4.81991e-06
1.84071e-05
1.62041e-06
1.51547e-05
4.0372e-06
6.20051e-07
1.54189e-05
3.88367e-06
4.44652e-06
6.18376e-06
6.96298e-06
-0.000125146
0.000223873
-2.83392e-05
-4.89259e-06
5.59043e-07
4.24065e-06
9.2158e-06
8.36741e-06
3.25313e-05
5.57416e-06
4.83134e-05
-1.53288e-05
2.57226e-05
-3.40941e-05
-9.42876e-07
-1.86442e-05
4.32225e-05
-3.61227e-06
4.37531e-05
3.17532e-05
4.14462e-05
2.63119e-05
4.53779e-05
1.42355e-05
5.32769e-05
-1.06211e-05
5.32885e-05
-3.54234e-05
4.57719e-05
-4.93521e-05
5.78125e-05
-5.77732e-05
7.08041e-05
-7.19492e-05
4.96654e-05
-0.000124064
-0.000103893
-0.000124057
0.00014594
-0.000106789
-2.2161e-05
-5.33972e-05
-4.91507e-05
-3.67556e-05
-8.27422e-06
-1.04176e-05
-2.07638e-05
1.24259e-05
-3.81724e-05
4.11348e-05
-6.2803e-05
7.63459e-05
-5.38553e-05
6.34552e-05
9.27849e-06
8.64301e-05
8.77829e-06
0.00010371
9.03172e-06
0.000119601
-1.6549e-06
0.000132035
-2.30552e-05
0.000130927
-3.43159e-05
0.000119298
-3.77229e-05
0.000107092
-4.55673e-05
8.89855e-05
-5.38425e-05
5.17615e-05
-8.684e-05
-5.21314e-05
-5.12255e-05
4.52359e-05
-6.41734e-05
-9.21304e-06
-2.40067e-05
-8.93174e-05
4.49664e-06
-3.67775e-05
2.32876e-05
-3.95548e-05
2.56767e-05
-4.05614e-05
4.85749e-05
-8.57012e-05
7.26677e-05
-7.79482e-05
7.80686e-05
3.87757e-06
9.92788e-05
-1.24319e-05
0.000110914
-2.60382e-06
0.000200128
-9.0869e-05
0.000221239
-4.41662e-05
0.000232944
-4.602e-05
0.000225255
-3.00348e-05
0.000203938
-2.42503e-05
0.000144394
5.70207e-06
5.66239e-05
9.29763e-07
4.49256e-06
-1.39963e-05
1.3638e-05
8.16099e-06
-3.13704e-05
-1.01703e-05
-7.09862e-05
-8.32244e-06
-3.86254e-05
-4.9175e-06
-4.29597e-05
-5.23062e-06
-4.02483e-05
1.45776e-05
-0.000105509
3.14306e-05
-9.48011e-05
5.96014e-05
-2.42933e-05
5.91477e-05
-1.19781e-05
8.89364e-05
-3.23925e-05
6.01188e-05
-6.20514e-05
7.19387e-05
-5.59861e-05
5.20363e-05
-2.61176e-05
3.00848e-05
-8.08331e-06
1.75608e-05
-1.17263e-05
2.75029e-05
-4.24003e-06
2.85444e-05
-1.11695e-07
3.30369e-05
3.20194e-05
-9.85487e-06
9.42989e-06
-8.78085e-06
-6.97698e-06
-5.45793e-05
-3.32423e-06
-4.22781e-05
-2.20104e-05
-2.42735e-05
-1.05294e-05
-5.17293e-05
-1.44614e-05
-0.000101577
-5.40171e-05
-5.52454e-05
-5.46694e-05
-2.3641e-05
-5.79975e-05
-8.65013e-06
-3.02312e-05
-6.01588e-05
-3.78501e-05
-5.44325e-05
-5.79036e-05
-3.59325e-05
-2.95992e-05
-5.4422e-05
4.47365e-05
-8.2419e-05
5.57627e-05
-2.27525e-05
5.48992e-05
-3.37657e-06
2.4144e-05
3.06435e-05
5.71809e-05
-8.41929e-06
-3.09891e-05
-1.98947e-05
2.69456e-06
-3.55549e-05
-3.89191e-05
-3.50065e-05
-4.28265e-05
-4.27619e-05
-1.65181e-05
-6.54072e-05
-2.9084e-05
-8.67915e-05
-8.01931e-05
-0.000151918
9.88085e-06
-0.000159324
-1.62344e-05
-0.000109172
-5.8803e-05
-0.000135345
-3.39855e-05
-0.000113005
-7.67721e-05
-9.38e-05
-5.51378e-05
-4.22232e-05
-0.000105999
1.77722e-05
-0.000142414
4.04344e-05
-4.54147e-05
-6.18912e-06
4.3247e-05
-1.90165e-05
4.34709e-05
3.81644e-05
-9.70157e-05
-9.20467e-06
-6.44248e-05
-2.98963e-05
-2.65022e-05
-7.68417e-05
-6.99191e-05
5.90408e-07
-8.8415e-05
1.97782e-06
-0.00010283
-1.46693e-05
-0.000177048
-5.97482e-06
-0.000187197
2.00301e-05
-0.000169454
-3.39774e-05
-0.000174733
-5.35243e-05
-0.000159266
-4.94522e-05
-8.02992e-05
-0.000155739
-5.87316e-05
-7.67054e-05
-3.45218e-05
-0.000130209
-2.10241e-05
-0.000155912
-7.84427e-06
-5.85946e-05
-1.70971e-05
5.24999e-05
-2.29538e-05
4.93276e-05
1.52106e-05
-6.77463e-05
-1.71827e-05
-6.31415e-05
-3.4501e-05
-0.000101991
-3.79923e-05
-0.000102865
1.46484e-06
-0.000113232
1.23446e-05
-0.000181928
5.40269e-05
-0.000224612
3.67092e-05
-0.000210329
5.74695e-06
-0.000183289
-6.10173e-05
-0.000187156
-4.9658e-05
-0.000111043
-0.000125565
-0.000124073
-0.000142709
-4.60214e-05
-0.000154756
-8.19311e-05
-9.42989e-05
-6.89848e-05
-0.000168858
-2.02337e-05
-0.000107346
-7.72781e-06
3.99939e-05
-1.69847e-05
5.85845e-05
-1.77416e-06
-0.000115532
-1.37292e-05
-0.000133963
-1.60702e-05
-0.0001643
-7.6555e-06
-9.92324e-05
-6.36027e-05
-9.49177e-05
8.02989e-06
-8.09629e-05
4.00721e-05
-0.000122272
7.8018e-05
-0.000164931
4.84067e-05
-0.000157849
-6.80999e-05
-0.000101925
-0.000105581
-0.000123176
-0.000104315
-0.000165971
-9.99139e-05
-0.000153559
-0.000167169
-7.52172e-05
-0.000172641
-9.66979e-05
-0.000147378
-6.8203e-05
-0.000135841
-2.85839e-05
3.74833e-07
-1.50604e-05
4.5061e-05
-1.68346e-05
-0.000116598
-7.63166e-05
-9.84371e-05
-3.42313e-05
-0.000129389
2.32965e-05
-0.000183393
-9.59879e-06
-0.000253091
7.77274e-05
-0.000266604
5.35857e-05
-0.000262559
7.39722e-05
-0.000253749
3.95969e-05
-0.000258336
-6.35124e-05
-0.00026911
-9.48078e-05
-0.000229829
-0.000143596
-0.000174278
-0.000155465
-0.000160165
-0.000181282
-0.000144318
-0.000188488
-0.000131162
-0.000160534
-0.000110104
-0.000156898
-5.84284e-05
-5.13008e-05
-9.1596e-06
-4.20779e-06
-2.59942e-05
-0.000328422
-9.44984e-05
-0.00030059
-6.20626e-05
-0.000217677
-5.96171e-05
-0.0003168
8.95241e-05
-0.000316896
7.78233e-05
-0.000355955
9.26443e-05
-0.000316451
3.44683e-05
-0.000257142
-1.97116e-05
-0.000226769
-9.38855e-05
-0.000114526
-0.000207051
-9.17535e-05
-0.000166368
-0.000113929
-0.000133289
-0.000144052
-0.000151159
-0.000176239
-0.0001563
-0.000186349
-0.000150425
-0.000143387
-0.00019986
-8.00393e-05
-0.000114648
-2.68149e-05
-5.74322e-05
-5.28091e-05
-0.000400451
2.2127e-05
-0.000420872
-4.16427e-05
-0.000441273
-3.92156e-05
-0.00032231
-2.944e-05
-0.000289247
4.47608e-05
-0.000284801
8.81985e-05
-0.000312127
6.17944e-05
-0.000258181
-7.36577e-05
-0.000235135
-0.000116932
-0.000202639
-0.000239547
-0.000211859
-0.000157148
-0.000172922
-0.000172226
-0.000158081
-0.000166
-0.000158401
-0.000155981
-0.000149902
-0.000158924
-0.000121087
-0.000228675
-8.64289e-05
-0.000149306
-5.12091e-05
-9.2652e-05
-0.000104018
-0.000530803
6.63257e-05
-0.000551046
-2.14001e-05
-0.000560337
-2.99249e-05
-0.000538301
-5.14759e-05
-0.00051124
1.76999e-05
-0.000440792
1.77506e-05
-0.0003631
-1.58981e-05
-0.000311695
-0.000125063
-0.000268872
-0.000159755
-0.000274754
-0.000233665
-0.000283068
-0.000148835
-0.000215982
-0.000239312
-0.000176035
-0.000205947
-0.00014544
-0.000186576
-0.000107224
-0.00019714
-0.000103588
-0.000232311
-6.46779e-05
-0.000188216
-3.25091e-05
-0.000124821
-0.000136527
-0.00037599
-8.6106e-05
-0.000342711
-5.46795e-05
-0.000314234
-5.84015e-05
-0.000367355
1.64503e-06
-0.000324554
-2.51017e-05
-0.000270836
-3.5967e-05
-0.000213766
-7.29681e-05
-0.000199904
-0.000138925
-0.000247156
-0.000112503
-0.000269919
-0.000210901
-0.000152796
-0.000265958
-0.000185745
-0.000206363
-0.000170917
-0.000220775
-0.000144915
-0.000212578
-0.000124633
-0.000217422
-0.000109517
-0.000247426
-4.44409e-05
-0.000253293
-4.04943e-05
-0.000128767
-0.000177022
-0.000449564
-0.000127287
-0.000400489
-0.000103755
-0.000354912
-0.000103978
-0.000288723
-6.45439e-05
-0.000231951
-8.18744e-05
-0.000179355
-8.85623e-05
-0.000153316
-9.90071e-05
-0.000165783
-0.000126459
-0.000150754
-0.000127532
-0.000124347
-0.000237307
-0.000206258
-0.000184048
-0.0001861
-0.00022652
-0.000166853
-0.000240022
-8.63522e-05
-0.000293079
-0.000143595
-0.00016018
-0.000116816
-0.000274205
-0.000108978
-0.00026113
-1.42e-05
-0.000223546
-0.000191222
-0.00035253
-2.87791e-05
-0.000362128
-9.41566e-05
-0.000358957
-0.00010715
-0.000314083
-0.000109418
-0.00026979
-0.000126168
-0.000221506
-0.000136846
-0.000175582
-0.000144931
-0.000150706
-0.000151335
-0.000131721
-0.000146517
-0.000194499
-0.000174529
-0.000186988
-0.000191559
-0.000169281
-0.000244227
-0.000155342
-0.00025396
-0.000141917
-0.000306504
-3.41531e-05
-0.000267944
-9.0709e-05
-0.000217649
-7.89715e-05
-0.000272867
-5.19262e-05
-0.000250591
-0.000243148
-0.000252518
-0.000114335
-0.000192772
-0.000153902
-0.000205331
-9.4591e-05
-0.000227949
-8.67998e-05
-0.000227068
-0.000127048
-0.000213438
-0.000150476
-0.000218918
-0.00013945
-0.000170267
-0.000199985
-0.000112067
-0.000204718
-0.000128432
-0.000158164
-0.000126768
-0.000193224
-0.00013047
-0.000240525
-9.12301e-05
-0.0002932
-7.80597e-05
-0.000319674
-5.72757e-05
-0.000288728
-6.59535e-05
-0.000208971
-4.94827e-05
-0.000289338
-4.12985e-05
-0.000258775
-0.000284446
-0.000193034
-0.000229316
-0.000145596
-0.00020134
-0.000109992
-0.000130195
-7.62338e-05
-0.000120558
-8.53826e-05
-0.0001179
-0.000104024
-0.000131835
-7.46283e-05
-0.000168846
-0.000128942
-0.000145672
-0.000129072
-0.000204587
-0.000139404
-0.000147832
-0.000126021
-0.000206606
-9.71788e-05
-0.000269368
-0.000109896
-0.000280483
-0.00014962
-0.000279949
-0.00011975
-0.000318598
-2.84202e-05
-0.000300301
-3.02091e-05
-0.000287549
-1.50838e-05
-0.000273901
-0.00029953
-0.000215738
-0.000311107
-0.000153885
-0.000263193
-0.000129859
-0.000154222
-0.000122781
-0.000127636
-0.000124881
-0.000115799
-0.000125608
-0.000131108
-0.000135371
-0.000159083
-0.000111731
-0.000169312
-9.10872e-05
-0.000225231
-8.45691e-05
-0.000154351
-5.28297e-05
-0.000238345
-6.61004e-05
-0.000256097
-0.00010965
-0.000236934
-0.000128725
-0.000260875
-0.000119249
-0.000328073
-4.40397e-05
-0.000375511
-4.2189e-05
-0.0002894
-1.20439e-05
-0.000304046
-0.000311574
9.71428e-05
-0.000282392
9.69506e-05
-0.000263001
9.27075e-05
-0.000149979
9.42481e-05
-0.000129177
5.82988e-05
-7.98502e-05
5.39257e-05
-0.000126735
4.73623e-05
-0.00015252
1.65649e-05
-0.000138514
-3.71397e-05
-0.000171527
-1.55201e-05
-0.00017597
2.04443e-05
-0.000274309
4.86518e-05
-0.000284305
7.53596e-05
-0.000263641
2.6798e-05
-0.000212313
-1.10254e-05
-0.00029025
-9.33927e-05
-0.000293144
-3.91602e-05
-0.000343632
-1.57409e-05
-0.000327465
-0.000327315
0.000195119
-0.000179376
0.000177661
-0.000245542
0.000134599
-0.000106916
0.000126635
-0.000121213
0.000112413
-6.5628e-05
9.49345e-05
-0.000109257
5.59604e-05
-0.000113546
9.01941e-05
-0.000172748
4.94601e-05
-0.000130792
3.5979e-05
-0.000162489
4.22074e-05
-0.000280538
3.54915e-05
-0.000277589
7.36671e-05
-0.000301817
0.000123464
-0.00026211
1.79403e-05
-0.000184726
-2.87584e-05
-0.000246445
-2.20076e-05
-0.000350383
-1.29189e-05
-0.000336554
-0.000340234
0.000277105
-0.000131603
0.000125426
-9.38634e-05
9.7055e-05
-7.85456e-05
0.000104396
-0.000128554
0.000169729
-0.000130961
0.000136934
-7.64625e-05
9.62859e-05
-7.2897e-05
7.57464e-05
-0.000152209
7.34055e-05
-0.000128452
5.87564e-05
-0.00014784
4.0921e-05
-0.000262702
5.10714e-05
-0.000287739
6.102e-05
-0.000311766
0.000103639
-0.00030473
0.000127471
-0.000208557
8.96361e-05
-0.000208611
2.86857e-05
-0.000289433
-5.35531e-06
-0.000302513
-0.000345589
0.000152551
-5.43225e-05
0.00014626
-8.75725e-05
0.000208907
-0.000141192
0.000181528
-0.000101175
0.000153935
-0.000103368
0.000149295
-7.18227e-05
0.000193719
-0.000117321
0.000150706
-0.000109195
0.000130373
-0.000108119
0.000154564
-0.000172031
0.000124483
-0.000232621
8.08817e-05
-0.000244138
5.01952e-05
-0.000281079
5.76487e-05
-0.000312184
6.9e-05
-0.000219908
7.46813e-05
-0.000214292
4.17622e-05
-0.000256514
7.43364e-06
-0.000268184
-0.000338156
0.000141664
-1.29196e-05
0.000128836
-7.47437e-05
8.46982e-05
-9.7055e-05
9.7874e-05
-0.000114351
0.000105325
-0.00011082
0.000162163
-0.000128661
0.000156539
-0.000111697
0.000191736
-0.000144392
0.000178658
-9.50417e-05
0.000156114
-0.000149486
0.000141062
-0.000217569
0.000125234
-0.00022831
5.93026e-05
-0.000215148
3.33127e-05
-0.000286194
4.31526e-06
-0.000190911
-3.32182e-06
-0.000206655
-1.25698e-05
-0.000247266
-1.03214e-05
-0.000270433
-0.000348477
0.000195903
-8.92743e-06
0.000204187
-8.30276e-05
0.000178111
-7.09793e-05
0.000173335
-0.000109575
0.00016485
-0.000102335
0.000135541
-9.93508e-05
0.000136523
-0.00011268
0.000110701
-0.00011857
0.000116074
-0.000100415
8.61838e-05
-0.000119596
8.50697e-05
-0.000216455
7.35971e-05
-0.000216838
5.00185e-05
-0.00019157
1.50731e-05
-0.000251248
-1.39009e-05
-0.000161937
-2.26279e-05
-0.000197928
-4.89002e-05
-0.000220993
-3.69393e-05
-0.000282393
-0.000385416
0.000191657
-5.97594e-05
0.00016387
-5.52415e-05
0.000191139
-9.82475e-05
0.000163772
-8.22077e-05
0.000130227
-6.87905e-05
0.000158572
-0.000127696
0.000133075
-8.71827e-05
8.99514e-05
-7.5447e-05
9.33763e-05
-0.00010384
0.00014221
-0.00016843
9.74151e-05
-0.00017166
8.62864e-05
-0.000205709
0.000116245
-0.000221528
2.72042e-05
-0.000162208
2.327e-05
-0.000158003
-4.35829e-05
-0.000131075
-3.30223e-05
-0.000231554
-3.26686e-05
-0.000282747
-0.000418085
0.000153853
-3.98245e-05
0.000145023
-4.64113e-05
8.7945e-05
-4.11697e-05
9.63606e-05
-9.06233e-05
0.000140884
-0.000113314
0.000135123
-0.000121935
0.000135212
-8.72711e-05
0.000183906
-0.000124141
0.000171526
-9.14601e-05
0.000125371
-0.000122275
7.08531e-05
-0.000117141
6.52903e-05
-0.000200146
7.90119e-05
-0.00023525
6.36551e-05
-0.000146851
4.79531e-05
-0.000142301
5.82869e-05
-0.000141409
-2.8043e-05
-0.000145224
-2.6397e-05
-0.000284393
-0.000444482
0.000153828
-3.90274e-05
0.00016107
-5.36534e-05
0.000162285
-4.23847e-05
0.00015693
-8.52684e-05
0.000111863
-6.82475e-05
5.88272e-05
-6.8899e-05
7.93245e-05
-0.000107768
7.65678e-05
-0.000121385
0.000126344
-0.000141236
0.000107418
-0.000103349
0.000142903
-0.000152627
5.87613e-05
-0.000116004
4.25651e-05
-0.000219054
9.39775e-05
-0.000198263
6.04389e-05
-0.000108763
5.46255e-05
-0.000135596
3.45579e-05
-0.000125157
-2.24269e-06
-0.000247593
-0.000446725
0.000138908
-3.81471e-05
0.000134232
-4.89773e-05
0.00013241
-4.05629e-05
0.000127984
-8.08423e-05
0.00011727
-5.75329e-05
0.000136874
-8.85033e-05
0.000131705
-0.000102599
0.000126989
-0.000116669
0.000121688
-0.000135936
0.000108497
-9.0158e-05
0.000104029
-0.000148159
9.16356e-05
-0.000103611
5.41763e-05
-0.000181595
4.43482e-05
-0.000188435
9.7635e-05
-0.000162049
7.48764e-05
-0.000112837
6.89796e-05
-0.00011926
1.27046e-05
-0.000191318
-0.00043402
0.000119437
-3.90894e-05
0.000120332
-4.98724e-05
0.000141602
-6.18333e-05
0.000120204
-5.94442e-05
0.000112915
-5.02439e-05
0.000111401
-8.6989e-05
0.000112719
-0.000103917
0.0001158
-0.00011975
5.90894e-05
-7.92252e-05
0.000128692
-0.00015976
9.6979e-05
-0.000116447
0.00010329
-0.000109921
4.76072e-05
-0.000125912
5.28401e-05
-0.000193668
7.4677e-05
-0.000183886
6.21856e-05
-0.000100346
6.63579e-05
-0.000123432
1.946e-05
-0.00014442
-0.00041456
0.000103042
-3.11569e-05
9.35651e-05
-4.03954e-05
6.07938e-05
-2.9062e-05
7.48805e-05
-7.3531e-05
0.000125992
-0.000101356
9.97565e-05
-6.07532e-05
9.73265e-05
-0.000101487
4.67185e-05
-6.91417e-05
0.000105057
-0.000137564
4.46831e-05
-9.93862e-05
3.9087e-05
-0.00011085
4.63696e-05
-0.000117204
0.000118869
-0.000198412
4.97582e-05
-0.000124557
4.73252e-05
-0.000181453
5.79618e-05
-0.000110982
5.52738e-05
-0.000120744
1.73659e-05
-0.000106512
-0.000397194
0.000108301
-4.58288e-05
9.10386e-05
-2.31328e-05
0.000101627
-3.96507e-05
5.78796e-05
-2.97833e-05
5.36499e-05
-9.7126e-05
0.000102238
-0.000109341
6.89835e-05
-6.82331e-05
6.50547e-05
-6.5213e-05
5.85611e-05
-0.00013107
8.67385e-05
-0.000127564
8.48831e-05
-0.000108995
8.11573e-05
-0.000113478
5.69527e-05
-0.000174207
5.10673e-05
-0.000118672
5.20652e-05
-0.000182451
6.38494e-05
-0.000122767
6.99488e-05
-0.000126843
1.63703e-05
-5.29334e-05
-0.000380824
5.5216e-05
-2.08372e-05
8.22512e-05
-5.0168e-05
6.96381e-05
-2.70376e-05
8.34998e-05
-4.3645e-05
4.76305e-05
-6.12568e-05
3.70199e-05
-9.87303e-05
7.00773e-05
-0.00010129
6.96654e-05
-6.48012e-05
5.8253e-05
-0.000119658
1.36151e-05
-8.29258e-05
3.70867e-05
-0.000132467
5.81021e-05
-0.000134494
5.1313e-05
-0.000167418
0.000109988
-0.000177347
4.90507e-05
-0.000121514
5.5457e-05
-0.000129173
6.40168e-05
-0.000135403
0.00012663
-0.000115547
-0.000254193
5.08802e-05
-1.18641e-06
4.4101e-05
-4.33887e-05
7.64499e-05
-5.93865e-05
6.56133e-05
-3.28085e-05
6.5192e-05
-6.08355e-05
3.6559e-05
-7.00972e-05
2.3679e-05
-8.84105e-05
4.38666e-05
-8.49887e-05
2.30943e-05
-9.88856e-05
5.95481e-05
-0.00011938
4.14259e-05
-0.000114344
4.31273e-05
-0.000136195
5.87954e-05
-0.000183086
6.02628e-05
-0.000178814
4.91044e-05
-0.000110356
5.45146e-05
-0.000134583
6.55814e-05
-0.00014647
3.26261e-05
-8.25917e-05
-0.000221567
7.26249e-05
-6.68027e-06
6.64134e-05
-3.71772e-05
3.3813e-05
-2.67862e-05
6.70024e-05
-6.59979e-05
6.54687e-05
-5.93018e-05
3.36123e-05
-3.82408e-05
3.09604e-05
-8.57587e-05
4.28008e-05
-9.6829e-05
4.68143e-05
-0.000102899
4.76271e-05
-0.000120192
5.64635e-05
-0.000123181
6.48062e-05
-0.000144538
5.64845e-05
-0.000174764
5.73747e-05
-0.000179704
5.09861e-05
-0.000103967
4.00164e-05
-0.000123614
3.06736e-05
-0.000137127
4.3408e-05
-9.53262e-05
-0.000178159
5.6299e-05
-9.23148e-06
5.54684e-05
-3.63465e-05
6.31214e-05
-3.44393e-05
3.06143e-05
-3.34908e-05
2.98018e-05
-5.84893e-05
6.48092e-05
-7.32482e-05
3.92074e-05
-6.01568e-05
4.58265e-05
-0.000103448
1.92896e-05
-7.63622e-05
2.47844e-05
-0.000125687
3.06301e-05
-0.000129027
3.13732e-05
-0.000145281
3.16285e-05
-0.00017502
1.10795e-05
-0.000159155
3.50229e-05
-0.000127911
1.65299e-05
-0.000105121
5.07671e-05
-0.000171364
3.57042e-05
-8.02633e-05
-0.000142455
4.82356e-05
-1.14079e-05
2.49882e-05
-1.3099e-05
2.5565e-05
-3.5016e-05
3.17148e-05
-3.96405e-05
4.33018e-05
-7.00763e-05
1.77541e-05
-4.77004e-05
4.64281e-05
-8.88309e-05
1.35741e-05
-7.05942e-05
5.07376e-05
-0.000113526
6.09044e-05
-0.000135854
2.24163e-05
-9.05385e-05
2.64129e-05
-0.000149277
2.194e-05
-0.000170547
1.13833e-05
-0.000148599
4.75945e-06
-0.000121287
3.78381e-05
-0.000138199
2.64435e-05
-0.00015997
3.28198e-05
-8.66396e-05
-0.000109635
4.23688e-05
-1.69053e-05
4.14721e-05
-1.22024e-05
3.9745e-05
-3.3289e-05
3.84922e-05
-3.83877e-05
1.48334e-05
-4.64175e-05
3.72893e-05
-7.01563e-05
9.61917e-06
-6.11607e-05
3.01153e-05
-9.10903e-05
3.10509e-05
-0.000114461
2.04365e-05
-0.00012524
5.79975e-05
-0.000128099
5.72718e-05
-0.000148552
6.34216e-05
-0.000176697
2.17209e-05
-0.000106898
3.63745e-06
-0.000103203
2.2665e-05
-0.000157227
4.04651e-05
-0.00017777
3.18596e-05
-7.80342e-05
-7.77757e-05
1.89517e-05
-6.47557e-06
1.96216e-05
-1.28722e-05
2.25426e-05
-3.621e-05
1.11501e-05
-2.69952e-05
2.25946e-05
-5.78619e-05
1.24386e-05
-6.00003e-05
3.4899e-05
-8.36211e-05
2.74447e-05
-8.3636e-05
2.20436e-05
-0.00010906
2.47631e-05
-0.000127959
1.97224e-05
-0.000123059
2.76413e-05
-0.000156471
3.27978e-05
-0.000181853
2.44956e-05
-9.85957e-05
2.03121e-05
-9.90198e-05
3.88905e-05
-0.000175805
4.05734e-05
-0.000179453
3.51195e-05
-7.25802e-05
-4.26562e-05
1.762e-05
-1.05985e-05
2.70559e-05
-2.23081e-05
1.55606e-05
-2.47148e-05
1.71995e-05
-2.86341e-05
1.09342e-05
-5.15966e-05
2.07673e-05
-6.98335e-05
1.72785e-05
-8.01322e-05
2.34419e-05
-8.97993e-05
1.78633e-05
-0.000103482
1.49346e-05
-0.00012503
3.00017e-05
-0.000138126
2.87276e-05
-0.000155197
3.35836e-05
-0.000186709
3.35953e-05
-9.86073e-05
5.01734e-05
-0.000115598
5.99179e-06
-0.000131624
1.61387e-05
-0.0001896
5.45081e-05
-0.00011095
1.18519e-05
9.94804e-06
-5.12764e-06
1.39567e-05
-2.63167e-05
1.23696e-05
-2.31277e-05
1.13325e-05
-2.7597e-05
2.86932e-05
-6.89572e-05
1.08967e-05
-5.20371e-05
3.23729e-05
-0.000101608
1.16705e-05
-6.90969e-05
2.75766e-05
-0.000119388
3.51144e-05
-0.000132568
5.25251e-06
-0.000108264
5.88477e-06
-0.000155829
7.48862e-06
-0.000188313
2.33387e-05
-0.000114457
4.06278e-05
-0.000132887
5.3027e-05
-0.000144023
1.79167e-05
-0.000154489
4.43301e-05
-0.000137363
5.6182e-05
6.99229e-06
2.15808e-06
6.24187e-06
1.41865e-05
4.01885e-06
1.81774e-05
4.40434e-06
2.97113e-05
1.49057e-05
-2.13781e-06
2.86263e-05
5.81431e-06
-3.53737e-05
-1.05622e-05
2.86488e-06
9.60175e-06
4.09466e-05
9.18864e-05
)
;

boundaryField
{
    leftWall
    {
        type            calculated;
        value           uniform 0;
    }
    rightWall
    {
        type            calculated;
        value           uniform 0;
    }
    lowerWall
    {
        type            calculated;
        value           uniform 0;
    }
    atmosphere
    {
        type            calculated;
        value           nonuniform List<scalar> 
46
(
0.000114072
0.000110311
0.00011297
0.000108933
0.000103226
0.00010517
9.38212e-05
9.21046e-05
9.08986e-05
8.10487e-05
8.47483e-05
7.0477e-05
7.6675e-05
6.72352e-05
6.83101e-05
5.81964e-05
5.69598e-05
5.13926e-05
3.70969e-05
3.85855e-05
2.56019e-05
2.57912e-05
1.47528e-05
6.70789e-06
1.05756e-06
2.29996e-06
-1.59166e-07
-5.15695e-06
-2.14825e-05
-2.72114e-05
-3.55417e-05
-5.87896e-05
-6.61956e-05
-8.78354e-05
-9.44038e-05
-0.000104582
-0.000115525
-0.000139028
-0.000133017
-0.000147125
-0.000139269
-0.000146314
-0.00015076
-0.000185834
-0.000188303
0.000148068
)
;
    }
    defaultFaces
    {
        type            empty;
    }
}


// ************************************************************************* //
