/*--------------------------------*- C++ -*----------------------------------*\
| =========                 |                                                 |
| \\      /  F ield         | foam-extend: Open Source CFD                    |
|  \\    /   O peration     | Version:     4.1                                |
|   \\  /    A nd           | Web:         http://www.foam-extend.org         |
|    \\/     M anipulation  |                                                 |
\*---------------------------------------------------------------------------*/
FoamFile
{
    version     2.0;
    format      ascii;
    class       volVectorField;
    location    "0.8";
    object      U_0;
}
// * * * * * * * * * * * * * * * * * * * * * * * * * * * * * * * * * * * * * //

dimensions      [0 1 -1 0 0 0 0];

internalField   nonuniform List<vector> 
2268
(
(0.0161629 -0.0434376 0)
(0.330857 0.0222573 0)
(-0.338844 0.0810942 0)
(-0.262113 -0.0658474 0)
(-0.0877854 -0.0128222 0)
(-0.293617 -0.0122013 0)
(-0.013677 -0.132174 0)
(0.177094 -0.043513 0)
(0.185002 0.0376074 0)
(-0.121911 0.0513911 0)
(-0.105369 0.044401 0)
(-0.152842 -0.0179994 0)
(0.00554408 -0.0119741 0)
(0.0440406 -0.000260258 0)
(0.0395081 -0.002845 0)
(0.0586457 -0.00928137 0)
(0.0926123 -0.00399001 0)
(0.0818546 0.0372842 0)
(0.0343928 -0.000166746 0)
(0.0209915 -0.0167626 0)
(0.0324004 -0.0216794 0)
(0.0286534 0.00746194 0)
(-0.0215967 -0.0121148 0)
(-0.103559 -0.03974 0)
(0.26006 0.0627849 0)
(-0.128445 0.200682 0)
(-0.0785082 -0.0686338 0)
(0.118148 -0.0615396 0)
(0.101352 0.0679834 0)
(0.0828968 -0.108777 0)
(-0.0727205 -0.0384469 0)
(-0.0698585 0.0950911 0)
(-0.224421 0.0485087 0)
(-0.103927 0.0426923 0)
(-0.182314 -0.0527769 0)
(0.000483116 -0.0586342 0)
(0.0445545 -0.0215939 0)
(0.0477831 -0.00776126 0)
(0.0607396 -0.0143591 0)
(0.0915697 -0.0072607 0)
(0.0797478 0.0174811 0)
(0.078374 0.00150203 0)
(0.0953839 0.0319605 0)
(0.0585412 -0.0112126 0)
(0.044017 0.0184503 0)
(0.0513144 0.0197332 0)
(-0.169045 -0.0753317 0)
(-0.0200786 -0.0304288 0)
(-0.105589 0.229609 0)
(0.0343217 -0.14185 0)
(0.0864999 -0.104778 0)
(0.109035 0.0745643 0)
(0.0942272 -0.0848291 0)
(-0.220731 -0.00162561 0)
(-0.147968 0.130421 0)
(-0.192218 0.0171684 0)
(-0.0847501 0.053345 0)
(-0.204496 -0.0944741 0)
(-0.0484629 -0.0853478 0)
(0.0166723 -0.0397704 0)
(0.0217608 -0.0283177 0)
(0.0611269 -0.0274438 0)
(0.0833432 0.0232985 0)
(0.0663655 0.0107027 0)
(0.0819077 0.025186 0)
(0.0947292 0.00502395 0)
(0.0532234 -0.0161496 0)
(0.0472322 0.0093831 0)
(0.046648 0.0274634 0)
(-0.345395 0.0187043 0)
(-0.159464 0.0856556 0)
(-0.0332798 0.189733 0)
(0.164894 -0.140153 0)
(0.0734011 -0.126242 0)
(0.117617 0.0649263 0)
(0.0650675 0.0072233 0)
(-0.295451 0.0208392 0)
(-0.285729 0.17415 0)
(-0.0481553 -0.0711366 0)
(0.123105 0.10572 0)
(-0.181433 -0.132114 0)
(-0.0858987 -0.113774 0)
(-0.0449433 -0.0593407 0)
(-0.0163677 -0.0195556 0)
(0.0298954 -0.0428301 0)
(0.0854943 0.00425108 0)
(0.0557004 0.018954 0)
(0.076321 0.0290791 0)
(0.0823812 -0.00764194 0)
(0.0540618 0.0032348 0)
(0.0515491 0.0199571 0)
(0.0450253 0.0691852 0)
(-0.37733 0.0826817 0)
(-0.125283 -0.122154 0)
(0.0687814 0.0880949 0)
(0.168762 -0.136791 0)
(-0.0812062 -0.133018 0)
(-0.00894416 0.112375 0)
(0.0430956 0.0492018 0)
(-0.19629 0.093355 0)
(-0.265733 0.167701 0)
(-0.0689642 -0.241915 0)
(0.0856613 0.130628 0)
(-0.135876 -0.0844756 0)
(-0.0728189 -0.155848 0)
(-0.0655059 -0.0486378 0)
(-0.0590087 -0.0970799 0)
(-0.00281527 -0.077327 0)
(0.0602567 -0.00612836 0)
(0.0355582 0.0189631 0)
(0.0584917 0.0434093 0)
(0.0616899 -0.0241063 0)
(0.0578617 0.00786106 0)
(0.0757718 0.0178854 0)
(0.0514805 0.0653318 0)
(-0.0980214 0.106421 0)
(0.279165 -0.081184 0)
(0.232693 0.0215321 0)
(0.224222 -0.152197 0)
(0.13322 -0.11101 0)
(0.025268 0.0725309 0)
(0.106413 0.0997452 0)
(-0.00254129 0.137703 0)
(-0.028377 0.132478 0)
(-0.263996 -0.20581 0)
(-0.177599 0.166229 0)
(-0.10351 -0.0278094 0)
(-0.0730609 -0.18289 0)
(-0.0767945 -0.102139 0)
(-0.087537 -0.0733686 0)
(0.0161711 -0.0927599 0)
(0.0794661 -0.0174088 0)
(0.0388074 0.0750581 0)
(0.0263694 0.038539 0)
(0.0485051 -0.0253674 0)
(0.0644029 -0.00576417 0)
(0.0801848 0.055469 0)
(0.0356542 0.158844 0)
(-0.127981 0.0426527 0)
(0.0798586 -0.161704 0)
(0.204933 0.09359 0)
(0.197582 -0.037305 0)
(-0.0692151 -0.0157173 0)
(-0.122411 0.107325 0)
(0.051061 0.111212 0)
(0.0102208 0.172629 0)
(0.155352 0.250737 0)
(-0.365219 -0.11907 0)
(-0.477637 -0.0300264 0)
(-0.197372 -0.0245332 0)
(-0.0811704 -0.135241 0)
(-0.0204632 -0.0873698 0)
(-0.0497746 -0.0644655 0)
(0.0261619 -0.137001 0)
(0.0900653 -0.0655193 0)
(0.0516445 0.0678322 0)
(-0.00231661 0.0341057 0)
(0.050635 -0.0666579 0)
(0.118617 -0.0759687 0)
(0.18461 0.0927747 0)
(0.062254 0.23708 0)
(0.0203317 0.0626757 0)
(0.267286 -0.145876 0)
(0.302536 0.0254675 0)
(0.248047 -0.0393493 0)
(0.29646 0.0193754 0)
(0.118539 0.113096 0)
(-0.0765567 0.0162116 0)
(0.0310762 0.103562 0)
(0.328275 0.234997 0)
(0.149145 0.0554425 0)
(-0.222809 -0.0231051 0)
(-0.0582345 -0.138061 0)
(-0.0524416 -0.2604 0)
(-0.0709998 -0.0585517 0)
(-0.0390975 -0.175284 0)
(0.0467691 -0.145851 0)
(-0.00360721 -0.0667488 0)
(-0.0235927 0.0829781 0)
(-0.0914827 0.0219975 0)
(-0.00823267 -0.102781 0)
(0.0970847 -0.108032 0)
(0.301645 -0.0152143 0)
(0.0472349 0.167933 0)
(-0.477535 0.130025 0)
(-0.529532 0.0112606 0)
(-0.751676 0.0597662 0)
(-0.947285 0.0507078 0)
(-0.975779 -0.0532318 0)
(-0.906454 -0.0148996 0)
(-0.920908 0.0263998 0)
(-1.03541 -0.149158 0)
(-1.12876 -0.0759339 0)
(-0.902566 -0.130562 0)
(-0.840119 -0.000664765 0)
(-0.884993 0.16477 0)
(-0.892886 -0.0345527 0)
(-0.979619 0.0554931 0)
(-1.13411 0.0556125 0)
(-1.08131 -0.0945058 0)
(-1.07395 -0.104578 0)
(-0.963816 0.0986756 0)
(-0.19202 -0.161829 0)
(-0.418259 0.34486 0)
(-0.514059 0.110755 0)
(-0.678617 0.0955026 0)
(-0.897801 0.0358277 0)
(-0.923551 0.0192061 0)
(-0.745903 0.022778 0)
(-0.953538 -0.0340124 0)
(-1.08148 -0.135338 0)
(-1.16167 -0.00641783 0)
(-0.960051 0.0706403 0)
(-0.885146 0.0277456 0)
(-0.993981 0.142199 0)
(-0.993409 0.128155 0)
(-0.911326 0.0667547 0)
(-1.08829 -0.00318445 0)
(-0.897485 0.0148918 0)
(-0.779656 -0.272686 0)
(-0.685226 -0.0650112 0)
(-0.18134 -0.371716 0)
(-0.534195 0.806867 0)
(-0.403438 0.314076 0)
(-0.318249 0.159081 0)
(-0.759563 -0.100855 0)
(-0.854454 0.207007 0)
(-0.722304 -0.0228545 0)
(-0.850091 -0.160974 0)
(-0.966215 -0.0972312 0)
(-0.991397 -0.0509351 0)
(-0.941005 0.125691 0)
(-0.86358 -0.0525229 0)
(-0.905671 0.0122959 0)
(-0.91954 0.220028 0)
(-0.869725 -0.0549594 0)
(-0.884316 -0.145521 0)
(-0.863965 0.00171423 0)
(-0.707807 -0.328869 0)
(-0.408118 -0.182473 0)
(0.0396441 -0.490325 0)
(-0.491077 0.89414 0)
(-0.351198 0.633677 0)
(-0.459672 0.195716 0)
(-0.767929 0.159811 0)
(-0.847663 0.259617 0)
(-0.777597 0.0614162 0)
(-0.853205 -0.130197 0)
(-0.915548 -0.235362 0)
(-0.906856 -0.00728339 0)
(-0.794466 0.00547126 0)
(-0.772957 0.048623 0)
(-0.700507 0.0692885 0)
(-0.855401 0.147162 0)
(-0.783725 0.070299 0)
(-0.68184 -0.0820849 0)
(-0.698919 -0.0251055 0)
(-0.61053 -0.209168 0)
(-0.364478 -0.30768 0)
(0.0980724 -0.563284 0)
(-0.47536 1.12425 0)
(-0.316322 0.684357 0)
(-0.436299 0.183567 0)
(-0.620187 0.0605049 0)
(-0.69593 0.138414 0)
(-0.615604 0.255309 0)
(-0.508131 -0.0800332 0)
(-0.613622 -0.199185 0)
(-0.744809 0.121397 0)
(-0.685358 -0.119045 0)
(-0.559542 0.150476 0)
(-0.344177 0.0425851 0)
(-0.595735 0.0682651 0)
(-0.681246 0.12239 0)
(-0.444438 -0.304578 0)
(-0.233308 -0.409656 0)
(-0.285612 -0.481669 0)
(-0.237087 -0.327137 0)
(0.120359 -0.60491 0)
(-0.454886 1.21509 0)
(-0.272321 0.841268 0)
(-0.301798 0.2386 0)
(-0.328277 0.0807243 0)
(-0.423209 0.27189 0)
(-0.158059 0.300596 0)
(-0.0286351 -0.261909 0)
(-0.278082 -0.114311 0)
(-0.0226998 -0.138356 0)
(-0.385096 0.11754 0)
(-0.391623 0.023438 0)
(-0.230296 0.0664581 0)
(-0.219066 0.162928 0)
(-0.0134852 -0.155019 0)
(-0.293477 0.00552705 0)
(0.101066 -0.293287 0)
(-0.194227 -0.616167 0)
(-0.0409164 -0.461726 0)
(0.166654 -0.59408 0)
(-0.440718 1.43371 0)
(-0.286441 0.826546 0)
(-0.242892 0.253716 0)
(-0.0600676 0.106374 0)
(-0.164813 0.330447 0)
(0.0658806 0.0011551 0)
(0.128863 -0.380477 0)
(0.137646 -0.244827 0)
(0.157632 0.175191 0)
(-0.0903556 -0.0355193 0)
(-0.146988 0.160917 0)
(-0.154496 0.0216467 0)
(-0.158436 -0.00611784 0)
(0.186352 -0.0290045 0)
(0.173952 -0.171428 0)
(0.206904 -0.197619 0)
(-0.018863 -0.277025 0)
(0.0846475 -0.474075 0)
(0.178962 -0.563674 0)
(-0.494631 1.41665 0)
(-0.474714 0.504434 0)
(-0.243768 0.180561 0)
(-0.0712229 0.114123 0)
(-0.0532095 0.250475 0)
(0.114003 0.0253196 0)
(0.197708 -0.209839 0)
(0.114884 -0.196121 0)
(0.247389 0.181439 0)
(0.00727469 0.127454 0)
(-0.00141415 0.141417 0)
(0.0429153 0.0796955 0)
(-0.0440773 0.0204116 0)
(0.132382 -0.103255 0)
(0.338275 -0.198908 0)
(0.278084 -0.268454 0)
(0.0655388 -0.166818 0)
(0.268535 -0.497669 0)
(0.227181 -0.52429 0)
(-0.0349567 -0.161627 0)
(0.0942084 -0.203589 0)
(0.129842 -0.0900464 0)
(0.12321 -0.0153816 0)
(-0.217882 0.168281 0)
(0.084887 0.236132 0)
(-0.16447 0.0840824 0)
(-0.100157 0.0830552 0)
(-0.0351384 0.194878 0)
(-0.134204 0.21875 0)
(-0.294007 -0.0662942 0)
(-0.126326 -0.219581 0)
(0.0419888 -0.444269 0)
(0.00219232 -0.098893 0)
(-0.00169037 -0.168504 0)
(-0.0294384 -0.138438 0)
(-0.138632 0.0678618 0)
(-0.0761438 0.108686 0)
(-0.105649 0.00247902 0)
(-0.0297847 -0.0518609 0)
(-0.230151 -0.0727055 0)
(-0.363075 0.172899 0)
(-0.180571 0.421426 0)
(-0.0424596 0.025852 0)
(-0.0380654 -0.353617 0)
(0.00979389 0.0446077 0)
(-0.126848 0.224908 0)
(-0.160843 0.145711 0)
(-0.0205808 0.213891 0)
(-0.056967 0.0787088 0)
(0.0586621 0.101124 0)
(0.0825209 0.272598 0)
(-0.0326993 0.30935 0)
(0.210043 -0.156719 0)
(-0.00903859 -0.132129 0)
(0.120302 -0.381988 0)
(0.221039 -0.0198207 0)
(-0.0907736 -0.0105875 0)
(-0.153732 -0.156254 0)
(-0.189403 -0.0546511 0)
(-0.193277 0.0534941 0)
(-0.330479 0.0329871 0)
(-0.415052 -0.00348864 0)
(-0.397004 -0.0396177 0)
(-0.712066 0.121129 0)
(-0.731015 0.376453 0)
(0.241378 -0.00861468 0)
(-0.164576 -0.229468 0)
(-0.141652 0.0488129 0)
(-0.250195 0.148325 0)
(-0.220731 -0.0701783 0)
(-0.104368 0.03104 0)
(0.0244421 -0.020308 0)
(-0.0678644 0.0488455 0)
(-0.0654402 0.159333 0)
(0.180733 0.171337 0)
(0.246578 -0.0944224 0)
(0.133406 -0.072732 0)
(-0.0431867 -0.33642 0)
(-0.0581246 0.188651 0)
(0.0385095 0.155985 0)
(0.0108721 0.141747 0)
(-0.317078 0.115135 0)
(-0.33874 0.227359 0)
(-0.489328 0.17177 0)
(-0.516608 0.0379446 0)
(-0.526905 0.0673049 0)
(-0.68082 0.138665 0)
(-0.66788 0.42546 0)
(-0.160202 -0.0416056 0)
(-0.24934 0.0314639 0)
(-0.257404 0.304099 0)
(-0.216582 0.282675 0)
(-0.0517978 -0.168718 0)
(-0.135654 -0.0138907 0)
(-0.0922472 0.0972187 0)
(-0.32733 0.114632 0)
(-0.344863 -0.0617388 0)
(0.179515 -0.093681 0)
(0.253749 -0.1803 0)
(0.224742 0.145156 0)
(-0.030961 -0.263156 0)
(-0.070531 0.0966403 0)
(0.0163128 -0.074646 0)
(0.0429046 0.19921 0)
(-0.108428 0.254754 0)
(-0.213893 0.231345 0)
(-0.482211 0.223486 0)
(-0.49152 0.101655 0)
(-0.373603 0.121307 0)
(-0.573125 0.155826 0)
(-0.66401 0.224969 0)
(0.00671493 0.366607 0)
(-0.123192 -0.12336 0)
(-0.0799774 -0.039636 0)
(0.0116298 0.212564 0)
(0.20057 -0.132899 0)
(-0.12496 -0.0341637 0)
(0.113927 0.220073 0)
(0.0481401 0.129736 0)
(0.199343 0.00291727 0)
(0.404302 -0.214114 0)
(0.139663 -0.195617 0)
(-0.0262968 0.275538 0)
(-0.41509 -0.204005 0)
(-0.407317 0.0528707 0)
(-0.205893 -0.0432973 0)
(-0.116457 0.280923 0)
(-0.10489 0.375611 0)
(-0.103365 0.287525 0)
(-0.255032 0.348154 0)
(-0.254667 0.326682 0)
(-0.242404 0.335827 0)
(-0.523376 0.348321 0)
(-0.594516 0.0528202 0)
(0.0436423 0.271506 0)
(-0.0366878 0.128737 0)
(-0.112418 -0.0196746 0)
(-0.059683 -0.21663 0)
(-0.0224973 -0.0747729 0)
(-0.103393 0.0241663 0)
(-0.0491284 0.0554842 0)
(-0.101569 0.0215733 0)
(0.0689748 -0.183874 0)
(-0.190586 -0.317901 0)
(-0.269095 0.322412 0)
(0.0404304 0.652095 0)
(0.151204 0.160813 0)
(-0.306047 -0.337297 0)
(-0.204363 -0.0899498 0)
(-0.359449 0.213369 0)
(-0.0978685 0.305002 0)
(-0.0958021 0.394694 0)
(-0.187735 0.663015 0)
(-0.23208 0.531209 0)
(-0.273261 0.365429 0)
(-0.358977 0.556737 0)
(-0.300498 0.106741 0)
(0.0434197 0.224545 0)
(-0.0881057 0.0691288 0)
(-0.0870403 -0.0331365 0)
(-0.111926 0.0974486 0)
(-0.122855 0.00867001 0)
(-0.096081 -0.00300149 0)
(0.0040048 0.0811808 0)
(-0.161965 -0.0659869 0)
(-0.0254454 -0.114478 0)
(-0.109989 -0.0620985 0)
(-0.173692 -0.104182 0)
(-0.0152141 0.306061 0)
(-0.0349417 0.1152 0)
(-0.166658 -0.128065 0)
(-0.231258 0.0529409 0)
(-0.378945 0.188578 0)
(-0.272581 0.299485 0)
(-0.283026 0.44027 0)
(-0.2355 0.603372 0)
(-0.265052 0.492764 0)
(-0.355944 0.40951 0)
(-0.216411 0.421617 0)
(-0.0184988 -0.118479 0)
(-0.0391944 0.250214 0)
(-0.0451062 0.0492404 0)
(-0.187654 -0.0261854 0)
(-0.22108 -0.123701 0)
(-0.0597352 -0.0456932 0)
(-0.0930075 -0.0639022 0)
(0.0227984 0.15974 0)
(-0.00759061 0.0502951 0)
(-0.0843124 -0.162393 0)
(-0.186053 -0.0750813 0)
(-0.376354 0.13352 0)
(-0.259143 0.117314 0)
(-0.294146 0.211167 0)
(-0.537652 0.146887 0)
(-0.595117 0.144018 0)
(-0.612536 0.110261 0)
(-0.572684 0.210378 0)
(-0.721081 0.322218 0)
(-0.699083 0.377505 0)
(-0.509796 0.327085 0)
(-0.430913 0.29726 0)
(-0.281401 0.00848298 0)
(-0.331358 -0.0321445 0)
(-0.0192297 0.348941 0)
(0.106483 0.252416 0)
(-0.0881879 -0.0310845 0)
(-0.0860095 -0.0197483 0)
(-0.0789824 -0.0319835 0)
(-0.168618 -0.0517588 0)
(-0.157098 0.0962895 0)
(-0.284457 0.137361 0)
(-0.382251 0.0853382 0)
(-0.805811 0.255959 0)
(-0.91462 0.176482 0)
(-0.970219 0.23755 0)
(-0.913883 0.316071 0)
(-0.888336 0.174744 0)
(-0.874876 0.198217 0)
(-1.02419 0.184888 0)
(-1.15731 0.285373 0)
(-1.3736 0.396975 0)
(-1.30038 0.641239 0)
(-0.970024 0.453444 0)
(-0.831473 0.14907 0)
(-0.667301 0.0437479 0)
(-0.68836 -0.0539034 0)
(-0.0781894 0.604088 0)
(-0.0271693 0.362611 0)
(-0.148639 0.0831527 0)
(-0.0730824 0.00206315 0)
(-0.0439829 -0.0429014 0)
(-0.29455 -0.0139541 0)
(-0.293313 0.170642 0)
(-0.353233 0.332977 0)
(-0.331197 0.296655 0)
(-0.943693 0.352506 0)
(-1.2732 0.110936 0)
(-1.24894 0.0864733 0)
(-1.28089 0.461406 0)
(-1.10958 0.444804 0)
(-1.21473 0.5205 0)
(-1.43814 0.369274 0)
(-1.43448 0.344412 0)
(-1.32195 0.322508 0)
(-1.26694 0.36236 0)
(-1.17172 -0.0478649 0)
(-1.08726 -0.13926 0)
(-0.999148 -0.0796069 0)
(-0.991686 -0.125151 0)
(-0.0319181 0.613773 0)
(-0.0500716 0.230378 0)
(-0.104969 0.00360046 0)
(-0.0518779 -0.0174264 0)
(-0.103379 0.1115 0)
(-0.484937 0.0215683 0)
(-0.723639 0.29738 0)
(-0.707246 0.440427 0)
(-0.669324 0.500802 0)
(-1.55304 0.454072 0)
(-1.88187 0.373384 0)
(-1.49485 0.410462 0)
(-1.40115 0.501622 0)
(-1.43848 0.635956 0)
(-1.62018 0.429167 0)
(-1.82209 0.488522 0)
(-1.12355 0.399439 0)
(-0.898978 0.20309 0)
(-1.24278 0.0442616 0)
(-1.53515 0.0526024 0)
(-1.20182 -0.0155917 0)
(-1.1045 -0.0576367 0)
(-1.24267 -0.126946 0)
(0.0179749 0.665284 0)
(-0.051441 0.222411 0)
(-0.0695155 0.106289 0)
(-0.17884 0.0543372 0)
(-0.419446 0.237084 0)
(-0.621834 0.325585 0)
(-0.845613 0.828916 0)
(-1.07275 0.86281 0)
(-1.05461 0.618417 0)
(-1.39333 0.205617 0)
(-1.50476 0.200434 0)
(-0.971881 0.437143 0)
(-0.670529 0.368153 0)
(-0.566456 0.742649 0)
(-0.825499 0.28545 0)
(-0.978503 0.395836 0)
(-0.881554 0.441957 0)
(-0.84685 0.182646 0)
(-0.960419 0.0512138 0)
(-1.00981 0.164991 0)
(-1.03251 0.326867 0)
(-0.94261 0.0819248 0)
(-0.960748 0.0230544 0)
(0.0218483 0.685832 0)
(-0.0490077 0.291077 0)
(-0.200669 0.22851 0)
(-0.460161 0.304735 0)
(-0.641481 0.433481 0)
(-0.555833 0.545464 0)
(-0.934282 0.98014 0)
(-1.14865 0.957233 0)
(-0.937356 0.421863 0)
(-0.764668 0.279276 0)
(-1.00633 0.385572 0)
(-1.20217 0.474751 0)
(-1.26537 0.494743 0)
(-1.53363 0.55324 0)
(-1.66101 0.500424 0)
(-1.0704 0.567527 0)
(-0.930943 0.356434 0)
(-0.901088 0.265199 0)
(-0.764886 0.123921 0)
(-0.793834 0.0466089 0)
(-0.750749 0.185676 0)
(-1.02059 0.187174 0)
(-1.42169 -0.0529133 0)
(0.0295797 0.707923 0)
(-0.0373897 0.440331 0)
(-0.231539 0.411616 0)
(-0.366748 0.434603 0)
(-0.715137 0.498394 0)
(-0.785044 0.760431 0)
(-1.02939 0.876779 0)
(-1.34636 0.800585 0)
(-1.39109 0.592001 0)
(-1.42552 0.544191 0)
(-1.52682 0.528126 0)
(-1.45624 0.363288 0)
(-1.35939 0.295755 0)
(-1.32637 0.282406 0)
(-1.25203 0.399395 0)
(-1.24615 0.426921 0)
(-1.22977 0.304905 0)
(-0.695044 0.27662 0)
(-0.627106 -0.0847264 0)
(-0.816047 0.0846693 0)
(-1.0467 0.266189 0)
(-1.21233 0.714904 0)
(-1.9963 0.835333 0)
(0.0082397 0.698543 0)
(-0.0466666 0.521343 0)
(-0.247963 0.543115 0)
(-0.494748 0.650943 0)
(-0.889518 0.882903 0)
(-1.11507 1.00893 0)
(-1.30002 0.993307 0)
(-1.39477 0.878318 0)
(-1.38675 0.692978 0)
(-1.44418 0.603987 0)
(-1.42121 0.545668 0)
(-1.32666 0.230009 0)
(-1.12976 0.136966 0)
(-1.1041 -0.031989 0)
(-1.12338 -0.133872 0)
(-1.12218 -0.17388 0)
(-1.18703 0.245472 0)
(-1.56661 0.302327 0)
(-2.48547 0.481742 0)
(-2.6008 0.66963 0)
(-2.6515 0.712609 0)
(-2.5671 0.740975 0)
(-2.5473 0.468697 0)
(-0.0128763 0.741006 0)
(-0.0826125 0.60262 0)
(-0.307349 0.688632 0)
(-0.337426 0.830963 0)
(-0.919355 1.10211 0)
(-1.24488 1.25247 0)
(-1.24368 1.18259 0)
(-1.26711 0.960056 0)
(-1.35348 0.814154 0)
(-1.27292 0.522364 0)
(-1.45879 0.351369 0)
(-1.71405 0.251465 0)
(-1.26207 0.330214 0)
(-1.14662 0.303907 0)
(-1.29392 0.338149 0)
(-1.35807 0.321203 0)
(-1.30187 0.394859 0)
(-1.61748 0.751256 0)
(-2.22622 1.01248 0)
(-2.31955 0.862789 0)
(-1.87168 0.797236 0)
(-1.78986 0.780962 0)
(-2.20713 0.607381 0)
(-0.0341553 0.877315 0)
(-0.0687389 0.787209 0)
(-0.186344 0.817652 0)
(-0.326241 1.03086 0)
(-0.643437 1.11878 0)
(-0.879807 1.36679 0)
(-0.884822 1.42445 0)
(-1.027 1.06244 0)
(-1.22223 1.05517 0)
(-1.01386 0.45101 0)
(-0.897371 0.0498003 0)
(-1.27591 0.291086 0)
(-1.12093 0.378292 0)
(-0.983127 0.176818 0)
(-0.893336 0.198965 0)
(-0.948084 0.297421 0)
(-0.911373 0.537162 0)
(-1.09868 0.555444 0)
(-1.50583 0.871267 0)
(-1.80157 1.36171 0)
(-1.46365 0.972513 0)
(-1.66075 0.700688 0)
(-1.86822 0.203754 0)
(-0.0355849 0.949115 0)
(-0.0696093 0.798415 0)
(-0.134783 0.94929 0)
(-0.165515 1.06446 0)
(-0.318413 1.08186 0)
(-0.539126 1.44062 0)
(-0.573288 1.43723 0)
(-0.50552 1.13738 0)
(-0.369798 1.17593 0)
(-0.817493 0.863196 0)
(-0.633156 0.388899 0)
(-0.820503 0.254371 0)
(-0.63101 0.175905 0)
(-0.45345 0.11318 0)
(-0.441392 0.169787 0)
(-0.461014 0.201084 0)
(-0.485265 0.319039 0)
(-0.499297 0.313243 0)
(-0.988708 0.882921 0)
(-1.27245 1.4515 0)
(-1.23262 1.25949 0)
(-1.51039 0.794465 0)
(-1.63269 -0.0409978 0)
(-0.170996 1.10444 0)
(-0.0279366 0.974401 0)
(0.0792355 0.971159 0)
(-0.160853 1.20214 0)
(-0.0353148 1.19465 0)
(0.257105 1.4397 0)
(0.0202783 1.68106 0)
(0.31058 1.4911 0)
(0.29855 1.2448 0)
(-0.289951 0.893422 0)
(0.0903003 0.452001 0)
(0.00887734 0.0884981 0)
(-0.0444004 0.328696 0)
(0.0179668 0.0796553 0)
(0.00220109 0.201014 0)
(-0.0782079 0.262532 0)
(-0.20058 0.392903 0)
(-0.476608 0.554856 0)
(-0.637738 1.00609 0)
(-0.690344 1.45702 0)
(-0.614162 1.32754 0)
(-0.968983 0.979773 0)
(-1.25633 0.285818 0)
(-0.0350066 1.34529 0)
(-0.190767 1.43369 0)
(0.0729441 1.16805 0)
(0.140471 1.323 0)
(0.129586 1.71424 0)
(0.292662 1.42652 0)
(0.446209 1.43364 0)
(0.627193 1.11245 0)
(0.594266 0.814904 0)
(0.463208 0.82674 0)
(0.646611 0.354823 0)
(0.556587 0.30796 0)
(0.447061 0.200046 0)
(0.190916 0.198623 0)
(0.202352 0.366465 0)
(0.0115729 0.291054 0)
(-0.0218433 0.527038 0)
(-0.257573 0.751679 0)
(-0.0546964 1.04543 0)
(0.292322 1.3237 0)
(0.350091 1.25506 0)
(0.339037 0.754167 0)
(0.244756 0.206875 0)
(0.0525662 1.31506 0)
(0.00695589 1.32741 0)
(0.0721332 1.50103 0)
(0.231683 1.18974 0)
(0.124781 1.45146 0)
(0.043272 1.26785 0)
(0.393694 1.00707 0)
(0.587251 0.718725 0)
(0.522935 0.718833 0)
(0.656822 0.826633 0)
(1.02273 0.542699 0)
(0.93366 0.439017 0)
(0.513488 0.284724 0)
(0.520919 0.434757 0)
(0.376307 0.384585 0)
(0.202886 0.351702 0)
(0.311872 0.539609 0)
(0.180405 0.744868 0)
(0.309249 1.24518 0)
(0.580803 1.33774 0)
(0.970733 1.35461 0)
(1.26117 0.952349 0)
(1.52385 0.278799 0)
(0.0399505 1.28169 0)
(0.0445778 1.33715 0)
(0.0297021 1.41933 0)
(0.142354 1.14547 0)
(0.0674787 0.945328 0)
(0.0539551 1.14295 0)
(0.38195 1.0717 0)
(0.579326 0.770244 0)
(0.52481 0.825982 0)
(0.767876 1.03784 0)
(1.00545 0.798651 0)
(0.745658 0.283953 0)
(0.665196 0.356773 0)
(0.503488 0.475701 0)
(0.318126 0.415077 0)
(0.395069 0.612319 0)
(0.56467 0.649703 0)
(0.489716 0.785033 0)
(0.559428 0.920464 0)
(0.8107 1.13553 0)
(1.1761 0.959174 0)
(1.3383 0.796376 0)
(1.55479 0.270058 0)
(0.156308 1.08626 0)
(0.162419 1.16478 0)
(-0.189171 1.15118 0)
(-0.0596931 1.0529 0)
(0.045151 1.06173 0)
(0.100384 0.999812 0)
(0.295186 1.35506 0)
(0.431265 1.00658 0)
(0.617952 0.916254 0)
(0.667949 1.06329 0)
(0.67768 0.87226 0)
(0.711877 0.50353 0)
(0.709384 0.443897 0)
(0.527834 0.313989 0)
(0.468519 0.41837 0)
(0.486835 0.673135 0)
(0.619548 0.601859 0)
(0.574984 0.693334 0)
(0.606124 0.679226 0)
(0.722486 0.745407 0)
(0.926371 0.531896 0)
(1.53761 0.346449 0)
(1.37112 0.0846612 0)
(-0.0243192 0.772898 0)
(0.0520121 0.803862 0)
(-0.0106626 0.793715 0)
(0.069828 0.950223 0)
(0.0150198 1.0194 0)
(0.291146 0.950435 0)
(0.496899 1.17487 0)
(0.146668 0.912221 0)
(0.467075 0.885981 0)
(0.520349 0.673935 0)
(0.497672 0.70096 0)
(0.569756 0.733906 0)
(0.477962 0.538871 0)
(0.529226 0.479843 0)
(0.682838 0.454839 0)
(0.48115 0.448488 0)
(0.547151 0.480651 0)
(0.525876 0.465534 0)
(0.434139 0.518219 0)
(0.694984 0.496726 0)
(1.12178 0.636051 0)
(1.30052 0.412694 0)
(1.23581 -0.178671 0)
(-0.0474664 0.962863 0)
(0.0247178 0.894431 0)
(0.0208214 0.877658 0)
(0.114795 0.937276 0)
(0.0613592 0.966394 0)
(0.225213 1.11596 0)
(0.39532 0.863478 0)
(0.256746 0.690059 0)
(0.328348 0.819599 0)
(0.409643 0.59528 0)
(0.560452 0.684709 0)
(0.527422 0.65828 0)
(0.404581 0.530195 0)
(0.477624 0.627733 0)
(0.477758 0.564035 0)
(0.491395 0.350678 0)
(0.64918 0.474074 0)
(0.58715 0.334601 0)
(0.559924 0.512981 0)
(0.716927 0.562387 0)
(0.893834 0.341622 0)
(0.897605 0.318176 0)
(0.873783 0.155959 0)
(-0.169132 0.796491 0)
(-0.0609038 0.807681 0)
(-0.00255772 0.836686 0)
(0.126215 0.886543 0)
(0.240235 0.804535 0)
(0.197553 0.962274 0)
(0.131658 0.743121 0)
(0.316982 0.829558 0)
(0.37975 0.754608 0)
(0.320104 0.70096 0)
(0.431825 0.669788 0)
(0.422057 0.505395 0)
(0.439298 0.467994 0)
(0.519574 0.496911 0)
(0.386655 0.473427 0)
(0.432305 0.526487 0)
(0.580555 0.53152 0)
(0.600948 0.390231 0)
(0.643065 0.3312 0)
(0.58069 0.413484 0)
(0.837102 0.295715 0)
(0.867951 -0.012343 0)
(0.650768 0.0852216 0)
(-0.0350619 0.543149 0)
(0.0300564 0.6938 0)
(0.0514641 0.747168 0)
(0.0674327 0.809318 0)
(0.188973 0.709557 0)
(0.260414 0.572123 0)
(0.270568 0.623809 0)
(0.351593 0.744771 0)
(0.204246 0.438841 0)
(0.240245 0.508035 0)
(0.33977 0.597723 0)
(0.312465 0.548827 0)
(0.397813 0.518534 0)
(0.551548 0.525915 0)
(0.47458 0.423307 0)
(0.542506 0.497391 0)
(0.54378 0.419907 0)
(0.399579 0.353065 0)
(0.598582 0.203558 0)
(0.733053 0.167272 0)
(0.629659 0.270758 0)
(0.786862 0.110126 0)
(0.765238 0.0679329 0)
(-0.0245361 0.631233 0)
(0.0220072 0.684878 0)
(0.0438215 0.700466 0)
(0.085948 0.740208 0)
(0.141662 0.729338 0)
(0.213174 0.60327 0)
(0.291983 0.593611 0)
(0.25745 0.521596 0)
(0.251178 0.46532 0)
(0.436533 0.405951 0)
(0.358357 0.571149 0)
(0.31296 0.532018 0)
(0.415914 0.515454 0)
(0.427666 0.552618 0)
(0.387335 0.42662 0)
(0.462889 0.486767 0)
(0.435634 0.315215 0)
(0.428527 0.331933 0)
(0.488407 0.359035 0)
(0.646175 0.152196 0)
(0.841198 0.265892 0)
(0.718756 0.234893 0)
(0.545511 -0.0324815 0)
(-0.0146767 0.609795 0)
(0.0172611 0.65542 0)
(0.0453782 0.656458 0)
(0.106219 0.683485 0)
(0.159437 0.682167 0)
(0.192419 0.607233 0)
(0.243427 0.581023 0)
(0.259783 0.510183 0)
(0.221033 0.54794 0)
(0.349801 0.421889 0)
(0.399873 0.447982 0)
(0.265298 0.444256 0)
(0.459559 0.507054 0)
(0.480875 0.442198 0)
(0.414371 0.339407 0)
(0.431696 0.409482 0)
(0.366806 0.341056 0)
(0.438832 0.348988 0)
(0.438411 0.288531 0)
(0.593294 0.364826 0)
(0.690203 0.244797 0)
(0.530436 -0.036502 0)
(0.570671 0.0638573 0)
(-0.00195574 0.588186 0)
(0.0293952 0.605613 0)
(0.0506226 0.616355 0)
(0.0933884 0.622573 0)
(0.140476 0.623704 0)
(0.176897 0.543486 0)
(0.214851 0.578788 0)
(0.245147 0.536519 0)
(0.215806 0.508128 0)
(0.259608 0.534409 0)
(0.319665 0.386435 0)
(0.366483 0.466791 0)
(0.448053 0.509498 0)
(0.313761 0.372138 0)
(0.391248 0.423939 0)
(0.461261 0.278535 0)
(0.402466 0.299292 0)
(0.40294 0.283783 0)
(0.486666 0.207441 0)
(0.614645 0.238728 0)
(0.467712 0.0733448 0)
(0.57498 0.150844 0)
(0.567295 0.019333 0)
(0.000591035 0.578895 0)
(0.0302756 0.575301 0)
(0.0507608 0.603035 0)
(0.0992881 0.589476 0)
(0.102511 0.576489 0)
(0.192022 0.528381 0)
(0.237801 0.496226 0)
(0.214492 0.502288 0)
(0.243241 0.53389 0)
(0.207722 0.672839 0)
(0.290703 0.575391 0)
(0.351061 0.549456 0)
(0.382216 0.405546 0)
(0.451147 0.387579 0)
(0.400788 0.440745 0)
(0.31302 0.336296 0)
(0.340613 0.31023 0)
(0.371705 0.291744 0)
(0.382641 0.227304 0)
(0.4424 0.211896 0)
(0.621323 0.127769 0)
(0.522699 0.178213 0)
(0.396188 -0.0337374 0)
(-0.00262487 0.565913 0)
(0.0485541 0.563633 0)
(0.0536431 0.563007 0)
(0.0795084 0.572461 0)
(0.0862702 0.583385 0)
(0.109209 0.567649 0)
(0.185245 0.497024 0)
(0.282969 0.521098 0)
(0.403915 0.500898 0)
(0.304016 0.493626 0)
(0.236569 0.528598 0)
(0.285057 0.482355 0)
(0.272838 0.355301 0)
(0.343603 0.36379 0)
(0.348307 0.346216 0)
(0.325606 0.304118 0)
(0.350211 0.277602 0)
(0.316898 0.221148 0)
(0.423032 0.247611 0)
(0.503216 0.177794 0)
(0.395157 0.216735 0)
(0.409193 0.0447358 0)
(0.390437 0.052182 0)
(0.00635 0.558833 0)
(0.0320136 0.558407 0)
(0.0483126 0.543814 0)
(0.115548 0.565907 0)
(0.111157 0.566505 0)
(0.129146 0.562453 0)
(0.180562 0.599447 0)
(0.208248 0.55524 0)
(0.224117 0.531982 0)
(0.220177 0.464896 0)
(0.198051 0.345285 0)
(0.228625 0.301387 0)
(0.303429 0.39277 0)
(0.425543 0.313693 0)
(0.358012 0.328553 0)
(0.246412 0.358905 0)
(0.270802 0.279268 0)
(0.345552 0.304905 0)
(0.371467 0.299975 0)
(0.441126 0.136093 0)
(0.419563 0.140934 0)
(0.264924 0.0593845 0)
(0.325534 0.0224619 0)
(0.0129489 0.530756 0)
(0.0380218 0.531827 0)
(0.0488853 0.529127 0)
(0.095819 0.533354 0)
(0.101346 0.506846 0)
(0.134311 0.475457 0)
(0.167467 0.47208 0)
(0.239101 0.503555 0)
(0.283727 0.431859 0)
(0.0607305 0.458261 0)
(0.0932502 0.476347 0)
(0.296723 0.367332 0)
(0.275986 0.398848 0)
(0.267985 0.375888 0)
(0.393297 0.251777 0)
(0.283517 0.256371 0)
(0.311021 0.254665 0)
(0.342062 0.332941 0)
(0.267037 0.182135 0)
(0.346169 0.205901 0)
(0.304299 0.102737 0)
(0.271358 0.0355929 0)
(0.290851 0.0677169 0)
(0.0138604 0.505801 0)
(0.0353732 0.504174 0)
(0.028675 0.511242 0)
(0.0836852 0.509078 0)
(0.0861657 0.502945 0)
(0.128315 0.473568 0)
(0.205463 0.401855 0)
(0.143432 0.395801 0)
(0.203508 0.322023 0)
(0.239343 0.334489 0)
(0.119263 0.466533 0)
(0.132682 0.371108 0)
(0.301993 0.35901 0)
(0.286552 0.369437 0)
(0.208122 0.297195 0)
(0.235365 0.223191 0)
(0.379046 0.179672 0)
(0.316669 0.174695 0)
(0.259602 0.174395 0)
(0.381405 0.157308 0)
(0.235706 0.0666947 0)
(0.271712 0.0738598 0)
(0.302209 -0.00488246 0)
(0.0110198 0.501712 0)
(0.0354599 0.482039 0)
(0.03436 0.486556 0)
(0.07868 0.529046 0)
(0.0825923 0.417844 0)
(0.0985634 0.482271 0)
(0.0717204 0.477073 0)
(0.128063 0.409161 0)
(0.223505 0.420365 0)
(0.236766 0.320677 0)
(0.143776 0.315145 0)
(0.197743 0.447566 0)
(0.258115 0.389435 0)
(0.193007 0.307607 0)
(0.238108 0.295666 0)
(0.198459 0.293246 0)
(0.26539 0.246333 0)
(0.342915 0.107502 0)
(0.285956 0.202138 0)
(0.273825 0.197022 0)
(0.221349 0.0496578 0)
(0.219503 0.143916 0)
(0.254851 -0.0116066 0)
(0.00122683 0.504123 0)
(0.0223709 0.480998 0)
(0.0484491 0.490273 0)
(-0.00102765 0.550084 0)
(0.052317 0.460472 0)
(0.192452 0.516678 0)
(0.140679 0.494846 0)
(0.0786433 0.539976 0)
(0.117039 0.470043 0)
(0.146668 0.36098 0)
(0.230732 0.348539 0)
(0.19954 0.403667 0)
(0.169261 0.284003 0)
(0.185966 0.288536 0)
(0.198033 0.287625 0)
(0.195328 0.27651 0)
(0.185905 0.25084 0)
(0.248112 0.195268 0)
(0.354621 0.220493 0)
(0.226883 0.135389 0)
(0.178298 0.122492 0)
(0.244049 0.0577074 0)
(0.173371 0.0881043 0)
(-0.00300474 0.495081 0)
(0.0224289 0.418384 0)
(0.0695333 0.482739 0)
(0.0288377 0.54891 0)
(0.0804871 0.625001 0)
(0.124066 0.536273 0)
(0.0659068 0.453827 0)
(0.100148 0.485338 0)
(0.0978421 0.462139 0)
(0.125489 0.489677 0)
(0.172758 0.413305 0)
(0.0583093 0.34574 0)
(0.126132 0.319472 0)
(0.195028 0.317117 0)
(0.219827 0.288271 0)
(0.146182 0.261409 0)
(0.164184 0.236702 0)
(0.297646 0.190988 0)
(0.259942 0.20711 0)
(0.15779 0.0656191 0)
(0.144054 0.0973181 0)
(0.203745 0.0455049 0)
(0.192676 0.0441042 0)
(-0.0624501 0.50641 0)
(0.0172274 0.478179 0)
(0.139423 0.506651 0)
(0.0678903 0.500312 0)
(0.068558 0.524452 0)
(0.100174 0.483779 0)
(0.0762 0.466218 0)
(0.08041 0.484586 0)
(0.0815214 0.450471 0)
(0.113285 0.479276 0)
(0.146768 0.407521 0)
(0.0880017 0.398651 0)
(0.12829 0.394225 0)
(0.151304 0.365283 0)
(0.133787 0.293717 0)
(0.115829 0.209261 0)
(0.113358 0.254663 0)
(0.223157 0.198607 0)
(0.237236 0.111712 0)
(0.12495 0.122476 0)
(0.162951 0.118244 0)
(0.217353 0.10363 0)
(0.118657 0.00978157 0)
(0.00431828 0.549217 0)
(0.0270934 0.672503 0)
(0.0443942 0.54685 0)
(0.0450526 0.524655 0)
(0.0740759 0.549089 0)
(0.0794607 0.505764 0)
(0.0656033 0.509805 0)
(0.0720492 0.627726 0)
(0.0705632 0.35552 0)
(0.0964701 0.596977 0)
(0.0927614 0.309746 0)
(0.0484308 0.409906 0)
(0.0744858 0.468252 0)
(0.115921 0.34124 0)
(0.0563346 0.200356 0)
(0.112315 0.247148 0)
(0.121008 0.180686 0)
(0.159723 0.21228 0)
(0.149591 0.110574 0)
(0.131382 0.119547 0)
(0.111456 0.165179 0)
(0.140271 0.0916563 0)
(0.104866 0.0222534 0)
(0.00399434 0.452881 0)
(0.0242707 0.564624 0)
(0.0346543 0.452966 0)
(0.0501913 0.45623 0)
(0.0498666 0.582173 0)
(0.0631436 0.425897 0)
(0.174215 0.554727 0)
(-0.0676936 0.43537 0)
(0.0555381 0.481741 0)
(0.0784714 0.412062 0)
(-0.0277313 0.407428 0)
(0.202108 0.420215 0)
(0.036334 0.371003 0)
(-0.0694343 0.310156 0)
(0.0328229 0.341989 0)
(0.0587052 0.433853 0)
(0.0513367 0.33147 0)
(0.136238 0.349258 0)
(0.110835 0.269499 0)
(0.151475 0.158069 0)
(0.11637 0.168687 0)
(0.0595288 0.0942061 0)
(0.0446701 0.0657864 0)
(0.0997413 0.595093 0)
(0.00726144 0.588847 0)
(-0.0619114 0.58906 0)
(0.146913 0.569532 0)
(0.043415 0.551815 0)
(0.0613891 0.549616 0)
(0.0844731 0.503636 0)
(0.0234045 0.472039 0)
(0.0566674 0.503428 0)
(0.00692243 0.416083 0)
(0.106449 0.464749 0)
(-0.073303 0.377226 0)
(-0.0096197 0.400721 0)
(0.0666886 0.358178 0)
(0.155169 0.374972 0)
(0.0695578 0.319777 0)
(0.0194129 0.315434 0)
(0.0326658 0.283534 0)
(-0.049538 0.205521 0)
(0.0265324 0.209733 0)
(0.0375227 0.137316 0)
(0.0193638 0.140001 0)
(0.0618744 0.0794245 0)
(-0.287698 0.55329 0)
(-0.396098 0.642452 0)
(-0.64327 0.716497 0)
(-0.818492 0.832332 0)
(-0.544243 0.435778 0)
(-0.632242 0.438937 0)
(-0.729969 0.402923 0)
(-0.788411 0.443126 0)
(-0.654951 0.436437 0)
(-0.655661 0.400076 0)
(-0.619888 0.38137 0)
(-0.582625 0.436442 0)
(-0.635522 0.246766 0)
(-0.5014 0.343776 0)
(-0.317158 0.305272 0)
(-0.172804 0.279831 0)
(-0.273538 0.14155 0)
(-0.212462 0.181795 0)
(-0.101003 0.296568 0)
(-0.00392031 0.194122 0)
(-0.18848 -0.147772 0)
(-0.189682 -0.113027 0)
(-0.160389 0.0272492 0)
(-0.120867 -0.0216081 0)
(-0.0673139 -0.0205133 0)
(-0.173429 0.150413 0)
(-0.22302 0.153402 0)
(-0.261819 -0.0200649 0)
(-0.336564 0.152205 0)
(-0.308523 0.176692 0)
(-0.274928 0.149764 0)
(-0.251278 0.0970852 0)
(-0.60211 0.0550347 0)
(-0.565299 0.117747 0)
(-0.477123 0.0895478 0)
(-0.40917 0.021817 0)
(-0.877666 -0.108326 0)
(-0.829225 -0.135894 0)
(-0.772886 -0.126526 0)
(-0.748605 -0.149125 0)
(-1.268 -0.113353 0)
(-1.30106 -0.201217 0)
(-1.33278 -0.215739 0)
(-1.32761 -0.271911 0)
(-1.51349 -0.207172 0)
(-1.68368 -0.200467 0)
(-1.70806 -0.242822 0)
(-1.81962 -0.253113 0)
(-1.5321 -0.358124 0)
(-1.72559 0.0201142 0)
(-1.85503 0.162131 0)
(-2.06193 0.321645 0)
(-2.23254 0.596303 0)
(-2.09014 0.379012 0)
(-1.97246 0.250184 0)
(-1.99998 0.0467051 0)
(-2.20556 0.0673477 0)
(-1.99 -0.0631993 0)
(-1.96093 -0.265462 0)
(-1.9001 -0.347966 0)
(-2.19452 0.175939 0)
(-2.0523 -0.0809094 0)
(-1.97823 -0.290604 0)
(-1.82865 -0.362048 0)
(-1.70199 -0.27182 0)
(-1.53944 -0.281589 0)
(-1.48185 -0.270684 0)
(-1.38589 -0.114857 0)
(-1.48607 -0.551351 0)
(-1.51414 -0.673785 0)
(-1.34904 -0.827176 0)
(-1.19111 -0.783967 0)
(-1.003 -0.14749 0)
(-0.908176 -0.560479 0)
(-1.19967 -0.853458 0)
(-1.16291 -0.947658 0)
(0.446685 0.0886567 0)
(0.638245 -0.179467 0)
(0.642851 -0.589989 0)
(0.505466 -0.847776 0)
(1.32553 -0.289363 0)
(1.38938 -0.481918 0)
(1.30073 -0.761162 0)
(1.23275 -0.913414 0)
(1.38381 -0.151905 0)
(1.39822 -0.271185 0)
(1.41819 -0.447354 0)
(1.37212 -0.508804 0)
(1.02149 0.0604479 0)
(0.947303 -0.0610494 0)
(1.01669 -0.203939 0)
(0.914572 -0.278435 0)
(1.06351 -0.161857 0)
(0.716647 -0.15879 0)
(0.755099 -0.161702 0)
(0.745433 -0.178089 0)
(0.75364 -0.0634732 0)
(0.779375 -0.140404 0)
(0.825194 -0.112169 0)
(0.79768 -0.102558 0)
(0.59528 0.0234911 0)
(0.682886 0.014604 0)
(0.986542 -0.025573 0)
(0.983401 -0.0857745 0)
(0.624768 0.0605104 0)
(0.644673 0.0676746 0)
(0.675249 0.00608391 0)
(0.639708 -0.0533515 0)
(0.567956 -0.0407994 0)
(0.581953 -0.061751 0)
(0.564549 -0.0890411 0)
(0.573526 -0.126197 0)
(0.548515 0.0383086 0)
(0.51372 -0.00177572 0)
(0.51453 -0.027184 0)
(0.507547 -0.0462968 0)
(0.417661 -0.0101147 0)
(0.42799 -0.0210913 0)
(0.433674 -0.0512038 0)
(0.42548 -0.0741594 0)
(0.412881 -0.0432394 0)
(0.404829 -0.0517276 0)
(0.396335 -0.0698842 0)
(0.412164 -0.0780298 0)
(0.37855 0.0280991 0)
(0.35622 -0.00281026 0)
(0.36819 -0.0295432 0)
(0.340867 -0.0548567 0)
(0.302009 0.00765296 0)
(0.282484 -0.0158605 0)
(0.302014 -0.0400817 0)
(0.281806 -0.0604139 0)
(0.294526 0.0420258 0)
(0.283082 0.0190011 0)
(0.284642 -0.00503818 0)
(0.249636 -0.0311356 0)
(0.222449 0.011252 0)
(0.235685 0.0264105 0)
(0.244546 0.00757613 0)
(0.237115 -0.00600649 0)
(0.364994 -0.0129767 0)
(0.265992 -0.0110065 0)
(0.149737 -0.0272141 0)
(0.202454 -0.0383996 0)
(0.180228 0.0441342 0)
(0.1751 -0.0399013 0)
(0.170136 -0.0201128 0)
(0.173928 -0.0356758 0)
(0.139851 0.0138129 0)
(0.149988 -0.000411735 0)
(0.138815 -0.0125314 0)
(0.133615 -0.02486 0)
(0.0907119 0.00893583 0)
(0.106174 -0.00207708 0)
(0.098545 -0.010352 0)
(0.101615 -0.0450054 0)
(0.0868744 0.000871374 0)
(0.0881895 0.00779067 0)
(0.057976 -0.00846987 0)
(0.0804816 -0.0162112 0)
(0.0874513 0.0722003 0)
(0.0958558 0.0451686 0)
(0.0521782 0.035739 0)
(0.0487693 0.0274358 0)
(0.0279663 0.0778563 0)
(0.0063057 0.0122677 0)
(0.0226295 0.0275972 0)
(0.0245345 -0.00124543 0)
(-0.705122 0.977792 0)
(-0.29897 -0.0328059 0)
(-0.0669487 0.0409946 0)
(0.052798 0.0258837 0)
(0.0947336 0.0614915 0)
(0.1259 -0.0362278 0)
(0.240777 -0.19224 0)
(-0.0580197 -0.0741285 0)
(0.0510281 -0.0212669 0)
(0.277244 0.141842 0)
(0.336895 0.164221 0)
(0.28224 0.041558 0)
(0.356396 -0.120285 0)
(0.396301 -0.179743 0)
(0.366788 -0.206722 0)
(0.288065 -0.248612 0)
(0.519091 -0.234885 0)
(0.443809 -0.433973 0)
(0.278779 -0.412072 0)
(-0.583154 0.484164 0)
(-0.35899 -0.0317265 0)
(-0.449738 -0.016773 0)
(-0.26622 0.0227476 0)
(-0.0309233 -0.0263729 0)
(-0.0323712 -0.0641377 0)
(0.114059 -0.206321 0)
(0.190307 -0.0340807 0)
(0.358765 0.00768079 0)
(0.553125 0.0464144 0)
(0.695955 0.0103131 0)
(0.80131 0.141614 0)
(0.907058 0.0648134 0)
(0.964633 -0.0360346 0)
(0.912088 -0.0974836 0)
(0.775589 -0.136946 0)
(0.745481 -0.245964 0)
(0.485291 -0.416173 0)
(0.274299 -0.26799 0)
(-0.437367 0.428769 0)
(-0.277979 -0.128536 0)
(-0.199106 -0.301406 0)
(-0.138538 -0.142385 0)
(0.168226 -0.113689 0)
(0.171599 -0.190782 0)
(0.206398 -0.224834 0)
(0.462447 -0.343963 0)
(0.552618 0.038151 0)
(0.566335 0.0125358 0)
(0.847849 0.0371971 0)
(0.744981 -0.166569 0)
(0.758282 -0.2143 0)
(0.861466 -0.188104 0)
(0.867594 -0.165158 0)
(0.816355 -0.167169 0)
(0.690641 -0.0961265 0)
(0.365779 -0.111621 0)
(0.425041 -0.0633836 0)
(-0.130119 0.17881 0)
(0.0445325 0.0345433 0)
(0.0105431 -0.27717 0)
(-0.073212 -0.107996 0)
(-0.0284186 -0.13659 0)
(-0.0249511 -0.322917 0)
(-0.0160806 -0.330168 0)
(0.245953 -0.605668 0)
(0.236731 -0.0297075 0)
(0.205036 -0.101374 0)
(0.268489 -0.0611978 0)
(0.369147 -0.404905 0)
(0.524231 -0.341876 0)
(0.501207 -0.113451 0)
(0.26378 -0.0121347 0)
(0.156932 0.0194002 0)
(0.114958 0.129124 0)
(0.0784161 0.0824046 0)
(0.345288 0.0796447 0)
(0.121087 -0.0223182 0)
(0.105801 -0.227222 0)
(-0.0260669 -0.185444 0)
(-0.0143015 -0.136092 0)
(-0.0154201 -0.157562 0)
(-0.119053 -0.186424 0)
(-0.0200226 -0.360182 0)
(-0.0786259 -0.63371 0)
(-0.311523 -0.140995 0)
(-0.402123 -0.0663732 0)
(-0.356782 -0.165576 0)
(-0.0366678 -0.00236864 0)
(-0.497927 -0.0114474 0)
(-0.289119 -0.0366505 0)
(0.0851594 -0.0838192 0)
(0.504516 -0.0921484 0)
(0.331606 -0.145537 0)
(0.0593632 -0.0474541 0)
(0.31274 0.157486 0)
(-0.085579 -0.0992333 0)
(-0.0193351 0.132059 0)
(-0.120239 -0.177429 0)
(-0.130738 -0.145136 0)
(-0.123329 -0.128902 0)
(-0.164406 -0.161719 0)
(-0.360903 -0.339574 0)
(-0.625875 -0.0990857 0)
(-0.524423 -0.000810453 0)
(-0.758163 -0.0782795 0)
(-0.640788 -0.204529 0)
(-0.427389 -0.374395 0)
(-0.417521 -0.250863 0)
(-0.255421 -0.339871 0)
(-0.0450071 -0.451112 0)
(0.157433 -0.194017 0)
(0.183338 0.0866167 0)
(-0.269668 0.208085 0)
(0.157657 0.199323 0)
(-0.332533 -0.105453 0)
(-0.353789 -0.120129 0)
(-0.137587 -0.339029 0)
(-0.149026 -0.126372 0)
(-0.373632 -0.0923033 0)
(-0.230703 -0.188641 0)
(-0.557981 -0.160319 0)
(-0.722777 0.142578 0)
(-0.65675 -0.192955 0)
(-0.652791 -0.302199 0)
(-0.682484 -0.260101 0)
(-0.460277 -0.557093 0)
(-0.169198 -0.421194 0)
(-0.255371 -0.342678 0)
(-0.214229 -0.476232 0)
(-0.090408 -0.0957013 0)
(0.0448872 0.192727 0)
(-0.268887 0.129879 0)
(0.117937 0.0715916 0)
(-0.422308 -0.0254176 0)
(-0.481977 -0.080225 0)
(-0.383119 -0.158278 0)
(-0.389178 0.108555 0)
(-0.316933 0.134636 0)
(-0.506531 0.0799165 0)
(-0.825458 0.0319573 0)
(-0.86919 -0.0241904 0)
(-0.692936 -0.216615 0)
(-0.674206 -0.309447 0)
(-0.821779 -0.336976 0)
(-0.600736 -0.47827 0)
(-0.342549 -0.508851 0)
(-0.310532 -0.537163 0)
(-0.269224 -0.567231 0)
(-0.231667 -0.298423 0)
(0.0856656 0.167481 0)
(-0.193473 0.192011 0)
(0.085609 0.0271053 0)
(-0.390804 -0.0596015 0)
(-0.447627 -0.146853 0)
(-0.506968 -0.108096 0)
(-0.782679 -0.141454 0)
(-0.493566 -0.0772581 0)
(-0.222856 0.257765 0)
(-0.887178 0.249198 0)
(-0.723656 0.178013 0)
(-0.530319 -0.168209 0)
(-0.612696 -0.32058 0)
(-0.86256 -0.557484 0)
(-0.706842 -0.534224 0)
(-0.594295 -0.578957 0)
(-0.586213 -0.619512 0)
(-0.427421 -0.523893 0)
(-0.302856 -0.394148 0)
(-0.175 0.0747583 0)
(-0.219622 0.203337 0)
(0.114819 -0.0291971 0)
(-0.821528 -0.170159 0)
(-0.710379 -0.0939557 0)
(-0.672289 0.0558309 0)
(-1.18276 -0.318919 0)
(-1.10278 0.158965 0)
(-0.931354 0.245174 0)
(-1.04301 0.267496 0)
(-0.901102 0.0892268 0)
(-0.933122 -0.295869 0)
(-1.04516 -0.431918 0)
(-0.996282 -0.531373 0)
(-0.699893 -0.471242 0)
(-0.6117 -0.495145 0)
(-0.575433 -0.502458 0)
(-0.505228 -0.435955 0)
(-0.521409 -0.490127 0)
(-0.253417 -0.0530692 0)
(-0.184465 0.0906049 0)
(0.124538 -0.0822356 0)
(-1.27273 -0.306661 0)
(-1.13921 -0.12155 0)
(-1.36996 0.0297175 0)
(-1.33278 0.295686 0)
(-1.16812 0.321546 0)
(-1.32587 0.275659 0)
(-1.31542 0.2237 0)
(-1.07163 0.233303 0)
(-0.929604 -0.378958 0)
(-0.841788 -0.615504 0)
(-0.787261 -0.436522 0)
(-0.453739 -0.618363 0)
(-0.433106 -0.792569 0)
(-0.623 -0.859956 0)
(-0.728075 -0.798887 0)
(-0.620761 -0.575462 0)
(-0.414893 -0.294231 0)
(-0.172018 -0.103546 0)
(-0.019538 -0.0772683 0)
(-1.61748 -0.298202 0)
(-1.51215 -0.302714 0)
(-1.61828 -0.333659 0)
(-2.00354 0.130034 0)
(-2.06677 0.22484 0)
(-2.0639 0.355338 0)
(-1.52546 0.352017 0)
(-1.01557 -0.363444 0)
(-0.930719 -0.717258 0)
(-0.817079 -0.829292 0)
(-0.847114 -0.946731 0)
(-0.717291 -1.13184 0)
(-0.597573 -1.12767 0)
(-0.59012 -1.1271 0)
(-0.596208 -1.08996 0)
(-0.498597 -0.752194 0)
(-0.390112 -0.454795 0)
(-0.243426 -0.27549 0)
(-0.125634 -0.271575 0)
(-2.11394 0.411335 0)
(-2.26921 -0.181203 0)
(-2.27256 -0.266518 0)
(-2.14136 -0.249022 0)
(-2.08297 0.262437 0)
(-1.76785 0.233255 0)
(-1.50382 -0.0142054 0)
(-1.22646 -0.503642 0)
(-1.02635 -0.620562 0)
(-1.02987 -0.852067 0)
(-1.14021 -0.963746 0)
(-0.934239 -0.945076 0)
(-0.698506 -0.808331 0)
(-0.636578 -0.729642 0)
(-0.441873 -0.777592 0)
(-0.429294 -0.784878 0)
(-0.315126 -0.494292 0)
(-0.169466 -0.300726 0)
(-0.0652646 -0.381413 0)
(-2.35891 -0.0616959 0)
(-2.54087 -0.143204 0)
(-2.45911 -0.188411 0)
(-1.63042 -0.0420038 0)
(-1.2611 0.000766603 0)
(-1.12574 -0.0865526 0)
(-0.862172 -0.0417666 0)
(-0.692221 -0.313831 0)
(-0.788226 -0.548721 0)
(-1.02603 -0.774139 0)
(-1.10692 -0.955029 0)
(-0.867837 -0.685922 0)
(-0.65944 -0.679794 0)
(-0.636829 -0.56356 0)
(-0.479828 -0.663592 0)
(-0.45705 -0.829021 0)
(-0.376966 -0.813717 0)
(-0.261714 -0.661986 0)
(-0.00968086 -0.544299 0)
(-1.82416 -0.412102 0)
(-1.57337 -0.159479 0)
(-1.45198 -0.144712 0)
(-1.18636 -0.0265158 0)
(-0.971917 -0.344128 0)
(-0.733615 -0.358732 0)
(-0.583686 -0.422354 0)
(-0.621834 -0.64827 0)
(-0.57375 -0.709347 0)
(-0.824933 -0.66729 0)
(-0.829825 -0.769082 0)
(-0.712195 -0.727611 0)
(-0.654036 -0.857254 0)
(-0.652558 -0.951076 0)
(-0.568009 -0.871862 0)
(-0.484962 -0.83704 0)
(-0.476183 -0.878463 0)
(-0.277084 -0.765101 0)
(0.0593145 -0.600023 0)
(-1.50606 -0.473805 0)
(-1.39356 -0.612586 0)
(-1.41354 -0.640924 0)
(-1.21205 -0.626268 0)
(-1.08458 -0.754371 0)
(-0.870063 -0.802307 0)
(-0.752172 -0.842182 0)
(-0.605035 -0.927365 0)
(-0.477518 -0.917277 0)
(-0.629467 -0.973544 0)
(-0.782901 -0.611842 0)
(-0.632224 -0.800667 0)
(-0.63492 -0.842062 0)
(-0.663256 -1.09266 0)
(-0.329767 -1.01876 0)
(-0.234287 -1.18954 0)
(-0.375053 -0.881182 0)
(-0.236152 -0.778707 0)
(-0.133803 -0.684279 0)
(-1.29321 0.00383593 0)
(-0.73873 -0.544031 0)
(-0.737961 -0.676191 0)
(-0.847072 -0.766964 0)
(-0.871421 -0.790179 0)
(-0.823128 -0.866746 0)
(-0.905003 -0.987512 0)
(-0.744351 -0.897241 0)
(-0.505882 -0.874734 0)
(-0.470841 -1.06478 0)
(-0.481852 -0.672614 0)
(-0.471798 -0.833753 0)
(-0.598841 -0.919315 0)
(-0.616773 -1.1099 0)
(-0.38593 -0.942925 0)
(-0.29984 -1.45208 0)
(-0.190785 -0.984995 0)
(-0.197578 -0.89362 0)
(-0.106875 -0.911654 0)
(-0.922981 -0.668288 0)
(-0.653853 -0.517369 0)
(-0.507906 -0.29894 0)
(-0.343442 -0.347339 0)
(-0.305572 -0.215299 0)
(-0.368376 -0.311227 0)
(-0.48696 -0.657714 0)
(-0.524782 -0.506118 0)
(-0.465207 -0.625009 0)
(-0.563159 -0.931739 0)
(-0.457098 -0.679908 0)
(-0.552318 -0.918742 0)
(-0.788839 -1.072 0)
(-0.680497 -1.08606 0)
(-0.523847 -1.00997 0)
(-0.291945 -1.06756 0)
(-0.136255 -1.0123 0)
(-0.0814129 -0.876574 0)
(-0.0246326 -0.971039 0)
(-0.918262 -0.975837 0)
(-0.68235 -0.910953 0)
(-0.536838 -0.616919 0)
(-0.473583 -0.546609 0)
(-0.501448 -0.595107 0)
(-0.462724 -0.585944 0)
(-0.511435 -0.567435 0)
(-0.521917 -0.504269 0)
(-0.296944 -0.72275 0)
(-0.402166 -0.924889 0)
(-0.231219 -0.701146 0)
(-0.172937 -0.826134 0)
(-0.347981 -0.874351 0)
(-0.527097 -0.942443 0)
(-0.443395 -1.14887 0)
(-0.369748 -1.00495 0)
(-0.246052 -0.943598 0)
(-0.074462 -0.943306 0)
(-0.000750452 -0.996415 0)
(0.390267 -1.00574 0)
(0.32914 -0.847036 0)
(0.364383 -0.425348 0)
(0.345735 -0.312015 0)
(0.356695 -0.188599 0)
(0.421904 -0.369281 0)
(0.224037 -0.681255 0)
(0.166723 -0.731556 0)
(-0.0436046 -0.851542 0)
(-0.24197 -1.06541 0)
(-0.0192543 -0.852039 0)
(0.161259 -0.913685 0)
(0.209537 -0.768501 0)
(0.304695 -0.798874 0)
(0.0578479 -1.02748 0)
(-0.321056 -1.63926 0)
(-0.345139 -1.05204 0)
(-0.202017 -1.04057 0)
(-0.00193875 -1.01741 0)
(0.888098 -1.11615 0)
(0.656589 -0.94813 0)
(0.573808 -0.689721 0)
(0.471277 -0.614936 0)
(0.43724 -0.367137 0)
(0.422353 -0.440823 0)
(0.281228 -0.973451 0)
(0.45017 -0.746878 0)
(0.249021 -0.940244 0)
(0.116762 -1.11079 0)
(0.197401 -0.936429 0)
(0.170405 -0.956527 0)
(0.330003 -1.09327 0)
(0.593394 -0.775707 0)
(0.24044 -1.0103 0)
(-0.16645 -1.89691 0)
(-0.080884 -1.2915 0)
(-0.218896 -1.14046 0)
(0.0154628 -1.12084 0)
(1.07957 -0.893793 0)
(1.03969 -0.683022 0)
(0.745037 -0.544877 0)
(0.662126 -0.480466 0)
(0.756024 -0.420886 0)
(0.539834 -0.402246 0)
(0.561415 -0.476355 0)
(0.6791 -0.506503 0)
(0.362384 -0.789997 0)
(0.165957 -1.02496 0)
(0.277002 -0.981146 0)
(0.216125 -1.00037 0)
(0.263776 -1.10421 0)
(0.632724 -1.10026 0)
(0.49473 -0.550849 0)
(0.456941 -1.21616 0)
(0.279773 -1.09646 0)
(-0.0826527 -1.14673 0)
(0.019787 -1.18389 0)
(0.956079 -0.49885 0)
(1.15535 -0.386124 0)
(0.933135 -0.429265 0)
(0.672574 -0.43713 0)
(0.67274 -0.503626 0)
(0.530571 -0.470255 0)
(0.656984 -0.418358 0)
(0.737588 -0.598764 0)
(0.448972 -0.802064 0)
(0.584438 -0.780923 0)
(0.540859 -0.854754 0)
(0.480645 -0.902822 0)
(0.42355 -1.05001 0)
(0.306054 -1.1283 0)
(0.207554 -1.43366 0)
(0.33604 -1.0303 0)
(0.259535 -0.911173 0)
(0.064099 -0.926528 0)
(0.000571389 -1.15578 0)
(0.815615 -0.172012 0)
(1.14214 -0.32983 0)
(0.680955 -0.580736 0)
(0.560166 -0.446439 0)
(0.774406 -0.460336 0)
(0.717762 -0.412195 0)
(0.530334 -0.382779 0)
(0.652503 -0.61461 0)
(0.774792 -0.568937 0)
(0.670097 -0.478159 0)
(0.544894 -0.755645 0)
(0.518675 -0.769788 0)
(0.467458 -0.79729 0)
(0.292181 -1.004 0)
(0.0249823 -1.37932 0)
(0.0309753 -0.724803 0)
(-0.0351194 -0.899999 0)
(-0.0406731 -0.892611 0)
(-0.0187714 -1.15479 0)
(0.855191 0.0220115 0)
(0.888226 -0.239347 0)
(0.643842 -0.502975 0)
(0.670474 -0.340146 0)
(0.647622 -0.301227 0)
(0.580155 -0.50107 0)
(0.484466 -0.369833 0)
(0.579759 -0.403369 0)
(0.916524 -0.641477 0)
(0.739301 -0.646249 0)
(0.510366 -0.814497 0)
(0.620192 -0.794965 0)
(0.459756 -0.689788 0)
(0.224766 -0.888219 0)
(-0.00862424 -1.15434 0)
(-0.0924197 -0.705177 0)
(-0.196638 -0.80135 0)
(-0.22196 -0.930482 0)
(-0.0238818 -1.19126 0)
(0.863154 -0.0801426 0)
(0.591643 -0.330046 0)
(0.622769 -0.393891 0)
(0.73166 -0.453629 0)
(0.524567 -0.414644 0)
(0.545221 -0.512685 0)
(0.584845 -0.460904 0)
(0.507145 -0.431652 0)
(0.73271 -0.488293 0)
(0.587034 -0.559722 0)
(0.550671 -0.636185 0)
(0.689873 -0.724006 0)
(0.553718 -0.697939 0)
(0.277514 -0.930144 0)
(0.151591 -0.99202 0)
(-0.0366166 -0.743528 0)
(-0.229832 -0.674219 0)
(-0.272406 -0.957996 0)
(0.0505603 -1.32073 0)
(0.623191 -0.291613 0)
(0.531609 -0.35234 0)
(0.539939 -0.274851 0)
(0.709046 -0.393059 0)
(0.63391 -0.390263 0)
(0.467638 -0.384807 0)
(0.505476 -0.587408 0)
(0.591398 -0.455956 0)
(0.750162 -0.511186 0)
(0.538617 -0.669913 0)
(0.43655 -0.664789 0)
(0.542592 -0.704246 0)
(0.36596 -0.829116 0)
(0.223376 -1.11358 0)
(0.282132 -1.05781 0)
(0.336441 -0.947532 0)
(0.0738623 -0.946679 0)
(-0.286015 -0.974737 0)
(0.114834 -1.44047 0)
(0.549139 -0.160332 0)
(0.567465 -0.196649 0)
(0.581435 -0.223221 0)
(0.615906 -0.257054 0)
(0.519923 -0.39544 0)
(0.333456 -0.454337 0)
(0.521293 -0.44824 0)
(0.5757 -0.405233 0)
(0.541334 -0.545064 0)
(0.383566 -0.776416 0)
(0.496004 -0.657818 0)
(0.541026 -0.731539 0)
(0.309098 -0.817087 0)
(0.290956 -0.733864 0)
(0.421206 -0.757083 0)
(0.362434 -0.882534 0)
(0.383352 -0.894949 0)
(-0.178571 -0.917655 0)
(0.170373 -1.46101 0)
(0.513236 -0.126348 0)
(0.497456 -0.157935 0)
(0.483123 -0.285674 0)
(0.508169 -0.28603 0)
(0.445713 -0.408105 0)
(0.462137 -0.361748 0)
(0.526097 -0.320525 0)
(0.468972 -0.377901 0)
(0.471812 -0.427476 0)
(0.429173 -0.554519 0)
(0.411959 -0.413899 0)
(0.353447 -0.659571 0)
(0.367996 -0.642774 0)
(0.352009 -0.64289 0)
(0.288345 -0.584791 0)
(0.448654 -0.787462 0)
(0.541304 -0.688457 0)
(-0.0424498 -0.688996 0)
(0.22982 -1.431 0)
(0.446159 -0.109819 0)
(0.413937 -0.171226 0)
(0.492061 -0.214341 0)
(0.513944 -0.317585 0)
(0.417626 -0.308474 0)
(0.426398 -0.252047 0)
(0.400647 -0.356634 0)
(0.435639 -0.391771 0)
(0.395728 -0.501835 0)
(0.473283 -0.535398 0)
(0.440584 -0.653217 0)
(0.346865 -0.671026 0)
(0.370871 -0.706087 0)
(0.346395 -0.624005 0)
(0.296701 -0.58408 0)
(0.318745 -0.641515 0)
(0.482676 -0.779583 0)
(0.0222029 -0.583252 0)
(0.27047 -1.39199 0)
(0.414718 -0.167277 0)
(0.356814 -0.150626 0)
(0.337761 -0.200815 0)
(0.525167 -0.351522 0)
(0.517874 -0.315368 0)
(0.409179 -0.347017 0)
(0.352675 -0.319555 0)
(0.338754 -0.412366 0)
(0.35747 -0.478309 0)
(0.375745 -0.619026 0)
(0.285562 -0.754242 0)
(0.253238 -0.713065 0)
(0.420453 -0.778693 0)
(0.433494 -0.736511 0)
(0.300344 -0.65174 0)
(0.349151 -0.659456 0)
(0.459198 -0.763769 0)
(-0.0499573 -0.393869 0)
(0.296305 -1.38191 0)
(0.392571 -0.187359 0)
(0.381331 -0.126611 0)
(0.327735 -0.140067 0)
(0.40825 -0.165653 0)
(0.395858 -0.381189 0)
(0.393026 -0.382087 0)
(0.325229 -0.401255 0)
(0.222172 -0.420333 0)
(0.240017 -0.449573 0)
(0.246567 -0.490765 0)
(0.355526 -0.69362 0)
(0.286116 -0.803493 0)
(0.356562 -0.616435 0)
(0.383925 -0.826829 0)
(0.356106 -0.5992 0)
(0.362148 -0.754049 0)
(0.542968 -0.772275 0)
(-0.0722257 -0.356159 0)
(0.321739 -1.34876 0)
(0.367679 -0.118981 0)
(0.380439 -0.151743 0)
(0.243546 -0.135499 0)
(0.269594 -0.148204 0)
(0.340852 -0.233497 0)
(0.314521 -0.363981 0)
(0.241674 -0.407897 0)
(0.25223 -0.431816 0)
(0.277708 -0.439949 0)
(0.126413 -0.463895 0)
(0.0987348 -0.584475 0)
(0.407788 -0.547722 0)
(0.390736 -0.55808 0)
(0.35892 -0.632874 0)
(0.407294 -0.712478 0)
(0.323946 -0.795184 0)
(0.4491 -0.849151 0)
(0.490016 -0.298428 0)
(0.423835 -1.48596 0)
(0.316218 -0.013856 0)
(0.367065 -0.18007 0)
(0.274934 -0.194758 0)
(0.267635 -0.166789 0)
(0.221207 -0.190215 0)
(0.268376 -0.260153 0)
(0.222146 -0.29296 0)
(0.13933 -0.328257 0)
(0.160157 -0.353587 0)
(0.184325 -0.478057 0)
(0.252145 -0.363046 0)
(0.3307 -0.417063 0)
(0.265346 -0.583934 0)
(0.187964 -0.599185 0)
(0.271013 -0.747581 0)
(0.408449 -0.856053 0)
(0.355607 -0.885962 0)
(0.165196 -0.511958 0)
(0.251048 -1.62215 0)
(0.272434 0.00360383 0)
(0.250786 -0.100238 0)
(0.231517 -0.19844 0)
(0.253463 -0.223745 0)
(0.238676 -0.211618 0)
(0.23724 -0.22876 0)
(0.2503 -0.271844 0)
(0.172193 -0.276252 0)
(0.157462 -0.294687 0)
(0.179935 -0.364782 0)
(0.179372 -0.408302 0)
(0.241787 -0.488847 0)
(0.233812 -0.598177 0)
(0.189825 -0.631751 0)
(0.218673 -0.718342 0)
(0.183476 -0.851018 0)
(0.336299 -0.991678 0)
(0.0993951 -0.537812 0)
(0.238641 -1.19595 0)
(0.201463 -0.0460912 0)
(0.202567 -0.146108 0)
(0.211394 -0.127919 0)
(0.236966 -0.224708 0)
(0.19931 -0.186654 0)
(0.237245 -0.224768 0)
(0.209051 -0.338443 0)
(0.151861 -0.333372 0)
(0.151875 -0.441147 0)
(0.144262 -0.425191 0)
(0.195478 -0.399989 0)
(0.23825 -0.479247 0)
(0.18695 -0.582446 0)
(0.0650331 -0.586671 0)
(0.109587 -0.554182 0)
(0.11149 -0.7559 0)
(0.156141 -0.671413 0)
(0.182225 -0.643237 0)
(0.347643 -1.09892 0)
(0.156256 -0.0647142 0)
(0.190582 -0.0909669 0)
(0.15979 -0.107145 0)
(0.21681 -0.175511 0)
(0.219108 -0.193746 0)
(0.0922027 -0.288378 0)
(0.181901 -0.331121 0)
(0.121334 -0.405725 0)
(0.101829 -0.443957 0)
(0.252935 -0.453571 0)
(0.18471 -0.535065 0)
(0.155143 -0.506531 0)
(0.171145 -0.594842 0)
(0.146466 -0.47023 0)
(0.0133678 -0.291056 0)
(0.061863 -0.51779 0)
(0.200647 -0.515235 0)
(0.182593 -0.349433 0)
(0.281386 -0.743106 0)
(0.13913 -0.0734593 0)
(0.163998 -0.0709987 0)
(0.137537 -0.119335 0)
(0.161524 -0.0962608 0)
(0.0978917 -0.293719 0)
(0.137649 -0.282707 0)
(0.101928 -0.329213 0)
(0.0598301 -0.386099 0)
(0.13576 -0.36159 0)
(0.113039 -0.443897 0)
(0.186028 -0.517937 0)
(0.230823 -0.501557 0)
(0.211331 -0.586619 0)
(0.251942 -0.600197 0)
(0.0534571 -0.585464 0)
(0.00974121 -0.479927 0)
(0.145015 -0.59198 0)
(0.183952 -0.247248 0)
(0.252471 -0.684635 0)
(0.116347 -0.0397552 0)
(0.152076 -0.0799833 0)
(0.128151 -0.0948813 0)
(0.0297856 -0.15475 0)
(0.0780504 -0.241792 0)
(0.0725124 -0.197784 0)
(0.118759 -0.353758 0)
(0.119465 -0.269283 0)
(0.106118 -0.392785 0)
(0.194453 -0.418953 0)
(0.152934 -0.383879 0)
(0.125093 -0.518802 0)
(0.0840113 -0.598572 0)
(0.150925 -0.702532 0)
(0.194305 -0.661237 0)
(0.111586 -0.516299 0)
(0.164511 -0.614805 0)
(0.13395 -0.297873 0)
(0.132966 -0.315891 0)
(0.127135 -0.0348682 0)
(0.124845 -0.0775598 0)
(0.0631125 -0.147625 0)
(0.0531125 -0.184879 0)
(0.0728603 -0.154781 0)
(0.0796427 -0.185403 0)
(0.0686485 -0.221813 0)
(0.0628632 -0.257611 0)
(0.106265 -0.338735 0)
(0.136979 -0.43581 0)
(0.085476 -0.385904 0)
(0.126122 -0.536897 0)
(0.0803337 -0.605718 0)
(0.17439 -0.551331 0)
(0.285292 -0.621323 0)
(0.0649089 -0.709119 0)
(0.0419847 -0.578217 0)
(0.0675805 -0.133328 0)
(0.324278 0.0447601 0)
(0.0806056 -0.034983 0)
(0.0605921 -0.0682402 0)
(0.0390665 -0.160985 0)
(0.0512923 -0.17716 0)
(0.110236 -0.183252 0)
(0.0843853 -0.297153 0)
(0.0893467 -0.286446 0)
(0.119402 -0.372459 0)
(0.0636107 -0.345477 0)
(0.151256 -0.394981 0)
(0.0673475 -0.60315 0)
(0.0326808 -0.493994 0)
(-0.00108704 -0.604717 0)
(0.0516851 -0.730958 0)
(0.120731 -0.866877 0)
(0.18563 -0.971944 0)
(0.197576 -0.856081 0)
(0.0566119 -0.723146 0)
(0.292034 0.0805515 0)
(0.024382 -0.0238233 0)
(0.0237747 -0.101435 0)
(-0.0045937 -0.130376 0)
(0.0948784 -0.171043 0)
(-0.00169327 -0.279373 0)
(0.0699975 -0.326228 0)
(0.0385514 -0.414693 0)
(0.0413172 -0.464308 0)
(0.152187 -0.494415 0)
(-0.0440674 -0.546631 0)
(0.0403847 -0.687132 0)
(0.14381 -0.628378 0)
(-0.0999427 -0.700905 0)
(-0.144095 -0.683821 0)
(-0.00662315 -0.728459 0)
(0.0482582 -0.751747 0)
(0.0922076 -0.928015 0)
(0.205361 -0.921154 0)
(0.470988 0.69177 0)
)
;

boundaryField
{
    leftWall
    {
        type            fixedValue;
        value           uniform (0 0 0);
    }
    rightWall
    {
        type            fixedValue;
        value           uniform (0 0 0);
    }
    lowerWall
    {
        type            fixedValue;
        value           uniform (0 0 0);
    }
    atmosphere
    {
        type            pressureInletOutletVelocity;
        value           nonuniform List<vector> 
46
(
(0.0997413 0.595093 0)
(0.00726144 0.588847 0)
(-0.0619114 0.58906 0)
(0.146913 0.569532 0)
(0.043415 0.551815 0)
(0.0613891 0.549616 0)
(0.0844731 0.503636 0)
(0.0234045 0.472039 0)
(0.0566674 0.503428 0)
(0.00692243 0.416083 0)
(0.106449 0.464749 0)
(-0.073303 0.377226 0)
(-0.0096197 0.400721 0)
(0.0666886 0.358178 0)
(0.155169 0.374972 0)
(0.0695578 0.319777 0)
(0.0194129 0.315434 0)
(0.0326658 0.283534 0)
(-0.049538 0.205521 0)
(0.0265324 0.209733 0)
(0.0375227 0.137316 0)
(0.0193638 0.140001 0)
(0.0618744 0.0794245 0)
(0.0279663 0.0778563 0)
(0.0063057 0.0122677 0)
(0.0226295 0.0275972 0)
(0 -0.00124543 0)
(0 -0.0238233 0)
(0 -0.101435 0)
(0 -0.130376 0)
(0 -0.171043 0)
(0 -0.279373 0)
(0 -0.326228 0)
(0 -0.414693 0)
(0 -0.464308 0)
(0 -0.494415 0)
(0 -0.546631 0)
(0 -0.687132 0)
(0 -0.628378 0)
(0 -0.700905 0)
(0 -0.683821 0)
(0 -0.728459 0)
(0 -0.751747 0)
(0 -0.928015 0)
(0 -0.921154 0)
(0.470988 0.69177 0)
)
;
    }
    defaultFaces
    {
        type            empty;
    }
}


// ************************************************************************* //
