/*--------------------------------*- C++ -*----------------------------------*\
| =========                 |                                                 |
| \\      /  F ield         | foam-extend: Open Source CFD                    |
|  \\    /   O peration     | Version:     4.1                                |
|   \\  /    A nd           | Web:         http://www.foam-extend.org         |
|    \\/     M anipulation  |                                                 |
\*---------------------------------------------------------------------------*/
FoamFile
{
    version     2.0;
    format      ascii;
    class       volVectorField;
    location    "0.75";
    object      U_0;
}
// * * * * * * * * * * * * * * * * * * * * * * * * * * * * * * * * * * * * * //

dimensions      [0 1 -1 0 0 0 0];

internalField   nonuniform List<vector> 
2268
(
(-0.0121219 0.0163006 0)
(-0.0728518 0.0222887 0)
(-0.0941611 0.0140351 0)
(-0.132666 -0.0179494 0)
(-0.155128 -0.000441583 0)
(-0.183956 -0.0087896 0)
(-0.207128 -0.00223106 0)
(-0.171522 0.00686448 0)
(-0.152643 -0.0138903 0)
(-0.0806855 -0.00589442 0)
(-0.0636436 0.0076712 0)
(-0.0650282 -0.0187086 0)
(-0.0408841 0.00736503 0)
(-0.039084 0.013307 0)
(-0.0333097 0.000644456 0)
(-0.0219791 0.00295464 0)
(0.000341463 -0.0126273 0)
(0.00612237 0.00242593 0)
(0.0168291 0.000871654 0)
(0.0160418 0.00251045 0)
(0.0120005 0.00616117 0)
(0.00206609 0.000933735 0)
(0.00384415 0.000104635 0)
(-0.00772951 0.0237805 0)
(-0.0605687 0.016434 0)
(-0.08975 0.0119219 0)
(-0.140501 -0.0207965 0)
(-0.158064 0.0114335 0)
(-0.17631 0.035394 0)
(-0.202737 -0.000616774 0)
(-0.165446 -0.0189506 0)
(-0.12269 -0.00795264 0)
(-0.0768755 0.0313163 0)
(-0.0759818 -0.0218291 0)
(-0.0728182 -0.0168278 0)
(-0.0461729 0.018422 0)
(-0.0612358 -0.052157 0)
(-0.0619657 0.0177548 0)
(-0.0487469 -0.0252219 0)
(-0.0199202 -0.0016813 0)
(-0.00438977 -0.0109879 0)
(0.00530245 -0.00524823 0)
(0.00809386 -0.000375486 0)
(0.0048975 0.000314448 0)
(-0.00441722 0.00301532 0)
(-0.00782385 0.00256488 0)
(-0.0216501 0.050189 0)
(-0.0772358 0.0244111 0)
(-0.107195 0.0382622 0)
(-0.143388 0.000411679 0)
(-0.148891 0.01133 0)
(-0.199397 -0.0106131 0)
(-0.219463 -0.0140373 0)
(-0.162276 -0.0461017 0)
(-0.118744 0.0185838 0)
(-0.102228 -0.0586305 0)
(-0.0991633 -0.0189163 0)
(-0.0710411 -0.0145676 0)
(-0.0924427 -0.0126298 0)
(-0.0864031 -0.0300095 0)
(-0.0744175 -0.0121303 0)
(-0.0764513 -0.00520087 0)
(-0.0565511 -0.0110131 0)
(-0.0430201 -0.00954608 0)
(-0.0136396 -0.0149942 0)
(-0.00497423 0.00473139 0)
(-0.00170409 0.0126135 0)
(-0.00416129 0.00699881 0)
(-0.00615783 -0.00559251 0)
(-0.0426998 0.0683839 0)
(-0.0684888 0.0559832 0)
(-0.109438 0.035312 0)
(-0.163678 -0.000784676 0)
(-0.152373 0.0275486 0)
(-0.196937 -0.0241613 0)
(-0.216648 -0.0206172 0)
(-0.154577 -0.00346497 0)
(-0.161298 0.0162596 0)
(-0.13918 -0.0644399 0)
(-0.116553 0.00063226 0)
(-0.140504 -0.00763765 0)
(-0.140744 -0.00906018 0)
(-0.143364 0.00596039 0)
(-0.142529 -0.0179258 0)
(-0.129828 -0.00778249 0)
(-0.125774 -0.0391828 0)
(-0.090679 -0.0222992 0)
(-0.0689273 0.000912317 0)
(-0.0366932 -0.0121399 0)
(-0.0188233 -0.000624809 0)
(-0.0166896 0.00521558 0)
(-0.010709 -0.00269218 0)
(-0.0378841 0.107259 0)
(-0.0891863 0.053492 0)
(-0.125755 0.0318677 0)
(-0.144415 0.0226039 0)
(-0.151373 0.0278805 0)
(-0.223322 0.00640401 0)
(-0.230998 -0.0302966 0)
(-0.186464 0.00400141 0)
(-0.199281 -0.0476628 0)
(-0.156413 0.0212094 0)
(-0.139919 -0.00761868 0)
(-0.15626 -0.00280203 0)
(-0.167007 -0.0159633 0)
(-0.171671 -0.0169407 0)
(-0.169646 -0.0215136 0)
(-0.169575 -0.00638432 0)
(-0.148349 -0.0266647 0)
(-0.130755 -0.0344317 0)
(-0.120412 -0.0412832 0)
(-0.0983503 -0.0151932 0)
(-0.0586956 0.00636694 0)
(-0.0223182 0.00356374 0)
(-0.0115678 -0.0182501 0)
(-0.0711855 0.123937 0)
(-0.095963 0.0982382 0)
(-0.129644 0.0504964 0)
(-0.186755 0.00300309 0)
(-0.179209 -0.0386556 0)
(-0.237356 -0.00525405 0)
(-0.249414 -0.0437981 0)
(-0.194913 -0.0146099 0)
(-0.185504 0.0106386 0)
(-0.174498 0.0354631 0)
(-0.185405 0.00433771 0)
(-0.188842 0.00190267 0)
(-0.18792 -0.00970994 0)
(-0.187924 -0.00641763 0)
(-0.167945 -0.0122934 0)
(-0.161127 -0.0169795 0)
(-0.165098 -0.0606836 0)
(-0.148938 -0.0407932 0)
(-0.132818 -0.0658539 0)
(-0.116841 -0.0415117 0)
(-0.116705 -0.0407292 0)
(-0.0581501 -0.0177675 0)
(-0.0235328 -0.0196333 0)
(-0.0530885 0.163858 0)
(-0.0936436 0.112231 0)
(-0.135177 0.0842006 0)
(-0.217534 0.0420601 0)
(-0.198118 -0.0344582 0)
(-0.229238 0.04178 0)
(-0.23516 0.000257266 0)
(-0.207932 -0.0292469 0)
(-0.205902 0.027546 0)
(-0.19023 0.0255753 0)
(-0.193389 0.00413575 0)
(-0.190764 -0.00325167 0)
(-0.186381 -0.0187715 0)
(-0.181777 -0.0325764 0)
(-0.176762 -0.0449324 0)
(-0.186882 -0.0330841 0)
(-0.172723 -0.118638 0)
(-0.142957 -0.0467274 0)
(-0.133389 -0.0687464 0)
(-0.115556 -0.0225223 0)
(-0.115324 -0.0584217 0)
(-0.0643256 -0.016873 0)
(-0.0238385 -0.0356749 0)
(-0.0750155 0.175452 0)
(-0.1249 0.0909668 0)
(-0.160833 0.0768766 0)
(-0.240579 0.0287438 0)
(-0.21506 -0.0438253 0)
(-0.251944 -0.00791328 0)
(-0.312822 0.0401765 0)
(-0.21879 0.00198248 0)
(-0.194971 0.031651 0)
(-0.212366 0.0226583 0)
(-0.212238 0.0025507 0)
(-0.20272 -0.00556943 0)
(-0.202832 -0.0170536 0)
(-0.202594 -0.0205597 0)
(-0.176835 -0.035655 0)
(-0.204746 0.00366322 0)
(-0.184332 -0.0916971 0)
(-0.121102 -0.0632044 0)
(-0.123354 -0.0910833 0)
(-0.110712 -0.0535726 0)
(-0.142077 -0.0677018 0)
(-0.0861861 -0.0642915 0)
(-0.0324198 -0.0646473 0)
(-0.376871 0.107326 0)
(-0.584125 0.0344746 0)
(-0.792723 0.053075 0)
(-0.908985 0.0122944 0)
(-1.01313 0.0334642 0)
(-1.04173 0.0221784 0)
(-1.02502 -0.00356452 0)
(-0.9245 -0.0460966 0)
(-0.812889 -0.0842585 0)
(-0.713938 -0.0742399 0)
(-0.518713 -0.129791 0)
(-0.389369 -0.0739258 0)
(-0.332842 -0.00879583 0)
(-0.211245 -0.0710524 0)
(-0.17378 -0.0508428 0)
(-0.247591 -0.0219062 0)
(-0.0898365 -0.0405565 0)
(-0.0426348 -0.0624027 0)
(0.0055472 -0.00289723 0)
(-0.353868 0.293331 0)
(-0.575383 0.138145 0)
(-0.709687 0.201906 0)
(-0.822151 0.0590009 0)
(-0.897714 0.0586472 0)
(-0.917729 0.0382043 0)
(-0.854576 -0.0566117 0)
(-0.748134 -0.13353 0)
(-0.656725 -0.102544 0)
(-0.598016 -0.177455 0)
(-0.353783 -0.144407 0)
(-0.27269 -0.0699127 0)
(-0.221231 -0.0744331 0)
(-0.190068 -0.067056 0)
(-0.186101 -0.0197572 0)
(-0.312469 0.00504219 0)
(-0.161603 0.00443555 0)
(0.0199526 -0.0188317 0)
(-0.0751727 -0.0165145 0)
(-0.429954 0.471572 0)
(-0.461924 0.221757 0)
(-0.605549 0.174951 0)
(-0.665201 0.0935375 0)
(-0.666834 0.0380513 0)
(-0.635535 0.00554604 0)
(-0.473217 -0.105629 0)
(-0.549143 -0.0382731 0)
(-0.271901 -0.0668575 0)
(-0.173382 -0.273059 0)
(0.112662 -0.153599 0)
(0.0481227 -0.0893371 0)
(0.160783 -0.088733 0)
(0.0747413 -0.119906 0)
(-0.0583239 -0.0297901 0)
(0.0148905 -0.0447927 0)
(0.141408 -0.0908743 0)
(0.204903 -0.0158661 0)
(0.00881723 -0.0257717 0)
(-0.376771 0.52878 0)
(-0.316677 0.32421 0)
(-0.34784 0.206033 0)
(-0.362668 0.196586 0)
(-0.245723 0.043567 0)
(-0.175634 -0.0970232 0)
(0.159508 -0.277667 0)
(0.273569 -0.233421 0)
(0.271049 -0.0611602 0)
(0.264801 -0.149962 0)
(0.331204 -0.242055 0)
(0.304573 -0.0723748 0)
(0.309654 -0.0337372 0)
(0.275904 -0.00630302 0)
(-0.0655639 0.0146778 0)
(0.245605 -0.0356255 0)
(0.160399 -0.115001 0)
(0.113261 0.0344194 0)
(0.300588 0.0674859 0)
(-0.362888 0.586656 0)
(-0.18045 0.389606 0)
(-0.245363 0.181644 0)
(-0.275468 0.100457 0)
(0.0426295 -0.0405468 0)
(0.0643753 -0.126822 0)
(0.18018 -0.254506 0)
(0.444039 -0.268197 0)
(0.508693 -0.130763 0)
(0.447353 -0.118069 0)
(0.447694 -0.154506 0)
(0.411793 -0.131362 0)
(0.317223 -0.121206 0)
(0.306865 0.0129136 0)
(0.133088 -0.0169644 0)
(0.212041 -0.0396323 0)
(0.0443499 -0.110789 0)
(-0.0393526 -0.0621879 0)
(0.298868 0.136963 0)
(-0.319585 0.651098 0)
(-0.108716 0.372871 0)
(-0.151161 0.106117 0)
(-0.11987 0.0483381 0)
(0.179614 -0.109414 0)
(0.0840883 -0.19953 0)
(0.117437 -0.292529 0)
(0.408122 -0.310868 0)
(0.496266 -0.144189 0)
(0.457622 -0.172784 0)
(0.427567 -0.0912018 0)
(0.393735 -0.139312 0)
(0.366008 -0.104779 0)
(0.359007 0.0661978 0)
(0.19411 0.0583589 0)
(0.162593 0.0381952 0)
(0.02397 -0.0726501 0)
(0.0334965 -0.0674492 0)
(0.34034 0.178516 0)
(-0.308453 0.686273 0)
(-0.0411376 0.422113 0)
(-0.115326 0.156173 0)
(0.252453 -0.0430396 0)
(0.206347 -0.103118 0)
(0.0536676 -0.293653 0)
(0.0814296 -0.319296 0)
(0.375513 -0.305506 0)
(0.464099 -0.285733 0)
(0.393017 -0.213779 0)
(0.352754 -0.150498 0)
(0.267536 -0.115842 0)
(0.262386 -0.0934159 0)
(0.320498 0.0831057 0)
(0.129481 0.084382 0)
(0.16488 0.0722103 0)
(0.0584644 -0.0830358 0)
(0.0258796 -0.113664 0)
(0.306697 0.208292 0)
(-0.288238 0.781383 0)
(-0.0192495 0.391873 0)
(0.0838073 0.12137 0)
(0.381793 -0.18418 0)
(0.259421 -0.0225411 0)
(-0.0612575 -0.219809 0)
(0.0526741 -0.389794 0)
(0.355193 -0.300421 0)
(0.446928 -0.299407 0)
(0.429623 -0.159157 0)
(0.339722 -0.162985 0)
(0.214982 -0.0982659 0)
(0.160199 -0.13408 0)
(0.240569 0.121706 0)
(-0.0871228 0.111683 0)
(0.0462862 0.0388804 0)
(0.310383 -0.0293881 0)
(-0.0647144 -0.0976839 0)
(0.0646065 0.3 0)
(-0.0903569 0.286068 0)
(-0.116464 0.269592 0)
(-0.199195 0.193729 0)
(-0.34103 0.0786134 0)
(-0.250352 -0.0240486 0)
(-0.216452 -0.0505878 0)
(-0.235008 0.0306151 0)
(-0.223366 0.0404848 0)
(-0.22406 0.0193241 0)
(-0.209452 0.0099059 0)
(-0.203068 -0.0013577 0)
(-0.195498 -0.00670996 0)
(-0.188682 -0.0193698 0)
(-0.188133 -0.0212425 0)
(-0.171591 -0.0107785 0)
(-0.240774 -0.0625031 0)
(-0.200523 -0.064875 0)
(-0.13299 -0.0666946 0)
(-0.128777 -0.0781181 0)
(-0.0993086 -0.0812786 0)
(-0.153098 -0.0658879 0)
(-0.106019 -0.0645581 0)
(-0.0109592 -0.107521 0)
(-0.307904 0.660578 0)
(-0.402057 0.359152 0)
(-0.458017 0.12945 0)
(-0.488006 0.0585432 0)
(-0.333195 0.0880667 0)
(-0.271063 -0.00584776 0)
(-0.22133 0.014552 0)
(-0.221114 -0.0019379 0)
(-0.205118 0.0042599 0)
(-0.207265 0.00117708 0)
(-0.195293 -0.00944077 0)
(-0.185755 -0.0229115 0)
(-0.16983 -0.0333531 0)
(-0.138163 -0.0293446 0)
(-0.198216 -0.0212859 0)
(-0.253187 -0.118278 0)
(-0.134001 -0.0483803 0)
(-0.118266 -0.125788 0)
(-0.169723 -0.0533103 0)
(-0.0936897 -0.0743993 0)
(-0.060155 -0.0697183 0)
(-0.111724 -0.137205 0)
(-0.0853142 -0.0969813 0)
(-0.307571 0.637002 0)
(-0.306634 0.108721 0)
(-0.348527 -0.139362 0)
(-0.408031 -0.00460566 0)
(-0.398046 -0.10077 0)
(-0.396172 0.105969 0)
(-0.471527 -0.0137557 0)
(-0.351043 0.00756466 0)
(-0.335377 0.00753603 0)
(-0.348849 0.00879973 0)
(-0.323646 -0.0234674 0)
(-0.287113 -0.0321306 0)
(-0.25433 -0.0434304 0)
(-0.232675 -0.0305751 0)
(-0.256158 -0.097881 0)
(-0.269768 -0.0947898 0)
(-0.216757 -0.100995 0)
(-0.222847 -0.190479 0)
(-0.161845 -0.0855286 0)
(-0.0614372 -0.209997 0)
(0.0195385 -0.0148296 0)
(0.0131927 0.0570007 0)
(-0.0506207 -0.0186704 0)
(-0.315645 1.1567 0)
(-0.289399 0.392046 0)
(-0.399299 0.207065 0)
(-0.58442 0.175135 0)
(-0.623866 -0.00517494 0)
(-0.818463 -0.290659 0)
(-1.03107 0.0405146 0)
(-1.03662 0.229612 0)
(-1.26425 0.0862489 0)
(-1.68604 0.0123769 0)
(-1.75729 -0.0597918 0)
(-1.49523 -0.124322 0)
(-0.781935 -0.0666729 0)
(-0.383626 -0.00234689 0)
(-0.54006 -0.0599681 0)
(-0.629373 -0.141846 0)
(-0.737246 -0.0837511 0)
(-0.648633 -0.00990846 0)
(-0.356033 -0.359168 0)
(-0.18638 -0.41475 0)
(-0.0830053 -0.252341 0)
(0.153417 -0.131689 0)
(-0.135135 0.0322421 0)
(-0.345209 1.30939 0)
(-0.315465 0.196278 0)
(-0.496941 0.425791 0)
(-1.08741 0.650132 0)
(-1.66011 0.408807 0)
(-2.32562 0.497697 0)
(-3.11698 0.517206 0)
(-3.40869 0.598567 0)
(-3.38297 0.00950443 0)
(-2.9532 -0.618559 0)
(-2.40917 -0.640457 0)
(-2.02889 -0.627559 0)
(-1.69881 -0.442118 0)
(-0.985041 -0.528218 0)
(-0.649697 -0.192663 0)
(-0.555856 -0.0828114 0)
(-0.483589 0.12251 0)
(-0.472046 -0.240653 0)
(-0.45313 -0.399138 0)
(-0.457911 -0.365346 0)
(-0.463739 -0.165351 0)
(-0.473956 0.207967 0)
(-0.630938 0.560433 0)
(-0.355208 1.43166 0)
(-0.219002 0.923468 0)
(-0.841281 0.784487 0)
(-1.2787 1.05658 0)
(-1.50998 1.11886 0)
(-2.4803 1.23376 0)
(-3.03937 0.823729 0)
(-2.68516 -0.225701 0)
(-2.20843 -0.58471 0)
(-1.98825 -0.713298 0)
(-1.79332 -0.741966 0)
(-1.62243 -0.650086 0)
(-1.44591 -0.660912 0)
(-1.31654 -0.728311 0)
(-1.19926 -0.642391 0)
(-1.12087 -0.512656 0)
(-0.444215 -0.123182 0)
(-0.514106 -0.219344 0)
(-0.695265 -0.388805 0)
(-0.59036 -0.356374 0)
(-0.625143 -0.190901 0)
(-0.599183 0.143092 0)
(-0.747582 0.450547 0)
(-0.262862 1.59351 0)
(-0.537263 1.40027 0)
(-1.04351 1.60578 0)
(-1.01699 1.6995 0)
(-1.49027 1.97876 0)
(-2.61694 1.97543 0)
(-2.94387 1.03656 0)
(-2.16122 -0.382571 0)
(-1.95334 -0.589239 0)
(-1.88237 -0.689675 0)
(-1.74557 -0.776696 0)
(-1.60293 -0.742039 0)
(-1.5231 -0.793101 0)
(-1.46549 -0.83925 0)
(-1.42961 -0.837045 0)
(-1.37605 -0.799174 0)
(-0.991625 -0.57812 0)
(-0.666363 -0.243088 0)
(-0.624899 -0.28802 0)
(-0.640612 -0.17913 0)
(-0.737568 -0.148924 0)
(-0.666329 0.0853479 0)
(-0.635862 0.229462 0)
(-0.25688 1.83043 0)
(-0.3625 1.40746 0)
(-0.758639 1.79185 0)
(-0.855378 1.92598 0)
(-0.892765 1.97256 0)
(-1.88656 2.11668 0)
(-2.6598 1.1408 0)
(-1.98138 -0.224542 0)
(-1.84179 -0.617052 0)
(-1.86377 -0.808457 0)
(-1.78149 -0.871783 0)
(-1.66669 -0.902275 0)
(-1.58301 -0.930677 0)
(-1.53203 -0.923746 0)
(-1.53222 -0.927144 0)
(-1.43405 -0.917765 0)
(-1.21208 -0.895993 0)
(-0.953062 -0.602159 0)
(-0.620909 -0.42669 0)
(-0.78847 -0.250052 0)
(-0.839733 -0.155938 0)
(-0.481388 0.0682202 0)
(-0.389321 0.182589 0)
(-0.354374 2.00011 0)
(-0.384673 1.49911 0)
(-0.545751 1.6773 0)
(-0.514835 2.00172 0)
(-0.591028 2.33294 0)
(-0.791104 2.78821 0)
(-1.58202 1.69029 0)
(-1.75728 0.162277 0)
(-1.50748 -0.842522 0)
(-1.47293 -1.12951 0)
(-1.7229 -1.07185 0)
(-1.83428 -1.11354 0)
(-1.77026 -1.15638 0)
(-1.63619 -1.03497 0)
(-1.52949 -0.964262 0)
(-1.34702 -0.987766 0)
(-1.26124 -0.952372 0)
(-1.10562 -0.817524 0)
(-1.03129 -0.526633 0)
(-0.982145 -0.452847 0)
(-0.795817 -0.105809 0)
(-0.550633 0.149117 0)
(-0.387397 0.139788 0)
(-0.387208 2.23455 0)
(-0.426245 1.74001 0)
(-0.449763 1.79514 0)
(-0.373927 1.81208 0)
(-0.153082 2.35216 0)
(-0.416065 2.82894 0)
(-1.06868 1.58189 0)
(-1.15541 0.0768345 0)
(-1.13626 -0.642222 0)
(-1.20145 -1.027 0)
(-1.36294 -1.6176 0)
(-1.39586 -1.75446 0)
(-1.55785 -1.30113 0)
(-1.57084 -1.13092 0)
(-1.29352 -1.07211 0)
(-1.19526 -1.06282 0)
(-1.21153 -1.05085 0)
(-1.15453 -0.919601 0)
(-1.16837 -0.568629 0)
(-1.22836 -0.55928 0)
(-1.20147 -0.583561 0)
(-1.01421 -0.420269 0)
(-0.877969 -0.445466 0)
(-0.42426 2.43297 0)
(-0.432151 1.90298 0)
(-0.525117 1.89236 0)
(-0.346573 1.87409 0)
(-0.143273 2.33834 0)
(-0.177706 2.5675 0)
(-0.388495 1.80497 0)
(-0.855849 0.427061 0)
(-1.04062 -0.554949 0)
(-1.18396 -0.91799 0)
(-1.12763 -1.05469 0)
(-1.0182 -1.08714 0)
(-1.1301 -1.24223 0)
(-1.24605 -1.20011 0)
(-1.09864 -1.21133 0)
(-1.09025 -1.09001 0)
(-1.15114 -1.09427 0)
(-1.1434 -1.04409 0)
(-1.14072 -0.618347 0)
(-1.21598 -0.564818 0)
(-1.21491 -0.648102 0)
(-1.09193 -0.739866 0)
(-1.05638 -0.758361 0)
(-0.404729 2.65319 0)
(-0.316747 2.04747 0)
(-0.390309 2.00169 0)
(-0.269729 2.23734 0)
(-0.215066 2.34175 0)
(-0.0659786 2.62709 0)
(-0.00852142 2.1869 0)
(-0.515785 0.925188 0)
(-0.819875 -0.547705 0)
(-0.980637 -0.93617 0)
(-0.655438 -1.06648 0)
(-0.758201 -0.952077 0)
(-1.08152 -1.01115 0)
(-1.13715 -1.09256 0)
(-1.06505 -1.14443 0)
(-1.16652 -1.06192 0)
(-1.20236 -1.04454 0)
(-1.1926 -0.921252 0)
(-1.21117 -0.668262 0)
(-1.15993 -0.682494 0)
(-1.11604 -0.703907 0)
(-1.16631 -0.823441 0)
(-1.15245 -0.812413 0)
(-0.317224 2.78667 0)
(-0.0309605 2.13531 0)
(-0.322215 1.86906 0)
(-0.161415 2.20201 0)
(-0.165049 2.21642 0)
(0.052161 2.46816 0)
(0.215625 2.26253 0)
(0.150868 1.18846 0)
(0.11708 -0.136603 0)
(-0.15583 -0.413791 0)
(0.256779 -0.988461 0)
(-0.189442 -1.269 0)
(-0.856708 -0.932449 0)
(-0.991803 -0.908387 0)
(-0.915589 -0.842783 0)
(-1.38076 -1.0065 0)
(-1.89274 -0.943166 0)
(-1.74717 -0.945118 0)
(-1.62791 -0.68202 0)
(-1.63115 -0.599833 0)
(-1.31677 -0.882811 0)
(-1.16728 -1.00805 0)
(-1.36822 -1.00223 0)
(-0.135705 2.85352 0)
(0.160346 2.16958 0)
(-0.144302 1.72522 0)
(0.0716158 2.37253 0)
(0.0450972 1.86439 0)
(0.288644 2.19008 0)
(0.542418 2.11228 0)
(0.632215 1.25861 0)
(1.14736 0.130946 0)
(0.983128 -0.956365 0)
(0.752425 -1.05878 0)
(0.693631 -0.625749 0)
(0.00993343 -0.402225 0)
(-0.809003 -0.549605 0)
(-1.20111 -0.503203 0)
(-1.40904 -0.823104 0)
(-2.01245 -0.582978 0)
(-1.9215 -0.698437 0)
(-1.81953 -0.832534 0)
(-1.92341 -0.797078 0)
(-1.95633 -0.736075 0)
(-1.79483 -0.956699 0)
(-1.8712 -1.02573 0)
(-0.00334965 3.02748 0)
(0.206109 2.34562 0)
(0.335813 1.64241 0)
(0.140829 2.091 0)
(-0.0526577 1.7288 0)
(0.737629 1.9399 0)
(1.10622 1.7791 0)
(1.1254 0.889049 0)
(1.68069 0.244122 0)
(1.76657 -0.581342 0)
(1.67288 -0.429626 0)
(1.58602 -0.0169194 0)
(0.579641 0.271723 0)
(-0.176908 0.197792 0)
(-1.27064 -0.252677 0)
(-1.60764 -0.624148 0)
(-1.85321 -0.484923 0)
(-1.98331 -0.592292 0)
(-1.88333 -0.836554 0)
(-1.89909 -0.888113 0)
(-2.08798 -1.04338 0)
(-2.19852 -1.19886 0)
(-2.34716 -1.3315 0)
(0.0120608 3.09219 0)
(-0.0160922 2.42128 0)
(0.208243 1.79312 0)
(0.108761 1.76974 0)
(-0.0579483 1.43469 0)
(0.784946 1.50727 0)
(1.2384 1.13897 0)
(1.30042 0.40841 0)
(1.83464 -0.128516 0)
(2.18678 -0.716846 0)
(2.08744 -0.378545 0)
(2.05022 0.128329 0)
(1.53364 0.735405 0)
(0.856603 0.799699 0)
(0.104407 0.592652 0)
(-0.380559 0.508731 0)
(-1.44993 -0.0125313 0)
(-1.91615 -0.0712619 0)
(-1.79278 -0.667588 0)
(-2.00327 -0.929103 0)
(-2.13753 -0.972381 0)
(-2.12314 -1.01662 0)
(-2.13026 -1.0116 0)
(0.00869117 2.9849 0)
(-0.0196669 2.45646 0)
(0.0041381 2.5838 0)
(-0.117537 1.8746 0)
(-0.337428 1.46648 0)
(0.557286 1.19327 0)
(0.893819 0.345809 0)
(1.30451 0.0350861 0)
(1.61848 -0.522899 0)
(0.95905 -0.460494 0)
(0.642115 -0.149084 0)
(1.04198 0.496161 0)
(0.807744 1.45736 0)
(0.313895 1.14144 0)
(0.112679 1.02881 0)
(-0.443923 0.877738 0)
(-1.4371 0.332477 0)
(-1.87376 0.0827002 0)
(-2.02743 -0.277277 0)
(-2.05318 -0.756 0)
(-2.21194 -0.897083 0)
(-2.22886 -0.921635 0)
(-2.15557 -0.911167 0)
(0.0803196 2.79319 0)
(0.152759 2.46532 0)
(-0.0675241 2.52923 0)
(-0.69699 2.10429 0)
(-0.866422 2.17044 0)
(-0.0475771 1.06055 0)
(-0.353694 -0.460523 0)
(0.222248 -0.227723 0)
(-0.186896 -0.0566586 0)
(-0.374389 0.0190789 0)
(-0.509737 0.043308 0)
(-0.574338 0.321085 0)
(-0.518689 0.83897 0)
(-0.284989 0.985106 0)
(-0.39813 1.27839 0)
(-0.829399 1.24393 0)
(-1.0908 1.0406 0)
(-1.48668 0.567018 0)
(-1.52565 -0.113587 0)
(-1.96425 -0.54658 0)
(-2.05774 -0.824106 0)
(-2.01277 -0.835991 0)
(-2.02683 -0.763908 0)
(0.0727155 2.78101 0)
(0.124121 2.48564 0)
(-0.227233 2.35478 0)
(-0.899386 2.21171 0)
(-1.40871 1.86905 0)
(-1.24719 0.460568 0)
(-0.98742 0.129204 0)
(-0.962308 0.0545751 0)
(-0.929449 0.0699049 0)
(-0.793218 0.118762 0)
(-0.802827 0.158044 0)
(-1.13718 0.596827 0)
(-1.10481 1.3109 0)
(-0.823151 1.5252 0)
(-0.832064 1.65977 0)
(-0.693221 1.57169 0)
(-0.764057 1.13052 0)
(-1.21804 0.583359 0)
(-1.21038 -0.243927 0)
(-1.39125 -0.644153 0)
(-1.29313 -0.998899 0)
(-1.02652 -1.08977 0)
(-1.1881 -0.964605 0)
(0.045152 2.80215 0)
(-0.0173826 2.56649 0)
(-0.295694 2.55285 0)
(-0.890467 2.5232 0)
(-1.28389 1.64153 0)
(-1.31059 0.438412 0)
(-1.29743 -0.0140126 0)
(-1.31543 -0.193785 0)
(-1.16971 -0.283678 0)
(-0.934131 -0.0191369 0)
(-1.01813 0.524528 0)
(-1.27885 1.11181 0)
(-1.32699 1.81627 0)
(-1.28289 2.1456 0)
(-1.17352 2.27462 0)
(-0.901876 2.22656 0)
(-0.642293 1.60953 0)
(-0.709069 1.13967 0)
(-0.791158 0.124737 0)
(-1.00423 -0.486944 0)
(-1.15808 -0.92415 0)
(-0.838759 -1.45012 0)
(-0.73045 -1.67412 0)
(0.0119589 2.84644 0)
(0.0365771 2.65926 0)
(-0.0649096 2.83277 0)
(-0.413926 2.97623 0)
(-0.813529 2.10471 0)
(-1.08313 0.818786 0)
(-1.38125 0.226761 0)
(-1.44741 -0.0412149 0)
(-1.45632 -0.179914 0)
(-1.43952 -0.204626 0)
(-1.36528 0.209293 0)
(-1.10212 0.830046 0)
(-1.25204 1.17952 0)
(-1.25447 1.82181 0)
(-0.954972 2.03614 0)
(-0.88872 2.055 0)
(-0.802108 1.92605 0)
(-0.638966 1.16856 0)
(-0.546802 0.00254243 0)
(-0.522471 -0.756416 0)
(-0.629244 -0.958497 0)
(-0.523176 -1.03833 0)
(-0.211769 -1.31908 0)
(-0.00936463 2.84293 0)
(0.0566868 2.76258 0)
(0.096416 2.83982 0)
(-0.0341961 2.92873 0)
(-0.494095 2.29243 0)
(-1.03183 0.687849 0)
(-1.27183 0.0535675 0)
(-1.30507 -0.22821 0)
(-1.42119 -0.262235 0)
(-1.59152 0.143432 0)
(-1.54711 0.431868 0)
(-1.65499 0.376963 0)
(-1.73187 0.685235 0)
(-1.15328 1.16229 0)
(-0.715056 1.10379 0)
(-0.582046 1.37335 0)
(-0.578387 1.49191 0)
(-0.480665 1.04688 0)
(-0.298041 -0.0235738 0)
(-0.283691 -0.494242 0)
(-0.384816 -0.762566 0)
(-0.125894 -0.988787 0)
(-0.0215565 -1.1358 0)
(-0.0169673 2.72555 0)
(0.0602942 2.73582 0)
(0.177973 2.89707 0)
(0.531096 2.96329 0)
(0.341284 2.81886 0)
(-0.606468 1.23408 0)
(-1.28731 0.490433 0)
(-1.29816 0.186648 0)
(-1.41907 0.0610693 0)
(-1.72432 -0.0975469 0)
(-2.04816 -0.264334 0)
(-2.32323 -0.153348 0)
(-1.74365 0.696161 0)
(-1.16301 0.980196 0)
(-0.887023 0.991431 0)
(-0.49835 0.984351 0)
(-0.244317 0.771981 0)
(-0.340899 0.77933 0)
(-0.0922151 -0.341133 0)
(0.182477 -1.1375 0)
(0.289448 -1.39662 0)
(0.182536 -1.44059 0)
(0.338472 -1.44418 0)
(0.0813822 2.50554 0)
(0.19411 2.58759 0)
(0.260293 2.86134 0)
(0.77561 2.974 0)
(1.17533 2.91211 0)
(0.765412 1.82621 0)
(-0.582521 0.72629 0)
(-0.65842 0.727321 0)
(-0.631852 0.294266 0)
(-1.17986 0.0441244 0)
(-1.4659 -0.333089 0)
(-1.75006 0.000707671 0)
(-1.667 0.169025 0)
(-0.981642 0.672259 0)
(-0.837237 0.997914 0)
(-0.489499 1.13245 0)
(-0.228245 1.02218 0)
(0.0486741 0.618335 0)
(0.121491 -0.323761 0)
(0.33016 -1.18077 0)
(0.723661 -1.68017 0)
(0.696914 -1.86687 0)
(0.451689 -1.76392 0)
(0.126043 2.30762 0)
(0.493506 2.32174 0)
(0.507884 2.65999 0)
(0.874036 2.70867 0)
(1.30702 2.73058 0)
(1.51158 2.15922 0)
(0.896619 1.47418 0)
(0.864931 1.18358 0)
(0.384457 0.792137 0)
(0.0312135 0.123393 0)
(-0.79031 -0.151359 0)
(-1.0142 -0.152972 0)
(-1.24314 0.19998 0)
(-0.75502 0.633023 0)
(-0.405855 0.961108 0)
(-0.30349 0.860141 0)
(0.139587 1.31767 0)
(0.0767699 0.524267 0)
(0.667643 -0.261738 0)
(0.597793 -1.35085 0)
(0.789923 -1.58153 0)
(0.917014 -1.83214 0)
(0.972176 -1.66788 0)
(0.225919 2.45502 0)
(0.561501 2.37125 0)
(0.549266 2.32135 0)
(0.790723 2.53224 0)
(1.23422 2.48239 0)
(1.77547 2.1557 0)
(1.51594 1.80301 0)
(1.52617 1.48778 0)
(1.494 1.36088 0)
(1.27078 0.818741 0)
(0.540875 0.238338 0)
(0.0434505 -0.143264 0)
(-0.0300537 0.0274143 0)
(-0.163805 0.605108 0)
(9.22399e-05 0.993736 0)
(0.107691 0.838362 0)
(0.564928 0.779671 0)
(0.898784 0.280475 0)
(0.927705 -0.883191 0)
(1.19896 -1.56838 0)
(1.41891 -1.5187 0)
(1.2052 -1.38966 0)
(1.10982 -1.37361 0)
(0.00460952 2.93331 0)
(0.414308 2.34394 0)
(0.530343 2.23086 0)
(0.741932 2.30845 0)
(1.16508 2.57888 0)
(1.722 2.15882 0)
(1.64693 1.76137 0)
(1.90894 1.66234 0)
(1.86341 1.43641 0)
(1.4502 0.93623 0)
(1.21119 0.588799 0)
(1.00276 0.380433 0)
(1.06529 0.300437 0)
(1.03304 0.523479 0)
(0.893194 0.313218 0)
(0.9983 0.428118 0)
(1.07207 0.198158 0)
(1.48676 -0.227482 0)
(1.50431 -1.17965 0)
(1.67379 -1.24797 0)
(1.60773 -1.2662 0)
(1.33188 -1.31121 0)
(1.20179 -1.38229 0)
(-0.463445 2.62043 0)
(-0.0261832 2.14964 0)
(0.451292 2.26793 0)
(0.975423 2.12922 0)
(1.20209 2.44154 0)
(1.41068 2.07459 0)
(1.52832 1.7996 0)
(1.8352 1.57688 0)
(1.86074 1.33195 0)
(1.605 1.01171 0)
(1.6425 0.825481 0)
(1.56047 0.848651 0)
(1.58853 0.92784 0)
(1.55655 0.817228 0)
(1.4414 0.316821 0)
(1.8021 0.0737397 0)
(1.8828 -0.254537 0)
(1.86491 -0.856749 0)
(1.73602 -0.956694 0)
(1.78339 -0.973281 0)
(1.70914 -1.09096 0)
(1.33719 -1.19534 0)
(1.32255 -1.45851 0)
(-0.323442 1.9498 0)
(0.206554 2.17907 0)
(0.436683 2.19902 0)
(0.948595 2.04925 0)
(1.09343 2.06257 0)
(1.03636 1.90627 0)
(1.08725 1.5328 0)
(1.4488 1.43181 0)
(1.75058 1.1816 0)
(1.65069 1.10293 0)
(1.76563 0.94085 0)
(1.97212 1.02838 0)
(1.85472 1.02302 0)
(1.63445 0.748927 0)
(1.55167 0.557449 0)
(1.78073 0.340442 0)
(1.7577 0.0568609 0)
(1.7608 -0.141699 0)
(1.69952 -0.380045 0)
(1.65275 -0.574272 0)
(1.4759 -0.931616 0)
(1.1318 -1.17784 0)
(1.25501 -1.49075 0)
(-0.200338 1.80708 0)
(0.338989 1.90547 0)
(0.353649 1.80253 0)
(0.636401 1.79223 0)
(0.916806 1.59957 0)
(0.959553 1.65972 0)
(1.08209 1.55904 0)
(1.44299 1.53786 0)
(1.52597 1.30958 0)
(1.48295 1.12507 0)
(1.64204 1.06178 0)
(1.88882 0.809961 0)
(1.74794 0.704425 0)
(1.58216 0.437231 0)
(1.67479 0.37022 0)
(1.65263 0.201315 0)
(1.65626 -0.139831 0)
(1.69461 -0.267351 0)
(1.65284 -0.590789 0)
(1.37188 -0.691092 0)
(1.29923 -1.01954 0)
(1.19084 -1.15731 0)
(1.38718 -1.05035 0)
(-0.103248 1.80171 0)
(0.131914 1.79577 0)
(0.294635 1.64971 0)
(0.708719 1.79897 0)
(0.831154 1.76491 0)
(0.954407 1.69347 0)
(1.00219 1.62804 0)
(1.22885 1.48556 0)
(1.17003 1.17672 0)
(1.26735 1.04791 0)
(1.35869 0.999583 0)
(1.51228 0.810464 0)
(1.43522 0.375218 0)
(1.50534 0.375816 0)
(1.54767 0.285205 0)
(1.494 -0.0296953 0)
(1.53692 -0.0433094 0)
(1.44585 -0.0413904 0)
(1.29179 -0.319822 0)
(1.19618 -0.397102 0)
(1.0522 -0.619738 0)
(1.02611 -0.684574 0)
(1.10386 -0.726306 0)
(-0.0315086 1.7449 0)
(0.166806 1.72227 0)
(0.317345 1.8064 0)
(0.754072 1.64706 0)
(0.73575 1.66528 0)
(0.740124 1.58872 0)
(0.826763 1.50342 0)
(0.914224 1.31692 0)
(0.9051 0.945147 0)
(0.968455 0.872752 0)
(1.12771 0.75504 0)
(1.19109 0.611708 0)
(1.15364 0.534664 0)
(1.31335 0.434708 0)
(1.23015 0.309769 0)
(1.35642 0.182064 0)
(1.86512 0.0101468 0)
(1.5907 -0.147251 0)
(0.954943 -0.228146 0)
(0.883506 -0.409124 0)
(0.913699 -0.49755 0)
(0.905834 -0.50467 0)
(0.951781 -0.566835 0)
(0.0597162 1.71291 0)
(0.273735 1.58716 0)
(0.307925 1.67209 0)
(0.508006 1.51593 0)
(0.544892 1.25103 0)
(0.603382 1.24884 0)
(0.714939 1.26584 0)
(0.799761 1.20916 0)
(0.816525 0.9691 0)
(0.872752 0.903815 0)
(1.03013 0.850676 0)
(1.02002 0.617602 0)
(0.991218 0.595346 0)
(1.08021 0.462934 0)
(1.00866 0.318239 0)
(1.06478 0.284554 0)
(1.18823 0.100156 0)
(0.989976 -0.282461 0)
(0.873294 -0.154857 0)
(0.826069 -0.24409 0)
(0.75933 -0.28731 0)
(0.724291 -0.41879 0)
(0.662771 -0.538334 0)
(0.127296 1.51939 0)
(0.272646 1.37305 0)
(0.241941 1.3632 0)
(0.389716 1.2555 0)
(0.431731 1.23235 0)
(0.511721 1.22788 0)
(0.541878 1.14808 0)
(0.673639 1.10604 0)
(0.719577 0.802634 0)
(0.763432 0.789631 0)
(0.860849 0.752323 0)
(0.841134 0.647999 0)
(0.737913 0.505914 0)
(0.849223 0.437015 0)
(0.827041 0.327763 0)
(0.916903 0.244534 0)
(1.24714 0.082434 0)
(1.18352 -0.110377 0)
(0.955674 -0.117023 0)
(0.559996 -0.296267 0)
(0.593082 -0.375586 0)
(0.55101 -0.399093 0)
(0.501187 -0.604337 0)
(0.259981 1.57484 0)
(0.407274 1.42423 0)
(0.287988 1.32461 0)
(0.339841 1.20222 0)
(0.34166 1.11213 0)
(0.384926 1.10242 0)
(0.419353 1.0267 0)
(0.392401 0.981516 0)
(0.557495 0.84859 0)
(0.750518 0.771815 0)
(0.764067 0.695769 0)
(0.782173 0.691742 0)
(0.747965 0.622394 0)
(0.762613 0.600409 0)
(0.717449 0.425511 0)
(0.778479 0.423549 0)
(0.903494 0.142244 0)
(0.789783 0.0581915 0)
(0.67736 -0.229349 0)
(0.591907 -0.19183 0)
(0.597889 -0.270274 0)
(0.506285 -0.348896 0)
(0.510816 -0.44656 0)
(0.209939 1.71688 0)
(0.276027 1.44363 0)
(0.193754 1.30597 0)
(0.281557 1.15542 0)
(0.27987 1.07513 0)
(0.321759 1.07265 0)
(0.364279 1.03044 0)
(0.390039 0.942914 0)
(0.464954 0.934422 0)
(0.523184 0.732272 0)
(0.589727 0.687438 0)
(0.603151 0.737807 0)
(0.617476 0.61845 0)
(0.623217 0.565414 0)
(0.67519 0.422074 0)
(0.593927 0.389278 0)
(0.586138 0.268059 0)
(0.774509 0.0578426 0)
(0.72199 -0.123851 0)
(0.500134 -0.165116 0)
(0.326968 -0.358215 0)
(0.550054 -0.654888 0)
(0.525294 -0.707527 0)
(0.165776 1.6127 0)
(0.158768 1.27101 0)
(0.151388 1.23949 0)
(0.228804 1.09656 0)
(0.224547 1.02957 0)
(0.275785 0.975498 0)
(0.294082 0.935392 0)
(0.323894 0.849143 0)
(0.310091 0.801131 0)
(0.39879 0.666759 0)
(0.648466 0.664779 0)
(0.582388 0.652894 0)
(0.403671 0.509536 0)
(0.510707 0.464495 0)
(0.552772 0.401207 0)
(0.546994 0.22008 0)
(0.535064 0.260068 0)
(0.50804 0.172831 0)
(0.408308 0.078161 0)
(0.43554 -0.0990227 0)
(0.247768 -0.374069 0)
(0.41434 -0.604224 0)
(0.67181 -0.786954 0)
(0.098415 1.3861 0)
(0.102548 1.15459 0)
(0.153667 1.14073 0)
(0.193839 1.02007 0)
(0.205435 0.957012 0)
(0.235868 0.942934 0)
(0.258161 0.91728 0)
(0.280483 0.868023 0)
(0.309377 0.793673 0)
(0.323422 0.747753 0)
(0.405029 0.648635 0)
(0.441513 0.488353 0)
(0.429264 0.464591 0)
(0.508502 0.458347 0)
(0.538131 0.446414 0)
(0.497199 0.313291 0)
(0.474936 0.0886958 0)
(0.251802 -0.00807287 0)
(0.187796 -0.0439305 0)
(0.173293 -0.224651 0)
(0.190962 -0.344939 0)
(0.410055 -0.412857 0)
(0.477589 -0.665906 0)
(0.0746122 1.2924 0)
(0.0790668 1.1233 0)
(0.139119 1.09249 0)
(0.169875 0.996654 0)
(0.184794 0.937498 0)
(0.220604 0.887522 0)
(0.203754 0.840735 0)
(0.221729 0.795252 0)
(0.224324 0.736182 0)
(0.179619 0.624103 0)
(0.228931 0.531815 0)
(0.36201 0.496968 0)
(0.413394 0.475546 0)
(0.59939 0.387264 0)
(0.518462 0.377092 0)
(0.322111 0.295743 0)
(0.345501 0.185177 0)
(0.357348 0.13327 0)
(0.25657 0.114629 0)
(0.250904 -0.0204385 0)
(0.247202 -0.270221 0)
(0.313433 -0.432518 0)
(0.360318 -0.688836 0)
(0.055136 1.06767 0)
(0.0610601 0.990047 0)
(0.110068 0.944123 0)
(0.124593 0.904226 0)
(0.14888 0.828309 0)
(0.170594 0.896431 0)
(0.159671 0.904957 0)
(0.164067 0.824198 0)
(0.172085 0.837127 0)
(0.167479 0.721764 0)
(0.160185 0.691035 0)
(0.187089 0.709411 0)
(0.266259 0.635344 0)
(0.474412 0.487624 0)
(0.514517 0.359791 0)
(0.379251 0.384794 0)
(0.389752 0.351802 0)
(0.304127 0.228547 0)
(0.368918 0.140077 0)
(0.297937 -0.148744 0)
(0.244601 -0.32549 0)
(0.336503 -0.587138 0)
(0.217619 -0.632786 0)
(0.0412109 1.07707 0)
(0.0420636 1.02808 0)
(0.0964508 0.980613 0)
(0.0880231 0.938194 0)
(0.196078 0.853598 0)
(0.299563 0.850275 0)
(0.195763 0.729252 0)
(0.146581 0.751614 0)
(0.161977 0.650515 0)
(0.0405073 0.607027 0)
(0.19176 0.566246 0)
(0.176328 0.566347 0)
(0.0967671 0.540829 0)
(0.421464 0.449861 0)
(0.436837 0.325743 0)
(0.319409 0.347754 0)
(0.250655 0.306051 0)
(0.314768 0.216645 0)
(0.38923 0.185931 0)
(0.326173 -0.184191 0)
(0.141299 -0.420258 0)
(0.311912 -0.612572 0)
(0.2834 -0.667536 0)
(0.0243462 0.759406 0)
(0.00967679 0.739215 0)
(0.0426612 0.712609 0)
(0.00700775 0.673996 0)
(0.0564026 0.662603 0)
(-0.074371 0.549682 0)
(0.0759009 0.681074 0)
(0.106394 0.577632 0)
(0.115272 0.577593 0)
(0.181056 0.515304 0)
(0.0112554 0.449013 0)
(0.139236 0.501377 0)
(0.137233 0.42618 0)
(0.258628 0.441915 0)
(0.453611 0.271049 0)
(0.374057 0.265733 0)
(0.31593 0.405089 0)
(0.445968 0.463898 0)
(0.428522 0.0806744 0)
(0.24873 -0.0307474 0)
(0.148251 -0.451431 0)
(0.178219 -0.447321 0)
(0.0183707 -0.793519 0)
(-0.0152178 -0.0536676 0)
(0.0292339 -0.0858163 0)
(-0.057026 0.107008 0)
(-0.271354 0.686941 0)
(-0.172528 -0.0298907 0)
(-0.110845 0.119024 0)
(-0.332114 0.536566 0)
(-0.368888 0.685393 0)
(-0.188811 0.0434965 0)
(-0.223928 0.219758 0)
(-0.255711 0.547167 0)
(-0.348204 0.609726 0)
(-0.205541 0.419337 0)
(-0.333918 0.582382 0)
(-0.365087 0.573913 0)
(-0.406521 0.60849 0)
(-0.621981 0.6583 0)
(-0.6801 0.693458 0)
(-0.597589 0.705144 0)
(-0.505377 0.678933 0)
(-0.729029 0.556089 0)
(-0.701388 0.58339 0)
(-0.674609 0.578914 0)
(-0.670851 0.526316 0)
(-0.499476 0.287608 0)
(-0.614431 0.372994 0)
(-0.707769 0.399031 0)
(-0.530338 0.502487 0)
(-0.378096 0.190929 0)
(-0.368968 0.182246 0)
(-0.379627 0.253738 0)
(-0.296212 0.286601 0)
(-0.352174 0.285039 0)
(-0.382286 0.262354 0)
(-0.344942 0.234116 0)
(-0.263941 0.262663 0)
(-0.6034 -0.013199 0)
(-0.457021 0.00982131 0)
(-0.384502 0.150057 0)
(-0.300696 0.209903 0)
(-0.926602 -0.493769 0)
(-0.893448 -0.357308 0)
(-0.843702 -0.223653 0)
(-0.662979 0.0528672 0)
(-1.03574 -0.652184 0)
(-0.982317 -0.364244 0)
(-0.953203 -0.175127 0)
(-0.960502 -0.0735513 0)
(-1.02853 -0.793502 0)
(-0.951588 -0.584722 0)
(-0.961622 -0.272722 0)
(-0.85197 -0.175416 0)
(-1.81404 -0.563899 0)
(-1.41351 -0.493411 0)
(-1.28179 -0.254037 0)
(-1.09089 -0.203676 0)
(-2.44576 -1.17212 0)
(-2.31332 -0.907445 0)
(-2.27856 -0.769149 0)
(-2.14425 -0.583475 0)
(-2.15067 -0.86546 0)
(-1.99367 -0.803602 0)
(-1.84138 -0.799081 0)
(-1.76932 -0.765144 0)
(-1.8681 -0.959498 0)
(-1.83041 -1.04809 0)
(-1.69788 -1.01288 0)
(-1.60073 -1.10487 0)
(-1.76301 -0.918441 0)
(-1.5738 -1.02681 0)
(-1.46688 -1.03154 0)
(-1.3159 -1.06879 0)
(-1.24657 -0.947961 0)
(-1.06138 -1.00357 0)
(-0.989885 -0.975925 0)
(-0.958735 -0.957159 0)
(-0.45368 -1.66893 0)
(-0.264768 -1.56715 0)
(-0.334684 -1.53315 0)
(-0.517542 -1.28036 0)
(0.0344011 -1.47041 0)
(0.100077 -1.50605 0)
(0.00786004 -1.70912 0)
(0.0784956 -1.69628 0)
(0.0985969 -1.31708 0)
(0.0874516 -1.38797 0)
(0.0708687 -1.36678 0)
(0.224944 -1.36818 0)
(0.359753 -1.45959 0)
(0.428373 -1.47201 0)
(0.440843 -1.43242 0)
(0.218715 -1.32708 0)
(0.34265 -1.59065 0)
(0.350924 -1.57245 0)
(0.490538 -1.53839 0)
(0.694804 -1.55228 0)
(0.877645 -1.54781 0)
(0.713955 -1.46047 0)
(0.649052 -1.30541 0)
(0.674786 -1.28191 0)
(0.936136 -1.34695 0)
(0.695088 -1.22293 0)
(0.647808 -1.14484 0)
(0.680572 -1.12155 0)
(0.99609 -1.30446 0)
(1.04689 -1.14811 0)
(0.990927 -1.05656 0)
(0.88254 -1.12114 0)
(1.3862 -1.44537 0)
(1.37144 -1.43108 0)
(1.23465 -1.3724 0)
(0.90094 -1.3685 0)
(1.47053 -1.43889 0)
(1.4834 -1.47928 0)
(1.34671 -1.41621 0)
(1.03872 -1.38772 0)
(1.35266 -0.974369 0)
(1.24084 -0.984843 0)
(1.05523 -1.10893 0)
(0.807638 -1.35617 0)
(1.06847 -0.829154 0)
(0.903764 -0.871126 0)
(0.818968 -1.07604 0)
(0.993848 -1.06806 0)
(1.03187 -0.687353 0)
(0.980419 -0.708389 0)
(0.885059 -0.775691 0)
(0.914466 -0.835602 0)
(0.749145 -0.725006 0)
(0.789893 -0.798126 0)
(0.799111 -0.953925 0)
(0.826796 -0.995415 0)
(0.677983 -0.722174 0)
(0.675891 -0.810854 0)
(0.77165 -0.932516 0)
(0.835606 -0.975754 0)
(0.642466 -0.549659 0)
(0.661462 -0.712091 0)
(0.718885 -0.790594 0)
(0.637335 -0.883284 0)
(0.470477 -0.764589 0)
(0.503168 -0.81436 0)
(0.504022 -0.861086 0)
(0.48102 -1.0086 0)
(0.610266 -0.791877 0)
(0.504158 -0.753578 0)
(0.461572 -0.811677 0)
(0.353537 -0.852387 0)
(0.436714 -0.880088 0)
(0.365239 -0.96642 0)
(0.319494 -1.0875 0)
(0.408789 -1.04728 0)
(0.225549 -0.900889 0)
(0.135804 -0.933901 0)
(0.285526 -1.00503 0)
(0.282601 -0.948054 0)
(0.186158 -0.689774 0)
(0.221779 -0.665851 0)
(0.296863 -0.729891 0)
(0.16736 -0.791408 0)
(0.22971 -0.740957 0)
(0.142955 -0.864244 0)
(0.0465942 -0.851696 0)
(-0.03203 -0.906439 0)
(-0.0622028 -0.872124 0)
(0.0652625 -0.940285 0)
(0.200572 -0.936643 0)
(0.241533 -0.956435 0)
(-0.327741 0.784249 0)
(-0.0751764 0.316662 0)
(0.19732 -0.0190051 0)
(0.286689 -0.12423 0)
(0.178742 -0.00627951 0)
(-0.107122 -0.0500648 0)
(0.000683037 -0.436278 0)
(0.0904202 -0.441957 0)
(0.40157 -0.244395 0)
(0.425126 -0.139422 0)
(0.299752 0.0912127 0)
(0.0928675 0.175066 0)
(0.0212459 0.00410167 0)
(-0.143145 0.161872 0)
(-0.272525 0.181519 0)
(-0.156853 -0.160653 0)
(0.189325 0.0253646 0)
(-0.021101 0.052455 0)
(-0.18771 0.0652276 0)
(-0.331269 0.695999 0)
(-0.0999586 0.0345182 0)
(-0.113089 -0.241274 0)
(-0.192296 -0.169284 0)
(-0.322517 0.356627 0)
(0.149037 -0.0414835 0)
(0.0119966 -0.620314 0)
(-0.108636 -0.619517 0)
(0.271742 -0.706905 0)
(0.367125 -0.271613 0)
(0.153594 0.323178 0)
(-0.215414 0.218542 0)
(-0.0915361 0.058347 0)
(-0.196028 0.183199 0)
(-0.153003 0.0656245 0)
(-0.0601142 -0.349279 0)
(0.377677 -0.210612 0)
(0.507078 0.373749 0)
(0.254832 0.21934 0)
(-0.399434 0.498552 0)
(-0.121183 -0.0507052 0)
(-0.523082 -0.0740073 0)
(-0.916658 0.209919 0)
(-0.577731 0.0469601 0)
(-0.232007 -0.324668 0)
(-0.191669 -0.730515 0)
(-0.215203 -0.740125 0)
(-0.140451 -1.12295 0)
(-0.285352 0.0127915 0)
(-0.222862 0.447715 0)
(-0.229862 0.180081 0)
(-0.159993 0.107186 0)
(-0.132613 0.159855 0)
(-0.154132 0.120821 0)
(0.14239 -0.46739 0)
(0.352394 -0.457416 0)
(0.357034 -0.0522971 0)
(0.459949 0.791692 0)
(-0.401132 0.48697 0)
(-0.399371 0.0642638 0)
(-0.531493 -0.0833332 0)
(-0.519725 -0.166266 0)
(-0.573387 -0.151586 0)
(-0.422982 -0.0451418 0)
(-0.407599 -0.588221 0)
(-0.505491 -0.902319 0)
(-0.699017 -0.790229 0)
(-0.700661 -0.0367085 0)
(-0.443995 0.228136 0)
(-0.23082 0.0113438 0)
(-0.274023 0.0163246 0)
(-0.164817 0.0661045 0)
(-0.00880131 0.0699191 0)
(0.177763 -0.594234 0)
(-0.114081 -0.576975 0)
(0.0965696 0.176282 0)
(0.015743 0.935712 0)
(-0.526852 0.469379 0)
(-0.440498 0.147159 0)
(-0.573412 -0.286524 0)
(-0.478738 -0.470738 0)
(-0.531279 -0.158972 0)
(-0.464332 -0.0210774 0)
(-0.584826 -0.785978 0)
(-0.660472 -0.913628 0)
(-0.560818 -0.558866 0)
(-0.416381 -0.185512 0)
(-0.644397 0.0943913 0)
(-0.317236 0.0218405 0)
(-0.260518 -0.0865766 0)
(-0.187685 0.0118144 0)
(-0.104275 -0.148042 0)
(0.0991184 -0.41582 0)
(-0.930713 -0.303011 0)
(-0.241297 0.111719 0)
(-0.481132 0.786234 0)
(-0.537978 0.575344 0)
(-0.40262 0.469491 0)
(-0.754701 0.0415607 0)
(-0.806347 -0.21588 0)
(-0.794266 -0.12892 0)
(-0.379998 -0.145964 0)
(-0.523631 -0.791309 0)
(-0.585631 -0.782556 0)
(-0.519992 -0.536479 0)
(-0.554951 -0.212456 0)
(-0.400841 -0.111129 0)
(-0.470943 -0.208483 0)
(-0.299672 -0.112764 0)
(-0.205232 -0.0664641 0)
(-0.27932 -0.235795 0)
(-1.01747 -0.0896214 0)
(-1.39084 -0.309797 0)
(-0.884183 0.0979581 0)
(-0.987954 0.357683 0)
(-0.389783 0.506666 0)
(-0.602385 0.43631 0)
(-0.610089 0.13224 0)
(-0.792856 -0.112762 0)
(-0.340581 -0.381167 0)
(-0.372039 -0.248835 0)
(-0.728784 -0.615613 0)
(-0.540926 -0.715906 0)
(-0.490034 -0.587644 0)
(-0.545646 -0.337522 0)
(-0.553478 -0.133601 0)
(-0.334106 -0.0889537 0)
(-0.276521 -0.0395291 0)
(-0.257303 -0.0205234 0)
(-0.706748 0.0896237 0)
(-2.28982 0.538137 0)
(-2.3999 0.334992 0)
(-1.46534 -0.425203 0)
(-0.607916 -1.19015 0)
(-0.25403 0.233196 0)
(-0.376538 0.467093 0)
(-0.33467 0.305431 0)
(-0.233 -0.644516 0)
(0.0264174 -0.695075 0)
(0.338301 0.0300915 0)
(-0.0632056 0.273859 0)
(-0.398041 -0.374699 0)
(-0.481767 -0.530306 0)
(-0.435148 -0.333824 0)
(-0.394317 -0.181379 0)
(-0.335138 -0.137525 0)
(-0.277941 -0.136372 0)
(-0.275958 -0.081017 0)
(-1.50508 0.90786 0)
(-2.11054 0.920739 0)
(-1.93728 0.0337747 0)
(-0.850018 -1.48742 0)
(-0.186896 -1.82936 0)
(-0.230465 0.285064 0)
(-0.215849 0.473919 0)
(-0.48569 0.268836 0)
(0.211831 -0.529165 0)
(0.0476237 -0.711596 0)
(0.142192 -0.424772 0)
(0.583293 0.322196 0)
(0.0858082 -0.318353 0)
(-0.116205 -0.643439 0)
(-0.380681 -0.401156 0)
(-0.323509 -0.216692 0)
(-0.288115 -0.151291 0)
(-0.255129 -0.108859 0)
(-0.577205 0.928329 0)
(-1.38634 1.64565 0)
(-1.66701 0.96384 0)
(-1.37029 -0.724626 0)
(-0.503399 -1.91372 0)
(0.186986 -1.97749 0)
(-0.304946 0.358437 0)
(-0.261144 0.444805 0)
(-0.257052 0.314157 0)
(0.0628437 -0.570947 0)
(-0.0982386 -0.661944 0)
(0.00472021 -0.536023 0)
(0.286304 0.336127 0)
(-0.115354 -0.264665 0)
(0.199977 -0.428019 0)
(-0.0924757 -0.280473 0)
(-0.161983 -0.262721 0)
(-0.232797 -0.190736 0)
(-0.354285 0.0226853 0)
(-0.490298 1.3791 0)
(-0.71055 1.82845 0)
(-1.00825 0.632076 0)
(-0.347934 -1.80151 0)
(-0.406311 -2.63806 0)
(0.357646 -2.0182 0)
(-0.569209 0.290564 0)
(-0.3725 0.393393 0)
(-0.221951 -0.156898 0)
(-0.236139 -0.611564 0)
(-0.263518 -0.667691 0)
(-0.265725 -0.478606 0)
(-0.0660789 0.17148 0)
(0.401676 0.184075 0)
(0.212779 -0.187391 0)
(-0.0395816 -0.357601 0)
(-0.0200122 -0.106305 0)
(-0.231795 -0.00170933 0)
(-0.296389 0.140288 0)
(-0.526892 1.24826 0)
(0.48963 2.20708 0)
(0.239844 1.07545 0)
(1.0385 -1.91931 0)
(-0.239967 -2.76266 0)
(0.392999 -2.15032 0)
(-0.921265 0.126549 0)
(-0.41997 0.191495 0)
(-0.0286786 0.0258949 0)
(-0.301191 -0.557553 0)
(-0.30208 -0.650592 0)
(-0.409836 -0.510746 0)
(-0.112331 -0.282689 0)
(0.170225 -0.215981 0)
(0.324927 -0.189031 0)
(0.223301 -0.0736219 0)
(0.118555 -0.152653 0)
(-0.0694238 0.0484918 0)
(-0.103341 0.329663 0)
(-0.367468 0.596315 0)
(0.578913 1.94689 0)
(0.530188 0.858434 0)
(1.40032 -1.005 0)
(0.437938 -2.00663 0)
(0.219313 -2.30684 0)
(-0.82767 -0.11839 0)
(-0.461169 -0.0898547 0)
(-0.195529 -0.419159 0)
(-0.511942 -0.805914 0)
(-0.521214 -0.556085 0)
(-0.536699 -0.620901 0)
(-0.210065 -0.407298 0)
(0.181545 -0.584108 0)
(0.13333 -0.34579 0)
(0.0796188 0.131357 0)
(0.0105442 0.195252 0)
(0.104238 0.187824 0)
(-0.130925 0.415746 0)
(-0.174617 0.532323 0)
(0.611437 0.768945 0)
(0.806089 0.325891 0)
(1.15861 -0.523002 0)
(0.43607 -1.54496 0)
(0.204461 -1.85825 0)
(-1.01888 -0.00128279 0)
(-0.894284 0.172374 0)
(-1.0596 0.28358 0)
(-1.224 -0.387227 0)
(-1.13952 -0.610183 0)
(-0.83055 -0.881256 0)
(-0.75944 -0.906786 0)
(-0.520853 -0.690733 0)
(-0.232871 -0.0505409 0)
(-0.122474 0.0821433 0)
(0.0504975 -0.0106339 0)
(0.0690805 0.464988 0)
(-0.142795 0.486022 0)
(-0.107027 0.729775 0)
(0.181263 0.336494 0)
(0.681185 0.0423946 0)
(1.18247 -0.660335 0)
(0.557833 -1.43353 0)
(0.289388 -1.54987 0)
(-2.17422 -0.381355 0)
(-1.79723 -0.121555 0)
(-1.42906 -0.351704 0)
(-1.45599 -0.740771 0)
(-1.26205 -0.820459 0)
(-1.07973 -0.768274 0)
(-0.993814 -0.820163 0)
(-0.97894 -0.716404 0)
(-0.695565 -0.717162 0)
(-0.345184 -0.338424 0)
(-0.187443 -0.00198764 0)
(-0.251229 0.373207 0)
(-0.293527 0.466675 0)
(-0.374567 0.363237 0)
(0.614379 0.0374892 0)
(0.759447 -0.140459 0)
(0.732225 -0.603918 0)
(0.383414 -1.47856 0)
(0.560911 -1.41225 0)
(-1.74125 -0.735192 0)
(-1.44371 -0.621376 0)
(-1.43754 -0.449907 0)
(-1.56252 -0.715332 0)
(-1.3481 -0.873998 0)
(-1.25027 -0.772215 0)
(-1.25936 -0.826409 0)
(-1.34718 -0.721945 0)
(-1.50252 -0.554312 0)
(-1.44975 -0.278259 0)
(-1.30735 0.056602 0)
(-0.827406 0.298347 0)
(-0.617237 0.418989 0)
(-0.0992356 -0.326683 0)
(1.17582 -0.18679 0)
(1.19564 -0.393965 0)
(0.788275 -0.414087 0)
(0.629858 -0.825493 0)
(0.545303 -1.09484 0)
(-1.40274 -1.01513 0)
(-1.20228 -0.918976 0)
(-1.20777 -0.875483 0)
(-1.2564 -0.7419 0)
(-1.08816 -0.65453 0)
(-1.01884 -0.621472 0)
(-1.25559 -0.598102 0)
(-1.41219 -0.577164 0)
(-1.59813 -0.596318 0)
(-1.61457 -0.55127 0)
(-1.67157 -0.517271 0)
(-0.853653 -0.523509 0)
(-0.47741 -0.638813 0)
(0.00838218 -0.963842 0)
(0.398708 -0.517352 0)
(0.939912 -0.539308 0)
(0.886683 -0.318876 0)
(0.464227 -0.516043 0)
(0.327585 -0.686411 0)
(-1.05014 -1.03981 0)
(-0.89743 -0.953903 0)
(-0.94923 -0.97983 0)
(-0.784667 -0.724055 0)
(-0.759932 -0.581713 0)
(-0.629694 -0.548451 0)
(-0.58596 -0.510802 0)
(-0.575599 -0.448577 0)
(-0.552535 -0.421223 0)
(-0.608853 -0.523308 0)
(-0.760492 -0.767038 0)
(-0.340632 -0.969199 0)
(-0.221272 -1.1888 0)
(0.0983744 -1.14216 0)
(0.0963812 -1.06589 0)
(0.329682 -0.76764 0)
(0.418674 -0.463255 0)
(0.363524 -0.262123 0)
(0.339167 -0.437061 0)
(-0.889366 -1.06185 0)
(-0.744381 -1.04945 0)
(-0.731498 -0.950212 0)
(-0.56377 -0.909193 0)
(-0.534741 -0.763852 0)
(-0.39836 -0.67233 0)
(-0.292875 -0.662001 0)
(-0.245168 -0.589406 0)
(0.00386675 -0.538742 0)
(-0.0224777 -0.494532 0)
(-0.0737241 -0.787175 0)
(-0.145631 -0.966021 0)
(0.154606 -1.00875 0)
(0.232953 -1.14604 0)
(0.147175 -1.21557 0)
(0.210112 -0.859827 0)
(0.181844 -0.301321 0)
(0.0272635 0.00729182 0)
(0.0759568 -0.345367 0)
(-0.419 -1.10929 0)
(-0.5755 -1.03993 0)
(-0.338675 -1.17445 0)
(-0.111411 -0.950856 0)
(-0.196733 -0.745271 0)
(-0.240002 -0.7722 0)
(-0.117983 -0.704886 0)
(-0.171926 -0.612926 0)
(0.023895 -0.667479 0)
(0.107898 -0.884958 0)
(0.1936 -0.92699 0)
(0.168517 -1.05587 0)
(0.187933 -0.871666 0)
(0.112726 -1.0393 0)
(0.191154 -0.896694 0)
(0.17497 -0.744962 0)
(0.141251 -0.116674 0)
(-0.0600444 0.0463471 0)
(0.0766362 -0.312017 0)
(0.122797 -1.56751 0)
(-0.527951 -1.54133 0)
(-0.159867 -1.01063 0)
(0.200342 -1.09069 0)
(0.24489 -0.757659 0)
(0.117988 -0.640201 0)
(0.285784 -0.741933 0)
(-0.0128292 -0.945416 0)
(-0.0865193 -0.712446 0)
(0.0219233 -0.733036 0)
(0.268038 -0.70901 0)
(0.29088 -0.828117 0)
(0.224431 -0.963018 0)
(0.0965772 -0.974718 0)
(-0.0540956 -0.529299 0)
(-0.293232 -0.667914 0)
(-0.618848 -0.0137812 0)
(-0.340316 -0.0691941 0)
(0.0250425 -0.326795 0)
(0.298785 -1.67683 0)
(0.151598 -1.79867 0)
(0.370919 -1.2215 0)
(0.301798 -0.976138 0)
(0.425179 -0.917551 0)
(0.329891 -0.855041 0)
(0.253047 -0.740134 0)
(0.275299 -1.03985 0)
(0.398843 -0.766214 0)
(0.273365 -0.577157 0)
(0.186215 -0.526079 0)
(0.213916 -0.71602 0)
(0.168525 -0.781445 0)
(-0.129733 -0.894841 0)
(-0.41063 -0.601812 0)
(-0.327484 -0.764754 0)
(-0.31308 -0.29681 0)
(-0.263051 -0.263892 0)
(0.0263608 -0.444573 0)
(0.243601 -1.27364 0)
(0.471155 -1.39516 0)
(0.555664 -1.31677 0)
(0.531296 -1.13481 0)
(0.407591 -1.01713 0)
(0.42521 -1.00673 0)
(0.441124 -1.10084 0)
(0.447508 -0.709565 0)
(0.466406 -0.726905 0)
(0.432332 -0.821913 0)
(0.353144 -0.661946 0)
(0.198606 -0.665457 0)
(0.0810528 -0.731562 0)
(-0.0892259 -0.642718 0)
(-0.408523 -0.53174 0)
(-0.400203 -0.455346 0)
(-0.274283 -0.376945 0)
(-0.172202 -0.454557 0)
(-0.0226918 -0.520882 0)
(0.621486 -1.34149 0)
(0.404816 -1.16911 0)
(0.661502 -1.18127 0)
(0.638796 -1.15323 0)
(0.540072 -1.06449 0)
(0.334699 -1.04608 0)
(0.522795 -1.18662 0)
(0.670953 -0.823081 0)
(0.394888 -0.730744 0)
(0.526639 -0.670632 0)
(0.521567 -0.551064 0)
(0.299819 -0.547062 0)
(0.115672 -0.475071 0)
(-0.0614423 -0.504135 0)
(-0.324696 -0.51061 0)
(-0.379974 -0.526544 0)
(-0.196225 -0.527456 0)
(-0.0547968 -0.597039 0)
(-0.0216071 -0.550943 0)
(0.832395 -1.37428 0)
(0.733102 -1.05839 0)
(0.653504 -1.09678 0)
(0.592601 -1.06382 0)
(0.531487 -0.937627 0)
(0.456739 -0.887501 0)
(0.657728 -0.929494 0)
(0.75395 -0.802216 0)
(0.48067 -0.653184 0)
(0.567459 -0.515171 0)
(0.470355 -0.44145 0)
(0.129165 -0.368937 0)
(0.0578291 -0.371126 0)
(-0.0567711 -0.365121 0)
(-0.317198 -0.498817 0)
(-0.329457 -0.595496 0)
(-0.000730508 -0.416758 0)
(0.0527592 -0.604678 0)
(-0.0409987 -0.558921 0)
(0.927554 -1.25876 0)
(0.862195 -1.32122 0)
(0.608135 -1.2608 0)
(0.737397 -1.01429 0)
(0.617739 -0.893087 0)
(0.385757 -0.780984 0)
(0.549087 -0.739922 0)
(0.720702 -0.703216 0)
(0.473448 -0.62638 0)
(0.557888 -0.619932 0)
(0.455145 -0.52687 0)
(0.163641 -0.233225 0)
(0.0870393 -0.256692 0)
(0.0565148 -0.314571 0)
(-0.199138 -0.338387 0)
(-0.159333 -0.468141 0)
(0.122362 -0.445581 0)
(0.107136 -0.542524 0)
(-0.0586827 -0.546686 0)
(0.736208 -1.15827 0)
(0.660294 -1.50113 0)
(0.815241 -1.16458 0)
(0.806599 -0.933624 0)
(0.627154 -0.86108 0)
(0.452579 -0.727441 0)
(0.589816 -0.589182 0)
(0.676646 -0.651596 0)
(0.510824 -0.563295 0)
(0.45933 -0.438724 0)
(0.51103 -0.439242 0)
(0.246505 -0.137742 0)
(0.0305811 -0.180097 0)
(0.0873545 -0.244008 0)
(-0.0098294 -0.24962 0)
(-0.0689377 -0.434862 0)
(0.128865 -0.531238 0)
(0.16286 -0.526193 0)
(-0.0658803 -0.53281 0)
(0.675563 -1.15338 0)
(0.799841 -1.09263 0)
(0.995904 -0.851296 0)
(0.8597 -1.00915 0)
(0.537442 -0.925721 0)
(0.416535 -0.666497 0)
(0.560341 -0.57732 0)
(0.680713 -0.628677 0)
(0.555629 -0.559448 0)
(0.320677 -0.320517 0)
(0.419265 -0.294062 0)
(0.363398 -0.171312 0)
(0.120459 -0.109958 0)
(0.134757 -0.250299 0)
(0.0543864 -0.21839 0)
(0.0353666 -0.567481 0)
(0.195674 -0.542788 0)
(0.186066 -0.497467 0)
(-0.0544533 -0.472287 0)
(0.89023 -1.28412 0)
(0.827413 -0.977769 0)
(0.717007 -1.14795 0)
(0.584906 -1.39392 0)
(0.68551 -1.25716 0)
(0.794702 -0.755914 0)
(0.66469 -0.662202 0)
(0.719327 -0.703197 0)
(0.659243 -0.638445 0)
(0.56093 -0.417451 0)
(0.544047 -0.176389 0)
(0.360342 0.0274582 0)
(0.169147 -0.0689881 0)
(0.240166 -0.191103 0)
(0.264671 -0.248111 0)
(0.123558 -0.54586 0)
(0.233058 -0.517842 0)
(0.200152 -0.461832 0)
(-0.027873 -0.415006 0)
(0.924224 -1.30893 0)
(0.882857 -1.36673 0)
(0.663714 -1.32221 0)
(0.758652 -1.11116 0)
(1.18913 -0.965143 0)
(1.15066 -0.826093 0)
(0.777434 -0.550306 0)
(0.759138 -0.448868 0)
(0.844709 -0.395452 0)
(0.730662 -0.340034 0)
(0.500356 -0.0167212 0)
(0.279281 0.230274 0)
(0.136962 -0.0069586 0)
(0.326378 -0.132942 0)
(0.380947 -0.332199 0)
(0.15536 -0.540636 0)
(0.256306 -0.431056 0)
(0.191022 -0.447952 0)
(0.00484902 -0.330991 0)
(0.970588 -1.16446 0)
(0.952202 -1.43033 0)
(1.08323 -1.31584 0)
(1.00622 -1.0929 0)
(1.20732 -0.844931 0)
(1.18847 -0.857509 0)
(1.02092 -0.705864 0)
(0.834057 -0.298074 0)
(0.715444 -0.176964 0)
(0.754468 -0.112083 0)
(0.841351 -0.0516531 0)
(0.631147 -0.0421149 0)
(0.269765 -0.120504 0)
(0.488614 -0.0679259 0)
(0.461494 -0.383 0)
(0.202799 -0.451532 0)
(0.237209 -0.36661 0)
(0.112229 -0.383332 0)
(0.0381596 -0.252503 0)
(0.840993 -1.10934 0)
(0.903131 -1.17967 0)
(1.13817 -1.25859 0)
(1.03428 -1.15631 0)
(1.10444 -0.880705 0)
(1.02959 -0.863073 0)
(1.03557 -0.720057 0)
(0.910429 -0.306608 0)
(0.863925 -0.194619 0)
(0.861952 0.076621 0)
(0.635357 0.216685 0)
(0.559927 0.124378 0)
(0.552524 0.0983167 0)
(0.69462 -0.0120091 0)
(0.435946 -0.444901 0)
(0.183669 -0.384949 0)
(0.215879 -0.347984 0)
(0.0887308 -0.284997 0)
(0.0226213 -0.205121 0)
(0.825068 -1.22709 0)
(0.82763 -1.14751 0)
(0.92272 -1.14152 0)
(0.957823 -1.10813 0)
(1.01026 -1.10122 0)
(0.897636 -0.927932 0)
(0.980012 -0.643228 0)
(0.729844 -0.182139 0)
(0.751645 0.0818338 0)
(0.993718 0.169264 0)
(0.828002 0.0980468 0)
(0.435522 0.141561 0)
(0.400118 0.305599 0)
(0.44466 0.106565 0)
(0.344162 -0.347286 0)
(0.270764 -0.331911 0)
(0.211403 -0.187586 0)
(0.106043 -0.235606 0)
(0.0205194 -0.13704 0)
(0.709764 -1.13678 0)
(0.823227 -1.17082 0)
(0.779728 -1.24406 0)
(0.699267 -1.21182 0)
(0.835548 -1.18573 0)
(0.876149 -0.892705 0)
(0.717641 -0.385206 0)
(0.706457 -0.163138 0)
(0.633391 0.249102 0)
(0.494702 0.267263 0)
(0.390884 0.0730685 0)
(0.420677 0.298374 0)
(0.128858 0.327914 0)
(0.319735 -0.0303737 0)
(0.27809 -0.291367 0)
(0.266627 -0.240006 0)
(0.276976 -0.123048 0)
(0.0277693 -0.251611 0)
(0.0208356 -0.104111 0)
(0.578931 -0.999219 0)
(0.45917 -1.20011 0)
(0.704503 -1.5487 0)
(0.721726 -1.4983 0)
(0.750437 -1.16576 0)
(0.659784 -0.781148 0)
(0.425723 -0.21611 0)
(0.459637 0.0378455 0)
(0.570086 0.250343 0)
(0.4802 0.24438 0)
(0.301942 0.357602 0)
(0.169986 0.44469 0)
(0.152712 0.302459 0)
(0.369926 -0.100619 0)
(0.23822 -0.239463 0)
(0.236362 -0.13349 0)
(0.155195 -0.145507 0)
(-0.0173861 -0.237215 0)
(0.0987319 -0.105601 0)
(0.484667 -1.04376 0)
(0.300274 -1.18177 0)
(0.298092 -1.32698 0)
(0.668465 -1.44873 0)
(0.709043 -1.22521 0)
(0.447748 -1.09773 0)
(0.16811 -0.482903 0)
(0.38904 0.180495 0)
(0.474543 0.2938 0)
(0.483332 0.253124 0)
(0.422374 0.399944 0)
(0.241701 0.402875 0)
(0.196392 0.255356 0)
(0.352965 -0.0914934 0)
(0.102521 -0.213823 0)
(0.104735 -0.0751887 0)
(0.123029 -0.0988124 0)
(-0.0407244 -0.08428 0)
(0.0698797 -0.0728005 0)
(0.391974 -0.918887 0)
(0.253932 -1.0458 0)
(0.248735 -1.08846 0)
(0.27912 -1.05831 0)
(0.113955 -1.05318 0)
(0.230957 -1.14918 0)
(0.164951 -0.517461 0)
(0.497032 -0.107941 0)
(0.309612 0.417606 0)
(0.445439 0.565162 0)
(0.460335 0.609571 0)
(0.245285 0.456987 0)
(0.504092 0.245973 0)
(0.367343 -0.0679739 0)
(0.0730785 -0.204173 0)
(0.115689 0.0334014 0)
(0.0421552 -0.105082 0)
(0.0195912 -0.0921925 0)
(0.0898565 -0.0842258 0)
(0.308997 -1.16754 0)
(0.140741 -1.06754 0)
(0.197591 -1.08117 0)
(0.170873 -0.976073 0)
(-0.109577 -1.09337 0)
(0.106559 -0.847656 0)
(0.171701 -0.342547 0)
(0.267809 0.0415946 0)
(0.449978 0.363499 0)
(0.451337 0.55655 0)
(0.348079 0.692471 0)
(0.369758 0.681727 0)
(0.463258 0.498822 0)
(0.262608 -0.00542901 0)
(0.2245 -0.0638968 0)
(0.138633 0.022852 0)
(0.0646526 -0.0107716 0)
(0.0255792 -0.0501529 0)
(0.0220808 -0.0698502 0)
(0.296228 -1.23002 0)
(0.306295 -1.07858 0)
(0.269005 -0.963763 0)
(-0.079357 -1.26192 0)
(-0.173514 -1.09435 0)
(-0.00174975 -0.719165 0)
(-0.0193808 -0.630856 0)
(-0.0629876 -0.114306 0)
(0.254535 0.157356 0)
(0.488506 0.315996 0)
(0.418308 0.58543 0)
(0.343877 0.523117 0)
(0.459141 0.436656 0)
(0.349234 0.133635 0)
(0.235877 0.05851 0)
(0.209507 0.0351339 0)
(0.0486976 0.0184267 0)
(0.0227071 -0.0912174 0)
(0.0378598 0.00875083 0)
(0.146842 -0.815151 0)
(0.352733 -1.01448 0)
(0.067831 -1.25231 0)
(-0.181623 -1.3902 0)
(-0.0480462 -1.17092 0)
(-0.217558 -1.14906 0)
(-0.265993 -0.84817 0)
(-0.0444186 -0.483222 0)
(0.023328 -0.0259855 0)
(0.393509 0.20311 0)
(0.403872 0.306719 0)
(0.383089 0.488475 0)
(0.45447 0.459392 0)
(0.285526 0.235677 0)
(0.164738 0.224311 0)
(0.107585 0.127053 0)
(0.0788226 0.0704129 0)
(0.0519623 -0.0502419 0)
(-0.0373666 0.0275911 0)
(0.14521 -0.754998 0)
(0.0555656 -0.960657 0)
(0.01888 -1.39348 0)
(0.077259 -1.26182 0)
(-0.0986826 -1.11356 0)
(-0.21331 -1.24205 0)
(-0.100323 -1.03029 0)
(-0.108621 -0.720421 0)
(0.0656361 -0.439296 0)
(0.192938 0.0986425 0)
(0.420933 0.248211 0)
(0.506953 0.370537 0)
(0.52732 0.496622 0)
(0.187776 0.292695 0)
(-0.0302215 0.196846 0)
(0.0292243 0.109889 0)
(0.0149144 0.0494483 0)
(0.0427527 -0.0501925 0)
(0.0274656 0.0333598 0)
(0.184573 -0.963027 0)
(-0.0425815 -1.08367 0)
(-0.14343 -1.15903 0)
(0.13279 -1.09612 0)
(-0.0149118 -1.16316 0)
(-0.277274 -0.988408 0)
(-0.0844097 -0.868458 0)
(-0.0015889 -0.71434 0)
(0.114126 -0.53275 0)
(0.218257 -0.17823 0)
(0.317976 -0.0201482 0)
(0.659368 0.39719 0)
(0.601482 1.08755 0)
(0.125971 0.855389 0)
(-0.0628725 0.324227 0)
(0.0944371 0.145553 0)
(0.032029 0.0813707 0)
(0.0214907 0.0182624 0)
(0.00320584 0.0579722 0)
)
;

boundaryField
{
    leftWall
    {
        type            fixedValue;
        value           uniform (0 0 0);
    }
    rightWall
    {
        type            fixedValue;
        value           uniform (0 0 0);
    }
    lowerWall
    {
        type            fixedValue;
        value           uniform (0 0 0);
    }
    atmosphere
    {
        type            pressureInletOutletVelocity;
        value           nonuniform List<vector> 
46
(
(0.0243462 0.759406 0)
(0.00967679 0.739215 0)
(0.0426612 0.712609 0)
(0.00700775 0.673996 0)
(0.0564026 0.662603 0)
(-0.074371 0.549682 0)
(0.0759009 0.681074 0)
(0.106394 0.577632 0)
(0.115272 0.577593 0)
(0.181056 0.515304 0)
(0.0112554 0.449013 0)
(0.139236 0.501377 0)
(0.137233 0.42618 0)
(0.258628 0.441915 0)
(0.453611 0.271049 0)
(0.374057 0.265733 0)
(0.31593 0.405089 0)
(0.445968 0.463898 0)
(0.428522 0.0806744 0)
(0 -0.0307474 0)
(0 -0.451431 0)
(0 -0.447321 0)
(0 -0.793519 0)
(0 -0.872124 0)
(0 -0.940285 0)
(0 -0.936643 0)
(0 -0.956435 0)
(0 -0.963027 0)
(0 -1.08367 0)
(0 -1.15903 0)
(0 -1.09612 0)
(0 -1.16316 0)
(0 -0.988408 0)
(0 -0.868458 0)
(0 -0.71434 0)
(0 -0.53275 0)
(0 -0.17823 0)
(0 -0.0201482 0)
(0.659368 0.39719 0)
(0.601482 1.08755 0)
(0.125971 0.855389 0)
(-0.0628725 0.324227 0)
(0.0944371 0.145553 0)
(0.032029 0.0813707 0)
(0.0214907 0.0182624 0)
(0.00320584 0.0579722 0)
)
;
    }
    defaultFaces
    {
        type            empty;
    }
}


// ************************************************************************* //
