/*--------------------------------*- C++ -*----------------------------------*\
| =========                 |                                                 |
| \\      /  F ield         | foam-extend: Open Source CFD                    |
|  \\    /   O peration     | Version:     4.1                                |
|   \\  /    A nd           | Web:         http://www.foam-extend.org         |
|    \\/     M anipulation  |                                                 |
\*---------------------------------------------------------------------------*/
FoamFile
{
    version     2.0;
    format      ascii;
    class       volVectorField;
    location    "0.6";
    object      U;
}
// * * * * * * * * * * * * * * * * * * * * * * * * * * * * * * * * * * * * * //

dimensions      [0 1 -1 0 0 0 0];

internalField   nonuniform List<vector> 
2268
(
(-0.0705097 -0.0272022 0)
(0.279704 -0.0367779 0)
(0.44552 -0.00796113 0)
(0.294422 3.12397e-05 0)
(0.352037 -0.0107865 0)
(0.394582 0.00101348 0)
(0.375044 -0.00910338 0)
(0.388901 0.00718189 0)
(0.407593 -0.000205908 0)
(0.370898 -0.0114351 0)
(0.22709 0.0315296 0)
(0.234144 0.0121466 0)
(0.199067 0.0185387 0)
(0.163398 0.0183256 0)
(0.139439 0.0415596 0)
(0.156936 -0.00269988 0)
(0.143301 0.00574949 0)
(0.113239 0.0320645 0)
(0.00623069 0.0494214 0)
(-0.0238931 -0.00703222 0)
(-0.112658 -0.0504016 0)
(0.0365989 -0.0154779 0)
(-0.0487872 -0.0227536 0)
(-0.0537267 -0.0757364 0)
(0.299485 -0.0902685 0)
(0.458275 0.0152233 0)
(0.302694 0.0220094 0)
(0.358355 -0.0230366 0)
(0.395415 0.0119126 0)
(0.385509 -0.0293101 0)
(0.402863 0.0110377 0)
(0.42832 -0.00980119 0)
(0.379813 -0.0637534 0)
(0.234864 0.0435567 0)
(0.227122 0.0388173 0)
(0.19378 0.0291987 0)
(0.172132 0.0433598 0)
(0.137072 0.0319486 0)
(0.130352 0.00259442 0)
(0.121896 0.0040291 0)
(0.100098 0.00171404 0)
(0.0575069 0.0167323 0)
(0.0594719 0.0617632 0)
(0.0740265 0.0010485 0)
(0.0254283 -0.0210008 0)
(0.0601114 0.0169986 0)
(-0.11408 -0.118684 0)
(0.276016 -0.167276 0)
(0.487812 0.00355809 0)
(0.300537 0.0238705 0)
(0.368447 -0.044086 0)
(0.384718 0.0153702 0)
(0.395492 -0.0506106 0)
(0.435669 0.0267183 0)
(0.430113 -0.0131718 0)
(0.401096 -0.0671565 0)
(0.225543 0.0481012 0)
(0.15954 0.0490462 0)
(0.101142 0.0689126 0)
(0.0883802 0.055428 0)
(0.0796452 0.0633677 0)
(0.116678 0.0628532 0)
(0.119737 0.0340017 0)
(0.0704096 0.00601636 0)
(0.0307488 0.0372524 0)
(0.0313751 0.0359107 0)
(0.0205914 -0.00995949 0)
(0.0124418 -0.0290034 0)
(0.0602522 0.0200658 0)
(-0.467938 -0.0230491 0)
(-0.00377161 -0.401683 0)
(0.586413 0.0161712 0)
(0.342721 0.0400622 0)
(0.383641 -0.0548864 0)
(0.392372 0.0262332 0)
(0.43064 -0.0673874 0)
(0.486607 0.0414695 0)
(0.453456 -0.0307587 0)
(0.450792 -0.029927 0)
(0.191084 0.0476645 0)
(0.128492 0.0729777 0)
(0.0559362 0.0734454 0)
(0.0618255 0.0678784 0)
(0.0511488 0.0997136 0)
(0.0683942 0.0504141 0)
(0.0700901 0.0226327 0)
(0.0625916 0.0246513 0)
(0.0408349 0.0229118 0)
(0.0249728 0.0209989 0)
(0.0247423 0.00556164 0)
(0.0130991 -0.00537811 0)
(0.0650346 0.0327529 0)
(-0.251381 0.126572 0)
(0.152714 -0.660419 0)
(0.46316 0.0831571 0)
(0.376904 0.108163 0)
(0.33709 -0.0730896 0)
(0.374867 0.0414423 0)
(0.464233 -0.109017 0)
(0.52144 0.107211 0)
(0.437426 -0.00303965 0)
(0.471253 0.0304168 0)
(0.252798 0.0971352 0)
(0.121206 0.103592 0)
(0.0387218 0.0669933 0)
(0.056031 0.0731817 0)
(0.00811258 0.064839 0)
(-0.016276 0.045104 0)
(0.00240893 0.0157364 0)
(-0.00868436 0.0189005 0)
(-0.00210355 0.0442805 0)
(0.00558129 0.0405628 0)
(0.00489738 0.0038697 0)
(0.0232464 -0.0216467 0)
(0.0779718 0.036697 0)
(0.127447 0.0349858 0)
(0.373243 -0.581025 0)
(0.700341 -0.0612748 0)
(0.252477 0.248248 0)
(-0.201094 -0.228494 0)
(0.61603 0.0185032 0)
(0.517105 -0.194564 0)
(0.454352 0.155958 0)
(0.312239 -0.0506504 0)
(0.344845 0.00375836 0)
(0.37047 0.108568 0)
(0.23995 0.151653 0)
(0.111937 0.0731598 0)
(0.0848316 0.0302007 0)
(0.0361136 0.0619229 0)
(0.012444 0.0395571 0)
(-0.0186031 0.0414295 0)
(-0.0128679 0.0275738 0)
(-0.0265752 0.0584647 0)
(-0.0306543 0.0199829 0)
(-0.0111372 -0.0154273 0)
(0.0202649 -0.0161894 0)
(0.0893748 0.0579261 0)
(0.0542871 -0.120984 0)
(0.223825 -0.684341 0)
(0.762205 -0.238834 0)
(0.383286 0.407149 0)
(-0.254729 -0.272822 0)
(0.290979 0.0284744 0)
(0.354532 -0.271622 0)
(0.43816 0.239708 0)
(0.107163 -0.0597373 0)
(0.346005 -0.0379254 0)
(0.371322 0.126688 0)
(0.237903 0.181672 0)
(0.0932981 0.135754 0)
(0.114508 0.142469 0)
(0.0242444 0.0601634 0)
(-0.00794768 0.045013 0)
(-0.00481383 0.0476922 0)
(-0.0293093 0.0611493 0)
(-0.0402582 0.0814732 0)
(-0.0506868 0.0357935 0)
(-0.00567466 -0.0422918 0)
(0.0410731 -0.038986 0)
(0.108765 0.0579664 0)
(0.0152319 -0.117837 0)
(0.105768 -0.727252 0)
(0.408091 -0.254737 0)
(0.344916 0.580431 0)
(0.350447 -0.167028 0)
(0.614702 -0.13133 0)
(0.323012 -0.290796 0)
(0.447632 0.25339 0)
(0.0590528 -0.137413 0)
(0.3139 -0.121321 0)
(0.350519 0.276419 0)
(0.266761 0.207885 0)
(0.044569 0.154845 0)
(0.0365786 0.181967 0)
(-0.0641789 0.105692 0)
(-0.0767395 0.0794337 0)
(-0.10167 0.00526742 0)
(-0.061596 0.0403963 0)
(-0.108043 0.0842153 0)
(-0.122946 -0.00163071 0)
(0.00428183 -0.0946553 0)
(0.11927 -0.0772703 0)
(0.129881 0.1442 0)
(-0.481404 0.180774 0)
(-0.878868 0.00776799 0)
(-1.07315 -0.0154332 0)
(-1.15873 -0.0430076 0)
(-1.20363 -0.0577368 0)
(-1.24086 0.0240637 0)
(-1.22505 -0.0331188 0)
(-1.28131 -0.165218 0)
(-1.43485 -0.0450786 0)
(-1.06675 -0.0294381 0)
(-1.0247 -0.120537 0)
(-1.0775 0.130762 0)
(-0.92461 -0.038604 0)
(-0.798747 0.0165997 0)
(-0.708026 -0.0902972 0)
(-0.473119 -0.158398 0)
(-0.186655 -0.105894 0)
(0.183175 -0.0869812 0)
(0.293826 0.0584692 0)
(-0.299063 0.39799 0)
(-0.300483 0.266387 0)
(-0.361409 0.109962 0)
(-0.735144 0.0636158 0)
(-1.01224 0.0870009 0)
(-0.975178 0.101523 0)
(-0.936799 -0.116192 0)
(-1.20959 -0.189986 0)
(-1.33992 0.0248082 0)
(-1.01994 0.160104 0)
(-0.845408 -0.0857469 0)
(-0.999766 0.151931 0)
(-0.734372 -0.0356314 0)
(-0.664846 -0.101765 0)
(-0.707367 -0.172943 0)
(-0.502788 -0.0658787 0)
(-0.2309 -0.177207 0)
(-0.133372 -0.124568 0)
(0.208437 0.146208 0)
(-0.364312 0.790098 0)
(-0.189231 0.486069 0)
(-0.14279 0.135913 0)
(-0.453713 0.00668901 0)
(-0.70837 0.267834 0)
(-0.631036 -0.0584676 0)
(-0.511025 -0.238116 0)
(-0.738534 -0.0697416 0)
(-0.874166 -0.0420306 0)
(-0.696756 0.106368 0)
(-0.224609 -0.358725 0)
(-0.619247 -0.145223 0)
(-0.558518 0.11832 0)
(-0.377026 -0.116535 0)
(-0.418795 -0.229105 0)
(-0.421054 -0.173573 0)
(-0.164493 -0.281762 0)
(-0.0706812 -0.293152 0)
(0.314477 0.150829 0)
(-0.355969 0.819224 0)
(-0.0746897 0.478748 0)
(-0.37411 0.224751 0)
(-0.422265 0.190565 0)
(-0.497899 0.346439 0)
(-0.345015 0.0599229 0)
(-0.410503 -0.12268 0)
(-0.536622 -0.063186 0)
(-0.972505 -0.0167913 0)
(-0.284241 -0.0298137 0)
(0.00364735 -0.10341 0)
(-0.459311 0.0714377 0)
(-0.487836 0.0841618 0)
(-0.262945 -0.0341839 0)
(-0.265749 -0.14813 0)
(-0.242132 -0.133929 0)
(-0.0930959 -0.244785 0)
(-0.115572 -0.364255 0)
(0.195654 0.199121 0)
(-0.294387 0.858451 0)
(0.282586 0.627531 0)
(-0.206885 0.270501 0)
(-0.227903 0.151644 0)
(-0.365517 0.323932 0)
(0.0677747 -0.0755701 0)
(-0.115159 -0.20599 0)
(-0.0087561 -0.102674 0)
(-0.170399 -0.0550291 0)
(0.476467 -0.349348 0)
(0.611181 -0.0626911 0)
(0.321515 0.0862891 0)
(-0.17924 -0.0787526 0)
(-0.027377 -0.103674 0)
(0.0153549 -0.22177 0)
(-0.0287739 -0.406289 0)
(-0.0271703 -0.449712 0)
(-0.137859 -0.373732 0)
(0.0362083 0.203489 0)
(-0.292265 0.820945 0)
(0.392303 0.518366 0)
(0.117892 0.261294 0)
(0.105028 0.285097 0)
(-0.0373975 0.295764 0)
(0.594539 -0.00907254 0)
(0.819892 -0.113877 0)
(0.584956 -0.19052 0)
(0.682588 -0.235988 0)
(0.954503 -0.212093 0)
(0.981309 0.115494 0)
(0.840418 0.167806 0)
(0.579115 0.152173 0)
(0.287915 -0.0169017 0)
(0.173443 -0.139743 0)
(0.0764817 -0.498808 0)
(0.024785 -0.571682 0)
(-0.00671729 -0.335155 0)
(-0.227264 0.136169 0)
(-0.267963 0.792299 0)
(0.387664 0.483947 0)
(0.302799 0.216057 0)
(0.668662 0.0493864 0)
(1.01902 0.297882 0)
(1.35864 -0.328281 0)
(1.1873 0.0958385 0)
(0.713692 -0.185315 0)
(0.967204 -0.508695 0)
(1.12655 -0.30444 0)
(1.06485 0.0249447 0)
(0.928001 0.0565104 0)
(0.710416 0.178213 0)
(0.443973 0.152641 0)
(0.431889 -0.171524 0)
(0.279529 -0.381224 0)
(0.305906 -0.305302 0)
(0.131038 -0.273442 0)
(-0.264955 0.0921322 0)
(-0.229795 0.665917 0)
(0.290703 0.344039 0)
(0.0818357 0.0415494 0)
(0.691886 -0.0712368 0)
(1.2177 -0.00324847 0)
(1.28045 0.0332468 0)
(1.24958 -0.0292848 0)
(0.948601 -0.104886 0)
(0.786183 -0.309477 0)
(0.78207 -0.0914549 0)
(1.18402 0.101432 0)
(1.00241 0.0918641 0)
(0.791565 0.1946 0)
(0.719704 0.170168 0)
(0.601628 -0.0946267 0)
(0.582461 -0.443041 0)
(0.510183 -0.208488 0)
(0.18666 -0.172346 0)
(-0.132058 0.0833082 0)
(0.0172952 -0.140362 0)
(0.082691 -0.697767 0)
(-0.199106 -0.103216 0)
(0.0616396 0.44475 0)
(0.488816 -0.343495 0)
(0.254696 0.114851 0)
(-0.0292004 -0.388384 0)
(0.307642 0.528924 0)
(0.0390441 -0.13171 0)
(0.183438 -0.208911 0)
(0.166966 0.615203 0)
(0.10305 0.422059 0)
(-0.110628 0.245309 0)
(-0.00352822 0.0317249 0)
(-0.0865219 0.0962799 0)
(-0.0153009 -0.0141893 0)
(0.0222393 0.0471677 0)
(0.038625 0.0513271 0)
(0.0812349 0.0133638 0)
(0.215852 -0.0377825 0)
(0.221524 -0.087406 0)
(0.162441 -0.100636 0)
(0.112559 0.152051 0)
(0.0898868 -0.178513 0)
(0.0444439 -0.683427 0)
(-0.328463 -0.0546866 0)
(-0.0562222 -0.154221 0)
(-0.101735 -0.208088 0)
(0.0526817 -0.0476286 0)
(-0.0352746 -0.295302 0)
(0.00460482 0.41362 0)
(0.139261 0.0250175 0)
(-0.0298543 -0.282659 0)
(0.213007 0.40923 0)
(0.263736 0.412521 0)
(0.0980046 0.396439 0)
(0.0728059 0.22055 0)
(0.11697 0.138008 0)
(0.0101241 -0.0290902 0)
(0.0152346 -0.113966 0)
(0.0648314 -0.0396362 0)
(0.128311 -0.107884 0)
(0.17228 -0.115991 0)
(0.275151 -0.0288184 0)
(0.338016 -0.0192828 0)
(0.282571 0.0837241 0)
(-0.132614 -0.293897 0)
(-0.177738 -0.768686 0)
(-0.322383 -0.069188 0)
(0.0326731 -0.248402 0)
(-0.189265 -0.100123 0)
(-0.125717 -0.0084996 0)
(-0.374075 -0.0731708 0)
(-0.244686 0.150514 0)
(-0.273802 -0.185023 0)
(-0.340467 -0.310577 0)
(0.0314777 0.299959 0)
(0.144964 0.316425 0)
(0.119074 0.276401 0)
(0.147541 0.213871 0)
(0.188994 0.131696 0)
(0.367262 0.137751 0)
(0.509984 -0.0122334 0)
(0.322599 -0.0181192 0)
(0.193618 -0.239646 0)
(0.175794 -0.189151 0)
(0.256452 0.0261311 0)
(0.284621 -0.0227462 0)
(0.250783 0.0989485 0)
(-0.159109 -0.103324 0)
(-0.0737969 -0.455708 0)
(-0.368929 -0.275456 0)
(-0.305488 -0.155734 0)
(-0.396499 -0.0923892 0)
(-0.461955 0.0562151 0)
(-0.585819 0.0895359 0)
(-0.609042 0.149806 0)
(-0.783372 -0.21526 0)
(-0.561252 -0.303969 0)
(-0.313336 -0.108408 0)
(0.161941 0.198297 0)
(0.132846 0.28461 0)
(0.106089 0.0180564 0)
(0.450409 -0.143673 0)
(0.358843 -0.261524 0)
(0.477692 -0.0860336 0)
(0.490438 0.258994 0)
(0.657216 0.17858 0)
(0.703248 -0.0447578 0)
(0.440409 -0.0911327 0)
(0.414041 -0.0565896 0)
(0.29595 -0.0191183 0)
(-0.126126 -0.0960532 0)
(0.234294 -0.0231766 0)
(-0.342148 -0.133742 0)
(-0.394848 -0.154129 0)
(-0.3369 -0.0254319 0)
(-0.362658 0.18546 0)
(-0.592607 0.150017 0)
(-0.969221 0.0154534 0)
(-0.89701 -0.348086 0)
(-0.582579 -0.383439 0)
(-0.487586 -0.463574 0)
(0.174522 -0.0155909 0)
(0.288317 0.314547 0)
(0.208394 0.0966193 0)
(0.223986 -0.0459918 0)
(0.154854 -0.393954 0)
(0.176008 -0.146705 0)
(0.371569 -0.142068 0)
(0.623033 0.168915 0)
(0.659279 0.128179 0)
(0.57882 0.148109 0)
(0.513356 0.128482 0)
(0.493898 0.0346694 0)
(-0.0501089 -0.123143 0)
(-0.0941569 0.057299 0)
(-0.0394307 0.0418901 0)
(-0.339149 0.0582794 0)
(-0.29499 0.210938 0)
(-0.304201 0.322779 0)
(-0.355922 0.3662 0)
(-0.634487 0.00362831 0)
(-0.639182 -0.0492807 0)
(-0.441926 -0.617221 0)
(-0.425434 -0.816756 0)
(-0.212026 -0.846841 0)
(0.275785 0.358989 0)
(0.0447225 0.0598524 0)
(0.103895 -0.252771 0)
(0.23605 -0.453545 0)
(0.204801 -0.368181 0)
(0.468273 -0.430137 0)
(0.658987 -0.16756 0)
(0.683713 0.0657476 0)
(0.568004 0.152548 0)
(0.472258 0.114112 0)
(0.489541 -0.00428383 0)
(0.0163488 -0.0478376 0)
(-0.0172054 -0.0786153 0)
(-0.146205 0.1328 0)
(-0.266007 0.0546204 0)
(-0.330021 0.239437 0)
(-0.176788 0.34611 0)
(-0.273822 0.347546 0)
(-0.539459 0.131999 0)
(-0.550394 0.0225633 0)
(0.0732646 -0.435854 0)
(-0.282544 -0.886685 0)
(-0.327285 -1.34112 0)
(0.0701362 -0.00700506 0)
(0.249602 0.201657 0)
(0.328833 0.0463469 0)
(0.112684 -0.289817 0)
(0.101111 -0.293937 0)
(0.149913 -0.22066 0)
(-0.0155956 -0.435758 0)
(0.272055 0.096482 0)
(0.284707 0.212047 0)
(0.343097 0.117609 0)
(0.544951 -0.269351 0)
(0.0127322 -0.037808 0)
(0.00611711 0.113989 0)
(-0.0403899 0.0864843 0)
(-0.0836983 0.155729 0)
(-0.221386 0.370489 0)
(-0.220816 0.45083 0)
(-0.200533 0.369393 0)
(0.0397375 -0.153196 0)
(-0.0933156 -0.398367 0)
(0.163996 -0.542073 0)
(-0.169039 -0.543862 0)
(-0.0719201 -1.1476 0)
(-0.0311606 -0.901481 0)
(0.310584 -0.12773 0)
(0.364184 -0.0395705 0)
(0.347855 -0.152834 0)
(0.184364 -0.18815 0)
(0.199489 -0.293656 0)
(-0.0693695 -0.398574 0)
(-0.136957 -0.194013 0)
(0.0779151 -0.00469571 0)
(0.398786 -0.121605 0)
(0.352807 -0.281498 0)
(-0.0249127 -0.120731 0)
(0.0349925 0.0756939 0)
(-0.0348586 0.352075 0)
(-0.0854099 0.402046 0)
(-0.0265608 0.40568 0)
(-0.0984629 0.447526 0)
(0.0493555 0.565161 0)
(-0.0432424 0.0921465 0)
(0.0548691 -0.206515 0)
(-0.00468398 -0.432072 0)
(-0.398909 -0.76297 0)
(0.0864021 -1.18819 0)
(0.199214 -0.951179 0)
(0.432329 -0.522877 0)
(0.349138 0.0866871 0)
(0.274577 -0.0181294 0)
(0.230907 -0.181852 0)
(0.210246 -0.19422 0)
(0.0732828 -0.322963 0)
(-0.0614066 -0.14523 0)
(0.0306103 -0.0374712 0)
(0.17216 -0.0874798 0)
(0.203378 -0.555352 0)
(-0.0354848 -0.122145 0)
(0.0116668 0.101315 0)
(0.00102435 0.2537 0)
(0.0371056 0.276643 0)
(-0.0974221 0.247427 0)
(0.046568 0.386151 0)
(0.220712 0.354696 0)
(0.188565 -0.0918517 0)
(0.32555 -0.377762 0)
(0.283931 -0.256095 0)
(-0.115509 -0.361872 0)
(0.030101 -1.03545 0)
(-0.075156 -0.631279 0)
(0.175736 -0.289757 0)
(0.164071 -0.186661 0)
(0.207073 -0.155332 0)
(0.160902 -0.0950253 0)
(0.0742305 -0.163245 0)
(0.0417273 -0.0729834 0)
(-0.105332 -0.260277 0)
(-0.0596356 -0.152895 0)
(-0.195653 -0.350977 0)
(-0.215683 -0.393484 0)
(-0.0739124 -0.0991399 0)
(-0.000677496 0.0686284 0)
(-0.0234485 0.24568 0)
(0.0690351 0.191496 0)
(0.0744748 0.146447 0)
(0.135139 0.423704 0)
(0.247027 0.235392 0)
(0.598161 -0.0791507 0)
(0.419196 -0.28666 0)
(0.349402 -0.299907 0)
(0.0656587 -0.395588 0)
(0.148966 -1.04178 0)
(-0.119405 -0.519381 0)
(0.00165988 -0.37006 0)
(0.0483123 -0.0513862 0)
(0.00609998 -0.0274934 0)
(-0.0324507 -0.144278 0)
(-0.00740745 -0.0196755 0)
(0.000354642 0.000930334 0)
(-0.00948605 0.0046536 0)
(-0.106755 -4.74983e-05 0)
(-0.159777 -0.139361 0)
(-0.207667 -0.255355 0)
(-0.0555029 -0.0489219 0)
(-0.038721 0.0533827 0)
(-0.0032766 0.105987 0)
(0.0491608 0.160776 0)
(0.166486 0.112222 0)
(0.188144 0.214082 0)
(0.295447 0.204382 0)
(0.468627 -0.0283961 0)
(0.347953 -0.268277 0)
(0.379902 -0.257507 0)
(0.290437 -0.133492 0)
(0.199694 -0.908432 0)
(-0.146933 -0.503046 0)
(-0.0258155 -0.354673 0)
(-0.0394036 -0.0892758 0)
(-0.116356 -0.0453398 0)
(-0.163063 -0.0293286 0)
(-0.0917393 -0.0945663 0)
(-0.0745127 -0.0443845 0)
(-0.06527 -0.0109917 0)
(-0.0689781 -0.000995836 0)
(-0.057117 -0.0927477 0)
(-0.0861391 -0.291619 0)
(-0.0235572 -0.0100126 0)
(-0.00384263 0.0631309 0)
(0.00172419 0.0314423 0)
(0.0166617 0.0819421 0)
(0.13829 0.0527651 0)
(0.193697 0.00178949 0)
(0.238117 0.026617 0)
(0.274057 -0.0975448 0)
(0.324852 -0.181878 0)
(0.478708 -0.284179 0)
(0.492226 -0.145836 0)
(0.252214 -0.908377 0)
(-0.10632 -0.40451 0)
(0.00541713 -0.535598 0)
(-0.297898 -0.0953712 0)
(-0.130645 0.0564139 0)
(-0.168179 -0.0878498 0)
(-0.129959 -0.0946975 0)
(-0.154247 -0.0302525 0)
(-0.153899 -0.00555935 0)
(-0.13161 -0.0231477 0)
(-0.110651 -0.059324 0)
(-0.139685 -0.231374 0)
(-0.0176591 0.0015349 0)
(-0.00150647 0.0218478 0)
(0.0183626 0.0292764 0)
(0.0603078 0.017895 0)
(0.0822994 0.00993744 0)
(0.155599 -0.0238779 0)
(0.332995 -0.0114248 0)
(0.318633 -0.124966 0)
(0.198463 -0.172848 0)
(0.263178 -0.241109 0)
(0.274669 -0.210628 0)
(0.18191 -0.949163 0)
(-0.0203257 -0.294366 0)
(-0.144189 -0.517163 0)
(-0.171709 -0.0453069 0)
(-0.20875 0.0581452 0)
(-0.29281 -0.0742012 0)
(-0.17529 -0.0141682 0)
(-0.170003 -0.0582768 0)
(-0.191209 -0.0118652 0)
(-0.179819 -0.0835805 0)
(-0.173123 -0.0884633 0)
(-0.246403 -0.155453 0)
(-0.042559 0.0312429 0)
(0.00460642 0.0217484 0)
(0.0206525 0.00480438 0)
(0.0365268 -0.0160387 0)
(0.0765324 -0.043922 0)
(0.0961338 -0.0327428 0)
(0.12364 -0.119845 0)
(0.168142 -0.226008 0)
(0.188618 -0.318293 0)
(0.234069 -0.210258 0)
(0.232513 -0.285709 0)
(0.0581028 -0.370806 0)
(-0.0498484 -0.265771 0)
(-0.124371 -0.126235 0)
(-0.124536 -0.0935466 0)
(-0.209967 -0.111276 0)
(-0.15648 -0.0438188 0)
(-0.15585 -0.0020827 0)
(-0.231012 -0.019772 0)
(-0.246939 -0.0044921 0)
(-0.214071 0.00805981 0)
(-0.165487 0.0102791 0)
(-0.274242 -0.0844309 0)
(-0.0110002 0.012087 0)
(0.0164151 -0.0113225 0)
(0.0101671 -0.0189703 0)
(0.0482625 -0.0343525 0)
(0.0653396 -0.0552929 0)
(0.0223619 -0.103075 0)
(0.104667 -0.159069 0)
(0.120963 -0.190326 0)
(0.0245559 -0.29257 0)
(0.0920776 -0.251029 0)
(0.0263877 -0.235748 0)
(-0.0487685 -0.379405 0)
(-0.00482873 -0.177517 0)
(-0.222165 -0.0343581 0)
(-0.276897 -0.0286795 0)
(-0.262787 -0.110503 0)
(-0.176905 -0.01365 0)
(-0.144663 -0.0644859 0)
(-0.177748 0.00490559 0)
(-0.185641 0.0188938 0)
(-0.15504 0.0374668 0)
(-0.201816 -0.0450657 0)
(-0.269774 -0.0489497 0)
(-0.0168325 0.0451018 0)
(0.0297506 -0.00560129 0)
(0.00793383 -0.0235612 0)
(0.0286754 -0.0243605 0)
(0.0517337 -0.0668674 0)
(-0.00313519 -0.117776 0)
(0.116308 -0.110108 0)
(0.0360765 -0.258669 0)
(-0.0377649 -0.270803 0)
(-0.00535856 -0.229202 0)
(-0.00741191 -0.146419 0)
(-0.126216 -0.00334815 0)
(-0.173142 -0.0701572 0)
(-0.221684 -0.0792216 0)
(-0.300016 -0.0179471 0)
(-0.19837 -0.0458005 0)
(-0.172177 0.0275084 0)
(-0.193394 -0.0037486 0)
(-0.157974 0.0201565 0)
(-0.208608 -0.0223204 0)
(-0.266541 -0.00453293 0)
(-0.178409 -0.0536833 0)
(-0.0902042 0.0194792 0)
(0.0295327 -0.0061178 0)
(0.00916162 -0.0278918 0)
(0.0103339 -0.0129703 0)
(0.0250349 -0.0428808 0)
(0.00951511 -0.0525612 0)
(0.0201926 -0.136795 0)
(0.00614471 -0.113047 0)
(0.0123699 -0.306321 0)
(-0.0456131 -0.26803 0)
(-0.045685 -0.257481 0)
(-0.0745395 -0.181101 0)
(-0.196038 -0.156266 0)
(-0.225206 -0.115681 0)
(-0.257407 -0.15941 0)
(-0.33272 -0.102572 0)
(-0.167129 -0.0260823 0)
(-0.114942 -0.0319966 0)
(-0.134184 -0.0357098 0)
(-0.139338 -0.0305548 0)
(-0.202086 -0.0721385 0)
(-0.206376 0.0256801 0)
(-0.179355 0.00701825 0)
(-0.270216 0.0144465 0)
(0.00501892 -0.0267093 0)
(0.0426804 -0.0347433 0)
(-0.000987259 -0.0316711 0)
(0.0233612 -0.0160297 0)
(-0.0062895 -0.075767 0)
(-0.039083 -0.0918028 0)
(-0.0242509 -0.123456 0)
(-0.0590775 -0.14958 0)
(-0.041794 -0.151824 0)
(-0.0976098 -0.174841 0)
(-0.0984713 -0.169291 0)
(-0.126706 -0.230093 0)
(-0.154511 -0.157693 0)
(-0.183589 -0.199973 0)
(-0.208274 -0.0892035 0)
(-0.157629 -0.0248265 0)
(-0.149504 -0.0178895 0)
(-0.187083 -0.0265417 0)
(-0.143815 -0.060471 0)
(-0.106431 -0.050408 0)
(-0.189723 -0.046326 0)
(-0.246607 -0.0269497 0)
(-0.169863 0.0386131 0)
(0.00364279 -0.0543877 0)
(0.0163719 -0.0456226 0)
(0.0255551 -0.0409452 0)
(0.0107202 -0.0247346 0)
(-0.0114565 -0.0695256 0)
(-0.00886806 -0.0988749 0)
(-0.0101968 -0.0892608 0)
(-0.034138 -0.11158 0)
(-0.0521269 -0.107121 0)
(-0.0594953 -0.122615 0)
(-0.0901767 -0.0996626 0)
(-0.0964502 -0.0851646 0)
(-0.159439 -0.093819 0)
(-0.190585 -0.0936321 0)
(-0.140684 -0.0255163 0)
(-0.101418 -0.01709 0)
(-0.139172 -0.0193857 0)
(-0.189615 0.0100879 0)
(-0.172403 0.00532318 0)
(-0.210569 0.00520259 0)
(-0.169747 -0.0171342 0)
(-0.113123 0.0101698 0)
(-0.230974 0.0463577 0)
(-0.00154559 -0.067792 0)
(0.0164648 -0.0476204 0)
(-0.00259455 -0.0428431 0)
(0.0228805 -0.0259517 0)
(-0.0107399 -0.0583045 0)
(0.0265484 -0.0633442 0)
(0.0167695 -0.111304 0)
(-0.0546482 -0.0994841 0)
(-0.0359924 -0.102149 0)
(-0.0190856 -0.100551 0)
(-0.0526852 -0.126103 0)
(-0.132517 -0.121622 0)
(-0.143356 -0.0929615 0)
(-0.1053 -0.0656486 0)
(-0.1359 -0.0106554 0)
(-0.11808 -0.0437273 0)
(-0.112481 -0.058709 0)
(-0.161248 -0.0216372 0)
(-0.183334 -0.015717 0)
(-0.156958 -0.0129667 0)
(-0.170267 0.0206866 0)
(-0.14748 0.0096645 0)
(-0.170857 -0.0765352 0)
(-0.00272006 -0.0667139 0)
(0.00468481 -0.0490775 0)
(0.00566884 -0.0353519 0)
(0.00512816 -0.0121443 0)
(0.00523794 -0.0760874 0)
(0.00683266 -0.0375005 0)
(0.0206978 -0.126409 0)
(-0.00752268 -0.103835 0)
(-0.0678477 -0.0877848 0)
(-0.0582006 -0.0823674 0)
(-0.0595319 -0.122861 0)
(-0.0791275 -0.140462 0)
(-0.110922 -0.10559 0)
(-0.0781923 -0.0847077 0)
(-0.10328 -0.0246656 0)
(-0.134977 -0.0230738 0)
(-0.0969644 -0.0571232 0)
(-0.139289 -0.0662398 0)
(-0.147479 -0.0359717 0)
(-0.150525 -0.00466619 0)
(-0.15232 -0.00842962 0)
(-0.148835 0.0200819 0)
(-0.158844 0.00454368 0)
(-0.014267 -0.0748784 0)
(0.0052021 -0.0586759 0)
(-0.0169054 -0.0555025 0)
(0.00539039 -0.0291135 0)
(0.0358134 -0.0627542 0)
(0.0126052 -0.0864671 0)
(-0.0314241 -0.0841976 0)
(-0.00518048 -0.131764 0)
(-0.0379128 -0.129582 0)
(-0.0467631 -0.110712 0)
(-0.0322695 -0.10186 0)
(-0.0900042 -0.0888446 0)
(-0.0781063 -0.0740987 0)
(-0.0505364 -0.0757297 0)
(-0.0855651 -0.0605055 0)
(-0.12829 -0.054246 0)
(-0.124243 -0.0416574 0)
(-0.126342 -0.0821211 0)
(-0.119396 0.00179804 0)
(-0.113045 -0.0139744 0)
(-0.141188 0.00877208 0)
(-0.123343 0.0180654 0)
(-0.127192 0.0132513 0)
(-0.0223869 -0.046078 0)
(-0.0105751 -0.0412866 0)
(0.0139976 -0.0395174 0)
(0.00588937 -0.0347875 0)
(0.0023761 -0.0364314 0)
(0.0330759 -0.0933979 0)
(0.00101454 -0.0796895 0)
(-0.00468863 -0.088546 0)
(-0.0254194 -0.089376 0)
(-0.031971 -0.0810651 0)
(-0.047275 -0.0843898 0)
(-0.044836 -0.0773064 0)
(-0.0624157 -0.0309966 0)
(-0.0406346 -0.0509178 0)
(-0.0745967 -0.0598233 0)
(-0.0938485 -0.051114 0)
(-0.109851 -0.0766509 0)
(-0.0730775 -0.0472054 0)
(-0.074794 -0.0249336 0)
(-0.139945 0.0159407 0)
(-0.103624 0.000859558 0)
(-0.123228 0.013958 0)
(-0.106341 0.0322732 0)
(0.00607889 -0.0126392 0)
(0.00319841 -0.0377738 0)
(-0.00220308 -0.0175829 0)
(-0.00365091 -0.0286275 0)
(-0.00837948 -0.0317341 0)
(-0.01104 -0.0547514 0)
(0.0154802 -0.0423577 0)
(0.00977043 -0.0847537 0)
(-0.0100185 -0.0739107 0)
(-0.013598 -0.0721902 0)
(-0.024655 -0.0745778 0)
(-0.041654 -0.0715543 0)
(-0.0421305 -0.0723425 0)
(-0.0428045 -0.0665874 0)
(-0.0232064 -0.0667066 0)
(-0.120241 -0.075744 0)
(-0.103722 -0.0317228 0)
(-0.0566897 -0.0164701 0)
(-0.0747482 -0.0210769 0)
(-0.0773183 -0.0133702 0)
(-0.133573 -0.00156028 0)
(-0.102464 0.0227576 0)
(-0.0972533 0.0244584 0)
(0.00180089 -0.0180865 0)
(-0.00240914 -0.0375516 0)
(-5.43054e-05 -0.032964 0)
(0.00453306 -0.0260186 0)
(-0.00456805 -0.0304721 0)
(-0.00101793 -0.0359471 0)
(-0.0185719 -0.0346456 0)
(-0.0162841 -0.0359865 0)
(-0.0158907 -0.0431369 0)
(-0.0358309 -0.0471541 0)
(-0.0355717 -0.0338852 0)
(-0.0222398 -0.0360471 0)
(-0.0288623 -0.0397052 0)
(0.000331996 -0.0704423 0)
(-0.0663245 -0.0645522 0)
(-0.0655352 -0.0731934 0)
(-0.0472679 -0.00321808 0)
(-0.0390931 -0.0410655 0)
(-0.0693383 -0.0298689 0)
(-0.108986 -0.0602517 0)
(-0.0671503 0.0160609 0)
(-0.113852 -0.0126142 0)
(-0.0520411 0.0573015 0)
(-0.000844783 -0.0165931 0)
(0.00415434 -0.0363221 0)
(-0.00153291 -0.0252802 0)
(0.00220968 -0.0263788 0)
(-0.00662473 -0.0271585 0)
(-0.000306005 -0.0434474 0)
(-0.00214347 -0.0343719 0)
(-0.00646447 -0.020197 0)
(-0.0144193 -0.0391594 0)
(-0.0145616 -0.0316357 0)
(-0.0170045 -0.0269344 0)
(-0.0295479 -0.0241374 0)
(-0.0255843 -0.0281634 0)
(-0.0542937 -0.0188045 0)
(-0.0459655 -0.0390512 0)
(-0.046121 -0.00851957 0)
(-0.0562919 -0.0421118 0)
(-0.0495891 -0.0255219 0)
(-0.0670266 -0.0395382 0)
(-0.0304301 -0.02489 0)
(-0.0933665 -0.0099114 0)
(-0.0735121 0.024044 0)
(-0.0972133 0.0409203 0)
(-0.001605 -0.018204 0)
(0.00196112 -0.0360512 0)
(-0.00282206 -0.0291667 0)
(0.00219636 -0.0194325 0)
(-0.0110321 -0.0270606 0)
(-0.00207332 -0.0374506 0)
(-0.0104861 -0.0269882 0)
(-0.0094384 -0.0232148 0)
(-0.0133542 -0.0296309 0)
(-0.0174533 -0.0391729 0)
(-0.0122814 -0.0247248 0)
(-0.0163577 -0.0249255 0)
(-0.0249766 -0.0258402 0)
(-0.026958 -0.0376872 0)
(-0.0338448 -0.011337 0)
(-0.0410628 -0.0472222 0)
(-0.0524647 0.0073605 0)
(-0.0202011 -0.0343233 0)
(-0.063842 0.0243467 0)
(-0.104044 -0.00591053 0)
(-0.0508707 -0.0130388 0)
(-0.0823576 0.0616229 0)
(-0.0678758 -0.0130075 0)
(-0.00223192 -0.0188627 0)
(0.00560459 -0.036023 0)
(-0.000578762 -0.0277461 0)
(0.00612793 -0.0186073 0)
(-0.00867808 -0.0252227 0)
(-0.000344181 -0.0444107 0)
(-0.00948599 -0.0301793 0)
(-0.00458301 -0.0151092 0)
(-0.0105063 -0.0277708 0)
(-0.00199448 -0.028981 0)
(-0.00560525 -0.0267755 0)
(-0.0265583 -0.0106518 0)
(-0.0334252 -0.0167665 0)
(-0.0333974 -0.0180876 0)
(-0.00872247 -0.00531489 0)
(-0.0165498 -0.045094 0)
(-0.0665317 0.0130532 0)
(-0.0430046 -0.0235142 0)
(-0.0519058 -0.0235077 0)
(-0.0727717 -0.00865196 0)
(-0.0529245 0.0313113 0)
(-0.0490643 -0.00315757 0)
(-0.0907896 0.0726998 0)
(-0.00251696 -0.0202679 0)
(0.00334845 -0.0364685 0)
(-0.00362021 -0.0285899 0)
(0.00176897 -0.00974493 0)
(-0.0148733 -0.0203449 0)
(-0.00423121 -0.0348663 0)
(-0.00828299 -0.023717 0)
(-0.00794253 -0.0203337 0)
(-0.00636409 -0.0388913 0)
(-0.0166745 -0.0438551 0)
(-0.00642066 -0.0405614 0)
(-0.0184316 -0.0256596 0)
(-0.0278405 -0.0222105 0)
(-0.0300448 -0.0251108 0)
(-0.0398463 -0.010881 0)
(-0.0315336 -0.045624 0)
(-0.0335886 -0.0118186 0)
(-0.0337941 -0.0318754 0)
(-0.0500621 -0.00856907 0)
(-0.0403409 -0.00671654 0)
(-0.0668018 0.0261847 0)
(-0.0588993 0.0127812 0)
(-0.0462004 0.0287852 0)
(-0.00241331 -0.0208372 0)
(0.00533478 -0.0354863 0)
(0.00277403 -0.0284693 0)
(0.0117151 -0.00677827 0)
(0.00424546 -0.019836 0)
(0.00572955 -0.0487999 0)
(-0.0258595 -0.0267961 0)
(-0.0142649 -0.0144733 0)
(-0.0155784 -0.015599 0)
(-0.01446 -0.0239085 0)
(-0.0142451 -0.024773 0)
(-0.0290045 -0.0126988 0)
(-0.0235665 -0.0119541 0)
(-0.0339386 -0.0153901 0)
(-0.0248247 -0.00854583 0)
(-0.00388326 0.0116854 0)
(-0.0418729 0.00721273 0)
(-0.0328431 0.0114952 0)
(-0.0430073 -0.0163407 0)
(-0.0610717 0.00794184 0)
(-0.0649696 -0.00943307 0)
(-0.067512 0.0390446 0)
(-0.0383875 0.0067273 0)
(-0.00206091 -0.0226112 0)
(0.00205208 -0.0368596 0)
(-0.00192611 -0.0312371 0)
(0.00294971 -0.00967088 0)
(-0.00222436 -0.0228228 0)
(-0.00531146 -0.0645346 0)
(-0.00700858 -0.0479501 0)
(-0.00723092 -0.0275348 0)
(0.0078342 -0.0414274 0)
(-0.0174831 -0.0429453 0)
(-0.00784548 -0.0567409 0)
(-0.0195961 -0.0195399 0)
(-0.0188637 -0.0186761 0)
(-0.0311189 -0.0226634 0)
(-0.0204868 -0.00580221 0)
(-0.0218525 -0.00915874 0)
(-0.0277419 -0.00947322 0)
(-0.0220239 0.018274 0)
(-0.0440212 -0.0253706 0)
(-0.034839 0.00434064 0)
(-0.0400802 0.0286696 0)
(-0.0512893 -0.00711575 0)
(-0.0560861 0.0448857 0)
(-0.00160887 -0.0214577 0)
(0.00251025 -0.0357902 0)
(0.000211262 -0.0304293 0)
(0.00848001 -0.00607252 0)
(0.00171802 -0.0137142 0)
(0.00578613 -0.0303803 0)
(-0.018974 -0.0259082 0)
(-0.0139632 -0.0276904 0)
(-0.00538179 -0.0107523 0)
(-0.00944355 -0.00964083 0)
(-0.000887663 -0.0250138 0)
(-0.0211234 -0.00985619 0)
(-0.0151717 -0.00734872 0)
(-0.0243345 -0.0153519 0)
(-0.0230968 0.00210773 0)
(-0.0144734 -0.00188194 0)
(-0.0146755 0.0166712 0)
(-0.0167488 0.0086331 0)
(-0.0418269 0.00735308 0)
(-0.0119692 0.0161079 0)
(-0.0584719 0.0176866 0)
(-0.0451132 0.0068815 0)
(-0.0397755 -0.00119172 0)
(-0.0016348 -0.023293 0)
(-0.00070217 -0.038101 0)
(-0.00453087 -0.0329739 0)
(-0.00115384 -0.00978833 0)
(-0.00950372 -0.0262854 0)
(-0.0049317 -0.0212562 0)
(0.0166641 -0.0461034 0)
(-0.0126601 -0.0239215 0)
(0.00892795 -0.0135602 0)
(-0.0122052 -0.0153739 0)
(0.00351299 -0.0322137 0)
(-0.00871004 -0.0192049 0)
(-0.0163353 -0.016333 0)
(-0.0228116 -0.0179688 0)
(-0.0160888 -0.00794484 0)
(-0.0106998 0.00286959 0)
(-0.0222795 0.00542462 0)
(-0.0166435 0.0125279 0)
(-0.00964608 0.0340569 0)
(-0.02909 0.00933375 0)
(-0.0252531 0.00752234 0)
(-0.0326138 0.0185965 0)
(-0.0525659 -0.0269295 0)
(-0.0024094 -0.0193833 0)
(-0.000240993 -0.0350269 0)
(-0.00336188 -0.0283795 0)
(-0.00355604 -0.00510444 0)
(-0.00168535 -0.00825948 0)
(-0.00349931 -0.0182576 0)
(0.0103169 -0.0178142 0)
(-0.013968 -0.0225264 0)
(-0.0188848 -0.0128341 0)
(-0.0189425 -0.00929339 0)
(-0.011419 -0.0294206 0)
(-0.0147981 -0.01518 0)
(-0.0149482 -0.0116912 0)
(-0.0202411 -0.0155777 0)
(-0.019063 -0.00517736 0)
(-0.0152733 0.000909363 0)
(-0.0156186 0.0113217 0)
(0.000959935 0.0164471 0)
(-0.0261745 0.0269511 0)
(-0.0261658 0.00177415 0)
(-0.0145493 0.0421529 0)
(-0.0218369 0.000358294 0)
(-0.0206045 0.0249041 0)
(-0.00289142 -0.0222022 0)
(-0.000278132 -0.0356762 0)
(-0.00942966 -0.0333214 0)
(0.00644892 -0.00692448 0)
(-0.0069096 -0.0275105 0)
(-0.0121669 -0.028783 0)
(-0.00514982 -0.0308656 0)
(-0.00564132 -0.0262493 0)
(-0.00711584 -0.0233731 0)
(-0.00767817 -0.0175137 0)
(-0.0125287 -0.0341375 0)
(-0.00332868 -0.0129948 0)
(-0.0124124 -0.0153331 0)
(-0.0191759 -0.015941 0)
(-0.0180442 -0.0107218 0)
(-0.010348 0.00104785 0)
(-0.0217298 0.012452 0)
(-0.00970697 0.0152563 0)
(-0.00772333 0.0163321 0)
(-0.00682013 0.0227251 0)
(-0.0206042 0.0476871 0)
(-0.00198689 0.0157747 0)
(-0.0570572 0.00900809 0)
(-0.00165484 -0.0159784 0)
(-0.000793372 -0.0324402 0)
(-0.00720067 -0.0325046 0)
(0.00260075 -0.00542494 0)
(0.00100675 -0.0244345 0)
(-0.00827111 -0.0246198 0)
(-0.00989249 -0.02523 0)
(-0.0107309 -0.00536569 0)
(-0.0224021 -0.0187831 0)
(-0.0083532 -0.00902631 0)
(-0.00593206 -0.0174733 0)
(0.0115159 -0.0175824 0)
(-0.00357083 -0.00883713 0)
(-0.0126402 -0.0113897 0)
(-0.0209554 -0.00872977 0)
(-0.0160925 0.00289823 0)
(-0.0220067 0.00923589 0)
(-0.0103057 0.0184657 0)
(-0.00437179 0.0209747 0)
(-0.00196614 0.0385652 0)
(-0.00810569 0.0336521 0)
(-0.0208738 0.0141606 0)
(-0.0446167 0.0143614 0)
(-0.00581128 -0.0204487 0)
(-0.00527696 -0.0347208 0)
(-0.01446 -0.0324404 0)
(0.00286734 -0.0134127 0)
(-0.00196431 -0.00614979 0)
(-0.00295479 -0.0270966 0)
(-0.0058118 -0.0277116 0)
(0.000848969 -0.0156896 0)
(-0.00206573 -0.0227703 0)
(0.00505105 -0.0242971 0)
(-0.0157233 -0.0152409 0)
(-0.0079429 -0.0159734 0)
(-0.0252368 -0.0076315 0)
(-0.0152049 -0.0149038 0)
(-0.0214511 -0.0104679 0)
(-0.016569 0.00122533 0)
(-0.02809 0.00712319 0)
(-0.0177191 0.0134706 0)
(-0.00969223 0.00853852 0)
(-0.015287 0.0292896 0)
(-0.0265552 0.0159127 0)
(-0.0206969 0.0275941 0)
(-0.0403028 0.0312041 0)
(-0.0035612 -0.00961996 0)
(-0.00148812 -0.0275003 0)
(-0.0128984 -0.0302598 0)
(-0.00236281 -0.0182023 0)
(-0.00334169 -0.0119132 0)
(0.00136824 -0.0216953 0)
(-0.0154632 -0.0288082 0)
(-0.00224018 -0.0158975 0)
(-0.0146674 -0.0206357 0)
(-0.00970785 -0.034057 0)
(-0.00726046 -0.0157657 0)
(-0.00831525 -0.00853743 0)
(-0.0135074 0.00126584 0)
(-0.00951543 -0.0117957 0)
(-0.0164598 -0.0070748 0)
(-0.0189439 0.00650789 0)
(-0.0254626 0.0102276 0)
(-0.0229126 0.0268199 0)
(-0.00952401 0.00251216 0)
(-0.0169252 0.0430249 0)
(-0.0108749 0.00960634 0)
(-0.0253513 0.0476771 0)
(-0.0364405 0.0116515 0)
(-0.0114062 -0.0152267 0)
(-0.0133532 -0.0262444 0)
(-0.0233126 -0.0386578 0)
(-0.00717939 -0.0182104 0)
(-0.00404397 -0.0107866 0)
(0.00941656 -0.0231289 0)
(-0.0124721 -0.00791078 0)
(0.0176322 -0.0202221 0)
(-0.00504373 -0.0266011 0)
(0.000247893 -0.0139837 0)
(-0.00651696 -0.0220261 0)
(-0.0113667 -0.010515 0)
(-0.0062505 -0.0078879 0)
(-0.00113105 -0.0137658 0)
(-0.011116 -0.0051293 0)
(-0.0187078 0.00652923 0)
(-0.0240284 0.00816047 0)
(-0.0416014 0.0146421 0)
(-0.0179223 0.0183608 0)
(-0.0308917 0.0290805 0)
(-0.0275125 0.0253511 0)
(-0.0142992 0.0308833 0)
(-0.0124728 0.028657 0)
(-0.00200317 0.000530244 0)
(-0.00863861 -0.00563057 0)
(-0.0141157 -0.0339468 0)
(-0.00180416 -0.0427479 0)
(-0.0343151 -0.0236806 0)
(0.00328902 -0.0195269 0)
(-0.017171 -0.00729608 0)
(0.00971492 -0.025687 0)
(-0.011041 -0.0108359 0)
(-0.00128105 -0.0274754 0)
(-0.00644726 -0.0153271 0)
(-0.00914249 -0.00679429 0)
(0.00183989 -0.00443106 0)
(0.00528048 -0.0125796 0)
(-0.00108849 0.000316668 0)
(-0.0163346 0.0171315 0)
(-0.0208751 0.0261349 0)
(-0.0231961 0.0345592 0)
(-0.0111226 0.0286755 0)
(-0.0260917 0.0303985 0)
(-0.00508125 0.0542907 0)
(-0.0135998 0.0412489 0)
(-0.0164803 0.0408987 0)
(-0.00432473 0.000163603 0)
(-0.00928115 -0.0110969 0)
(-0.0236231 -0.0414339 0)
(-0.01584 -0.0547324 0)
(0.00114318 -0.0510698 0)
(0.0185633 -0.0223394 0)
(-0.0182041 -0.0204357 0)
(0.0141259 -0.0247377 0)
(-0.000185596 -0.0198693 0)
(-0.00638577 -0.0124812 0)
(0.00392695 -0.0182953 0)
(-0.0272636 -0.0136033 0)
(0.0107077 -0.0349031 0)
(0.0058081 -0.00870322 0)
(-0.000718537 0.0136474 0)
(-0.00979085 0.0285446 0)
(-0.00885311 0.0286955 0)
(-0.0445763 0.0371714 0)
(-0.0257578 0.0384175 0)
(-0.0207883 0.0239514 0)
(-0.0250203 0.0254791 0)
(-0.00906839 0.0272886 0)
(-0.00594091 0.0438327 0)
(0.295571 0.261264 0)
(0.389697 0.342664 0)
(0.108096 0.360809 0)
(-0.159972 0.0435466 0)
(0.326065 0.162504 0)
(0.444367 0.201798 0)
(0.372609 0.255895 0)
(0.323839 0.265613 0)
(0.291143 0.0232537 0)
(0.254217 -0.0123334 0)
(0.196573 -0.0283486 0)
(0.266257 0.0123516 0)
(0.213302 0.0220031 0)
(0.228609 -0.0350914 0)
(0.222901 -0.0929338 0)
(0.195676 -0.0968689 0)
(0.510735 0.0420267 0)
(0.528198 0.0206405 0)
(0.542848 0.0134592 0)
(0.602796 0.00948747 0)
(0.582621 -0.0703235 0)
(0.641754 -0.149879 0)
(0.683091 -0.172885 0)
(0.76926 -0.197969 0)
(0.661979 -0.2551 0)
(0.781095 -0.299858 0)
(0.799204 -0.267336 0)
(0.820535 -0.265679 0)
(0.317203 -0.371063 0)
(0.394179 -0.283708 0)
(0.337863 -0.120942 0)
(0.371572 -0.112603 0)
(0.036852 -0.411929 0)
(0.0459471 -0.236657 0)
(0.114745 -0.137967 0)
(0.0985425 0.00204145 0)
(-0.187789 -0.382078 0)
(-0.313917 -0.395864 0)
(-0.36635 -0.196502 0)
(-0.132833 -0.0639802 0)
(-0.172127 -0.487734 0)
(-0.198725 -0.495563 0)
(-0.299236 -0.291427 0)
(-0.273185 -0.103624 0)
(-0.138976 -0.353336 0)
(-0.216573 -0.469063 0)
(-0.219257 -0.341192 0)
(-0.209728 -0.220678 0)
(-0.198472 -0.353919 0)
(-0.237777 -0.291727 0)
(-0.27162 -0.248164 0)
(-0.324987 -0.172035 0)
(-0.294025 -0.133202 0)
(-0.304121 -0.135019 0)
(-0.310953 -0.0926844 0)
(-0.312955 -0.0636179 0)
(-0.352279 -0.0721534 0)
(-0.363854 -0.0817782 0)
(-0.36716 -0.0663447 0)
(-0.385343 -0.0565842 0)
(-0.261347 0.0390674 0)
(-0.288562 0.00931399 0)
(-0.326896 0.0217528 0)
(-0.357602 0.039807 0)
(-0.262665 -0.0621299 0)
(-0.316023 -0.0154776 0)
(-0.29318 0.0168873 0)
(-0.304962 0.0166076 0)
(-0.165127 -0.0703984 0)
(-0.0803367 -0.00975503 0)
(-0.225697 0.0185815 0)
(-0.271646 0.0444584 0)
(-0.143284 0.019151 0)
(-0.163103 0.0320423 0)
(-0.15657 0.0129646 0)
(-0.140067 0.0444593 0)
(-0.142649 0.00609315 0)
(-0.0856035 0.0178633 0)
(-0.112212 -0.0175495 0)
(-0.086868 0.000157334 0)
(-0.156803 0.0433169 0)
(-0.203218 -0.01073 0)
(-0.129167 0.0170074 0)
(-0.0944722 0.0147309 0)
(-0.22018 0.0378026 0)
(-0.135796 0.0272816 0)
(-0.103878 0.0637774 0)
(-0.124461 0.0596129 0)
(-0.154273 0.0526419 0)
(-0.147177 0.067713 0)
(-0.118433 0.0634644 0)
(-0.124155 0.0733558 0)
(-0.134976 0.0331557 0)
(-0.0922085 0.0166111 0)
(-0.0438223 0.0304855 0)
(-0.121333 0.0275624 0)
(-0.122695 0.075399 0)
(-0.114971 0.0739848 0)
(-0.117331 0.0634269 0)
(-0.0751433 0.0397877 0)
(-0.0862558 0.013114 0)
(-0.124065 0.0480559 0)
(-0.102026 0.0470931 0)
(-0.115732 0.0741544 0)
(-0.0703533 0.0130452 0)
(-0.0339657 0.0333516 0)
(-0.0434458 0.0505984 0)
(-0.0461976 0.0469476 0)
(-0.0574099 0.0358875 0)
(-0.0452078 0.0200703 0)
(-0.0613015 0.0280429 0)
(-0.0877648 0.0289172 0)
(-0.0605165 0.0125392 0)
(-0.0726298 0.00917441 0)
(-0.0455831 -0.00359651 0)
(-0.0236656 0.027403 0)
(-0.0773441 0.0191186 0)
(-0.0632411 0.0118773 0)
(-0.0744781 0.0417734 0)
(-0.0703383 0.0212729 0)
(-0.0469645 0.00391224 0)
(-0.0289495 0.00704534 0)
(-0.0667979 0.0279671 0)
(-0.0902974 0.0240008 0)
(-0.0366287 0.0105445 0)
(-0.0112819 0.0287611 0)
(-0.050888 0.00611888 0)
(-0.0636491 0.0233516 0)
(-0.0294549 0.0329564 0)
(-0.0124178 0.0307359 0)
(-0.0559376 0.0203592 0)
(-0.0298639 0.0315296 0)
(-0.0544914 0.0224793 0)
(-0.0261721 0.019607 0)
(-0.03171 0.024813 0)
(-0.0316073 0.0319022 0)
(-0.0341321 0.0171422 0)
(-0.0285715 0.0519263 0)
(-0.042641 0.0347151 0)
(-0.0319655 0.0320608 0)
(-0.0187581 0.0174681 0)
(-0.0265608 0.0355737 0)
(-0.0552504 0.0346135 0)
(-0.0297727 0.0291897 0)
(-0.0184283 0.0360768 0)
(-0.0299291 0.0445706 0)
(-0.0226262 0.0423277 0)
(-0.0173965 0.0433796 0)
(-0.0187587 0.0384316 0)
(-0.0463527 0.0504189 0)
(-0.0297656 0.0395417 0)
(-0.00906155 0.0293601 0)
(-0.0131684 0.0347489 0)
(-0.0186591 0.0165918 0)
(-0.0100081 0.0416469 0)
(-0.024073 0.0102505 0)
(-0.0217025 0.0250148 0)
(-0.00985842 0.0222597 0)
(-0.0342958 0.023783 0)
(-0.0343272 0.0147908 0)
(-0.012821 0.0455094 0)
(-0.0022278 0.0349633 0)
(-0.0209536 0.0475486 0)
(-0.0316498 0.0544863 0)
(-0.0150142 0.0450627 0)
(-0.016148 0.0365289 0)
(-0.01858 0.0320751 0)
(-0.0212258 0.0429331 0)
(-0.0191466 -0.111522 0)
(0.58064 -0.115565 0)
(0.657035 -0.0716581 0)
(0.651981 -0.0520699 0)
(0.623936 -0.170745 0)
(0.681521 -0.0827521 0)
(0.790847 -0.047844 0)
(0.634624 0.0476052 0)
(0.558326 -0.0438505 0)
(0.599427 0.0193838 0)
(0.711743 0.139146 0)
(0.766854 0.257098 0)
(0.802458 0.278911 0)
(0.967598 0.181195 0)
(0.995971 -0.165872 0)
(0.903664 -0.236383 0)
(0.821045 -0.17566 0)
(0.384706 -0.134054 0)
(0.0942401 0.107223 0)
(0.386868 0.179022 0)
(0.254795 0.00631511 0)
(0.251497 -0.0490568 0)
(0.345964 -0.107668 0)
(0.251107 -0.0484862 0)
(0.201683 -0.0374522 0)
(0.324248 -0.0438929 0)
(0.344725 0.0349783 0)
(0.536243 0.0440126 0)
(0.647533 -0.127082 0)
(0.84429 -0.139618 0)
(0.967094 0.248734 0)
(1.14388 0.296917 0)
(1.43791 0.214265 0)
(1.40319 -0.0111483 0)
(1.08601 -0.15127 0)
(0.982928 0.0356558 0)
(0.610586 0.148971 0)
(0.151353 0.290695 0)
(0.363395 0.0454157 0)
(0.405628 0.00579324 0)
(0.403127 -0.0886893 0)
(0.484478 -0.0107059 0)
(0.615897 -0.0717162 0)
(0.611726 -0.178088 0)
(0.685631 -0.150993 0)
(0.913055 -0.0737033 0)
(0.944233 0.217459 0)
(0.99829 0.00996947 0)
(1.31649 -0.0831706 0)
(1.25343 -0.171017 0)
(1.19396 -0.102243 0)
(1.27302 -0.0354458 0)
(1.15987 -0.00722928 0)
(0.715964 -0.0824372 0)
(0.529838 0.0528143 0)
(0.364855 0.247872 0)
(0.28576 0.463314 0)
(0.260084 -0.139812 0)
(0.299448 -0.0855136 0)
(0.422988 -0.0908163 0)
(0.602782 0.0994476 0)
(0.53367 0.000474104 0)
(0.629972 -0.27332 0)
(0.719389 -0.234814 0)
(1.11043 -0.207432 0)
(1.12014 -0.198731 0)
(1.09027 -0.282795 0)
(1.10281 -0.283346 0)
(1.23224 -0.313567 0)
(1.12803 -0.0653786 0)
(0.716078 0.268782 0)
(0.589928 0.419251 0)
(0.581341 0.372028 0)
(0.426958 0.38197 0)
(0.270259 0.585945 0)
(0.192365 0.596188 0)
(0.623126 -0.0677537 0)
(0.474931 -0.0886762 0)
(0.448651 0.0899676 0)
(0.595178 0.0365556 0)
(0.478434 -0.119172 0)
(0.543228 -0.342428 0)
(0.662555 -0.366959 0)
(0.89198 -0.492728 0)
(1.0003 -0.459543 0)
(1.03084 -0.35067 0)
(0.922527 -0.196 0)
(0.831048 0.42132 0)
(0.83848 0.528603 0)
(0.616653 0.513906 0)
(0.328346 0.355377 0)
(0.504614 0.266007 0)
(0.336994 0.294025 0)
(0.188568 0.685981 0)
(0.229323 0.685715 0)
(0.850344 -0.0729894 0)
(0.719725 0.0559896 0)
(0.617088 0.178253 0)
(0.663924 0.0999384 0)
(0.586862 -0.0515803 0)
(0.57827 -0.0462293 0)
(0.639972 -0.366751 0)
(0.885361 -0.502202 0)
(1.15336 -0.345353 0)
(1.1355 -0.0708059 0)
(0.981769 -0.0896218 0)
(0.83439 0.0729466 0)
(0.894761 0.188865 0)
(0.759892 0.314435 0)
(0.489505 0.401184 0)
(0.272871 0.191132 0)
(0.235405 0.246763 0)
(0.118051 0.81615 0)
(0.162253 0.766693 0)
(0.793954 -0.0744036 0)
(0.680388 0.144498 0)
(0.665616 0.150123 0)
(0.577872 0.15329 0)
(0.376564 0.0475886 0)
(0.745983 -0.00628902 0)
(0.817753 -0.446323 0)
(0.901953 -0.424312 0)
(1.0413 -0.443758 0)
(1.04371 -0.270995 0)
(0.645907 -0.051812 0)
(0.531403 0.141087 0)
(0.683448 0.236616 0)
(0.4192 0.287661 0)
(0.160886 0.509481 0)
(0.20235 0.41734 0)
(0.125545 0.385273 0)
(0.0646912 0.800499 0)
(0.199735 0.817731 0)
(0.615383 -0.00497294 0)
(0.479959 0.199444 0)
(0.442769 0.254714 0)
(0.504851 0.272709 0)
(0.433995 0.173816 0)
(0.69338 -0.067271 0)
(0.801447 -0.481696 0)
(0.550461 -0.537392 0)
(0.479429 -0.400923 0)
(0.247884 0.0201281 0)
(0.237922 0.205551 0)
(0.253528 0.221232 0)
(0.147169 0.449827 0)
(0.00591912 0.407783 0)
(0.0278805 0.855288 0)
(-0.107814 0.501937 0)
(-0.00670868 0.377724 0)
(0.0474254 0.839521 0)
(0.167172 0.873792 0)
(0.132451 -0.0878508 0)
(0.0258924 0.244244 0)
(0.151709 0.316265 0)
(0.270658 -0.119738 0)
(0.397843 -0.124849 0)
(0.74809 0.114325 0)
(0.583465 -0.23253 0)
(0.236953 -0.340259 0)
(0.155243 -0.263254 0)
(0.0488217 -0.0716698 0)
(-0.238596 0.0684652 0)
(-0.186723 0.0584561 0)
(-0.145423 0.162061 0)
(-0.0913876 0.35186 0)
(-0.131606 0.68295 0)
(-0.0694393 0.283884 0)
(-0.032499 0.253871 0)
(0.0293423 0.80887 0)
(0.127594 0.90016 0)
(-0.0916054 0.00789237 0)
(-0.148928 0.190987 0)
(0.190432 0.0361029 0)
(0.274017 0.0846771 0)
(0.278496 -0.0287785 0)
(0.427044 -0.109141 0)
(0.354034 -0.286473 0)
(0.196203 -0.37101 0)
(0.0609139 -0.294242 0)
(-0.265306 0.206361 0)
(-0.497868 0.17031 0)
(-0.460182 0.158613 0)
(-0.491382 0.28765 0)
(-0.335096 0.284904 0)
(-0.133473 0.233239 0)
(0.0151006 0.270731 0)
(0.0157693 0.28038 0)
(0.0126607 0.752046 0)
(0.138259 0.930935 0)
(-0.191364 -0.062179 0)
(-0.0695942 0.00462945 0)
(0.0301877 -0.146363 0)
(0.0296952 0.0962932 0)
(-0.00272908 -0.186896 0)
(-0.251156 -0.258465 0)
(-0.263722 -0.257299 0)
(-0.449833 -0.0378599 0)
(-0.778298 0.133349 0)
(-1.03537 0.297484 0)
(-1.03531 0.278729 0)
(-0.680092 0.349439 0)
(-0.53376 0.0842878 0)
(-0.302039 0.166889 0)
(-0.164086 0.236736 0)
(-0.0451372 0.184755 0)
(0.137458 0.274317 0)
(0.038577 0.776598 0)
(0.130008 0.970188 0)
(-0.257104 -0.210351 0)
(-0.191284 -0.062412 0)
(-0.205493 -0.0186168 0)
(-0.263292 0.0566465 0)
(-0.25672 0.0531693 0)
(-0.582798 -0.00796186 0)
(-1.18954 0.162658 0)
(-1.09409 0.190265 0)
(-1.04252 0.16104 0)
(-1.05177 0.125073 0)
(-0.920847 0.150245 0)
(-0.894653 0.05894 0)
(-0.514737 0.119618 0)
(-0.306643 -0.0833434 0)
(-0.289592 0.0153229 0)
(-0.214104 0.0175081 0)
(0.0506204 0.184305 0)
(0.0198381 0.820041 0)
(0.0586623 1.00975 0)
(-0.390972 -0.160717 0)
(-0.423942 -0.094024 0)
(-0.510186 -0.0186629 0)
(-0.66172 -0.0100578 0)
(-0.90576 0.0350276 0)
(-1.01329 0.205144 0)
(-1.09203 0.319786 0)
(-1.09253 0.332046 0)
(-0.961363 0.118094 0)
(-0.843172 0.0111375 0)
(-0.765765 -0.20155 0)
(-0.636647 -0.23624 0)
(-0.60849 -0.136441 0)
(-0.431828 -0.173162 0)
(-0.198906 -0.0485763 0)
(-0.19126 0.0100965 0)
(-0.137474 0.147578 0)
(-0.0155448 0.800282 0)
(-0.00027265 1.00126 0)
(-0.363701 -0.00773873 0)
(-0.344482 0.0511522 0)
(-0.592932 0.142742 0)
(-0.931376 0.336871 0)
(-1.08992 0.320851 0)
(-0.966745 0.256489 0)
(-0.95965 0.277818 0)
(-0.946812 0.214036 0)
(-0.78127 0.00155123 0)
(-0.855694 -0.133098 0)
(-0.853507 -0.139845 0)
(-0.556069 -0.262405 0)
(-0.45803 -0.353561 0)
(-0.314528 -0.187008 0)
(-0.0958782 -0.101323 0)
(0.0215571 0.00295302 0)
(-0.177231 0.0864563 0)
(-0.121947 0.764537 0)
(-0.0521551 0.975157 0)
(-0.413431 -0.00577546 0)
(-0.458951 0.0453001 0)
(-0.433849 0.0379234 0)
(-0.665829 0.387021 0)
(-0.841893 0.476093 0)
(-0.632941 0.480885 0)
(-0.492763 0.316992 0)
(-0.617429 0.163529 0)
(-0.657153 -0.0759991 0)
(-0.417033 -0.446608 0)
(-0.596908 -0.196514 0)
(-0.702953 -0.123736 0)
(-0.353261 -0.379836 0)
(-0.347354 -0.507509 0)
(-0.370341 -0.451512 0)
(0.00146127 0.0569477 0)
(-0.0424053 0.198409 0)
(-0.161962 0.739556 0)
(-0.0589646 0.910964 0)
(-0.375871 0.0748148 0)
(-0.42937 0.0840302 0)
(-0.331458 0.1815 0)
(-0.254613 0.235523 0)
(-0.431079 0.459078 0)
(-0.444271 0.518966 0)
(-0.338288 0.240443 0)
(-0.346244 -0.00971849 0)
(-0.37992 -0.0423342 0)
(-0.318641 -0.148075 0)
(-0.387929 -0.363387 0)
(-0.659667 -0.201164 0)
(-0.462738 -0.297207 0)
(-0.382486 -0.541542 0)
(-0.499199 -0.540788 0)
(-0.294036 -0.126564 0)
(0.0373345 0.236887 0)
(-0.19608 0.706704 0)
(-0.0301085 0.877868 0)
(-0.318917 0.072886 0)
(-0.390852 0.111673 0)
(-0.360626 0.288711 0)
(-0.226966 0.229432 0)
(-0.200642 0.258315 0)
(-0.15434 0.406994 0)
(-0.0140143 0.252123 0)
(-0.0868633 0.0183663 0)
(-0.0754297 -0.144039 0)
(-0.18491 -0.312543 0)
(-0.298437 -0.335262 0)
(-0.288018 -0.239581 0)
(-0.239552 -0.194663 0)
(-0.219093 -0.492874 0)
(-0.534163 -0.549765 0)
(-0.590291 -0.280757 0)
(0.00120334 0.295606 0)
(-0.176552 0.714615 0)
(0.0119244 0.807574 0)
(-0.267263 0.0812225 0)
(-0.233579 0.0981768 0)
(-0.279441 0.268392 0)
(-0.208282 0.285654 0)
(-0.00767932 0.350217 0)
(0.086301 0.309933 0)
(0.144324 0.260622 0)
(0.155468 0.110883 0)
(0.0860774 0.00847812 0)
(0.0933017 -0.194048 0)
(-0.0881168 -0.122282 0)
(-0.132731 -0.263777 0)
(-0.107328 -0.28048 0)
(0.249363 -0.272369 0)
(-0.396875 -0.586991 0)
(-0.685551 -0.289327 0)
(-0.341099 0.485315 0)
(-0.114194 0.678101 0)
(0.0228296 0.758963 0)
(-0.191304 0.0772223 0)
(-0.201531 0.114735 0)
(-0.184595 0.114342 0)
(-0.0974537 0.24042 0)
(-0.045153 0.274715 0)
(0.00104394 0.232661 0)
(0.18028 0.168206 0)
(0.148826 0.0450024 0)
(0.197655 0.00838484 0)
(0.146778 -0.0985911 0)
(0.0370344 -0.077986 0)
(-0.0116011 -0.148969 0)
(-0.099241 -0.353662 0)
(-0.0483272 -0.444852 0)
(0.0250584 -0.610182 0)
(-0.383566 -0.352742 0)
(-0.399515 0.124941 0)
(0.109334 0.444139 0)
(0.0820772 0.778433 0)
(-0.127033 -0.00814598 0)
(-0.153146 0.161487 0)
(-0.140893 0.0795633 0)
(-0.141138 0.22175 0)
(-0.02103 0.0930896 0)
(-0.000527987 0.278394 0)
(0.0613441 0.15486 0)
(0.189634 0.0972074 0)
(0.15359 0.07862 0)
(0.0976109 -0.0382473 0)
(0.0689618 -0.0619745 0)
(0.0426871 -0.117383 0)
(0.0365584 -0.259242 0)
(-0.192139 -0.344548 0)
(-0.193021 -0.431753 0)
(-0.272436 -0.364965 0)
(-0.289672 0.0390059 0)
(0.115971 0.107722 0)
(0.180136 0.923839 0)
(-0.1598 0.0302168 0)
(-0.141147 0.129722 0)
(-0.137585 0.127781 0)
(-0.14171 0.191041 0)
(-0.000466229 0.172219 0)
(0.0309961 0.136128 0)
(-0.0167301 0.170848 0)
(0.0696495 0.0781694 0)
(0.0418387 0.0342083 0)
(0.0257669 0.0327898 0)
(0.0184942 -0.0489515 0)
(-0.0194116 -0.0786163 0)
(0.0481032 -0.2086 0)
(-0.164862 -0.305055 0)
(-0.0187834 -0.223058 0)
(-0.191404 -0.216969 0)
(0.395623 -0.13157 0)
(-0.223762 0.117347 0)
(0.131296 1.02093 0)
(-0.111445 0.0714432 0)
(-0.112992 0.0844045 0)
(-0.133242 0.141835 0)
(-0.0955595 0.186582 0)
(-0.0519268 0.192582 0)
(-0.00774851 0.0986136 0)
(-0.0266206 0.090562 0)
(-0.0113374 0.102335 0)
(0.0404384 0.0355672 0)
(0.00783279 0.0293271 0)
(0.0401072 -0.0180168 0)
(0.00331358 -0.181383 0)
(0.0477351 -0.178926 0)
(-0.0569808 -0.252308 0)
(0.0281501 -0.155185 0)
(-0.0323162 -0.297878 0)
(0.39732 -0.152334 0)
(-0.250953 0.276221 0)
(0.10834 0.947734 0)
(-0.137511 0.0521667 0)
(-0.125247 0.0835626 0)
(-0.0526303 0.0724313 0)
(-0.0543418 0.118509 0)
(-0.0558496 0.105607 0)
(-0.0519351 0.115738 0)
(-0.0254202 0.0524157 0)
(-0.00478335 0.0969133 0)
(-0.0298093 0.0441251 0)
(0.00799617 -0.013248 0)
(-0.00496102 -0.0692894 0)
(-0.0133938 -0.148961 0)
(0.023847 -0.188226 0)
(0.00498462 -0.268539 0)
(0.0462076 -0.277608 0)
(0.00489036 -0.352397 0)
(0.21314 -0.283858 0)
(-0.289553 0.477614 0)
(0.062857 0.780072 0)
(-0.138367 0.0664243 0)
(-0.117496 0.085408 0)
(-0.108265 0.107728 0)
(-0.0741551 0.0414695 0)
(-0.0400015 0.047306 0)
(-0.0221045 0.0558431 0)
(-0.0490306 0.0599446 0)
(-0.0222183 0.0419649 0)
(-0.00857113 0.0875667 0)
(-0.0337827 0.00804209 0)
(-0.0191737 -0.0379312 0)
(-0.0773112 -0.0808289 0)
(-0.0481671 -0.205619 0)
(-0.14418 -0.275712 0)
(0.0565388 -0.458437 0)
(-0.00980265 -0.411931 0)
(-0.054596 0.0105617 0)
(-0.218434 0.497585 0)
(0.0986934 0.662205 0)
(-0.0540216 0.0632549 0)
(-0.0908733 0.0271262 0)
(-0.129274 0.106198 0)
(-0.119584 0.0819558 0)
(-0.0583088 0.115966 0)
(-0.0335817 0.0680775 0)
(-0.0443491 0.101341 0)
(-0.0161753 0.0911525 0)
(-0.0580018 0.0833136 0)
(-0.0945618 -0.0111015 0)
(-0.0805566 -0.00273429 0)
(-0.106385 -0.107867 0)
(-0.0637107 -0.188431 0)
(-0.238949 -0.356347 0)
(-0.135945 -0.365752 0)
(-0.239668 -0.215039 0)
(-0.226885 0.0446513 0)
(-0.192585 0.370625 0)
(0.0848671 0.645169 0)
(-0.0937207 0.0361114 0)
(-0.0634135 0.0257047 0)
(-0.0731829 0.0545561 0)
(-0.0860993 0.079651 0)
(-0.077757 0.112386 0)
(-0.0436855 0.108019 0)
(-0.0457229 0.10848 0)
(-0.0758426 0.0685556 0)
(-0.101066 0.0495572 0)
(-0.11286 0.0334966 0)
(-0.0791794 -0.00299867 0)
(-0.115843 -0.0814781 0)
(-0.183121 -0.169852 0)
(-0.161671 -0.33224 0)
(-0.11891 -0.329996 0)
(-0.300745 -0.162841 0)
(-0.265451 -0.0320972 0)
(-0.178829 0.224954 0)
(0.0303107 0.586886 0)
(-0.0946117 0.0557235 0)
(-0.0731094 0.0931216 0)
(-0.0549837 0.0349298 0)
(-0.0670287 0.0894464 0)
(-0.0407266 0.061539 0)
(-0.0227104 0.118917 0)
(-0.0655617 0.0705402 0)
(-0.0644159 0.107188 0)
(-0.0805972 0.0862178 0)
(-0.0979718 0.109046 0)
(-0.116588 0.00330546 0)
(-0.145731 -0.044797 0)
(-0.224291 -0.297184 0)
(-0.285152 -0.287588 0)
(-0.0971004 -0.346898 0)
(-0.279386 -0.179266 0)
(-0.225341 -0.0207259 0)
(-0.130094 0.231412 0)
(0.0166378 0.51095 0)
(-0.0480774 0.0373753 0)
(-0.0667622 0.0548878 0)
(-0.0564004 0.0641679 0)
(-0.0436303 0.0573349 0)
(-0.0377137 0.0819402 0)
(-0.0134914 0.068703 0)
(-0.0210096 0.0587429 0)
(-0.0328638 0.0782851 0)
(-0.0240024 0.030269 0)
(-0.0711344 0.0784921 0)
(-0.0960585 -0.0475152 0)
(-0.31883 -0.0409562 0)
(-0.195526 -0.26278 0)
(-0.18449 -0.323759 0)
(-0.110804 -0.297384 0)
(-0.315273 -0.210216 0)
(-0.284564 -0.0937832 0)
(-0.116248 0.187162 0)
(0.0370236 0.471259 0)
(-0.0562987 0.0260894 0)
(-0.0568167 0.0557094 0)
(-0.0593083 0.0719759 0)
(-0.0328753 0.0672328 0)
(-0.0216064 0.123531 0)
(-0.0297873 0.0824618 0)
(-0.0330068 0.101038 0)
(-0.0458364 0.119946 0)
(0.0195086 0.124181 0)
(-0.022506 0.0800227 0)
(-0.051282 0.0382669 0)
(-0.273335 -0.0116693 0)
(-0.326652 -0.0616244 0)
(-0.266366 -0.253742 0)
(-0.164409 -0.288415 0)
(-0.316044 -0.231116 0)
(-0.310177 -0.133006 0)
(-0.114705 0.101787 0)
(0.0478489 0.450784 0)
(-0.0478051 0.0358191 0)
(-0.0449329 0.0382091 0)
(-0.067072 0.0524965 0)
(-0.0222066 0.0553753 0)
(-0.0286146 0.0741324 0)
(-0.0396424 0.0770498 0)
(0.00474302 0.0694177 0)
(0.00961302 0.116993 0)
(-0.0236986 0.124664 0)
(-0.0220366 0.158354 0)
(0.0352523 0.145505 0)
(-0.0340291 0.0233782 0)
(-0.227639 -0.0380944 0)
(-0.312487 -0.218808 0)
(-0.236909 -0.303197 0)
(-0.352236 -0.314544 0)
(-0.305124 -0.184918 0)
(-0.125712 0.0637001 0)
(0.0313903 0.417234 0)
(-0.0867901 0.0483579 0)
(-0.0594318 0.0312763 0)
(-0.061028 0.0508542 0)
(-0.0415679 0.0538901 0)
(-0.0184876 0.050082 0)
(-0.0426519 0.0672064 0)
(-0.0113905 0.0906948 0)
(-0.000632662 0.0407347 0)
(0.0607638 0.0606998 0)
(0.0491087 0.164584 0)
(0.0640669 0.223521 0)
(0.0447425 0.204718 0)
(-0.108663 0.189563 0)
(-0.275606 -0.178587 0)
(-0.268184 -0.33745 0)
(-0.466209 -0.41354 0)
(-0.449175 -0.264342 0)
(-0.130019 -0.00648759 0)
(0.0303419 0.358189 0)
(-0.064108 0.0297602 0)
(-0.0499607 0.0494828 0)
(-0.040868 0.0462786 0)
(-0.0483036 0.0539592 0)
(-0.0290554 0.0622735 0)
(-0.01222 0.0710628 0)
(-0.0280406 0.0844726 0)
(-0.0206915 0.0780652 0)
(0.0161656 0.0688092 0)
(0.0791891 0.0323766 0)
(0.105077 0.151291 0)
(0.172277 0.159462 0)
(0.0982939 0.279073 0)
(0.0986915 0.11758 0)
(-0.0994147 -0.238488 0)
(-0.505854 -0.47025 0)
(-0.59704 -0.34449 0)
(-0.214745 -0.102074 0)
(-0.0216788 0.313431 0)
(-0.0618663 0.0415846 0)
(-0.031977 0.0130167 0)
(-0.065582 0.049174 0)
(-0.0420401 0.0587351 0)
(-0.0215515 0.0651936 0)
(-0.0392443 0.0543225 0)
(0.0137726 0.0494908 0)
(-0.0125463 0.0469172 0)
(-0.00453576 0.0179156 0)
(0.0748705 0.053849 0)
(0.0698664 0.0694435 0)
(0.269172 0.0958936 0)
(0.217098 0.129913 0)
(0.363155 0.0467493 0)
(0.445337 0.0750324 0)
(0.0639906 -0.363397 0)
(-0.427282 -0.369992 0)
(-0.254233 -0.1749 0)
(-0.136049 0.165207 0)
(-0.0580982 0.039192 0)
(-0.0378826 0.0168426 0)
(-0.0429031 0.0175101 0)
(-0.0439935 0.0727288 0)
(-0.0354154 0.0594286 0)
(-0.0352097 0.0651585 0)
(0.00901617 0.0463594 0)
(0.0113468 0.034205 0)
(0.0377945 0.00421929 0)
(0.0618015 0.0449541 0)
(0.0360661 0.067999 0)
(0.243446 0.0534291 0)
(0.213835 0.0699133 0)
(0.218717 0.0134508 0)
(0.303704 -0.0397097 0)
(0.298915 -0.187118 0)
(0.0207113 -0.199 0)
(-0.22529 -0.264224 0)
(-0.0415332 -0.0590529 0)
(-0.0550503 0.0179283 0)
(-0.0599007 0.0470811 0)
(-0.0403513 0.00844586 0)
(-0.0238341 0.0466479 0)
(-0.0180057 0.025453 0)
(-0.0282124 0.0466141 0)
(0.0148364 0.0184145 0)
(0.0201283 0.0184673 0)
(0.0303047 -0.00535967 0)
(0.0564221 -0.00437469 0)
(0.0290706 0.0208544 0)
(0.19768 0.00369108 0)
(0.211064 0.00672444 0)
(0.260773 -0.073293 0)
(0.333912 -0.0467232 0)
(0.297751 0.0690902 0)
(0.259099 -0.0586987 0)
(-0.15623 0.0312261 0)
(0.16204 -0.187657 0)
(-0.0517778 0.0242306 0)
(-0.0500133 0.0450848 0)
(-0.0481075 0.0401829 0)
(-0.0460731 0.0386028 0)
(-0.0292384 0.0417684 0)
(-0.0158266 0.0548431 0)
(0.0118453 0.0204652 0)
(0.0145508 0.014749 0)
(0.00721033 0.00438168 0)
(0.0704075 0.00200785 0)
(0.0897463 -0.0379335 0)
(0.205063 -0.00276508 0)
(0.166844 -0.0923542 0)
(0.255727 -0.204148 0)
(0.468486 -0.0418692 0)
(0.298204 0.409957 0)
(0.204921 0.0206874 0)
(-0.00910467 -0.0194022 0)
(0.20193 -0.0572444 0)
(-0.0451541 0.0323929 0)
(-0.0419689 0.0477879 0)
(-0.0402897 0.0401053 0)
(-0.0337929 0.038103 0)
(-0.0029765 0.0369952 0)
(-0.0149291 0.042374 0)
(0.00914797 0.00703616 0)
(0.00686267 0.00789299 0)
(0.0140319 -0.0191556 0)
(0.0657695 -0.0479395 0)
(0.0834372 -0.0267384 0)
(0.209017 -0.0474894 0)
(0.153467 -0.154335 0)
(0.173251 -0.167944 0)
(0.517595 -0.0282341 0)
(0.274523 0.302023 0)
(0.248311 0.105926 0)
(0.0335024 0.0259145 0)
(0.204618 0.13846 0)
(-0.0590547 0.018225 0)
(-0.0422513 0.0405771 0)
(-0.0569587 0.0386237 0)
(-0.0464444 0.0453616 0)
(-0.0252173 0.0237526 0)
(-0.0184806 0.00790118 0)
(-0.0128623 0.00441262 0)
(-0.00522905 0.00773928 0)
(-0.0093284 -0.04886 0)
(0.081923 -0.0635199 0)
(0.0995662 -0.0449847 0)
(0.108683 -0.0568004 0)
(0.208035 -0.143402 0)
(0.143196 -0.182755 0)
(0.353229 -0.0868785 0)
(0.289839 0.382163 0)
(0.262783 0.171343 0)
(0.013105 0.156305 0)
(0.170375 0.339726 0)
(-0.0429261 0.0544836 0)
(-0.0341307 0.0336428 0)
(-0.0491815 0.0474446 0)
(-0.0309524 0.063095 0)
(-0.035952 0.0491041 0)
(-0.0212714 0.0191336 0)
(-0.00251079 -0.00139092 0)
(-0.00826847 -0.00858354 0)
(0.0190186 -0.0745164 0)
(0.0472014 -0.0891317 0)
(0.112443 -0.0948123 0)
(0.131151 -0.182118 0)
(0.15567 -0.164299 0)
(0.203552 -0.287235 0)
(0.477466 -0.193826 0)
(0.314121 0.295455 0)
(0.295869 0.180677 0)
(0.0486162 0.216949 0)
(0.216462 0.443336 0)
(-0.00621386 0.0279555 0)
(-0.0548003 0.0155905 0)
(-0.0356304 0.0295157 0)
(-0.0399603 0.0289894 0)
(-0.0493691 0.0161312 0)
(-0.0154242 0.0081568 0)
(-0.0199201 -0.00628497 0)
(0.00302046 -0.0127464 0)
(0.039199 -0.0677125 0)
(0.0502685 -0.10676 0)
(0.0545578 -0.087669 0)
(0.130532 -0.175995 0)
(0.117275 -0.191917 0)
(0.253633 -0.186085 0)
(0.26924 -0.182114 0)
(0.222441 0.267076 0)
(0.455989 0.441829 0)
(0.214066 0.413186 0)
(0.132383 0.758427 0)
(-0.0075561 0.0327876 0)
(-0.01593 0.0472257 0)
(-0.0256509 0.0420655 0)
(-0.0128402 0.03033 0)
(-0.0160935 0.0295354 0)
(0.00472997 0.00396584 0)
(0.0194128 -0.0039318 0)
(0.0329605 -0.0600163 0)
(0.0684386 -0.0813545 0)
(0.0550169 -0.104323 0)
(0.110182 -0.206315 0)
(0.137181 -0.197272 0)
(0.101237 -0.375768 0)
(0.24649 -0.28797 0)
(0.312799 -0.467173 0)
(0.259475 -0.112861 0)
(0.940935 0.589448 0)
(0.534491 0.27278 0)
(0.41967 1.00516 0)
(0.0173353 0.0333448 0)
(-0.0233688 0.0507991 0)
(0.00807246 0.0478023 0)
(0.0103556 0.0252359 0)
(0.000730476 0.00408249 0)
(0.0217386 -0.0112596 0)
(0.0108592 -0.0336449 0)
(0.0248027 -0.0990601 0)
(0.073593 -0.118891 0)
(-0.025316 -0.169496 0)
(0.0574117 -0.215503 0)
(0.00604697 -0.298948 0)
(-0.0113891 -0.381226 0)
(0.0594296 -0.382204 0)
(0.189988 -0.57433 0)
(0.256776 -0.632313 0)
(1.89153 0.262077 0)
(1.19284 -0.190816 0)
(1.04248 2.58986 0)
)
;

boundaryField
{
    leftWall
    {
        type            fixedValue;
        value           uniform (0 0 0);
    }
    rightWall
    {
        type            fixedValue;
        value           uniform (0 0 0);
    }
    lowerWall
    {
        type            fixedValue;
        value           uniform (0 0 0);
    }
    atmosphere
    {
        type            pressureInletOutletVelocity;
        value           nonuniform List<vector> 
46
(
(-0.00432473 0.000163603 0)
(0 -0.0110969 0)
(0 -0.0414339 0)
(0 -0.0547324 0)
(0 -0.0510698 0)
(0 -0.0223394 0)
(0 -0.0204357 0)
(0 -0.0247377 0)
(0 -0.0198693 0)
(0 -0.0124812 0)
(0 -0.0182953 0)
(0 -0.0136033 0)
(0 -0.0349031 0)
(0 -0.00870322 0)
(-0.000718537 0.0136474 0)
(-0.00979085 0.0285446 0)
(-0.00885311 0.0286955 0)
(-0.0445763 0.0371714 0)
(-0.0257578 0.0384175 0)
(-0.0207883 0.0239514 0)
(-0.0250203 0.0254791 0)
(-0.00906839 0.0272886 0)
(-0.00594091 0.0438327 0)
(-0.0150142 0.0450627 0)
(-0.016148 0.0365289 0)
(-0.01858 0.0320751 0)
(-0.0212258 0.0429331 0)
(0.0173353 0.0333448 0)
(-0.0233688 0.0507991 0)
(0.00807246 0.0478023 0)
(0.0103556 0.0252359 0)
(0.000730476 0.00408249 0)
(0 -0.0112596 0)
(0 -0.0336449 0)
(0 -0.0990601 0)
(0 -0.118891 0)
(0 -0.169496 0)
(0 -0.215503 0)
(0 -0.298948 0)
(0 -0.381226 0)
(0 -0.382204 0)
(0 -0.57433 0)
(0 -0.632313 0)
(1.89153 0.262077 0)
(0 -0.190816 0)
(1.04248 2.58986 0)
)
;
    }
    defaultFaces
    {
        type            empty;
    }
}


// ************************************************************************* //
