/*--------------------------------*- C++ -*----------------------------------*\
| =========                 |                                                 |
| \\      /  F ield         | foam-extend: Open Source CFD                    |
|  \\    /   O peration     | Version:     4.1                                |
|   \\  /    A nd           | Web:         http://www.foam-extend.org         |
|    \\/     M anipulation  |                                                 |
\*---------------------------------------------------------------------------*/
FoamFile
{
    version     2.0;
    format      ascii;
    class       surfaceScalarField;
    location    "0.85";
    object      phi;
}
// * * * * * * * * * * * * * * * * * * * * * * * * * * * * * * * * * * * * * //

dimensions      [0 3 -1 0 0 0 0];

internalField   nonuniform List<scalar> 
4432
(
2.5179e-06
-2.5179e-06
-8.00588e-06
1.05238e-05
-2.37371e-05
1.57312e-05
-1.45604e-05
-9.17672e-06
-1.39003e-05
-6.60089e-07
-1.96122e-05
5.71194e-06
-1.77803e-06
-1.78342e-05
7.81553e-06
-9.59357e-06
-4.9224e-06
1.27379e-05
-1.78846e-05
1.29622e-05
-1.65124e-05
-1.37219e-06
-1.03035e-05
-6.20897e-06
-5.76203e-06
-4.54144e-06
-1.77121e-06
-3.99082e-06
-1.69041e-07
-1.60217e-06
2.36564e-06
-2.53468e-06
3.72126e-06
-1.35562e-06
1.44527e-08
3.70681e-06
-2.02651e-06
2.04097e-06
-3.63444e-06
1.60792e-06
4.14859e-07
-4.0493e-06
2.70329e-06
-2.28843e-06
2.70329e-06
-5.82068e-06
3.30278e-06
-1.46843e-05
1.93874e-05
-2.06599e-05
2.17068e-05
-1.68509e-05
-1.29857e-05
-1.53915e-05
-2.11944e-06
-1.90936e-05
9.41401e-06
-2.07472e-05
-1.61806e-05
-3.1297e-05
9.56241e-07
-5.27558e-05
3.41968e-05
-1.55079e-05
-2.42857e-05
-2.09428e-05
4.06278e-06
-7.99606e-06
-1.91558e-05
-8.3493e-06
-4.1882e-06
-2.6586e-06
-9.68152e-06
3.99742e-07
-4.66051e-06
2.28745e-06
-4.42239e-06
1.50883e-06
-5.77002e-07
2.78963e-06
2.42601e-06
1.50294e-06
3.32767e-06
9.30814e-07
2.18005e-06
-5.32998e-07
-2.58549e-06
-9.22355e-07
-1.89908e-06
1.78094e-06
-2.23331e-05
2.56359e-05
-1.88483e-05
1.59026e-05
-2.68122e-05
2.96707e-05
-2.13084e-05
-1.84896e-05
-1.05497e-05
-1.28781e-05
-1.64579e-05
1.53223e-05
-2.0366e-05
-1.22726e-05
-2.28799e-05
3.47014e-06
-1.87679e-06
1.31937e-05
2.21387e-05
-4.83012e-05
-9.35827e-06
3.55597e-05
-1.0102e-05
-1.84121e-05
-9.11646e-06
-5.1737e-06
-8.45809e-06
-1.03399e-05
-4.92275e-07
-1.26263e-05
1.6639e-06
-6.57857e-06
2.12634e-06
-1.03944e-06
2.196e-06
2.35635e-06
1.55387e-06
3.96979e-06
1.88976e-06
1.84416e-06
-9.9188e-07
2.96148e-07
-8.12512e-07
-2.07845e-06
9.68424e-07
-2.05173e-05
4.61531e-05
-1.84957e-05
1.38811e-05
-2.54975e-05
3.66725e-05
-1.36029e-05
-3.03842e-05
-2.29941e-05
-3.48688e-06
-2.07461e-05
1.30742e-05
-2.33805e-05
-9.63822e-06
-1.98373e-05
-7.30205e-08
-5.42045e-06
-1.22317e-06
-7.94693e-06
-4.57747e-05
-1.53471e-05
4.29599e-05
-2.45797e-05
-9.17942e-06
-2.25957e-05
-7.15774e-06
-7.39441e-06
-2.55412e-05
-3.27292e-06
-1.67478e-05
-1.97756e-06
-7.87393e-06
7.86391e-07
-3.80339e-06
1.65602e-06
1.48672e-06
1.42759e-06
4.19822e-06
1.16836e-06
2.1034e-06
-1.35386e-06
2.81836e-06
-1.69858e-06
-1.73373e-06
-7.30156e-07
-2.36424e-05
6.97955e-05
-2.63305e-05
1.65692e-05
-1.66864e-05
2.70284e-05
-1.84124e-05
-2.86582e-05
-2.46086e-05
2.70938e-06
-3.06191e-05
1.90848e-05
-4.28465e-05
2.5891e-06
-4.11291e-05
-1.79039e-06
-3.73022e-05
-5.05005e-06
-3.4239e-05
-4.88379e-05
-2.68699e-05
3.55908e-05
-2.70391e-05
-9.01021e-06
-1.46149e-05
-1.9582e-05
-1.86044e-05
-2.15516e-05
-4.78021e-06
-3.0572e-05
-2.31398e-06
-1.03402e-05
-1.11946e-06
-4.99791e-06
-2.20802e-07
5.88063e-07
7.0908e-07
3.26834e-06
-9.05183e-07
3.71766e-06
-1.9058e-06
3.81898e-06
-1.79296e-06
-1.84657e-06
-2.52312e-06
-1.32739e-05
8.30694e-05
-1.48062e-05
1.81014e-05
5.99299e-06
6.2292e-06
1.32109e-08
-2.26784e-05
-1.87433e-05
2.14659e-05
-1.63492e-05
1.66907e-05
-1.39254e-05
1.65324e-07
-2.21086e-05
6.39276e-06
-2.55522e-05
-1.60642e-06
-4.34689e-05
-3.09212e-05
-1.9874e-05
1.19959e-05
-1.49443e-05
-1.39399e-05
-2.73336e-05
-7.19272e-06
-1.05034e-05
-3.83819e-05
-1.24415e-06
-3.98312e-05
-8.70788e-07
-1.07135e-05
-1.72918e-06
-4.13952e-06
-1.72424e-06
5.83128e-07
1.59389e-07
1.38471e-06
-1.39065e-06
5.26769e-06
-2.41124e-06
4.83957e-06
-4.44111e-06
1.83302e-07
-6.96422e-06
-8.50994e-06
9.15793e-05
9.62588e-06
-3.43761e-08
1.88511e-06
1.397e-05
-1.16847e-05
-9.10855e-06
-1.34079e-05
2.3189e-05
-1.48284e-05
1.81113e-05
-1.75121e-05
2.84895e-06
-2.09668e-05
9.84744e-06
-4.8771e-05
2.61979e-05
-5.12068e-05
-2.84855e-05
-2.37404e-05
-1.54704e-05
-1.18116e-05
-2.58687e-05
-2.28746e-05
3.87027e-06
-4.10862e-06
-5.71479e-05
-1.74385e-06
-4.2196e-05
-5.36649e-06
-7.09087e-06
-4.40927e-06
-5.09674e-06
-1.58832e-06
-2.23782e-06
2.16472e-06
-2.36834e-06
-6.91803e-07
8.12421e-06
-5.76407e-06
9.91183e-06
-1.93642e-06
-3.64435e-06
-8.90064e-06
-1.26396e-05
0.000104219
3.11669e-06
-1.57906e-05
1.05712e-05
6.51545e-06
3.12044e-06
-1.65778e-06
1.03823e-05
1.59272e-05
-3.04644e-06
3.154e-05
-7.67669e-06
7.4792e-06
-4.20541e-06
6.37616e-06
-1.30591e-05
3.50516e-05
-1.0617e-05
-3.09276e-05
-1.43294e-05
-1.1758e-05
-5.22729e-06
-3.49708e-05
-8.43505e-06
7.07804e-06
-3.69069e-06
-6.18923e-05
-7.07731e-06
-3.88093e-05
-1.34314e-05
-7.36736e-07
-7.598e-06
-1.09302e-05
-4.81188e-06
-5.02394e-06
1.46866e-06
-8.64888e-06
-7.80234e-06
1.73952e-05
-1.39795e-05
1.6089e-05
-6.00928e-06
-1.16146e-05
-1.49099e-05
-5.27704e-05
5.27704e-05
-7.18111e-05
1.90407e-05
-9.45636e-05
2.27525e-05
-0.000113439
1.88753e-05
-0.000110123
-3.31558e-06
-0.000110295
1.71313e-07
-0.0001121
1.8053e-06
-7.45249e-05
-3.75751e-05
-7.4432e-05
-9.28968e-08
-7.391e-05
-5.22e-07
-8.30338e-05
9.12376e-06
-0.000142535
5.95011e-05
-0.000140348
-2.18647e-06
-0.00013407
-6.27825e-06
-0.000129341
-4.72934e-06
-0.000110746
-1.85952e-05
-6.09067e-05
-4.98389e-05
-5.98227e-05
-1.08397e-06
-5.98227e-05
-2.4183e-05
7.69534e-05
-6.22653e-05
5.7123e-05
-8.30386e-05
4.35258e-05
-6.23227e-05
-1.84055e-06
-0.000104293
3.86544e-05
-0.000109825
5.70383e-06
-6.994e-05
-3.80799e-05
-7.67261e-05
-3.07889e-05
-7.854e-05
1.72095e-06
-0.00012693
4.78681e-05
-0.000128141
1.03343e-05
-8.11342e-05
1.24946e-05
-0.000122083
3.8762e-05
-0.000111123
-1.72377e-05
-6.66984e-05
-4.91541e-05
-9.37187e-05
8.42513e-06
-8.66645e-05
-5.68931e-05
-4.43708e-05
-4.33777e-05
-0.000104194
-2.52981e-05
0.000102252
-3.34769e-05
6.53018e-05
-2.62775e-05
3.63265e-05
-5.06252e-05
2.25071e-05
-9.67721e-05
8.48013e-05
-9.88545e-05
7.78631e-06
-0.00011724
-1.96944e-05
-0.000130066
-1.79633e-05
-0.000123618
-4.72646e-06
-0.000122587
4.68372e-05
-0.000121877
9.62421e-06
-0.000122927
1.35439e-05
-0.000112867
2.87022e-05
-9.65894e-05
-3.35152e-05
-0.00010764
-3.81032e-05
-9.41879e-05
-5.0273e-06
-7.37316e-05
-7.73493e-05
-2.8129e-05
-8.89803e-05
-0.000132323
-2.25657e-05
0.000124817
-4.00533e-05
8.27894e-05
-6.83003e-05
6.45734e-05
-9.92578e-05
5.34645e-05
-5.17354e-05
3.72789e-05
-8.72294e-05
4.32803e-05
-8.96784e-05
-1.72454e-05
-6.37518e-05
-4.38899e-05
-0.000113432
4.49542e-05
-6.78968e-05
1.30159e-06
-0.000109197
5.0924e-05
-0.000109696
1.40428e-05
-6.0136e-05
-2.08575e-05
-8.64838e-05
-7.16732e-06
-8.12435e-05
-4.33436e-05
-4.39996e-05
-4.22712e-05
-3.4576e-05
-8.67729e-05
-1.81785e-05
-0.000105378
-0.000150501
-2.54008e-05
0.000150218
-4.75303e-05
0.000104919
-6.46477e-05
8.16909e-05
-4.85406e-05
3.73574e-05
-7.36878e-05
6.24261e-05
-5.52033e-05
2.47958e-05
-3.5489e-05
-3.69597e-05
-8.56943e-05
6.31548e-06
-5.52145e-05
1.44743e-05
-9.85684e-05
4.46555e-05
-9.30741e-05
4.54297e-05
-8.63423e-05
7.31097e-06
-8.37742e-05
-2.34255e-05
-3.57096e-05
-5.52319e-05
-3.79674e-05
-4.10858e-05
-3.18623e-05
-4.83763e-05
-3.18794e-05
-8.67559e-05
-1.72175e-06
-0.000135535
-0.000152223
-2.79114e-05
0.000178129
-4.933e-05
0.000126337
-5.75868e-05
8.99477e-05
-6.41007e-05
4.38713e-05
-4.00466e-05
3.83719e-05
-2.18287e-05
6.57797e-06
-2.92154e-05
-2.95731e-05
-3.16261e-05
8.72618e-06
-5.54073e-05
3.82555e-05
-3.53811e-05
2.46293e-05
-4.94166e-05
5.94652e-05
-4.50443e-05
2.93867e-06
-4.12115e-05
-2.72582e-05
-2.91311e-05
-6.73123e-05
-1.35354e-05
-5.66815e-05
-4.28953e-06
-5.76221e-05
-5.45902e-06
-8.55864e-05
8.07631e-06
-0.000149071
-0.000144146
-5.49587e-05
0.000233088
-5.64289e-05
0.000127808
-4.26501e-05
7.61688e-05
-1.96511e-05
2.08724e-05
-6.95706e-06
2.56779e-05
1.90396e-06
-2.28305e-06
-8.41489e-06
-1.92542e-05
-3.73136e-05
3.76249e-05
-3.98034e-05
4.07453e-05
-4.48363e-05
2.96622e-05
-1.25456e-05
2.71746e-05
-1.66116e-06
-7.9458e-06
-5.10799e-06
-2.38114e-05
4.21041e-06
-7.66308e-05
1.15978e-05
-6.40689e-05
1.84582e-05
-6.44826e-05
1.7382e-05
-8.45101e-05
1.43847e-05
-0.000146073
-0.000129762
-7.37409e-05
0.000306829
-6.9888e-05
0.000123955
-1.90589e-05
2.53397e-05
-1.22674e-05
1.40809e-05
3.7955e-06
9.61496e-06
3.27124e-06
-1.75879e-06
-3.06774e-06
-1.29152e-05
-2.52918e-05
5.98489e-05
-3.6537e-05
5.19906e-05
-1.87785e-05
1.19036e-05
-4.68485e-06
1.3081e-05
2.06845e-05
-3.33151e-05
1.57452e-05
-1.88722e-05
2.62579e-05
-8.71435e-05
5.35697e-05
-9.13806e-05
5.30835e-05
-6.39964e-05
5.4212e-05
-8.56386e-05
2.09459e-05
-0.000112807
-0.000108816
3.30604e-05
7.11585e-05
1.28154e-05
4.45433e-06
1.02094e-05
9.12139e-06
-1.08875e-05
1.94392e-05
-1.45206e-05
1.95603e-05
-1.44373e-06
1.84631e-05
-8.91979e-06
1.49553e-05
-1.39843e-05
1.14407e-05
-1.36816e-05
3.47489e-05
-5.84494e-05
1.38401e-05
-3.59715e-05
-3.42359e-05
-5.97797e-06
-6.49644e-05
2.35704e-05
-2.24703e-05
-1.18205e-05
-2.65014e-05
-3.86499e-05
-1.198e-05
-3.27101e-05
-6.67648e-06
-2.90021e-05
-1.46382e-05
-2.83047e-05
-5.7214e-06
-2.31664e-05
-1.37872e-05
1.16023e-06
-6.9314e-06
2.21656e-06
1.50327e-05
-5.37379e-05
4.43399e-05
3.01662e-05
-9.8814e-05
2.39339e-05
4.72246e-05
1.49177e-06
2.68965e-05
-2.02694e-05
3.08826e-05
-3.28934e-05
3.20631e-05
-1.8277e-05
4.94394e-06
-3.52966e-06
3.71571e-06
6.47768e-07
1.07778e-05
7.08303e-06
5.00541e-06
6.35002e-06
3.54819e-05
-1.94947e-05
3.96849e-05
-2.38776e-05
-2.9853e-05
-4.05571e-05
-4.82848e-05
-2.55937e-05
-3.74337e-05
-5.75026e-05
5.40757e-06
-8.58336e-05
1.6351e-05
-9.09027e-05
-1.60737e-06
-9.81034e-05
-7.43756e-06
-0.000104561
7.35971e-07
-0.000107243
-1.11045e-05
-0.000104552
-9.62282e-06
-0.000118717
2.91979e-05
-0.000111467
3.709e-05
0.000100428
-0.00018173
-4.40034e-05
9.1228e-05
-5.98192e-05
4.27124e-05
-4.79593e-05
1.90226e-05
-3.32349e-05
1.73388e-05
-9.8493e-06
-1.84417e-05
8.58658e-06
-1.47202e-05
1.55174e-05
3.84706e-06
1.49744e-05
5.54837e-06
3.64527e-05
1.40036e-05
1.32815e-05
6.28561e-05
9.72036e-06
-2.62919e-05
-7.40198e-06
-3.11625e-05
-3.2325e-05
-1.25107e-05
-6.46142e-05
3.76967e-05
-7.38264e-05
2.55633e-05
-0.00011892
4.34863e-05
-0.000134017
7.65942e-06
-0.000151654
1.83729e-05
-0.000171173
8.4144e-06
-0.000175727
-5.06885e-06
-0.00018722
4.0691e-05
-0.000218825
6.86946e-05
9.5166e-05
-0.000213562
-4.05289e-05
0.000131757
-4.86617e-05
5.08452e-05
-4.1273e-05
1.16339e-05
-2.95321e-05
5.5979e-06
-1.63509e-05
-3.16229e-05
-1.12563e-05
-1.98148e-05
-3.07967e-05
2.33874e-05
-2.48184e-05
-4.29961e-07
3.61849e-06
-1.44333e-05
-8.01383e-07
6.7276e-05
1.26892e-05
-3.97825e-05
-7.0181e-06
-1.14552e-05
-3.0988e-05
1.14592e-05
-8.97241e-05
9.64328e-05
-0.00013524
7.10795e-05
-0.000136796
4.50423e-05
-0.000137157
8.0197e-06
-0.000107111
-1.16726e-05
-0.000117425
1.87285e-05
-0.000171016
4.85215e-05
-0.000171803
4.14784e-05
-0.000192665
8.95568e-05
2.5786e-05
-0.000123285
-1.19595e-05
0.000143716
-3.58125e-06
4.24669e-05
1.38237e-05
-5.77105e-06
1.73781e-05
2.04358e-06
7.84421e-07
-1.50292e-05
1.90297e-05
-3.806e-05
2.24758e-05
1.99413e-05
-5.23391e-06
2.72797e-05
-2.87255e-06
-1.67946e-05
3.1727e-05
3.26764e-05
-4.41319e-05
3.60764e-05
-9.86994e-05
4.31124e-05
-9.55423e-05
8.30204e-06
-0.00011271
0.0001136
-8.68986e-05
4.52683e-05
-7.42443e-05
3.2388e-05
-0.000100127
3.39027e-05
-0.000121729
9.92943e-06
-0.000106677
3.67632e-06
-9.62072e-05
3.80516e-05
-0.000144744
9.00156e-05
-9.98612e-05
4.46736e-05
7.0306e-05
-0.000144381
-2.1841e-06
0.0001459
-1.65087e-06
4.19337e-05
-1.42403e-06
-5.99788e-06
3.20978e-06
-2.59023e-06
5.37026e-07
-1.23565e-05
3.25244e-06
-4.07754e-05
3.65174e-06
1.9542e-05
-1.77663e-05
4.86978e-05
-5.33999e-05
1.8839e-05
-3.77806e-05
1.70571e-05
-3.22806e-05
3.05764e-05
-8.44653e-05
9.52972e-05
-8.8104e-05
1.19407e-05
-6.38642e-05
8.93605e-05
-8.34555e-05
6.48597e-05
-8.91763e-05
3.81088e-05
-0.000100815
4.55412e-05
-0.000132752
4.18661e-05
-0.00015
2.09246e-05
-0.000152176
4.02277e-05
-0.000143701
8.15406e-05
-0.000142726
4.36987e-05
4.722e-05
-0.00011964
1.27466e-05
0.000133154
4.61679e-06
5.00635e-05
1.33877e-07
-1.51496e-06
1.9886e-06
-4.44495e-06
-2.81163e-06
-7.55625e-06
-3.35918e-05
-9.9952e-06
-4.18128e-05
2.7763e-05
-3.30003e-05
3.98853e-05
-4.42655e-05
3.01042e-05
-3.70302e-05
9.82178e-06
-1.08801e-05
4.42629e-06
-3.11879e-06
8.75359e-05
-5.39224e-05
6.27443e-05
-5.68762e-05
9.23144e-05
-7.85942e-05
8.65777e-05
-8.59981e-05
4.55127e-05
-8.63981e-05
4.59412e-05
-0.000124429
7.9897e-05
-0.000141026
3.75216e-05
-0.000163702
6.29033e-05
-0.000150164
6.80034e-05
-0.000152938
4.64723e-05
5.47006e-05
-0.000160419
1.78599e-05
0.000115294
1.13503e-05
5.65732e-05
-6.87199e-07
1.05225e-05
3.13602e-06
-8.26815e-06
-2.52152e-06
-1.89869e-06
-2.22221e-05
9.70545e-06
-2.16585e-05
2.71994e-05
7.5365e-08
1.81515e-05
9.58973e-06
2.05899e-05
-1.05121e-05
2.99237e-05
-3.21557e-05
2.60699e-05
-1.53174e-05
7.06976e-05
-5.3033e-05
0.00010046
-8.51903e-05
0.000124472
-7.58575e-05
7.7245e-05
-8.1993e-05
5.16482e-05
-0.000101339
6.5287e-05
-7.81338e-05
5.66921e-05
-0.000143805
0.000103193
-0.000155779
7.48771e-05
-0.00016084
7.30648e-05
-0.000193428
7.90596e-05
6.63614e-05
-0.000205088
4.31202e-05
7.21738e-05
4.83272e-05
5.13661e-05
1.4472e-05
4.43777e-05
2.47736e-06
3.72655e-06
-2.2519e-05
2.30977e-05
-5.76884e-05
4.48749e-05
-6.83064e-05
3.78175e-05
-9.14997e-05
4.13448e-05
-0.000101993
3.10834e-05
-0.000122592
5.05229e-05
-0.00012771
3.11877e-05
-0.000128166
7.11533e-05
-0.000152358
0.000124652
-0.000118573
9.06867e-05
-0.000127688
8.63606e-05
-0.000147635
7.15951e-05
-0.000155351
7.30024e-05
-0.000188447
8.9789e-05
-0.000165393
8.01384e-05
-0.000178749
8.82336e-05
-0.000188269
8.25849e-05
-0.000208079
9.887e-05
0.000112901
-0.000254619
5.32396e-06
6.68499e-05
4.43059e-06
5.22595e-05
5.50166e-06
4.33066e-05
-1.01824e-05
1.94107e-05
-3.64172e-05
4.93324e-05
-5.67504e-05
6.52082e-05
-8.48267e-05
6.58939e-05
-6.86025e-05
2.51206e-05
-6.96829e-05
3.21639e-05
-0.000143621
0.000124461
-0.000206129
9.36959e-05
-0.000211674
7.66986e-05
-0.000182367
9.53454e-05
-0.000258057
0.000166376
-0.000259471
8.77745e-05
-0.000269429
8.15533e-05
-0.000232965
3.65384e-05
-0.000207034
6.38587e-05
-0.00025843
0.000131534
-0.000267329
9.71327e-05
-0.000237405
5.26607e-05
-0.000219628
8.10932e-05
0.000123425
-0.000230152
7.90038e-06
5.89495e-05
-1.07636e-05
7.09235e-05
-6.28456e-06
3.88277e-05
-3.15865e-05
4.47127e-05
-8.27283e-05
0.000100474
-0.000133851
0.000116331
-0.000148107
8.01498e-05
-0.000265207
0.00014222
-0.000331255
9.82126e-05
-0.000265962
5.91677e-05
-0.000291625
0.000119359
-0.000374766
0.00015984
-0.000391639
0.000112218
-0.000272889
4.76262e-05
-0.000249251
6.41367e-05
-0.000256116
8.84183e-05
-0.000342346
0.000122769
-0.00036452
8.60321e-05
-0.000272274
3.92883e-05
-0.000232791
5.76495e-05
-0.000290566
0.000110436
-0.00028464
7.51672e-05
0.000155288
-0.000316503
-4.11806e-06
6.30676e-05
-1.59889e-05
8.27943e-05
-6.84599e-05
9.12988e-05
-0.000174264
0.000150517
-0.000229397
0.000155607
-0.000251321
0.000138256
-0.000269392
9.82213e-05
-0.000290578
0.000163406
-0.000294781
0.000102416
-0.000268499
3.28854e-05
-0.000265322
0.000116182
-0.000237985
0.000132503
-0.000245843
0.000120077
-0.000350924
0.000152708
-0.000396948
0.000110161
-0.000380944
7.24149e-05
-0.000351435
9.32601e-05
-0.000360522
9.51193e-05
-0.000394697
7.34629e-05
-0.000404921
6.78737e-05
-0.000381031
8.65453e-05
-0.000414284
0.00010842
6.1136e-05
-0.000320132
-1.5166e-05
7.82336e-05
-7.50414e-05
0.00014267
-0.000171801
0.000188059
-0.000187615
0.000166331
-0.000181523
0.000149515
-0.000135058
9.17908e-05
-0.000156784
0.000119947
-0.000124968
0.000131589
-0.00016414
0.000141589
-0.00028253
0.000151275
-0.000325548
0.0001592
-0.000333273
0.000140228
-0.000338982
0.000125786
-0.000274772
8.84973e-05
-0.000279915
0.000115304
-0.000451966
0.000244466
-0.000512184
0.000153478
-0.000498683
8.16184e-05
-0.000519179
9.39596e-05
-0.000536484
8.5178e-05
-0.000514451
6.45124e-05
-0.0004894
8.33691e-05
7.15198e-05
-0.000499783
-4.18462e-05
0.00012008
-0.000130261
0.000231085
-0.000169611
0.000227408
-0.000168316
0.000165036
-9.89098e-05
8.01091e-05
-0.000179716
0.000172597
-0.00025297
0.000193201
-0.000313661
0.000192281
-0.000289605
0.000117533
-0.000310313
0.000171982
-0.000332051
0.000180939
-0.000338147
0.000146324
-0.000348114
0.000135753
-0.000421209
0.000161593
-0.00044067
0.000134765
-0.000316607
0.000120402
-0.000340031
0.000176903
-0.000441223
0.000182811
-0.000489446
0.000142183
-0.00050094
9.66716e-05
-0.000492177
5.57495e-05
-0.000449716
4.09076e-05
2.37626e-05
-0.000401958
-2.53588e-05
0.000145439
-7.11992e-05
0.000276926
-8.87512e-05
0.00024496
-0.000120553
0.000196837
-0.000271013
0.00023057
-0.000321317
0.000222901
-0.00033178
0.000203664
-0.000333217
0.000193717
-0.000310148
9.44644e-05
-0.000305712
0.000167546
-0.000316913
0.00019214
-0.00034107
0.000170482
-0.000315292
0.000109975
-0.000367192
0.000213492
-0.000450981
0.000218554
-0.0005167
0.000186122
-0.000545505
0.000205708
-0.00053021
0.000167515
-0.000479432
9.14044e-05
-0.000432945
5.01849e-05
-0.000400774
2.3579e-05
-0.00036677
6.90348e-06
-1.395e-05
-0.000329058
-7.01192e-05
0.000215558
-0.000172763
0.00037957
-0.000213517
0.000285715
-0.000273609
0.000256929
-0.000339369
0.00029633
-0.000351191
0.000234723
-0.00033189
0.000184363
-0.000228608
9.04352e-05
-0.000288422
0.000154278
-0.000273049
0.000152173
-0.000195055
0.000114147
-0.000230574
0.000206001
-0.000359374
0.000238775
-0.000410956
0.000265074
-0.000445042
0.000252641
-0.000471947
0.000213026
-0.000462385
0.000196145
-0.000419406
0.000124537
-0.000381936
5.39339e-05
-0.000356255
2.45041e-05
-0.000370783
3.81063e-05
-0.000340954
-2.29255e-05
-0.000122564
-0.00023234
-8.59697e-05
0.000301528
-0.000159844
0.000453444
-0.000192371
0.000318242
-0.000202973
0.000267531
-0.000192734
0.000286091
-0.000189297
0.000231286
-0.000175277
0.000170344
-0.000278248
0.000193406
-0.00026441
0.000140441
-0.000304571
0.000192333
-0.000412303
0.00022188
-0.000475776
0.000269473
-0.000424407
0.000187407
-0.000456721
0.000297388
-0.000474795
0.000270714
-0.000480096
0.000218327
-0.000442021
0.000158071
-0.000313193
-4.29211e-06
-0.000272205
1.29457e-05
-0.000232482
-1.52187e-05
-0.000217097
2.27202e-05
-0.000122342
-0.00011768
-0.000106865
-0.000138042
-9.03247e-05
0.000391853
-0.000145198
0.000508316
-0.000194645
0.00036769
-0.000222
0.000294887
-0.000199781
0.000263872
-0.000206294
0.000237799
-0.00024839
0.000212439
-0.000187192
0.000132207
-0.000239114
0.000192363
-0.000349446
0.000302666
-0.000419776
0.00029221
-0.000328862
0.000178559
-0.000465806
0.00032435
-0.000448954
0.000280536
-0.000424944
0.000246704
-0.000358004
0.000151387
-0.000231225
3.12926e-05
-0.000270622
3.51045e-05
-0.000330409
7.27328e-05
-0.000428621
8.29926e-05
-0.000419964
1.40625e-05
-0.000423634
-0.00011401
-0.000158039
-0.000372461
-0.00013956
0.000531412
-5.76557e-05
0.000426412
-0.000160064
0.000470097
-0.000199851
0.000334674
-0.000194629
0.000258649
-0.000212911
0.000256081
-0.000266314
0.000265843
-0.000261876
0.000127769
-0.000344451
0.000274939
-0.000362131
0.000320346
-0.000399871
0.00032995
-0.000423561
0.000202249
-0.000433013
0.000333804
-0.000349908
0.000197431
-0.000307975
0.000204771
-0.000267115
0.000110526
-0.000314392
7.857e-05
-0.000363343
8.40553e-05
-0.000386604
9.59933e-05
-0.000383004
7.9392e-05
-0.000331642
-3.73002e-05
-0.000312882
-0.00013277
-0.000196514
-0.000274406
-6.09324e-05
0.000592345
-0.00012266
0.000488139
-0.000183315
0.000530752
-0.000206405
0.000357763
-0.000185704
0.000237948
-0.000204439
0.000274815
-0.000193559
0.000254964
-0.000266067
0.000200277
-0.000264561
0.000273433
-0.000272574
0.000328359
-0.000260742
0.000318118
-0.000328877
0.000270384
-0.000307357
0.000312285
-0.000266677
0.000156751
-0.000227505
0.000165599
-0.000203298
8.6319e-05
-0.000211257
8.65282e-05
-0.000245523
0.000118322
-0.000173492
2.39615e-05
-0.000138521
4.44211e-05
-0.00016835
-7.47183e-06
-0.000121812
-0.000179308
-0.000259866
-5.84607e-05
-5.02042e-05
0.000642547
-0.000133142
0.000571077
-0.000118288
0.000515897
-0.000190514
0.000429989
-0.000247823
0.000295257
-0.000208269
0.000235262
-0.000210515
0.000257209
-0.000242099
0.000231862
-0.000239396
0.00027073
-9.46033e-05
0.000183567
-0.000107772
0.000331286
-0.0001124
0.000275012
-6.29398e-05
0.000262825
-0.000110219
0.00020403
-8.23276e-05
0.000137707
-3.55919e-05
3.95833e-05
-3.82248e-05
8.91609e-05
-3.39498e-05
0.000114047
-1.53119e-05
5.3235e-06
3.89923e-06
2.521e-05
4.32077e-05
-4.67804e-05
8.55007e-05
-0.000221601
-0.000251672
7.73068e-05
-1.14322e-05
0.000653978
-0.000106431
0.000666074
-6.34767e-05
0.000472943
-0.000138796
0.000505309
-0.000160819
0.000317279
-0.00023077
0.000305212
-0.000152004
0.000178444
-0.000171705
0.000251563
-5.53475e-05
0.000154372
-3.14642e-05
0.000159683
6.94244e-06
0.00029288
2.66857e-05
0.000255269
5.20167e-05
0.000237494
0.000103949
0.000152097
0.00011071
0.000130947
7.72752e-05
7.30176e-05
0.00011021
5.62263e-05
0.000105446
0.00011881
0.000114106
-3.33704e-06
0.000168793
-2.94768e-05
0.000230744
-0.000108731
0.000257471
-0.000248328
-0.000179124
0.000184923
0.000124167
0.000529812
1.06057e-05
0.000779634
-3.93283e-05
0.000522877
-8.22663e-05
0.000548246
-0.000129312
0.000364324
-9.88638e-05
0.000274764
-0.000121396
0.000200976
-1.51307e-05
0.000145297
5.71641e-06
0.000133525
4.32734e-05
0.000122126
9.70831e-05
0.00023907
0.000100208
0.000252145
0.000135017
0.000202685
0.000224363
6.27505e-05
0.000225612
0.000129698
0.000153819
0.00014481
0.000170222
3.98241e-05
0.000259923
2.91089e-05
0.000264976
-8.39011e-06
0.00031883
-8.33304e-05
0.000300172
-9.0074e-05
0.000161344
-0.0001095
-0.000265906
0.000248126
9.44715e-05
0.000435341
9.80493e-05
0.000776055
1.6957e-05
0.000603968
6.28585e-06
0.000558916
-4.35619e-05
0.000414172
3.72312e-05
0.000193972
-7.42962e-06
0.000245637
1.67874e-05
0.00012108
5.58914e-05
9.4421e-05
9.38022e-05
8.42157e-05
0.000148294
0.000184578
0.000186816
0.000213622
0.000216653
0.000172848
0.000180267
9.91362e-05
0.000194368
0.000115596
0.000307748
3.1431e-05
0.000294159
5.34122e-05
0.000283081
4.01873e-05
0.000281545
-6.85406e-06
0.000222075
-2.38606e-05
0.000195182
-6.31813e-05
0.000200674
-0.000114992
-0.000202733
0.000137501
6.87633e-05
0.000366576
0.000146082
0.000698737
0.000164195
0.000585854
0.000173734
0.000549377
0.000137213
0.000450695
0.000153643
0.000177541
0.000129571
0.000269709
0.000141571
0.00010908
0.000135949
0.000100043
0.000109742
0.000110423
0.000134016
0.000160304
0.000205245
0.000142393
0.000242522
0.000135571
0.00027564
6.6018e-05
0.000261022
0.000130215
0.000201984
9.04684e-05
0.000203691
5.17053e-05
0.000263749
-1.98706e-05
0.000278605
-2.17106e-05
0.000294054
-3.93097e-05
0.000300345
-6.94717e-05
0.000265979
-8.06257e-05
-0.000145309
0.000208554
-1.0572e-05
0.000377147
0.000109265
0.000578899
0.000135341
0.000559778
0.000180419
0.000504301
0.000229529
0.000401584
0.000121758
0.000285312
0.000182426
0.000209041
0.000184976
0.000106531
0.000178239
0.000106781
0.000205856
8.28057e-05
0.000225861
0.000140299
0.00023928
0.000128975
0.000262001
0.000112849
0.000192978
0.000135042
0.000235577
8.76161e-05
0.000280657
4.53888e-05
0.000287264
4.50981e-05
0.000277496
-1.01025e-05
0.000279783
-2.39979e-05
0.000279478
-3.90051e-05
0.000261512
-5.1505e-05
0.000258411
-7.75252e-05
-0.000120976
0.000234078
3.51581e-05
0.000341989
0.000121663
0.000492393
0.000192872
0.00048857
0.00023325
0.000463923
0.000237237
0.000397596
0.000247991
0.000274558
0.0002427
0.000214333
0.00014493
0.0002043
0.00018314
6.85718e-05
0.000195428
7.05177e-05
0.000197904
0.000137824
0.000209406
0.000117472
0.000195541
0.000126715
0.000285295
4.52869e-05
0.000282919
8.99922e-05
0.000269292
5.90162e-05
0.000277037
3.73524e-05
0.000255984
1.09504e-05
0.000245828
-1.38413e-05
0.00026035
-5.35272e-05
0.000246228
-3.73829e-05
0.00020635
-3.76471e-05
-9.8418e-05
0.000183791
2.17374e-05
0.000320252
7.46798e-05
0.000439451
0.000153642
0.000409608
0.000192468
0.000425096
0.000202701
0.000387364
0.000163652
0.000313607
0.000155092
0.000222893
0.000194514
0.000164878
0.000133118
0.000129968
0.000142128
6.15072e-05
0.000195566
8.43863e-05
0.00020486
0.000108178
0.000217855
0.00011372
0.000159112
0.00010403
0.000225593
2.35116e-05
0.000227614
5.69947e-05
0.000225547
3.94197e-05
0.000213329
2.31677e-05
0.000200406
-9.17981e-07
0.000150132
-3.25333e-06
0.000154109
-4.13595e-05
0.000201897
-8.54349e-05
-6.1115e-05
0.000164593
2.28177e-05
0.000297435
7.69087e-05
0.00038536
0.000120389
0.000366128
0.000166337
0.000379148
0.000199457
0.000354244
0.000223057
0.000290007
0.000211597
0.000234354
0.000199221
0.000177255
0.000233522
9.56677e-05
0.000229161
6.58689e-05
0.000210455
0.000103092
0.000210568
0.000108065
0.000219958
0.00010433
0.000229739
9.4249e-05
0.000208659
4.45921e-05
0.00020321
6.2444e-05
0.000206639
3.59899e-05
0.000203433
2.63746e-05
0.000197824
4.69081e-06
0.000209925
-1.53544e-05
0.000204225
-3.56595e-05
0.000161097
-4.23068e-05
-5.33797e-05
0.000153361
1.2845e-05
0.00028459
5.71888e-05
0.000341016
9.20215e-05
0.000331295
0.000133178
0.000337992
0.000166157
0.000321266
0.000188821
0.000267343
0.000192434
0.000230741
0.000190853
0.000178836
0.000188184
9.83367e-05
0.00015054
0.000103513
0.000200936
5.26963e-05
0.000196501
0.0001125
0.000196821
0.00010401
0.00019839
9.26801e-05
0.000140157
0.000102824
0.00018032
2.22815e-05
0.000181866
3.44439e-05
0.000184366
2.38744e-05
0.000182687
6.36977e-06
0.000191397
-2.40646e-05
0.000176611
-2.08735e-05
0.000156429
-2.21245e-05
-5.53423e-05
0.000158391
1.07712e-05
0.000273819
4.71565e-05
0.00030463
7.4261e-05
0.000304191
0.000112248
0.000300006
0.000140325
0.000293189
0.000161704
0.000245963
0.000175558
0.000216887
0.000178905
0.000175489
0.000175179
0.000102062
0.000164204
0.000114489
0.000125657
9.12438e-05
0.000105293
0.000132863
0.000111453
9.78499e-05
0.000119013
8.51203e-05
0.000173146
4.8691e-05
0.000164258
3.11689e-05
0.00015754
4.1162e-05
0.000151619
2.9796e-05
0.000145486
1.25021e-05
0.000109159
1.22626e-05
0.000108499
-2.02133e-05
0.00014653
-6.01555e-05
-3.61354e-05
0.000127323
1.20037e-05
0.000261815
3.5754e-05
0.00028088
5.47426e-05
0.000285202
8.1278e-05
0.00027347
9.56831e-05
0.000278784
7.88983e-05
0.000262748
0.0001652
0.000130586
0.00012316
0.000217529
0.000124847
0.000100376
0.0001635
7.5835e-05
0.000119778
0.000134966
0.000154546
9.80945e-05
0.000171207
8.11893e-05
0.000182156
7.41715e-05
0.000158229
7.26182e-05
0.000156728
3.26694e-05
0.000155138
4.27525e-05
0.000151024
3.39096e-05
0.000148459
1.5067e-05
0.000154604
6.11745e-06
0.000141238
-6.8468e-06
0.000113019
-3.19372e-05
-4.51322e-05
0.000122016
8.33028e-06
0.000253484
1.84152e-05
0.000270795
3.46099e-05
0.000269007
5.28241e-05
0.000255256
8.93186e-05
0.00024229
0.000123415
0.000228652
0.000140493
0.000113508
0.000157372
0.000200651
0.000152846
0.000104902
0.000149001
7.96801e-05
0.000144198
0.000139769
0.000134947
0.000107345
0.000107547
0.00010859
0.000113302
6.8416e-05
0.000146428
3.94929e-05
0.00012307
5.60265e-05
0.000141874
2.39487e-05
0.000141773
3.40103e-05
0.000146258
1.05825e-05
0.000142243
1.01324e-05
0.000135672
-2.75946e-07
0.00011853
-1.47953e-05
-3.41191e-05
0.000107517
1.43851e-05
0.000239099
3.36115e-05
0.000251569
5.83265e-05
0.000244292
8.15874e-05
0.000231995
9.86374e-05
0.00022524
0.000116943
0.000210347
0.000135254
9.51967e-05
0.000153803
0.000182101
0.000124618
0.000134087
7.03616e-05
0.000133937
0.000133115
7.70163e-05
0.000124158
0.000116301
0.000137179
9.55685e-05
9.61136e-05
0.000109482
8.64912e-05
4.91152e-05
0.000126432
1.60861e-05
0.000122155
2.82253e-05
0.000116528
3.96376e-05
0.000119973
7.1367e-06
0.00011105
1.9056e-05
0.000104096
6.67771e-06
0.000100546
-1.12449e-05
-2.85295e-05
9.49562e-05
8.34161e-06
0.000230758
2.56431e-05
0.000234267
4.33501e-05
0.000226586
6.05333e-05
0.000214812
7.56216e-05
0.000210152
7.38051e-05
0.000212164
7.97158e-05
8.92859e-05
0.000112308
0.000149508
0.000119671
0.000126724
0.000125358
0.00012825
6.29633e-05
0.000139411
0.000117962
6.13029e-05
0.000106557
0.000106973
0.000131205
8.48343e-05
0.000113261
6.70586e-05
7.22112e-05
5.71362e-05
7.30422e-05
2.73942e-05
0.000101591
1.10887e-05
7.37193e-05
3.50085e-05
6.58464e-05
2.69289e-05
8.75429e-05
-1.50188e-05
8.35515e-05
-7.25357e-06
-2.80982e-05
8.31202e-05
8.28878e-06
0.000222469
2.48647e-05
0.000217691
3.85615e-05
0.000212889
3.70798e-05
0.000216294
6.45378e-05
0.000182694
7.93082e-05
0.000197394
5.39175e-05
0.000114677
0.000109022
9.44038e-05
7.4786e-05
0.00016096
7.87767e-05
0.000124259
0.000104611
0.000113576
0.000107666
5.82481e-05
0.000113445
0.000101193
0.000117738
8.05411e-05
0.000111267
7.35302e-05
0.000101441
6.69618e-05
7.16423e-05
5.7193e-05
7.11598e-05
1.15711e-05
6.56611e-05
4.05073e-05
8.8053e-05
4.53692e-06
7.71095e-05
-4.07529e-06
8.16448e-05
-1.17889e-05
-6.10884e-06
5.96554e-05
7.61348e-06
0.000214855
2.78024e-05
0.000197502
3.31362e-05
0.000207555
2.1595e-05
0.000227835
7.49032e-05
0.000129385
5.98502e-05
0.000212447
7.72284e-05
9.72984e-05
7.86274e-05
9.30047e-05
5.98668e-05
0.000179721
0.000114664
6.94625e-05
0.000102616
0.000125624
0.00010308
5.77848e-05
0.000104526
9.97467e-05
0.000103186
8.18811e-05
9.73448e-05
7.93713e-05
9.20233e-05
7.22833e-05
9.38666e-05
5.53497e-05
6.52837e-05
4.0154e-05
6.19203e-05
4.38707e-05
7.6009e-05
-9.55182e-06
6.86686e-05
3.26511e-06
7.1481e-05
-1.46013e-05
-3.90019e-06
6.92723e-05
6.59254e-06
0.000208263
1.98622e-05
0.000184233
2.59829e-05
0.000201434
4.51436e-05
0.000208674
5.84028e-05
0.000116126
6.5449e-05
0.0002054
6.69943e-05
9.57531e-05
7.07329e-05
8.92661e-05
7.1486e-05
0.000178968
5.64928e-05
8.44557e-05
4.47516e-05
0.000137365
3.86708e-05
6.38656e-05
8.41206e-05
5.42968e-05
5.63135e-05
0.000109688
4.8466e-05
8.72188e-05
6.80638e-05
5.26855e-05
5.73084e-05
6.61051e-05
6.10653e-05
3.6397e-05
7.9818e-05
2.5118e-05
6.2549e-05
7.71714e-06
6.10148e-05
4.79937e-06
3.89765e-05
7.43696e-06
-2.04396e-05
5.5516e-05
-4.08927e-06
0.000212352
4.66451e-05
0.000133498
3.38588e-05
0.000214221
4.63006e-05
0.000196232
5.37582e-05
0.000108669
5.61427e-05
0.000203016
5.17026e-05
0.000100193
3.82534e-05
0.000102715
6.33509e-05
0.00015387
4.90626e-05
9.87439e-05
6.27479e-05
0.00012368
5.86473e-05
6.79661e-05
4.5855e-05
6.70891e-05
4.44958e-05
0.000111047
6.21015e-05
6.96131e-05
5.95435e-05
5.52435e-05
7.12781e-05
5.43704e-05
5.32641e-05
5.44111e-05
7.0087e-05
8.29515e-06
6.05239e-05
1.72802e-05
3.74108e-05
2.79125e-05
3.10815e-05
1.37662e-05
-1.82496e-05
2.88915e-05
1.23658e-05
0.000199986
1.5018e-05
0.000130846
3.26209e-05
0.000196618
3.79316e-05
0.000190922
3.13019e-05
0.000115298
4.9212e-05
0.000185106
4.13033e-05
0.000108102
2.90465e-05
0.000114972
3.58158e-05
0.000147101
3.62682e-05
9.82916e-05
4.95305e-05
0.000110417
4.53513e-05
7.21453e-05
3.8609e-05
7.38314e-05
5.23644e-05
9.7292e-05
4.63357e-05
7.56418e-05
5.58188e-05
4.57604e-05
3.97322e-05
7.0457e-05
6.56616e-05
2.84816e-05
3.1688e-05
4.22688e-05
2.82169e-05
2.07513e-05
4.42333e-05
1.18961e-05
4.70801e-05
1.09195e-05
-6.31044e-06
3.51409e-05
1.05952e-05
0.000189391
1.71784e-05
0.000124263
2.655e-05
0.000187246
3.27732e-05
0.000184698
3.02132e-05
0.000117858
3.70718e-05
0.000178247
4.50301e-05
0.000100143
1.1423e-05
0.000148579
6.1666e-05
9.6858e-05
1.96746e-05
0.000140283
5.22548e-05
7.78371e-05
5.59892e-05
6.84109e-05
1.42308e-05
0.00011559
1.17526e-05
9.97702e-05
3.5531e-05
5.18634e-05
2.23442e-05
5.89473e-05
4.90267e-05
4.37745e-05
3.53632e-05
4.21451e-05
5.20932e-05
2.55388e-05
3.04996e-05
4.23449e-05
3.50637e-05
7.33203e-06
2.79468e-05
1.80363e-05
-1.55283e-06
2.31892e-05
2.87142e-05
-2.80224e-06
2.2923e-05
5.05156e-05
1.83156e-05
5.02234e-05
1.86142e-05
3.64818e-05
1.27704e-05
4.33434e-05
1.55453e-05
2.70799e-06
2.40935e-05
4.67297e-05
2.78754e-05
2.37741e-05
1.60793e-05
6.05441e-06
6.7588e-06
1.78445e-05
1.36442e-05
1.52493e-05
8.78045e-06
-0.000133662
3.48481e-05
-0.000169333
3.56712e-05
-0.000205188
3.58551e-05
4.4554e-05
-0.000249742
-0.000194312
4.74305e-05
-0.000204687
4.60462e-05
-0.000213359
4.45267e-05
5.47645e-05
-0.000223569
-0.000206952
4.08207e-05
-0.000202037
4.11312e-05
-0.00018982
3.23095e-05
3.5095e-05
-0.000170151
-0.000110617
2.81526e-05
-9.5961e-05
2.64752e-05
-9.07564e-05
2.71049e-05
1.79992e-05
-7.36605e-05
-0.000141779
2.55499e-05
-0.000133819
1.85157e-05
-0.000120422
1.37079e-05
4.10783e-06
-0.000106531
-0.000113767
1.96766e-05
-0.000116107
2.08562e-05
-0.000116402
1.40023e-05
7.91814e-06
-0.000120212
-0.00017141
3.06678e-05
-0.000173525
2.2972e-05
-0.000183197
2.3674e-05
1.67145e-05
-0.000191993
-0.000205691
3.12702e-05
-0.000211102
2.83833e-05
-0.000225366
3.79382e-05
2.54308e-05
-0.000234082
-0.000255766
3.24173e-05
-0.00025817
3.07875e-05
-0.000249588
2.9356e-05
4.55738e-05
-0.000269731
-0.000242565
4.48314e-05
-0.000258712
4.69342e-05
-0.000259872
3.05158e-05
3.49654e-05
-0.000249264
-0.000327118
5.54464e-05
-0.00033734
5.7156e-05
-0.000360452
5.36284e-05
5.72887e-05
-0.000382775
-0.000299575
3.48896e-05
-0.000277694
3.52749e-05
-0.000261834
3.77686e-05
3.95123e-05
-0.000244058
-0.000501404
3.65109e-05
-0.00049296
2.68304e-05
-0.000480851
2.56596e-05
2.24921e-05
-0.000463831
-0.000379362
1.39147e-05
-0.000359843
7.31135e-06
-0.000343747
9.56309e-06
-1.46281e-07
-0.000321108
-0.000309692
-5.45056e-06
-0.000294164
-8.21633e-06
-0.000272251
-1.23501e-05
-1.67028e-05
-0.000255694
-0.000199347
-3.84438e-05
-0.00016741
-4.01533e-05
-0.000141024
-3.87362e-05
-4.16504e-05
-0.000116077
-0.00012667
-4.98166e-05
-0.000118852
-4.79712e-05
-0.000116188
-4.14001e-05
-4.17645e-05
-0.000116074
-0.000338464
-8.38132e-05
-0.000303658
-8.27778e-05
-0.000270105
-7.49529e-05
-0.000125328
-0.000186542
-0.000249636
-0.000108583
-0.000142043
-0.000190371
-0.000118269
-9.87276e-05
-0.000151869
-9.17277e-05
-1.71179e-05
-0.000149926
-3.85497e-05
-0.00016894
1.79784e-05
-0.000155256
-0.000145345
1.14539e-05
7.1419e-05
-0.000144039
6.3685e-05
-0.000161206
6.51286e-05
-0.0001567
-0.000151764
7.15482e-05
0.000134184
-9.33003e-05
0.000133399
-0.000160421
6.95524e-05
-9.2853e-05
-0.00015453
7.23177e-05
0.000227484
-7.26585e-05
0.000155578
-8.8514e-05
0.000148809
-8.60847e-05
-8.96285e-05
8.39081e-05
0.000172564
-0.000107722
0.000150661
-6.66104e-05
0.000134161
-6.9585e-05
-7.02037e-05
0.000114736
0.000181588
-8.07553e-05
0.000195296
-8.03183e-05
0.00021163
-8.59192e-05
-5.43351e-05
0.000195761
0.000187212
-3.38895e-05
0.000140964
-3.40704e-05
0.000106581
-5.15363e-05
-5.72877e-05
0.000109534
0.000177603
-2.77012e-05
0.000172894
-2.93613e-05
0.000168772
-4.74143e-05
-5.25583e-05
0.000164042
0.000167068
-3.01759e-05
0.000168978
-3.12711e-05
0.000154498
-3.29341e-05
-3.54662e-05
0.000137405
0.000161833
-3.86472e-05
0.000157204
-2.66427e-05
0.000152635
-2.83649e-05
-3.08907e-05
0.000148059
0.000151562
-3.18177e-05
0.000146507
-2.15883e-05
0.000139517
-2.13742e-05
-2.3423e-05
0.000132049
0.000112754
-1.72491e-05
0.000119491
-2.83249e-05
0.000128966
-3.08495e-05
-3.36955e-05
0.000139238
0.000118622
-1.38556e-05
0.00011658
-2.6282e-05
0.000114255
-2.85245e-05
-1.8772e-05
9.93311e-05
0.00010486
-1.11984e-05
9.04172e-05
-1.18395e-05
8.40001e-05
-2.21075e-05
-2.42289e-05
8.9457e-05
9.89281e-05
-1.51704e-05
0.000102294
-1.52056e-05
9.16131e-05
-1.14265e-05
-2.1381e-05
8.87653e-05
7.58315e-05
-7.88166e-06
6.77922e-05
-7.16626e-06
7.36246e-05
-1.7259e-05
-2.0077e-05
7.23205e-05
6.20599e-05
-1.02862e-05
7.23913e-05
-1.74976e-05
6.51174e-05
-9.9851e-06
-1.98512e-05
6.48916e-05
6.33702e-05
-4.38401e-06
5.38529e-05
-7.98034e-06
5.95172e-05
-1.56494e-05
-1.84626e-05
5.81286e-05
5.70558e-05
-5.92381e-06
5.62904e-05
-7.21497e-06
4.8729e-05
-8.08805e-06
-9.56616e-06
3.98326e-05
3.09067e-05
-7.93906e-06
3.41922e-05
-1.05004e-05
3.83597e-05
-1.22556e-05
-1.53865e-05
4.418e-05
3.1682e-05
-4.48014e-06
2.50681e-05
-3.88654e-06
2.09344e-05
-8.12187e-06
-5.60611e-06
1.11541e-05
2.02601e-05
-1.5511e-06
2.25605e-05
-6.18689e-06
2.21478e-05
-7.70915e-06
-9.52982e-06
2.60715e-05
8.89266e-06
7.73925e-06
6.38557e-06
4.8824e-06
-0.000168535
0.000225622
-4.51867e-05
6.06274e-07
-2.49282e-05
5.08118e-06
-1.92385e-05
8.39126e-06
-4.79473e-06
-4.82882e-06
1.22074e-05
-1.87609e-05
-1.25062e-05
1.17983e-05
-2.98922e-06
5.03319e-05
-6.15209e-06
5.51535e-05
-2.08606e-05
2.66122e-05
8.9731e-06
-1.67528e-05
2.77891e-05
-5.21311e-05
6.66866e-05
-5.77697e-05
8.82483e-05
-0.000108705
9.46827e-05
-9.78151e-05
9.94331e-05
-6.87468e-05
8.60868e-05
-7.22922e-05
5.24354e-05
-7.91559e-05
-5.63805e-05
-0.000122478
0.00012453
-7.57824e-05
-4.60889e-05
-3.87405e-05
-3.19607e-05
-4.46114e-05
1.42621e-05
-7.687e-06
-4.17532e-05
3.12222e-05
-5.76701e-05
1.14388e-05
3.15817e-05
1.54814e-05
4.62893e-05
3.7116e-05
3.35189e-05
4.55507e-05
1.81775e-05
4.02887e-05
-1.14908e-05
5.90982e-05
-7.09405e-05
8.11798e-05
-7.98513e-05
9.5491e-05
-0.000123016
0.000107805
-0.000110129
0.000108192
-6.91341e-05
9.31888e-05
-5.7289e-05
5.4415e-05
-4.03823e-05
-1.96548e-06
-5.86007e-05
1.29803e-05
-7.3009e-05
-3.16806e-05
-4.48943e-05
-6.00755e-05
-5.02391e-05
1.9607e-05
-2.76191e-05
-6.43732e-05
-4.45831e-05
-4.0706e-05
-4.83336e-06
-8.16807e-06
4.15682e-05
-1.12171e-07
4.90733e-05
2.60138e-05
4.35797e-05
2.36712e-05
3.25099e-05
-4.20976e-07
4.58105e-05
-8.42411e-05
4.13992e-05
-7.544e-05
6.26003e-05
-0.000144217
7.78307e-05
-0.000125359
8.93902e-05
-8.06935e-05
7.67642e-05
-4.46631e-05
3.52669e-05
1.11505e-06
3.33015e-05
-6.90958e-05
8.41566e-06
-4.92744e-05
-5.15019e-05
-9.45093e-05
-1.48406e-05
-6.46794e-05
-1.02229e-05
-7.67859e-05
-5.22667e-05
-0.000103685
-1.38068e-05
-7.02702e-05
-4.1583e-05
-3.74898e-05
-3.28925e-05
-5.00242e-05
3.85482e-05
-5.88142e-05
3.24612e-05
-2.94578e-05
-2.97774e-05
-3.5499e-05
-7.81999e-05
8.19175e-07
-0.000111758
1.66801e-05
-0.000160078
1.60786e-05
-0.000124758
9.10569e-06
-7.37205e-05
-1.35944e-05
-2.1963e-05
-6.75967e-06
-5.71968e-06
2.65418e-05
-0.000122117
2.40017e-05
-0.000163005
-1.06132e-05
-0.000177843
-3.01873e-09
-0.000187515
-5.50339e-07
-0.00024087
1.08773e-06
-0.000254768
9.13681e-08
-0.000276553
-1.97971e-05
-0.000278254
-3.11921e-05
-0.000184262
-5.5444e-05
-0.000135992
-1.58085e-05
-6.45854e-05
-0.000101184
-4.81933e-05
-9.45919e-05
-2.84595e-05
-0.000131492
-9.75854e-06
-0.000178779
1.68048e-05
-0.000151321
-2.1361e-05
-3.55547e-05
-4.48949e-05
1.57086e-06
-4.44495e-05
-6.16508e-06
-1.79077e-05
-0.000122303
2.60929e-05
-0.00020362
7.07037e-05
-0.000248304
4.46817e-05
-0.000298231
4.93761e-05
-0.000319983
2.28401e-05
-0.000300959
-1.89324e-05
-0.000269133
-5.16239e-05
-0.000229893
-7.04319e-05
-0.000210486
-7.48504e-05
-0.000104479
-0.000121816
-0.000123118
-8.25455e-05
-7.73321e-05
-0.000140377
-8.39611e-05
-0.000124863
-7.27935e-05
-0.000189947
-6.18227e-05
-0.000162292
-8.42793e-05
-1.30981e-05
-8.38177e-05
1.10924e-06
-5.74455e-05
-3.25373e-05
-7.53532e-05
-0.000272412
0.000106511
-0.000305219
0.000103512
-0.00030827
4.77326e-05
-0.000306152
4.7258e-05
-0.000293506
1.01939e-05
-0.000275039
-3.73994e-05
-0.000250745
-7.59176e-05
-0.000228251
-9.29255e-05
-0.000208303
-9.47984e-05
-0.000220965
-0.000109154
-0.000203951
-9.95596e-05
-0.000107952
-0.000236376
-0.000102936
-0.000129879
-7.9062e-05
-0.000213821
-8.95981e-05
-0.000151756
-8.26607e-05
-2.00355e-05
-7.18243e-05
-9.72718e-06
-4.85182e-05
-5.58434e-05
-0.000123871
-0.000189794
6.22231e-05
-0.000210751
0.000124468
-0.000330538
0.00016752
-0.000344474
6.11948e-05
-0.000315284
-1.89969e-05
-0.000304289
-4.83941e-05
-0.000252616
-0.00012759
-0.000201211
-0.000144331
-0.000179823
-0.000116186
-0.000199394
-8.9583e-05
-0.000123591
-0.000175363
-0.000161482
-0.000198485
-7.27885e-05
-0.000218572
-0.000156112
-0.000130498
-0.000143543
-0.000164325
-9.77902e-05
-6.57878e-05
-6.19007e-05
-4.56167e-05
-2.07447e-05
-9.69994e-05
-0.000144616
-0.000326829
0.000119321
-0.000334303
0.000131942
-0.000335316
0.000168533
-0.000315245
4.11236e-05
-0.00026166
-7.25822e-05
-0.000163614
-0.00014644
-0.000142283
-0.000148921
-0.000166597
-0.000120017
-0.000166999
-0.000115784
-0.000109273
-0.000147308
-0.000128506
-0.00015613
-0.00016574
-0.000161251
-0.000173368
-0.000210945
-9.85265e-05
-0.000205339
-0.000121926
-0.000140925
-7.56766e-05
-0.000112037
-2.7624e-05
-9.36693e-05
-1.03868e-05
-0.000114237
-0.000155003
-0.000200301
7.03586e-05
-0.000209329
0.00014097
-0.000215892
0.000175097
-0.000186109
1.134e-05
-0.000205672
-5.30191e-05
-0.000242223
-0.000109889
-0.000216845
-0.000174299
-0.000180901
-0.000155961
-0.000194674
-0.000102011
-0.00019053
-0.000151452
-0.000197783
-0.000148878
-0.000183028
-0.000176006
-0.00017901
-0.000214963
-0.000176646
-0.000207703
-0.000164055
-0.000153516
-0.000123904
-0.000152189
-6.37765e-05
-0.000153796
-1.59786e-05
-0.000162035
-0.000170981
-0.000389582
7.71657e-05
-0.000343631
9.50191e-05
-0.00022925
6.07156e-05
-0.000303422
8.55123e-05
-0.000261222
-9.52193e-05
-0.000219145
-0.000151967
-0.000196745
-0.000196699
-0.000172987
-0.000179719
-0.000160488
-0.00011451
-9.29744e-05
-0.000218966
-0.00010263
-0.000139222
-0.000151011
-0.000127625
-0.000190217
-0.000175757
-0.000219037
-0.000178883
-0.000211266
-0.000161287
-0.000147254
-0.000216201
-8.82099e-05
-0.000212841
-3.6858e-05
-0.000213386
-0.000207839
-0.000358793
0.000191901
-0.000357179
9.34057e-05
-0.000324341
2.78771e-05
-0.00017604
-6.27882e-05
-0.000135906
-0.000135354
-0.000123078
-0.000164795
-0.000215949
-0.000103828
-0.000215386
-0.000180281
-0.000179549
-0.000150347
-0.000188875
-0.000209639
-0.000192859
-0.000135239
-0.000183326
-0.000137157
-0.000185415
-0.000173668
-0.00017768
-0.000186618
-0.000149706
-0.000189261
-0.000112735
-0.000253172
-8.40551e-05
-0.00024152
-3.80476e-05
-0.000259394
-0.000245887
-0.000374524
0.000102594
-0.000291333
1.02151e-05
-0.000225143
-3.83134e-05
-0.000190551
-9.73805e-05
-0.000187017
-0.000138888
-0.000186575
-0.000165236
-0.000142595
-0.000147808
-0.00015389
-0.000168986
-0.000174579
-0.000129659
-0.000219808
-0.000164411
-0.000248741
-0.000106306
-0.000229612
-0.000156286
-0.000209391
-0.000193889
-0.000164689
-0.00023132
-0.000100295
-0.000253655
-8.21832e-05
-0.000271284
-6.82732e-05
-0.00025543
-3.9579e-05
-0.000288088
-0.000285466
-0.000180319
-3.81952e-05
-0.000133872
-3.62313e-05
-8.13284e-05
-9.08574e-05
-0.000109466
-6.92432e-05
-0.000126307
-0.000122046
-0.000160127
-0.000131417
-0.000133562
-0.000174374
-0.000115712
-0.000186836
-0.00013176
-0.00011361
-0.000140093
-0.000156078
-9.24888e-05
-0.00015391
-0.000150703
-9.80714e-05
-0.000149934
-0.000194659
-0.000149207
-0.000232047
-0.000119958
-0.000282904
-7.57043e-05
-0.000315538
-5.72921e-05
-0.000273843
-3.48497e-05
-0.000310531
-0.000320316
-0.00021979
-7.40999e-05
-0.00018847
-6.75508e-05
-0.00017418
-0.000105147
-0.000136915
-0.000106508
-0.000121741
-0.000137221
-0.00010844
-0.000144717
-0.000124181
-0.000158632
-0.000155506
-0.000155511
-0.000126352
-0.000142763
-5.27754e-05
-0.000229655
-0.000112001
-9.46842e-05
-8.1195e-05
-0.000128878
-5.70506e-05
-0.000218803
-2.98516e-05
-0.000259246
-0.000107161
-0.000205595
-3.23704e-05
-0.000390328
-3.46739e-05
-0.000271539
-1.03477e-05
-0.000334857
-0.000330663
-0.000140945
-4.92311e-05
-0.000105136
-0.00010336
-9.37459e-05
-0.000116537
-7.26051e-05
-0.000127649
-5.02577e-05
-0.000159568
-6.74448e-05
-0.00012753
-7.44145e-05
-0.000151663
-6.94216e-05
-0.000160504
-6.50438e-05
-0.000147141
-9.55806e-05
-0.000199119
-4.08671e-05
-0.000149398
1.46551e-05
-0.0001844
4.16785e-06
-0.000208316
1.4632e-05
-0.00026971
4.16695e-05
-0.000232632
-4.05003e-05
-0.000308158
-2.70465e-05
-0.000284993
-1.0293e-05
-0.00035161
-0.000340956
-2.84682e-05
-0.000136837
1.07093e-05
-0.000142538
3.38458e-06
-0.000109213
-7.72853e-06
-0.000116536
-1.52017e-05
-0.000152095
5.85933e-06
-0.000148591
-1.56928e-05
-0.000130111
1.08761e-06
-0.000177284
4.27369e-06
-0.000150327
-1.30332e-05
-0.000181812
1.58501e-05
-0.000178281
3.89066e-05
-0.000207456
5.49234e-05
-0.000224333
3.95579e-05
-0.000254344
4.41203e-05
-0.000237194
-1.19098e-05
-0.000252128
-1.18794e-05
-0.000285023
-1.12259e-05
-0.000352264
-0.000352182
-7.5533e-05
-0.000247846
-1.15185e-05
-0.000206553
1.55068e-05
-0.000136238
2.76443e-06
-0.000103793
-6.32803e-06
-0.000143003
-1.10716e-05
-0.000143848
4.26848e-06
-0.000145451
4.16803e-06
-0.000177184
-2.75263e-06
-0.000143407
-2.61992e-05
-0.000158365
-2.16469e-06
-0.000202316
1.81812e-05
-0.000227802
4.27021e-05
-0.000248854
3.58077e-05
-0.00024745
1.84091e-05
-0.000219796
-2.74733e-08
-0.000233692
-1.65961e-05
-0.000268455
-1.65476e-05
-0.000352312
-0.00036873
-4.61713e-05
-0.000293403
5.77285e-07
-0.000253301
6.14551e-06
-0.000141806
4.36282e-05
-0.000141276
2.7118e-05
-0.000126493
2.45781e-05
-0.000141308
3.01169e-05
-0.00015099
2.15123e-05
-0.000168579
3.12702e-05
-0.000153165
1.0151e-05
-0.000137246
1.92794e-05
-0.000211444
2.05985e-05
-0.000229121
1.50896e-05
-0.000243345
1.55304e-05
-0.000247891
-3.31045e-05
-0.000171161
-4.77208e-05
-0.000219075
-5.39118e-05
-0.000262264
-4.22959e-05
-0.000363928
-0.000411026
4.09219e-06
-0.000286041
1.54306e-05
-0.00026464
4.48719e-05
-0.000171248
6.50549e-05
-0.000161459
3.18576e-05
-9.32955e-05
4.27286e-05
-0.000152179
7.4258e-05
-0.000182519
6.36099e-05
-0.000157931
5.16971e-05
-0.000141252
3.20421e-05
-0.000117591
4.5962e-05
-0.000225364
3.82039e-05
-0.000221363
1.06654e-05
-0.000215806
3.49935e-06
-0.000240725
-9.76884e-06
-0.000157893
-7.87301e-05
-0.000150114
-6.53607e-05
-0.000275633
-5.81099e-05
-0.000371179
-0.000469136
1.19925e-05
-0.000226485
3.04437e-05
-0.000283091
6.04151e-06
-0.000146846
4.62107e-05
-0.000201628
7.38298e-05
-0.000120915
0.00011216
-0.000190509
5.41983e-05
-0.000124557
9.5091e-05
-0.000198824
5.47629e-05
-0.000100924
5.79949e-05
-0.000120823
5.57457e-05
-0.000223115
3.48255e-05
-0.000200443
1.95616e-05
-0.000200543
-1.98097e-05
-0.000201354
-3.73981e-05
-0.000140304
-7.30673e-05
-0.000114445
-6.14737e-05
-0.000287227
-4.80532e-05
-0.0003846
-0.000517189
4.26589e-05
-0.000196827
2.71774e-05
-0.000267609
2.33236e-05
-0.000142992
3.584e-05
-0.000214145
0.000102632
-0.000187707
4.28865e-05
-0.000130764
4.66838e-05
-0.000128354
5.27637e-05
-0.000204904
6.96527e-05
-0.000117813
7.38135e-05
-0.000124984
5.09829e-05
-0.000200284
6.30735e-05
-0.000212534
4.96924e-05
-0.000187161
-2.13062e-06
-0.000149531
-4.4053e-05
-9.8382e-05
-4.54366e-06
-0.000153954
-2.01099e-05
-0.000271661
-3.07434e-05
-0.000373966
-0.000547932
6.62492e-05
-0.000179168
3.75808e-05
-0.000238941
7.59126e-05
-0.000181324
6.99126e-05
-0.000208145
7.42036e-05
-0.000191998
6.8213e-05
-0.000124773
0.000103288
-0.00016343
8.09969e-05
-0.000182613
6.64988e-05
-0.000103315
0.000100283
-0.000158768
8.62481e-05
-0.000186249
5.51549e-05
-0.000181441
4.93612e-05
-0.000181368
5.89541e-05
-0.000159123
5.2431e-05
-9.1859e-05
6.4705e-05
-0.000166228
4.6769e-05
-0.000253725
5.22605e-06
-0.000332423
-0.000542706
8.19144e-05
-0.000146346
7.57278e-05
-0.000232754
4.39999e-05
-0.000149596
4.3929e-05
-0.000208074
4.23822e-05
-0.000190451
9.78675e-05
-0.000180259
9.42737e-05
-0.000159836
9.14204e-05
-0.00017976
8.73293e-05
-9.92238e-05
8.8251e-05
-0.00015969
8.41175e-05
-0.000182116
8.43408e-05
-0.000181664
5.93737e-05
-0.000156401
7.97443e-05
-0.000179494
7.45119e-05
-8.66268e-05
8.67198e-05
-0.000178437
7.01622e-05
-0.000237167
1.97474e-05
-0.000282008
-0.000522959
0.000164929
-0.000115514
0.0001308
-0.000198625
0.00011868
-0.000137476
0.000108534
-0.000197929
9.43599e-05
-0.000176276
8.63944e-05
-0.000172293
8.36864e-05
-0.000157128
5.66566e-05
-0.00015273
5.33766e-05
-9.59439e-05
5.13878e-05
-0.000157701
5.21226e-05
-0.000182851
5.07774e-05
-0.000180319
5.30874e-05
-0.000158711
5.24691e-05
-0.000178876
6.91328e-05
-0.000103291
7.83487e-05
-0.000187652
6.12207e-05
-0.000220039
1.82132e-05
-0.000239001
-0.000504746
0.000171711
-0.000177691
9.86753e-05
-0.00012559
0.000126214
-0.000165014
0.00010742
-0.000179135
9.74387e-05
-0.000166295
0.000108057
-0.000182911
8.45323e-05
-0.000133604
4.59405e-05
-0.000114138
5.32672e-05
-0.000103271
7.47685e-05
-0.000179203
5.52742e-05
-0.000163356
5.98171e-05
-0.000184862
0.000104619
-0.000203513
5.17996e-05
-0.000126057
8.66632e-05
-0.000138154
3.81283e-05
-0.000139117
3.68099e-05
-0.000218721
1.27019e-05
-0.000214893
-0.000492044
0.000145322
-0.000158971
0.000134054
-0.000114322
7.0928e-05
-0.000101888
6.43951e-05
-0.000172602
6.95057e-05
-0.000171406
6.28468e-05
-0.000176252
4.22347e-05
-0.000112992
0.000116611
-0.000188514
0.000126812
-0.000113471
8.88349e-05
-0.000141226
4.3184e-05
-0.000117706
4.83572e-05
-0.000190035
7.23215e-05
-0.000227477
8.36931e-05
-0.000137428
9.24636e-05
-0.000146925
9.94945e-05
-0.000146148
2.74691e-05
-0.000146695
1.59961e-05
-0.00020342
-0.000476048
0.000121976
-0.000143541
0.000142298
-0.000134644
0.000136041
-9.56305e-05
0.000131621
-0.000168183
8.04997e-05
-0.000120284
2.67836e-05
-0.000122536
7.68008e-05
-0.000163009
4.54103e-05
-0.000157124
8.6777e-05
-0.000154838
5.1778e-05
-0.000106227
0.000106767
-0.000172695
3.88243e-05
-0.000122092
2.6236e-05
-0.000214889
8.59767e-05
-0.000197169
6.18401e-05
-0.000122788
5.17977e-05
-0.000136106
3.90854e-05
-0.000133983
2.13325e-05
-0.000185667
-0.000454715
0.000130201
-0.000125683
0.00012107
-0.000125513
0.000114537
-8.9098e-05
9.69226e-05
-0.000150568
7.73309e-05
-0.000100692
0.000101287
-0.000146492
9.16974e-05
-0.000153419
8.54101e-05
-0.000150837
8.81511e-05
-0.000157579
8.42245e-05
-0.000102301
7.76766e-05
-0.000166147
6.42385e-05
-0.000108654
3.40455e-05
-0.000184696
3.00798e-05
-0.000193203
8.3321e-05
-0.00017603
5.60149e-05
-0.0001088
4.63905e-05
-0.000124359
2.15092e-05
-0.000160786
-0.000433206
0.000112854
-0.000106488
0.000102369
-0.000115028
0.000135445
-0.000122174
0.000104464
-0.000119588
9.2294e-05
-8.85219e-05
8.29195e-05
-0.000137118
7.639e-05
-0.00014689
7.46079e-05
-0.000149055
3.50885e-05
-0.00011806
0.000108388
-0.0001756
6.55377e-05
-0.000123297
7.8535e-05
-0.000121652
3.2531e-05
-0.000138692
5.19313e-05
-0.000212604
6.39594e-05
-0.000188058
5.55387e-05
-0.000100379
5.35232e-05
-0.000122343
2.92911e-05
-0.000136554
-0.000403915
0.000109314
-7.65639e-05
9.37903e-05
-9.95045e-05
4.6667e-05
-7.50509e-05
5.95191e-05
-0.00013244
0.000114965
-0.000143968
7.21816e-05
-9.43341e-05
6.48126e-05
-0.000139521
1.60971e-05
-0.000100339
5.58505e-05
-0.000157813
3.81678e-05
-0.000157917
3.15944e-05
-0.000116723
3.53608e-05
-0.000125418
9.56095e-05
-0.000198941
3.3073e-05
-0.000150067
3.99161e-05
-0.000194901
5.1648e-05
-0.000112111
5.00184e-05
-0.000120714
3.30751e-05
-0.000119611
-0.00037084
0.000114355
-9.15877e-05
7.36437e-05
-5.87935e-05
8.71705e-05
-8.85777e-05
4.88925e-05
-9.4162e-05
3.83128e-05
-0.000133388
8.33844e-05
-0.000139406
4.48204e-05
-0.000100957
4.41692e-05
-9.9688e-05
4.29332e-05
-0.000156577
4.80322e-05
-0.000163016
5.55572e-05
-0.000124248
6.04162e-05
-0.000130277
6.37434e-05
-0.000202268
4.14209e-05
-0.000127745
4.52163e-05
-0.000198696
5.57278e-05
-0.000122623
7.24227e-05
-0.000137409
3.53581e-05
-8.25461e-05
-0.000335482
6.16627e-05
-6.37935e-05
9.99276e-05
-9.70584e-05
6.86218e-05
-5.72719e-05
6.51809e-05
-9.07212e-05
3.69535e-05
-0.000105161
2.40324e-05
-0.000126485
5.89578e-05
-0.000135882
5.13246e-05
-9.20547e-05
4.43329e-05
-0.000149586
9.5211e-07
-0.000119636
2.92134e-05
-0.000152509
5.12387e-05
-0.000152302
4.14999e-05
-0.000192529
9.45858e-05
-0.000180831
3.60805e-05
-0.000140191
3.97062e-05
-0.000126249
4.51931e-05
-0.000142896
0.000111646
-0.000148999
-0.000223836
5.30431e-05
-2.80713e-05
3.9975e-05
-8.39903e-05
7.60313e-05
-9.33282e-05
5.35751e-05
-6.8265e-05
5.06876e-05
-0.000102274
2.89002e-05
-0.000104697
1.96424e-05
-0.000126625
3.97112e-05
-0.000112124
2.02085e-05
-0.000130083
4.92194e-05
-0.000148647
3.45077e-05
-0.000137798
3.70018e-05
-0.000154797
4.70566e-05
-0.000202584
5.15858e-05
-0.00018536
3.78519e-05
-0.000126457
4.51974e-05
-0.000133594
6.16703e-05
-0.000159369
2.90808e-05
-0.00011641
-0.000194755
8.58027e-05
-4.15535e-05
7.41189e-05
-7.23065e-05
2.97173e-05
-4.89267e-05
6.46453e-05
-0.000103193
6.13416e-05
-9.897e-05
2.46566e-05
-6.80121e-05
2.86022e-05
-0.00013057
3.95323e-05
-0.000123054
4.01168e-05
-0.000130667
3.76119e-05
-0.000146142
4.64516e-05
-0.000146637
5.35603e-05
-0.000161905
4.45493e-05
-0.000193573
4.82229e-05
-0.000189033
3.65821e-05
-0.000114816
4.18838e-05
-0.000138896
2.80014e-05
-0.000145486
3.72267e-05
-0.000125635
-0.000157528
5.52685e-05
-3.19304e-05
5.27135e-05
-6.97515e-05
7.18607e-05
-6.8074e-05
2.75949e-05
-5.89271e-05
1.89252e-05
-9.03004e-05
4.95414e-05
-9.86283e-05
3.11872e-05
-0.000112216
4.73969e-05
-0.000139263
1.52498e-05
-9.85202e-05
2.06883e-05
-0.00015158
2.40003e-05
-0.000149949
2.32055e-05
-0.00016111
2.04261e-05
-0.000190794
3.71712e-06
-0.000172324
2.28277e-05
-0.000133927
1.05613e-05
-0.000126629
4.96159e-05
-0.000184541
3.13515e-05
-0.00010737
-0.000126177
5.86442e-05
-3.2446e-05
2.37754e-05
-3.48827e-05
2.10814e-05
-6.538e-05
3.3144e-05
-7.09896e-05
4.50321e-05
-0.000102189
1.50005e-05
-6.85967e-05
2.57016e-05
-0.000122917
1.27323e-05
-0.000126294
5.03149e-05
-0.000136103
5.83065e-05
-0.000159572
1.83634e-05
-0.000110006
2.99059e-05
-0.000172653
1.81446e-05
-0.000179032
4.41986e-06
-0.0001586
4.56621e-08
-0.000129553
2.46997e-05
-0.000151284
1.83733e-05
-0.000178214
3.37998e-05
-0.000122797
-9.23772e-05
5.1163e-05
-4.37765e-05
4.96677e-05
-3.33873e-05
4.73003e-05
-6.30127e-05
4.34403e-05
-6.71295e-05
9.18326e-06
-6.79315e-05
3.50553e-05
-9.44687e-05
2.51052e-05
-0.000112967
2.29036e-05
-0.000124092
2.28582e-05
-0.000136057
1.37589e-05
-0.000150473
4.73145e-05
-0.000143562
4.72979e-05
-0.000172636
5.69742e-05
-0.000188709
1.47471e-05
-0.000116373
-3.97777e-06
-0.000110828
9.07928e-06
-0.000164341
2.2409e-05
-0.000191544
2.99532e-05
-0.000130341
-6.2424e-05
2.42762e-05
-2.38727e-05
2.32322e-05
-3.23433e-05
2.60562e-05
-6.58366e-05
6.23664e-06
-4.731e-05
2.99399e-05
-9.16347e-05
2.01388e-05
-8.46677e-05
2.7443e-05
-0.000120271
2.1718e-05
-0.000118367
1.88697e-05
-0.000133209
1.90607e-05
-0.000150664
1.62941e-05
-0.000140795
2.12556e-05
-0.000177598
2.73089e-05
-0.000194762
1.88293e-05
-0.000107893
1.24305e-05
-0.000104429
2.23327e-05
-0.000174243
2.06884e-05
-0.0001899
3.74386e-05
-0.000147091
-2.49853e-05
2.18412e-05
-3.45598e-05
4.16417e-05
-5.21438e-05
1.92631e-05
-4.34581e-05
1.92614e-05
-4.73083e-05
1.24755e-05
-8.48488e-05
2.495e-05
-9.71421e-05
2.15295e-05
-0.000116851
2.27337e-05
-0.000119572
1.65363e-05
-0.000127012
1.24962e-05
-0.000146624
2.44114e-05
-0.000152711
2.00979e-05
-0.000173284
2.61652e-05
-0.000200829
2.75841e-05
-0.000109312
4.47485e-05
-0.000121593
6.93204e-06
-0.000136426
1.48628e-05
-0.000197831
5.15872e-05
-0.000183816
2.66018e-05
1.11111e-05
-1.95994e-05
1.66316e-05
-5.76644e-05
1.79287e-05
-4.47552e-05
1.55058e-05
-4.48854e-05
3.47329e-05
-0.000104076
1.2582e-05
-7.49912e-05
3.24408e-05
-0.00013671
8.12884e-06
-9.52596e-05
2.32915e-05
-0.000142174
3.063e-05
-0.000153962
2.5426e-06
-0.000124623
-9.71843e-07
-0.00016977
-1.20787e-06
-0.000200593
1.31957e-05
-0.000123716
3.16526e-05
-0.00014005
4.50738e-05
-0.000149848
2.92211e-05
-0.000181978
9.07658e-06
-0.000163671
3.56784e-05
1.16067e-05
1.7051e-06
9.7854e-06
2.30119e-05
5.58511e-06
2.25662e-05
2.9844e-06
2.75355e-05
1.2701e-05
-5.32564e-06
2.54705e-05
3.35677e-06
-3.74793e-05
-1.18119e-05
2.10643e-06
1.01659e-05
1.85626e-05
5.27814e-05
)
;

boundaryField
{
    leftWall
    {
        type            calculated;
        value           uniform 0;
    }
    rightWall
    {
        type            calculated;
        value           uniform 0;
    }
    lowerWall
    {
        type            calculated;
        value           uniform 0;
    }
    atmosphere
    {
        type            calculated;
        value           nonuniform List<scalar> 
46
(
0.000160677
0.000155779
0.000161521
0.000157106
0.000150058
0.000146339
0.000131753
0.000130712
0.000120569
0.00010971
0.000105635
8.12482e-05
9.42044e-05
7.7134e-05
7.07176e-05
6.30486e-05
5.14693e-05
5.217e-05
2.48344e-05
3.12593e-05
1.15323e-05
1.64312e-05
4.91605e-06
-1.6633e-06
-5.03348e-06
-6.35548e-06
-8.02664e-06
-2.63237e-05
-4.77628e-05
-5.28355e-05
-5.81119e-05
-8.66491e-05
-9.19723e-05
-0.000117128
-0.000119811
-0.00012734
-0.000135936
-0.000155419
-0.000147656
-0.000159757
-0.000149383
-0.000153968
-0.000157907
-0.000190375
-0.00019789
8.84599e-05
)
;
    }
    defaultFaces
    {
        type            empty;
    }
}


// ************************************************************************* //
