/*--------------------------------*- C++ -*----------------------------------*\
| =========                 |                                                 |
| \\      /  F ield         | foam-extend: Open Source CFD                    |
|  \\    /   O peration     | Version:     4.1                                |
|   \\  /    A nd           | Web:         http://www.foam-extend.org         |
|    \\/     M anipulation  |                                                 |
\*---------------------------------------------------------------------------*/
FoamFile
{
    version     2.0;
    format      ascii;
    class       surfaceScalarField;
    location    "0.85";
    object      phi_0;
}
// * * * * * * * * * * * * * * * * * * * * * * * * * * * * * * * * * * * * * //

dimensions      [0 3 -1 0 0 0 0];

internalField   nonuniform List<scalar> 
4432
(
2.68076e-06
-2.68076e-06
-7.62706e-06
1.03078e-05
-2.37091e-05
1.6082e-05
-1.42046e-05
-9.50449e-06
-1.36901e-05
-5.1445e-07
-1.97295e-05
6.03933e-06
-1.86533e-06
-1.78642e-05
7.98375e-06
-9.84908e-06
-4.84691e-06
1.28307e-05
-1.75466e-05
1.26997e-05
-1.65102e-05
-1.03639e-06
-1.0278e-05
-6.23227e-06
-5.57851e-06
-4.69946e-06
-1.66139e-06
-3.91711e-06
-4.7333e-08
-1.61406e-06
2.50064e-06
-2.54797e-06
3.87634e-06
-1.3757e-06
7.18004e-08
3.80454e-06
-1.97339e-06
2.04519e-06
-3.6051e-06
1.63171e-06
3.9466e-07
-3.99976e-06
2.60767e-06
-2.21301e-06
2.60767e-06
-5.58829e-06
2.90753e-06
-1.43522e-05
1.90717e-05
-2.05651e-05
2.22949e-05
-1.65317e-05
-1.35379e-05
-1.47358e-05
-2.31033e-06
-1.84952e-05
9.79867e-06
-2.02876e-05
-1.60717e-05
-3.10024e-05
8.65671e-07
-5.30891e-05
3.49174e-05
-1.56654e-05
-2.4724e-05
-2.0878e-05
4.17622e-06
-7.97734e-06
-1.91329e-05
-8.15207e-06
-4.52472e-06
-2.43162e-06
-9.63756e-06
5.78177e-07
-4.62386e-06
2.44618e-06
-4.41597e-06
1.58987e-06
-5.19393e-07
2.89889e-06
2.49552e-06
1.55361e-06
3.39047e-06
9.62168e-07
2.22315e-06
-5.17341e-07
-2.52025e-06
-9.15324e-07
-1.81503e-06
1.69235e-06
-2.1843e-05
2.47505e-05
-1.86705e-05
1.58993e-05
-2.64777e-05
3.01021e-05
-2.11088e-05
-1.89067e-05
-1.01792e-05
-1.324e-05
-1.59087e-05
1.55282e-05
-2.00036e-05
-1.19768e-05
-2.2556e-05
3.41809e-06
-2.10154e-06
1.4463e-05
2.08335e-05
-4.76591e-05
-1.00425e-05
3.50523e-05
-1.00892e-05
-1.90862e-05
-9.00247e-06
-5.61148e-06
-8.22753e-06
-1.04125e-05
-4.02744e-07
-1.24486e-05
1.82798e-06
-6.6467e-06
2.28666e-06
-9.78071e-07
2.31801e-06
2.46417e-06
1.60676e-06
4.10172e-06
1.95043e-06
1.87948e-06
-9.08781e-07
3.38958e-07
-8.19939e-07
-1.90387e-06
8.72406e-07
-2.03413e-05
4.50918e-05
-1.82079e-05
1.37659e-05
-2.50234e-05
3.69175e-05
-1.35988e-05
-3.03313e-05
-2.27599e-05
-4.07889e-06
-2.02111e-05
1.29794e-05
-2.30772e-05
-9.11075e-06
-2.0081e-05
4.21942e-07
-5.43977e-06
-1.78273e-07
-7.43866e-06
-4.56602e-05
-1.49692e-05
4.25828e-05
-2.44547e-05
-9.60068e-06
-2.23877e-05
-7.67851e-06
-7.25597e-06
-2.55442e-05
-3.16123e-06
-1.65434e-05
-1.78821e-06
-8.01972e-06
9.69191e-07
-3.73548e-06
1.77581e-06
1.65755e-06
1.4695e-06
4.40803e-06
1.23249e-06
2.1165e-06
-1.3308e-06
2.90224e-06
-1.71969e-06
-1.51498e-06
-8.47284e-07
-2.35232e-05
6.86151e-05
-2.61638e-05
1.64065e-05
-1.62674e-05
2.70211e-05
-1.81197e-05
-2.84791e-05
-2.43654e-05
2.16681e-06
-3.01635e-05
1.87775e-05
-4.247e-05
3.19576e-06
-4.09239e-05
-1.12409e-06
-3.68842e-05
-4.21797e-06
-3.37461e-05
-4.87983e-05
-2.64921e-05
3.53287e-05
-2.68372e-05
-9.25555e-06
-1.449e-05
-2.00258e-05
-1.84012e-05
-2.1633e-05
-4.61891e-06
-3.03257e-05
-2.17187e-06
-1.04668e-05
-1.02904e-06
-4.8783e-06
-1.57776e-07
7.86283e-07
7.38019e-07
3.51224e-06
-8.73467e-07
3.72799e-06
-1.89223e-06
3.921e-06
-1.86746e-06
-1.53975e-06
-2.71475e-06
-1.18523e-05
8.04674e-05
-1.23128e-05
1.6867e-05
6.05787e-06
8.65045e-06
2.00414e-07
-2.26216e-05
-1.77582e-05
2.01254e-05
-1.58384e-05
1.68578e-05
-1.3508e-05
8.65293e-07
-2.16894e-05
7.05731e-06
-2.54302e-05
-4.77096e-07
-4.33563e-05
-3.08723e-05
-1.98005e-05
1.1773e-05
-1.48329e-05
-1.42231e-05
-2.70766e-05
-7.78208e-06
-1.03839e-05
-3.83257e-05
-1.19391e-06
-3.95156e-05
-6.85645e-07
-1.0975e-05
-1.59393e-06
-3.97002e-06
-1.62303e-06
8.1538e-07
2.24047e-07
1.66517e-06
-1.29495e-06
5.24698e-06
-2.44707e-06
5.07313e-06
-4.52937e-06
5.42546e-07
-7.24411e-06
-6.30057e-06
8.67679e-05
9.74846e-06
8.1793e-07
2.26036e-06
1.61385e-05
-1.13426e-05
-9.0186e-06
-1.33363e-05
2.2119e-05
-1.4554e-05
1.80755e-05
-1.69841e-05
3.29537e-06
-2.05841e-05
1.06574e-05
-4.8734e-05
2.76728e-05
-5.14665e-05
-2.81398e-05
-2.39013e-05
-1.57923e-05
-1.18535e-05
-2.62709e-05
-2.26868e-05
3.05117e-06
-3.95943e-06
-5.70531e-05
-1.37019e-06
-4.21049e-05
-5.04237e-06
-7.30284e-06
-4.16281e-06
-4.84957e-06
-1.51641e-06
-1.83102e-06
2.20529e-06
-2.05654e-06
-5.6557e-07
8.01784e-06
-5.7767e-06
1.02843e-05
-2.52245e-06
-2.7117e-06
-9.76656e-06
-1.23239e-05
9.90919e-05
3.90223e-06
-1.54082e-05
1.15781e-05
8.46263e-06
4.3732e-06
-1.81367e-06
1.09071e-05
1.55851e-05
-3.04973e-06
3.20323e-05
-7.37356e-06
7.6192e-06
-3.88964e-06
7.17347e-06
-1.23492e-05
3.61323e-05
-1.04752e-05
-3.00137e-05
-1.43762e-05
-1.18912e-05
-5.07221e-06
-3.55749e-05
-7.89026e-06
5.86923e-06
-3.43914e-06
-6.15042e-05
-6.55677e-06
-3.89872e-05
-1.30639e-05
-7.95677e-07
-7.52932e-06
-1.03842e-05
-4.95039e-06
-4.40995e-06
1.56665e-06
-8.57358e-06
-7.52891e-06
1.71134e-05
-1.40005e-05
1.67559e-05
-7.17265e-06
-9.53958e-06
-1.69392e-05
-5.2852e-05
5.2852e-05
-7.18694e-05
1.90174e-05
-9.46247e-05
2.27553e-05
-0.000113481
1.88565e-05
-0.000110131
-3.34991e-06
-0.000110239
1.07879e-07
-0.000111878
1.63918e-06
-7.42389e-05
-3.76395e-05
-7.40034e-05
-2.35492e-07
-7.34851e-05
-5.18336e-07
-8.28348e-05
9.34978e-06
-0.000142583
5.97484e-05
-0.000140691
-1.89266e-06
-0.000134397
-6.29335e-06
-0.000129527
-4.87022e-06
-0.000110737
-1.87897e-05
-6.08977e-05
-4.98396e-05
-6.01179e-05
-7.79796e-07
-6.01179e-05
-2.42636e-05
7.71156e-05
-6.23284e-05
5.70822e-05
-8.30257e-05
4.34526e-05
-6.23316e-05
-1.83753e-06
-0.000104334
3.86525e-05
-0.000109753
5.52687e-06
-6.97935e-05
-3.83204e-05
-7.6441e-05
-3.0992e-05
-7.81679e-05
1.49138e-06
-0.000126362
4.76756e-05
-0.000127652
1.06396e-05
-8.1097e-05
1.31938e-05
-0.000122394
3.94046e-05
-0.000111269
-1.74189e-05
-6.66537e-05
-4.94852e-05
-9.37641e-05
8.32073e-06
-8.68353e-05
-5.67683e-05
-4.45084e-05
-4.31067e-05
-0.000104626
-2.53802e-05
0.000102496
-3.35462e-05
6.52482e-05
-2.63199e-05
3.62263e-05
-5.06519e-05
2.24945e-05
-9.65933e-05
8.45939e-05
-9.85503e-05
7.48388e-06
-0.000117003
-1.98675e-05
-0.000129807
-1.81883e-05
-0.000123272
-5.04349e-06
-0.000122176
4.65793e-05
-0.000121642
1.01061e-05
-0.00012301
1.45611e-05
-0.000112971
2.93655e-05
-9.6546e-05
-3.38434e-05
-0.000107367
-3.86645e-05
-9.41804e-05
-4.86563e-06
-7.4021e-05
-7.69278e-05
-2.82693e-05
-8.88584e-05
-0.000132896
-2.27071e-05
0.000125203
-4.03795e-05
8.29205e-05
-6.85119e-05
6.43586e-05
-9.94094e-05
5.3392e-05
-5.18142e-05
3.69987e-05
-8.72573e-05
4.2927e-05
-8.9415e-05
-1.77098e-05
-6.33135e-05
-4.42898e-05
-0.000112862
4.45046e-05
-6.75928e-05
1.31058e-06
-0.000108951
5.1464e-05
-0.000109451
1.50614e-05
-6.00394e-05
-2.00461e-05
-8.66166e-05
-7.26622e-06
-8.12762e-05
-4.4005e-05
-4.41286e-05
-4.20132e-05
-3.4834e-05
-8.62223e-05
-1.85246e-05
-0.000105168
-0.00015142
-2.55117e-05
0.000150715
-4.77975e-05
0.000105206
-6.48962e-05
8.14573e-05
-4.86294e-05
3.71253e-05
-7.37986e-05
6.21679e-05
-5.52845e-05
2.44128e-05
-3.52407e-05
-3.77537e-05
-8.47364e-05
5.20599e-06
-5.45647e-05
1.43328e-05
-9.79136e-05
4.46595e-05
-9.28489e-05
4.63993e-05
-8.6576e-05
8.78844e-06
-8.38537e-05
-2.27684e-05
-3.59116e-05
-5.52083e-05
-3.85536e-05
-4.1363e-05
-3.27731e-05
-4.77937e-05
-3.26101e-05
-8.63852e-05
-2.03228e-06
-0.000135746
-0.000153453
-2.79836e-05
0.000178698
-4.9378e-05
0.000126601
-5.77916e-05
8.98708e-05
-6.43253e-05
4.3659e-05
-4.00779e-05
3.79206e-05
-2.14388e-05
5.77368e-06
-2.83451e-05
-3.08473e-05
-3.08448e-05
7.70567e-06
-5.43919e-05
3.78799e-05
-3.48369e-05
2.51046e-05
-4.89908e-05
6.05533e-05
-4.48768e-05
4.67441e-06
-4.10772e-05
-2.6568e-05
-2.89825e-05
-6.7303e-05
-1.39589e-05
-5.63866e-05
-4.7826e-06
-5.697e-05
-6.53264e-06
-8.46352e-05
7.89486e-06
-0.000150173
-0.000145558
-5.50834e-05
0.000233782
-5.63405e-05
0.000127858
-4.25104e-05
7.60408e-05
-1.94809e-05
2.06294e-05
-6.85172e-06
2.52914e-05
1.9728e-06
-3.05084e-06
-7.98979e-06
-2.08848e-05
-3.58134e-05
3.55293e-05
-3.9084e-05
4.11505e-05
-4.49222e-05
3.09428e-05
-1.26663e-05
2.82974e-05
-1.73813e-06
-6.25377e-06
-4.84497e-06
-2.34611e-05
3.60816e-06
-7.57561e-05
1.09948e-05
-6.37732e-05
1.75938e-05
-6.3569e-05
1.70229e-05
-8.40643e-05
1.42338e-05
-0.000147384
-0.000131324
-7.38268e-05
0.000307608
-6.95851e-05
0.000123616
-1.89633e-05
2.5419e-05
-1.2225e-05
1.38912e-05
3.69165e-06
9.37475e-06
3.31163e-06
-2.67082e-06
-2.63178e-06
-1.49413e-05
-2.37691e-05
5.66666e-05
-3.57306e-05
5.3112e-05
-1.85531e-05
1.37653e-05
-4.91394e-06
1.46582e-05
2.04871e-05
-3.16548e-05
1.57002e-05
-1.86742e-05
2.54198e-05
-8.54758e-05
5.21901e-05
-9.05435e-05
5.20549e-05
-6.34338e-05
5.3711e-05
-8.57204e-05
2.07985e-05
-0.000114472
-0.000110525
3.17677e-05
6.73242e-05
1.20127e-05
4.34676e-06
1.10122e-05
9.46319e-06
-1.07024e-05
1.99009e-05
-1.45806e-05
1.94634e-05
-1.25413e-06
1.87058e-05
-8.79172e-06
1.51568e-05
-1.32781e-05
1.16598e-05
-1.30388e-05
3.5893e-05
-5.78557e-05
1.48031e-05
-3.56466e-05
-3.41004e-05
-5.39181e-06
-6.58297e-05
2.45224e-05
-2.4045e-05
-1.09121e-05
-2.60697e-05
-3.7986e-05
-1.19133e-05
-3.2533e-05
-6.24864e-06
-2.89947e-05
-1.39226e-05
-2.80595e-05
-5.34513e-06
-2.29573e-05
-1.36757e-05
9.33591e-07
-6.77753e-06
2.1025e-06
1.5587e-05
-5.26733e-05
4.52363e-05
2.91266e-05
-9.87391e-05
2.22068e-05
4.51173e-05
5.02303e-07
2.60513e-05
-2.08492e-05
3.08147e-05
-3.32496e-05
3.23013e-05
-1.8505e-05
4.71872e-06
-3.60505e-06
3.80586e-06
7.37601e-07
1.08141e-05
7.37517e-06
5.02228e-06
7.21056e-06
3.60576e-05
-1.81236e-05
4.01373e-05
-2.25475e-05
-2.96765e-05
-3.94262e-05
-4.8951e-05
-2.48645e-05
-3.86067e-05
-5.64965e-05
5.56226e-06
-8.51199e-05
1.67101e-05
-9.04348e-05
-9.33722e-07
-9.77176e-05
-6.63982e-06
-0.000104241
1.17823e-06
-0.000107617
-1.02996e-05
-0.000104909
-9.48569e-06
-0.000118389
2.90675e-05
-0.000110117
3.69636e-05
0.00010016
-0.00018115
-4.46789e-05
8.97962e-05
-6.08079e-05
4.21803e-05
-4.89167e-05
1.89235e-05
-3.41184e-05
1.75031e-05
-1.01145e-05
-1.92852e-05
8.74801e-06
-1.50566e-05
1.57158e-05
3.84633e-06
1.48439e-05
5.89421e-06
3.67531e-05
1.41485e-05
1.4676e-05
6.22144e-05
1.12114e-05
-2.62119e-05
-6.40078e-06
-3.13388e-05
-3.03119e-05
-1.46955e-05
-6.32106e-05
3.84609e-05
-7.24212e-05
2.59207e-05
-0.0001181
4.47451e-05
-0.000133718
8.97768e-06
-0.000151855
1.9316e-05
-0.000170657
8.502e-06
-0.000174756
-5.38646e-06
-0.000186093
4.04038e-05
-0.000217809
6.868e-05
9.52953e-05
-0.000212945
-4.11648e-05
0.000130961
-4.95873e-05
5.06027e-05
-4.19053e-05
1.12416e-05
-2.99956e-05
5.59335e-06
-1.66662e-05
-3.26146e-05
-1.08435e-05
-2.08793e-05
-3.09085e-05
2.39113e-05
-2.54655e-05
4.51204e-07
3.04528e-06
-1.43623e-05
9.78822e-07
6.42808e-05
1.55628e-05
-4.07958e-05
-5.41411e-06
-1.03619e-05
-2.99785e-05
9.86883e-06
-8.86062e-05
9.70886e-05
-0.000133995
7.13094e-05
-0.000135638
4.63886e-05
-0.000135913
9.25206e-06
-0.000106361
-1.02353e-05
-0.000116649
1.879e-05
-0.000169767
4.77313e-05
-0.000170779
4.14154e-05
-0.000191812
8.97134e-05
2.63882e-05
-0.000122905
-1.29962e-05
0.000143957
-3.87569e-06
4.14822e-05
1.38634e-05
-6.49752e-06
1.82249e-05
1.23188e-06
1.54138e-06
-1.59312e-05
2.03869e-05
-3.97248e-05
2.35483e-05
2.07499e-05
-4.48782e-06
2.84873e-05
-1.04887e-06
-1.78012e-05
3.34079e-05
2.9824e-05
-4.30843e-05
3.56965e-05
-9.89768e-05
4.55305e-05
-9.58875e-05
6.77958e-06
-0.000112786
0.000113987
-8.58324e-05
4.43556e-05
-7.34988e-05
3.40549e-05
-9.91949e-05
3.49482e-05
-0.000120803
1.1373e-05
-0.000105947
3.93364e-06
-9.57368e-05
3.75213e-05
-0.000143272
8.89505e-05
-9.86861e-05
4.51277e-05
7.16002e-05
-0.000143898
-2.3818e-06
0.000146339
-1.97562e-06
4.1076e-05
-1.59805e-06
-6.87508e-06
3.11744e-06
-3.48361e-06
3.02645e-07
-1.31164e-05
2.50694e-06
-4.19291e-05
3.31949e-06
1.99374e-05
-1.72248e-05
4.90316e-05
-5.16802e-05
1.66542e-05
-3.76726e-05
1.58164e-05
-3.16207e-05
2.96446e-05
-8.24931e-05
9.64029e-05
-8.71096e-05
1.13961e-05
-6.2401e-05
8.92787e-05
-8.16899e-05
6.36445e-05
-8.65685e-05
3.89336e-05
-9.84134e-05
4.6793e-05
-0.000130715
4.36745e-05
-0.000148699
2.19177e-05
-0.000151511
4.03332e-05
-0.000144035
8.14746e-05
-0.000142553
4.36453e-05
4.66668e-05
-0.000117619
1.34374e-05
0.000132902
5.03887e-06
4.94745e-05
2.22119e-07
-2.05831e-06
1.64683e-06
-4.90831e-06
-3.1338e-06
-8.33572e-06
-3.43557e-05
-1.07072e-05
-4.23592e-05
2.79409e-05
-3.27295e-05
3.94018e-05
-4.54195e-05
2.93443e-05
-3.94089e-05
9.80579e-06
-1.268e-05
2.91572e-06
-1.14173e-06
8.48646e-05
-5.16715e-05
6.19259e-05
-5.50575e-05
9.26648e-05
-7.64492e-05
8.50362e-05
-8.49288e-05
4.74132e-05
-8.45043e-05
4.63685e-05
-0.000122135
8.13053e-05
-0.00013881
3.85926e-05
-0.000162217
6.37407e-05
-0.00014905
6.83067e-05
-0.000150957
4.55524e-05
5.36566e-05
-0.000157946
1.82041e-05
0.000114698
1.11535e-05
5.6525e-05
-1.01593e-06
1.01112e-05
2.48883e-06
-8.41306e-06
-3.17463e-06
-2.67223e-06
-2.25391e-05
8.65732e-06
-2.09797e-05
2.63816e-05
5.78514e-07
1.78436e-05
9.62729e-06
2.02956e-05
-8.16598e-06
2.75991e-05
-2.91753e-05
2.39251e-05
-1.46627e-05
7.03521e-05
-5.24988e-05
9.97621e-05
-8.42606e-05
0.000124427
-7.6008e-05
7.67837e-05
-8.15314e-05
5.29367e-05
-0.000100562
6.5399e-05
-7.68725e-05
5.76158e-05
-0.000142269
0.000103989
-0.000154016
7.54877e-05
-0.000158443
7.27334e-05
-0.000190729
7.78387e-05
6.61092e-05
-0.000203182
4.26454e-05
7.20523e-05
4.77731e-05
5.13973e-05
1.41319e-05
4.37524e-05
2.1918e-06
3.52706e-06
-2.27048e-05
2.22244e-05
-5.79349e-05
4.38875e-05
-6.92682e-05
3.7715e-05
-9.36041e-05
4.21796e-05
-0.000104439
3.11309e-05
-0.000126102
4.92616e-05
-0.000132117
2.99407e-05
-0.000133289
7.15236e-05
-0.000156481
0.000122954
-0.000121602
8.95477e-05
-0.000130787
8.59692e-05
-0.000149373
7.15225e-05
-0.000156246
7.22721e-05
-0.000188585
8.99553e-05
-0.000164826
8.02301e-05
-0.0001771
8.77615e-05
-0.000185683
8.13167e-05
-0.000205399
9.75548e-05
0.000112199
-0.000251489
5.00606e-06
6.70462e-05
4.05557e-06
5.23478e-05
4.74245e-06
4.30656e-05
-1.0646e-05
1.89155e-05
-3.70341e-05
4.86126e-05
-5.75496e-05
6.4403e-05
-8.62969e-05
6.64624e-05
-6.98984e-05
2.57812e-05
-7.06283e-05
3.18608e-05
-0.000145018
0.000123651
-0.000208568
9.34915e-05
-0.000214765
7.77203e-05
-0.000187095
9.52845e-05
-0.000263839
0.000166292
-0.000264247
8.63773e-05
-0.000272741
8.00162e-05
-0.000236079
3.56107e-05
-0.000209218
6.30938e-05
-0.000259491
0.000130504
-0.000266911
9.51808e-05
-0.000236992
5.13976e-05
-0.000219989
8.05527e-05
0.000120623
-0.000228414
7.49276e-06
5.95535e-05
-1.12233e-05
7.1064e-05
-6.79006e-06
3.86324e-05
-3.19213e-05
4.40469e-05
-8.23698e-05
9.90611e-05
-0.000133539
0.000115572
-0.000147094
8.00178e-05
-0.000263151
0.000141839
-0.000328608
9.73179e-05
-0.000265661
6.07037e-05
-0.000292038
0.000119868
-0.000375748
0.000161431
-0.000392125
0.000111661
-0.000273648
4.78147e-05
-0.000250386
6.31161e-05
-0.000258167
8.77965e-05
-0.000343866
0.00012131
-0.000366495
8.57229e-05
-0.000274582
3.85912e-05
-0.00023549
5.60879e-05
-0.000292229
0.000108137
-0.000284647
7.29704e-05
0.000149959
-0.000313983
-4.28717e-06
6.38407e-05
-1.62575e-05
8.30344e-05
-6.82433e-05
9.06182e-05
-0.000174208
0.000150011
-0.000229969
0.000154823
-0.000251068
0.000136671
-0.000268775
9.77248e-05
-0.000289627
0.00016269
-0.000294976
0.000102667
-0.000267594
3.33218e-05
-0.000264898
0.000117172
-0.000237791
0.000134324
-0.0002456
0.00011947
-0.000348211
0.000150426
-0.000394911
0.000109817
-0.000378565
7.14502e-05
-0.000348504
9.12491e-05
-0.000357624
9.48424e-05
-0.000392479
7.34461e-05
-0.000402677
6.62863e-05
-0.000378821
8.42817e-05
-0.000411622
0.000105771
5.94339e-05
-0.000321097
-1.53131e-05
7.91538e-05
-7.5606e-05
0.000143327
-0.000174033
0.000189045
-0.00019026
0.000166238
-0.000183263
0.000147826
-0.000135312
8.87203e-05
-0.000154797
0.00011721
-0.000123094
0.000130987
-0.000160157
0.00013973
-0.000278759
0.000151924
-0.000320955
0.000159368
-0.000327738
0.000141108
-0.00033356
0.000125293
-0.000270843
8.77086e-05
-0.000275109
0.000114083
-0.000447885
0.000244226
-0.000511131
0.000154494
-0.00049976
8.34723e-05
-0.00051888
9.25656e-05
-0.000536518
8.39238e-05
-0.00051606
6.38242e-05
-0.0004927
8.2411e-05
7.02713e-05
-0.000503537
-4.18768e-05
0.000121031
-0.000131806
0.000233256
-0.000174237
0.000231477
-0.000172691
0.000164692
-0.000103441
7.8577e-05
-0.000184402
0.000169682
-0.000257378
0.000190186
-0.000315821
0.00018943
-0.000291783
0.000115692
-0.000308079
0.00016822
-0.000328149
0.000179438
-0.000333467
0.000146425
-0.000342968
0.000134793
-0.000414868
0.000159609
-0.000435553
0.000134769
-0.000311087
0.000119761
-0.000336319
0.000179726
-0.000433381
0.000180535
-0.000485286
0.00014447
-0.000501297
9.99353e-05
-0.000494696
5.72225e-05
-0.000453373
4.10888e-05
2.31554e-05
-0.000406257
-2.54101e-05
0.000146441
-7.20615e-05
0.000279908
-9.10113e-05
0.000250427
-0.000123305
0.000196986
-0.000273969
0.000229241
-0.000324306
0.000220019
-0.000334374
0.000200254
-0.000335231
0.000190287
-0.000311532
9.19935e-05
-0.000307495
0.000164183
-0.000318146
0.00019009
-0.000338273
0.000166553
-0.000310048
0.000106569
-0.000361958
0.000211519
-0.000449575
0.000222385
-0.000521542
0.000191728
-0.000549801
0.000207984
-0.000538471
0.000169205
-0.000487003
9.30024e-05
-0.000437113
5.00452e-05
-0.000403908
2.40178e-05
-0.000370265
7.44585e-06
-1.4227e-05
-0.000332883
-7.11578e-05
0.000217599
-0.000175512
0.000384263
-0.000215548
0.000290463
-0.000274515
0.000255952
-0.000340551
0.000295277
-0.000352445
0.000231913
-0.000332645
0.000180454
-0.000230347
8.79901e-05
-0.000290512
0.000152158
-0.000274138
0.000147809
-0.000195281
0.000111233
-0.000227729
0.000199001
-0.000357527
0.000236366
-0.00041106
0.000265053
-0.000447237
0.000258561
-0.000473038
0.000217529
-0.000467401
0.000202347
-0.000430998
0.000132802
-0.000391545
5.355e-05
-0.000359491
1.79912e-05
-0.000371975
3.65013e-05
-0.000344624
-1.99052e-05
-0.000123278
-0.000235574
-8.4695e-05
0.000302294
-0.000158295
0.000457862
-0.000192147
0.000324316
-0.000203536
0.000267341
-0.000193249
0.00028499
-0.000189974
0.000228638
-0.000176011
0.000166491
-0.000277837
0.000189817
-0.000265097
0.000139418
-0.000303558
0.000186269
-0.000411765
0.00021944
-0.000478808
0.000266045
-0.000426851
0.000184408
-0.000457367
0.000295569
-0.000474046
0.00027524
-0.000479915
0.000223398
-0.000442124
0.000164557
-0.000310479
1.15666e-06
-0.000271995
1.50657e-05
-0.000231241
-2.27633e-05
-0.000217979
2.32395e-05
-0.000124578
-0.000113306
-0.000107198
-0.000140659
-8.72952e-05
0.000389589
-0.000139803
0.00051037
-0.000194558
0.000379071
-0.000222805
0.000295588
-0.000200636
0.000262821
-0.000207943
0.000235945
-0.000250193
0.000208742
-0.000188255
0.000127879
-0.000234048
0.000185212
-0.000347162
0.000299383
-0.000417061
0.00028934
-0.000328098
0.000177081
-0.000466703
0.000323013
-0.00045227
0.000281136
-0.000426858
0.000249828
-0.00035851
0.00015505
-0.000228419
3.44651e-05
-0.000267523
4.02605e-05
-0.000325227
7.27701e-05
-0.0004272
7.92093e-05
-0.000426622
2.26605e-05
-0.000427925
-0.000112004
-0.000158944
-0.000376179
-0.000135881
0.000525471
-5.47237e-05
0.000429211
-0.000158758
0.000483105
-0.000199619
0.000336449
-0.000195687
0.000258889
-0.00021482
0.000255077
-0.000269372
0.000263293
-0.000264341
0.000122848
-0.000343072
0.000263943
-0.00035572
0.000312031
-0.000393444
0.000327064
-0.000419998
0.000203636
-0.000431212
0.000334227
-0.000350244
0.000200167
-0.000309139
0.000208723
-0.000266692
0.000112603
-0.000314391
8.21647e-05
-0.000360111
8.59797e-05
-0.000383464
9.61224e-05
-0.000385586
8.13309e-05
-0.000332875
-3.00504e-05
-0.000314507
-0.000130372
-0.000195486
-0.000277966
-5.78662e-05
0.000583338
-0.000119165
0.00049051
-0.000179213
0.000543153
-0.000203833
0.000361068
-0.000185055
0.000240111
-0.000204364
0.000274386
-0.00019538
0.00025431
-0.000265066
0.000192534
-0.000255811
0.000254689
-0.000265667
0.000321885
-0.000251987
0.000313384
-0.00032004
0.000271689
-0.00029697
0.000311158
-0.000260072
0.000163269
-0.000223475
0.000172126
-0.000197149
8.62768e-05
-0.0002009
8.59155e-05
-0.000238855
0.000123934
-0.000170561
2.78286e-05
-0.000139788
5.05574e-05
-0.00016937
-4.68476e-07
-0.000126072
-0.000173669
-0.000258153
-6.34048e-05
-4.71751e-05
0.000630511
-0.000128099
0.000571434
-0.00010635
0.000521403
-0.000185134
0.000439852
-0.000243014
0.00029799
-0.00020427
0.000235642
-0.00020693
0.000256969
-0.000238695
0.0002243
-0.00023803
0.000254024
-9.31795e-05
0.000177035
-0.000100375
0.000320579
-0.00010073
0.000272044
-5.12667e-05
0.000261695
-9.75193e-05
0.000209522
-7.10811e-05
0.000145687
-2.74231e-05
4.26186e-05
-3.63203e-05
9.48125e-05
-3.25111e-05
0.000120125
-1.36505e-05
8.96786e-06
4.28118e-06
3.26257e-05
4.36118e-05
-3.97991e-05
8.61757e-05
-0.000216233
-0.000251368
7.93907e-05
-5.58525e-06
0.000636094
-8.92922e-05
0.00065514
-5.31248e-05
0.000485236
-0.000129849
0.000516576
-0.000154118
0.000322259
-0.000223129
0.000304653
-0.000142198
0.000176039
-0.000160975
0.000243077
-5.4834e-05
0.000147883
-3.07739e-05
0.000152975
8.01032e-06
0.000281795
3.03342e-05
0.000249721
5.67062e-05
0.000235323
0.000109644
0.000156583
0.000116205
0.000139127
8.0096e-05
7.87273e-05
0.00011447
6.04385e-05
0.000108134
0.000126461
0.00011587
1.23144e-06
0.000170698
-2.22022e-05
0.000233018
-0.000102119
0.000262666
-0.000245881
-0.000179159
0.000190456
0.000128923
0.000507173
2.74416e-05
0.00075662
-2.63132e-05
0.000538991
-7.04363e-05
0.000560699
-0.000118445
0.000370267
-9.1687e-05
0.000277895
-0.000110767
0.00019512
-1.17938e-05
0.000144103
1.04494e-05
0.000125639
4.67882e-05
0.000116637
9.77306e-05
0.000230852
9.92591e-05
0.000248192
0.000133787
0.000200796
0.000224262
6.61083e-05
0.000227574
0.000135814
0.000154903
0.000151398
0.000169682
4.56604e-05
0.000263088
3.30546e-05
0.000267132
-2.81241e-06
0.000321569
-7.66392e-05
0.000304415
-8.49662e-05
0.000165408
-0.000106874
-0.000265612
0.000251861
9.11188e-05
0.000416054
9.87798e-05
0.000748958
3.49302e-05
0.000602839
3.2039e-05
0.000563589
-2.21494e-05
0.000424456
6.05401e-05
0.000195206
5.59712e-06
0.000250063
3.072e-05
0.00011898
6.41146e-05
9.22448e-05
9.88202e-05
8.19311e-05
0.000149366
0.000180307
0.000185183
0.000212374
0.000213504
0.000172475
0.000179474
0.000100139
0.000192623
0.000122665
0.000308923
3.50975e-05
0.000295633
5.89503e-05
0.00028329
4.53981e-05
0.000280563
-8.57893e-08
0.000224249
-2.03251e-05
0.00019934
-6.00569e-05
0.000203759
-0.000111293
-0.000200633
0.000138779
6.38962e-05
0.000352157
0.000143052
0.000669803
0.000165404
0.000580485
0.00018171
0.000547283
0.00015112
0.000455047
0.000167628
0.000178697
0.000141847
0.000275843
0.000149831
0.000110997
0.000140439
0.000101637
0.000112301
0.000110069
0.000133995
0.000158613
0.000203477
0.000142892
0.000239324
0.000136628
0.000271667
6.7796e-05
0.000259876
0.000134455
0.000200885
9.4088e-05
0.000202845
5.69909e-05
0.000263025
-1.47817e-05
0.000280698
-1.77597e-05
0.000297166
-3.6793e-05
0.000303944
-6.68342e-05
0.000267989
-7.53378e-05
-0.000142722
0.000210078
-1.51555e-05
0.000367312
0.000103625
0.000551021
0.000127981
0.000556129
0.0001755
0.000499766
0.000230081
0.000400465
0.000123306
0.000285473
0.000184754
0.000214395
0.000187533
0.000108219
0.000180449
0.000108721
0.00020689
8.36288e-05
0.000225178
0.000140325
0.000237684
0.000130386
0.000260111
0.000114201
0.000190095
0.000137812
0.00023292
9.16301e-05
0.000278925
4.80835e-05
0.000286071
4.98447e-05
0.000275815
-4.52556e-06
0.000278586
-2.05305e-05
0.000279209
-3.74165e-05
0.000262193
-4.98179e-05
0.000261518
-7.46627e-05
-0.000116133
0.000234928
3.17994e-05
0.000335512
0.000109493
0.000473326
0.000186994
0.000478629
0.000229101
0.000457659
0.000234397
0.000395168
0.000245283
0.000274586
0.000242322
0.000217357
0.000142984
0.000207557
0.000181744
6.99607e-05
0.000194222
7.11511e-05
0.000195805
0.000138742
0.000206607
0.000119584
0.000191102
0.000129706
0.000281705
4.72082e-05
0.0002797
9.36349e-05
0.000264828
6.29559e-05
0.000275113
3.95599e-05
0.000255555
1.5032e-05
0.000246526
-1.15012e-05
0.000260632
-5.15229e-05
0.000246251
-3.54365e-05
0.000207439
-3.58512e-05
-9.60414e-05
0.000187347
1.96774e-05
0.000315835
6.64392e-05
0.000426565
0.000143714
0.000401354
0.000183759
0.000417614
0.000196937
0.00038199
0.000159189
0.000312334
0.000152806
0.000223741
0.000192898
0.000167465
0.000131573
0.000131285
0.000140905
6.18193e-05
0.000192958
8.66894e-05
0.000202494
0.000110048
0.000216033
0.000116168
0.000156523
0.000106718
0.000225095
2.50626e-05
0.000227461
6.05906e-05
0.000224759
4.22616e-05
0.000213143
2.66479e-05
0.000200626
1.01596e-06
0.000150537
-1.434e-06
0.000154458
-3.9358e-05
0.000202213
-8.36057e-05
-5.97532e-05
0.000165924
2.29392e-05
0.000292896
7.18274e-05
0.000377677
0.000113348
0.000359833
0.00015871
0.000372252
0.000192125
0.000348575
0.000216904
0.000287555
0.000206348
0.000234297
0.000195339
0.000178475
0.000230074
9.65503e-05
0.000225376
6.6517e-05
0.000207512
0.000104554
0.00020796
0.0001096
0.000217569
0.000106558
0.000227732
9.65554e-05
0.000206343
4.64512e-05
0.000201925
6.50086e-05
0.000205567
3.86195e-05
0.000203465
2.87498e-05
0.000198477
6.00417e-06
0.000210531
-1.34881e-05
0.000204586
-3.34135e-05
0.000162025
-4.10444e-05
-5.21939e-05
0.000154466
1.21161e-05
0.00028078
5.46467e-05
0.000335146
8.82806e-05
0.0003262
0.000128093
0.00033244
0.000159676
0.000316993
0.000182807
0.000264424
0.000187603
0.000229501
0.000186312
0.000179766
0.00018446
9.84024e-05
0.000147321
0.000103656
0.000197968
5.39072e-05
0.000193339
0.000114229
0.000194142
0.000105755
0.000196203
9.44946e-05
0.000138171
0.000104483
0.000179772
2.34069e-05
0.000181558
3.68334e-05
0.000184378
2.59306e-05
0.000182286
8.09596e-06
0.000191185
-2.2387e-05
0.000177301
-1.95302e-05
0.000157148
-2.08912e-05
-5.3877e-05
0.000158831
9.95149e-06
0.000270829
4.51257e-05
0.000299972
7.14144e-05
0.000299911
0.000108176
0.000295679
0.000135518
0.000289652
0.000156629
0.000243313
0.000171805
0.000214325
0.000175851
0.00017572
0.00017232
0.000101934
0.000161474
0.000114502
0.000124323
9.10572e-05
0.000104067
0.000134486
0.000110265
9.95576e-05
0.000117649
8.71097e-05
0.000172127
5.00055e-05
0.000163158
3.23758e-05
0.000156695
4.32971e-05
0.00015147
3.11554e-05
0.000145244
1.43218e-05
0.00010918
1.36765e-05
0.000108434
-1.87838e-05
0.000146342
-5.87993e-05
-3.52467e-05
0.000127712
1.15496e-05
0.000259279
3.44947e-05
0.000277027
5.30122e-05
0.000281394
7.88953e-05
0.000269796
9.30144e-05
0.000275533
7.67171e-05
0.00025961
0.000161385
0.000129657
0.00012077
0.000216336
0.000122549
0.000100155
0.000160774
7.62779e-05
0.000116258
0.000135572
0.000152362
9.83823e-05
0.000169403
8.2516e-05
0.000180784
7.57287e-05
0.000156523
7.4267e-05
0.000155432
3.34664e-05
0.000154268
4.44605e-05
0.000150324
3.50995e-05
0.000147839
1.68073e-05
0.00015447
7.04489e-06
0.000141323
-5.63659e-06
0.000113657
-3.11331e-05
-4.38484e-05
0.000122259
8.20068e-06
0.000251078
1.78771e-05
0.00026735
3.37102e-05
0.00026556
5.1373e-05
0.000252133
8.73278e-05
0.000239578
0.000120664
0.000226274
0.000137564
0.000112756
0.000154321
0.000199579
0.000150046
0.00010443
0.000146279
8.00449e-05
0.000142107
0.000139744
0.00013392
0.00010657
0.00010655
0.000109885
0.000112175
7.01044e-05
0.000145297
4.11447e-05
0.000121266
5.74968e-05
0.000140894
2.48335e-05
0.000140248
3.57453e-05
0.000146004
1.10507e-05
0.000141497
1.15519e-05
0.000135379
4.81788e-07
0.000118253
-1.4007e-05
-3.29656e-05
0.00010737
1.42369e-05
0.000236842
3.29151e-05
0.000248672
5.70731e-05
0.000241402
7.96335e-05
0.000229573
9.64979e-05
0.000222714
0.000114501
0.000208271
0.000132729
9.45284e-05
0.000151231
0.000181077
0.000122027
0.000133635
6.81876e-05
0.000133884
0.000130278
7.76534e-05
0.000119293
0.000117555
0.000135343
9.38356e-05
9.49479e-05
0.000110499
8.55882e-05
5.05044e-05
0.000125927
1.71585e-05
0.000121515
2.92453e-05
0.000116124
4.11359e-05
0.000119478
7.69673e-06
0.000111021
2.00088e-05
0.000103894
7.60862e-06
0.000100348
-1.04607e-05
-2.77603e-05
9.51426e-05
8.24483e-06
0.000228597
2.5178e-05
0.000231739
4.2405e-05
0.000224176
5.91223e-05
0.000212855
7.40092e-05
0.000207827
7.22018e-05
0.000210078
7.80311e-05
8.86991e-05
0.000110256
0.000148852
0.0001174
0.000126491
0.000123328
0.000127956
6.1464e-05
0.000139517
0.000116847
6.21714e-05
0.000103072
0.000107611
0.000129231
8.43408e-05
0.000112211
6.75235e-05
7.14579e-05
5.7912e-05
7.24356e-05
2.82675e-05
0.000101188
1.23834e-05
7.32391e-05
3.56456e-05
6.55925e-05
2.76554e-05
8.72745e-05
-1.40733e-05
8.34704e-05
-6.65665e-06
-2.73402e-05
8.30503e-05
8.19977e-06
0.000220397
2.4471e-05
0.000215468
3.78033e-05
0.000210843
3.6207e-05
0.000214452
6.31662e-05
0.000180868
7.75751e-05
0.00019567
5.26251e-05
0.000113649
0.000107453
9.40239e-05
7.33427e-05
0.000160601
7.74557e-05
0.000123843
0.000103098
0.000113875
0.000106743
5.85261e-05
0.000112797
0.000101557
0.00011653
8.06081e-05
0.000110154
7.38989e-05
0.00010063
6.74364e-05
7.11535e-05
5.77438e-05
7.07898e-05
1.27471e-05
6.52468e-05
4.11886e-05
8.77313e-05
5.17098e-06
7.70702e-05
-3.4123e-06
8.13603e-05
-1.09467e-05
-5.62887e-06
5.9649e-05
7.4595e-06
0.000212937
2.73118e-05
0.000195615
3.24493e-05
0.000205706
2.10154e-05
0.000225885
7.35681e-05
0.000128315
5.87105e-05
0.000210527
7.57462e-05
9.66133e-05
7.70956e-05
9.26745e-05
5.85804e-05
0.000179116
0.000112977
6.94464e-05
0.000101316
0.000125536
0.000102028
5.78145e-05
0.000103598
9.99869e-05
0.000102074
8.21317e-05
9.6378e-05
7.95949e-05
9.12071e-05
7.26072e-05
9.31056e-05
5.58453e-05
6.50548e-05
4.07979e-05
6.18152e-05
4.44282e-05
7.57461e-05
-8.75995e-06
6.82731e-05
4.06065e-06
7.12488e-05
-1.39224e-05
-3.43857e-06
6.90584e-05
6.4482e-06
0.000206489
1.94943e-05
0.000182569
2.54504e-05
0.00019975
4.43767e-05
0.000206959
5.73011e-05
0.000115391
6.41296e-05
0.000203699
6.56237e-05
9.51193e-05
6.93353e-05
8.89628e-05
7.02688e-05
0.000178183
5.54788e-05
8.42363e-05
4.39523e-05
0.000137062
3.79163e-05
6.38505e-05
8.33182e-05
5.4585e-05
5.57943e-05
0.000109656
4.79989e-05
8.73902e-05
6.74827e-05
5.31235e-05
5.69003e-05
6.64277e-05
6.06811e-05
3.70171e-05
7.9376e-05
2.57332e-05
6.24044e-05
8.21171e-06
6.07672e-05
5.6978e-06
3.89378e-05
7.90704e-06
-1.98548e-05
5.5354e-05
-4.2169e-06
0.000210706
4.60058e-05
0.000132347
3.32925e-05
0.000212463
4.5566e-05
0.000194686
5.27572e-05
0.000108199
5.522e-05
0.000201236
5.07555e-05
9.95838e-05
3.73864e-05
0.000102332
6.24398e-05
0.000153129
4.82611e-05
9.8415e-05
6.19719e-05
0.000123352
5.79121e-05
6.79103e-05
4.52929e-05
6.72041e-05
4.39341e-05
0.000111014
6.14723e-05
6.98521e-05
5.90211e-05
5.55747e-05
7.07901e-05
5.46586e-05
5.30392e-05
5.4768e-05
6.96868e-05
9.08558e-06
6.00792e-05
1.78193e-05
3.73611e-05
2.84159e-05
3.10243e-05
1.42439e-05
-1.77794e-05
2.89488e-05
1.21965e-05
0.00019851
1.47274e-05
0.000129816
3.20033e-05
0.000195187
3.72605e-05
0.000189429
3.05937e-05
0.000114866
4.83508e-05
0.000183479
4.05297e-05
0.000107405
2.8501e-05
0.000114361
3.52265e-05
0.000146404
3.56608e-05
9.79807e-05
4.87732e-05
0.000110239
4.46397e-05
7.20438e-05
3.80517e-05
7.37921e-05
5.16205e-05
9.74456e-05
4.57271e-05
7.57455e-05
5.53109e-05
4.59909e-05
3.93914e-05
7.05781e-05
6.52306e-05
2.89289e-05
3.15359e-05
4.27803e-05
2.80445e-05
2.13108e-05
4.4195e-05
1.22653e-05
4.69836e-05
1.14553e-05
-5.8987e-06
3.51029e-05
1.04426e-05
0.000188067
1.69722e-05
0.000123286
2.62304e-05
0.000185929
3.24045e-05
0.000183254
3.04597e-05
0.000116811
3.66596e-05
0.000177279
4.43149e-05
9.97495e-05
1.10047e-05
0.000147671
6.07766e-05
9.66316e-05
1.92164e-05
0.000139541
5.16645e-05
7.77912e-05
5.53684e-05
6.83399e-05
1.37833e-05
0.000115377
1.13595e-05
9.98694e-05
3.50785e-05
5.20264e-05
2.2029e-05
5.90404e-05
4.86556e-05
4.39515e-05
3.49206e-05
4.26639e-05
5.17833e-05
2.59176e-05
3.03632e-05
4.27308e-05
3.48832e-05
7.74532e-06
2.78533e-05
1.84852e-05
-1.09059e-06
2.30452e-05
2.85213e-05
-2.97401e-06
2.26309e-05
4.9945e-05
1.78842e-05
4.95446e-05
1.82248e-05
3.58845e-05
1.24472e-05
4.27547e-05
1.51997e-05
2.489e-06
2.36681e-05
4.6371e-05
2.75422e-05
2.33504e-05
1.52876e-05
5.82423e-06
6.40703e-06
1.76352e-05
1.33185e-05
1.51116e-05
8.77849e-06
-0.000133503
3.47642e-05
-0.000169356
3.58529e-05
-0.000205299
3.59423e-05
4.45178e-05
-0.000249816
-0.000193792
4.74063e-05
-0.000204229
4.62895e-05
-0.000212951
4.46652e-05
5.49263e-05
-0.00022336
-0.000206563
4.10253e-05
-0.000201618
4.13438e-05
-0.000189523
3.25701e-05
3.56978e-05
-0.000170294
-0.000110572
2.8692e-05
-9.62202e-05
2.69924e-05
-9.1391e-05
2.77409e-05
1.84014e-05
-7.40946e-05
-0.000141462
2.62556e-05
-0.000133664
1.9195e-05
-0.000119568
1.36445e-05
3.82512e-06
-0.000104992
-0.00011046
1.90967e-05
-0.000112506
2.1241e-05
-0.000112042
1.31799e-05
7.40278e-06
-0.000115619
-0.000169595
3.07458e-05
-0.000171239
2.28847e-05
-0.000181329
2.32694e-05
1.61291e-05
-0.000190055
-0.000203371
3.09351e-05
-0.000208495
2.80095e-05
-0.000222222
3.69957e-05
2.44352e-05
-0.000230528
-0.000252639
3.20856e-05
-0.000254806
3.01769e-05
-0.000246363
2.85524e-05
4.45532e-05
-0.000266481
-0.000240895
4.45668e-05
-0.000256584
4.58657e-05
-0.000257487
2.94554e-05
3.20712e-05
-0.000245005
-0.000323068
5.36516e-05
-0.000331477
5.42758e-05
-0.000354107
5.20853e-05
5.92504e-05
-0.000381286
-0.000301378
3.39333e-05
-0.000281654
3.45509e-05
-0.000266772
3.72035e-05
3.9262e-05
-0.000246784
-0.000505588
3.59846e-05
-0.000499701
2.86642e-05
-0.000487604
2.5106e-05
2.23807e-05
-0.000470722
-0.00038363
1.33568e-05
-0.00036194
6.974e-06
-0.000346091
9.25742e-06
2.15897e-07
-0.000323926
-0.00031376
-5.76537e-06
-0.000298354
-8.43194e-06
-0.000276587
-1.25095e-05
-1.65281e-05
-0.000259843
-0.000202525
-3.88147e-05
-0.00017052
-4.04373e-05
-0.000144317
-3.87128e-05
-4.09499e-05
-0.000119895
-0.000129758
-4.97156e-05
-0.000122003
-4.8192e-05
-0.000119365
-4.13511e-05
-4.11995e-05
-0.000119116
-0.000342277
-8.36181e-05
-0.000307297
-8.3172e-05
-0.000273683
-7.49652e-05
-0.000125226
-0.000189657
-0.000253046
-0.000108538
-0.000145013
-0.000191205
-0.000121262
-9.87166e-05
-0.000151872
-9.46156e-05
-2.00961e-05
-0.000151847
-4.12911e-05
-0.00017001
1.63619e-05
-0.00015637
-0.000146287
1.07767e-05
7.32509e-05
-0.000145707
6.53711e-05
-0.000162131
6.62116e-05
-0.00015721
-0.000152438
7.23622e-05
0.000138423
-9.36744e-05
0.000137055
-0.000160762
7.33522e-05
-9.35076e-05
-0.000154702
7.5616e-05
0.000230972
-7.27853e-05
0.000158914
-8.87042e-05
0.000151676
-8.627e-05
-8.99966e-05
8.69707e-05
0.000173603
-0.000107609
0.00015149
-6.65921e-05
0.000134878
-6.96572e-05
-7.02794e-05
0.00011516
0.0001835
-8.10304e-05
0.000197019
-8.01111e-05
0.000212724
-8.53628e-05
-5.4388e-05
0.000196833
0.000186942
-3.3044e-05
0.000141009
-3.41778e-05
0.00010754
-5.1894e-05
-5.74213e-05
0.000110573
0.00018142
-2.71163e-05
0.000176085
-2.88435e-05
0.000171031
-4.68394e-05
-5.22072e-05
0.000165817
0.000168313
-2.95049e-05
0.000170127
-3.06579e-05
0.000155703
-3.24148e-05
-3.51826e-05
0.000138678
0.000162859
-3.7898e-05
0.000158396
-2.61952e-05
0.000153985
-2.80037e-05
-3.06008e-05
0.000149403
0.000151919
-3.09862e-05
0.000146874
-2.11503e-05
0.000139996
-2.11255e-05
-2.32085e-05
0.000132604
0.000113465
-1.67392e-05
0.000120077
-2.77626e-05
0.000129248
-3.02962e-05
-3.31992e-05
0.000139238
0.000118975
-1.34558e-05
0.000116929
-2.57164e-05
0.000114635
-2.80019e-05
-1.84548e-05
9.98902e-05
0.000104835
-1.09211e-05
9.06946e-05
-1.1576e-05
8.43762e-05
-2.16834e-05
-2.38554e-05
8.97768e-05
9.90134e-05
-1.47919e-05
0.000102227
-1.47894e-05
9.1683e-05
-1.11396e-05
-2.09374e-05
8.87649e-05
7.59399e-05
-7.68157e-06
6.81286e-05
-6.97806e-06
7.39107e-05
-1.69217e-05
-1.97029e-05
7.26762e-05
6.19198e-05
-9.9524e-06
7.21172e-05
-1.71755e-05
6.49914e-05
-9.79591e-06
-1.95427e-05
6.48312e-05
6.32604e-05
-4.1543e-06
5.38707e-05
-7.78577e-06
5.94709e-05
-1.53962e-05
-1.81596e-05
5.80878e-05
5.69389e-05
-5.73919e-06
5.61866e-05
-7.03347e-06
4.86867e-05
-7.89623e-06
-9.38557e-06
3.99127e-05
3.09237e-05
-7.71408e-06
3.41526e-05
-1.02623e-05
3.82567e-05
-1.20004e-05
-1.512e-05
4.39911e-05
3.15219e-05
-4.13307e-06
2.50008e-05
-3.74126e-06
2.0898e-05
-7.89757e-06
-5.45609e-06
1.12342e-05
2.03298e-05
-1.41763e-06
2.25365e-05
-5.94799e-06
2.20738e-05
-7.43482e-06
-9.27063e-06
2.58883e-05
8.80791e-06
7.72703e-06
6.4296e-06
4.99261e-06
-0.000168003
0.000225795
-4.44342e-05
4.71941e-08
-2.3295e-05
4.27979e-06
-1.84203e-05
9.01651e-06
-4.26964e-06
-4.77593e-06
1.24702e-05
-1.94107e-05
-1.15981e-05
9.12701e-06
-2.21542e-06
4.72839e-05
-4.46844e-06
5.5365e-05
-1.98447e-05
2.91416e-05
8.84615e-06
-1.40326e-05
2.74727e-05
-5.02814e-05
6.66254e-05
-5.78269e-05
8.849e-05
-0.00010734
9.45871e-05
-9.66407e-05
9.94537e-05
-6.83004e-05
8.61893e-05
-7.2456e-05
5.25012e-05
-8.07835e-05
-5.80242e-05
-0.000122995
0.00012543
-7.62026e-05
-4.67451e-05
-3.88585e-05
-3.30643e-05
-4.46651e-05
1.48231e-05
-8.13515e-06
-4.13058e-05
3.1277e-05
-5.88229e-05
1.37517e-05
2.66523e-05
1.68894e-05
4.41462e-05
3.79134e-05
3.4341e-05
4.63336e-05
2.07215e-05
4.11627e-05
-8.86177e-06
5.98821e-05
-6.90008e-05
8.23431e-05
-8.02879e-05
9.69469e-05
-0.000121944
0.000109162
-0.000108856
0.000109264
-6.84025e-05
9.3889e-05
-5.70806e-05
5.45495e-05
-4.14441e-05
-3.47462e-06
-5.85337e-05
1.36697e-05
-7.24306e-05
-3.28482e-05
-4.44306e-05
-6.10644e-05
-4.92366e-05
1.96291e-05
-2.55215e-05
-6.50209e-05
-4.24857e-05
-4.18587e-05
-3.23014e-06
-1.26033e-05
4.23994e-05
-1.48331e-06
4.98311e-05
2.69094e-05
4.44936e-05
2.6059e-05
3.36519e-05
1.97993e-06
4.82295e-05
-8.35784e-05
4.3108e-05
-7.51663e-05
6.43448e-05
-0.000143181
8.0651e-05
-0.000125162
9.22946e-05
-8.00461e-05
7.95863e-05
-4.43723e-05
3.64671e-05
1.67517e-06
3.29924e-05
-6.82278e-05
7.80282e-06
-4.76831e-05
-5.33928e-05
-9.33681e-05
-1.53794e-05
-6.32585e-05
-1.04805e-05
-7.38765e-05
-5.44029e-05
-0.000100518
-1.52174e-05
-6.84412e-05
-4.46798e-05
-3.6854e-05
-3.30705e-05
-4.89849e-05
3.90403e-05
-5.60153e-05
3.30895e-05
-2.75874e-05
-2.6448e-05
-3.39677e-05
-7.71981e-05
9.54088e-07
-0.000110088
1.65033e-05
-0.00015873
1.61965e-05
-0.000124855
9.50377e-06
-7.33534e-05
-1.25175e-05
-2.2351e-05
-5.54501e-06
-5.29733e-06
2.74474e-05
-0.000118296
2.11069e-05
-0.000159191
-1.24975e-05
-0.000172879
-1.69089e-06
-0.000181958
-1.40209e-06
-0.000236126
-2.34636e-07
-0.000251316
-2.74889e-08
-0.000275514
-2.04816e-05
-0.000277266
-3.1318e-05
-0.000184086
-5.41399e-05
-0.000136923
-1.40738e-05
-6.46579e-05
-9.87128e-05
-4.84007e-05
-9.34554e-05
-2.87506e-05
-0.000129738
-9.56328e-06
-0.000177917
1.75511e-05
-0.00015197
-1.9149e-05
-3.66533e-05
-4.3641e-05
2.14098e-06
-4.3722e-05
-5.21637e-06
-1.62745e-05
-0.000119729
2.52172e-05
-0.000199681
6.74541e-05
-0.000243124
4.17521e-05
-0.000292216
4.76898e-05
-0.000316015
2.35644e-05
-0.000300208
-1.58345e-05
-0.000270461
-5.02281e-05
-0.000231718
-7.00608e-05
-0.000211768
-7.40906e-05
-0.000105326
-0.000120515
-0.000122595
-8.14438e-05
-7.64778e-05
-0.000139573
-8.22595e-05
-0.000123956
-6.99942e-05
-0.000190183
-5.77942e-05
-0.00016417
-8.19517e-05
-1.24958e-05
-8.2511e-05
2.70029e-06
-5.66938e-05
-3.10336e-05
-7.29684e-05
-0.000267254
0.000102416
-0.000299454
9.96541e-05
-0.000304689
4.69869e-05
-0.000304644
4.76459e-05
-0.000295363
1.42834e-05
-0.000276729
-3.44689e-05
-0.000251848
-7.51091e-05
-0.000229193
-9.27161e-05
-0.000208608
-9.46757e-05
-0.00022094
-0.000108183
-0.000203609
-9.87753e-05
-0.000107621
-0.00023556
-0.000101943
-0.000129635
-7.77859e-05
-0.00021434
-8.7774e-05
-0.000154182
-8.18253e-05
-1.84446e-05
-7.18484e-05
-7.27658e-06
-4.84159e-05
-5.44661e-05
-0.000121384
-0.000187846
5.97345e-05
-0.000207438
0.000119246
-0.000326906
0.000166455
-0.000345295
6.60352e-05
-0.000316629
-1.43823e-05
-0.000305956
-4.51424e-05
-0.000254767
-0.000126298
-0.000202336
-0.000145147
-0.000180437
-0.000116575
-0.000199439
-8.91807e-05
-0.000123393
-0.000174821
-0.000161025
-0.000197928
-7.21697e-05
-0.00021849
-0.000155216
-0.000131293
-0.000142711
-0.000166687
-9.55153e-05
-6.56405e-05
-5.97035e-05
-4.30884e-05
-2.07284e-05
-9.34412e-05
-0.000142113
-0.000322968
0.000116222
-0.000332999
0.000129278
-0.000334433
0.000167889
-0.000318016
4.96181e-05
-0.00026671
-6.56883e-05
-0.000167137
-0.000144715
-0.000143859
-0.000149576
-0.00016763
-0.000121376
-0.000167299
-0.000116907
-0.000109064
-0.000147415
-0.000128184
-0.0001557
-0.000165466
-0.000160647
-0.000173035
-0.000210921
-9.78601e-05
-0.000206468
-0.00012196
-0.000142587
-7.57827e-05
-0.000111818
-2.81315e-05
-9.07396e-05
-1.06721e-05
-0.000110901
-0.000152785
-0.000197092
6.83082e-05
-0.000209356
0.000141542
-0.000218823
0.000177357
-0.00018759
1.83849e-05
-0.000204752
-4.85263e-05
-0.000240515
-0.000108952
-0.000217326
-0.000172765
-0.000180628
-0.000158074
-0.000194513
-0.000103022
-0.000189994
-0.000151935
-0.000197258
-0.000148436
-0.000182536
-0.000175368
-0.000178807
-0.000214651
-0.000176341
-0.000208933
-0.000163784
-0.000155144
-0.000123912
-0.00015169
-6.38972e-05
-0.000150754
-1.57845e-05
-0.000159013
-0.000168569
-0.000390653
7.76754e-05
-0.000344475
9.53639e-05
-0.000230797
6.3679e-05
-0.000308659
9.62465e-05
-0.000265397
-9.17887e-05
-0.000223539
-0.00015081
-0.000198353
-0.000197951
-0.000173571
-0.000182855
-0.000160827
-0.000115766
-9.30082e-05
-0.000219754
-0.000102246
-0.000139199
-0.000150153
-0.000127461
-0.00018924
-0.000175564
-0.000218825
-0.000179348
-0.000211841
-0.000162128
-0.000147758
-0.000215773
-8.81618e-05
-0.00021035
-3.67776e-05
-0.000210398
-0.000205347
-0.000360642
0.000191533
-0.000361097
9.58193e-05
-0.000330862
3.34443e-05
-0.000178613
-5.60034e-05
-0.000137456
-0.000132946
-0.000123989
-0.000164277
-0.000217914
-0.000104026
-0.000217274
-0.000183495
-0.000179961
-0.000153079
-0.000188833
-0.000210882
-0.000192387
-0.000135645
-0.00018287
-0.000136978
-0.000185363
-0.000173071
-0.000178377
-0.000186334
-0.000150875
-0.00018963
-0.000113724
-0.000252925
-8.41762e-05
-0.000239898
-3.79069e-05
-0.000256667
-0.000243254
-0.000382111
0.000102922
-0.000298812
1.25212e-05
-0.000230763
-3.46052e-05
-0.000193356
-9.341e-05
-0.000189589
-0.000136713
-0.000188897
-0.000164969
-0.000144308
-0.000148615
-0.000156302
-0.000171502
-0.000176558
-0.000132823
-0.000221387
-0.000166053
-0.000250146
-0.000106885
-0.000229698
-0.000157427
-0.000208774
-0.000193995
-0.000164788
-0.00023032
-0.000101306
-0.000253112
-8.39862e-05
-0.000270244
-6.94409e-05
-0.000254443
-3.95239e-05
-0.000286584
-0.000282778
-0.000183973
-3.70317e-05
-0.000137077
-3.43743e-05
-8.39737e-05
-8.77085e-05
-0.000110601
-6.67829e-05
-0.000126417
-0.000120896
-0.000160422
-0.000130964
-0.000134045
-0.000174992
-0.000116733
-0.000188814
-0.000134049
-0.000115506
-0.000143072
-0.00015703
-9.44323e-05
-0.000155524
-0.000153311
-9.85481e-05
-0.00015222
-0.000195086
-0.000149427
-0.000233113
-0.000120642
-0.000281898
-7.73876e-05
-0.000313498
-5.78389e-05
-0.000273992
-3.55644e-05
-0.000308858
-0.000318342
-0.000222897
-7.39774e-05
-0.000191382
-6.58899e-05
-0.00017631
-0.00010278
-0.000138496
-0.000104596
-0.000122396
-0.000136997
-0.000108991
-0.000144369
-0.000125362
-0.000158621
-0.000157307
-0.000156868
-0.000128881
-0.000143932
-5.51901e-05
-0.000230722
-0.000116464
-9.42505e-05
-8.82533e-05
-0.000126759
-6.38569e-05
-0.000219482
-3.32674e-05
-0.000263702
-0.000111339
-0.000203826
-3.34819e-05
-0.000391355
-3.53656e-05
-0.000272108
-1.09535e-05
-0.00033327
-0.000329295
-0.000148062
-4.58104e-05
-0.00011433
-9.96219e-05
-0.000101803
-0.000115308
-7.94788e-05
-0.00012692
-5.5966e-05
-0.00016051
-7.08832e-05
-0.000129451
-7.73542e-05
-0.00015215
-7.27361e-05
-0.000161486
-6.84908e-05
-0.000148178
-9.96545e-05
-0.000199558
-4.57834e-05
-0.000148122
9.86342e-06
-0.000182406
7.15991e-07
-0.000210335
9.92189e-06
-0.000272908
3.74045e-05
-0.000231309
-4.33152e-05
-0.000310636
-2.75496e-05
-0.000287874
-1.0676e-05
-0.000350144
-0.000339971
-2.99179e-05
-0.000135008
1.07685e-05
-0.000140309
3.67752e-06
-0.000108217
-7.75459e-06
-0.000115488
-1.52923e-05
-0.000152972
4.28936e-06
-0.000149033
-1.67362e-05
-0.000131125
-1.68203e-07
-0.000178054
2.94099e-06
-0.000151287
-1.36384e-05
-0.000182979
1.71154e-05
-0.000178875
4.06941e-05
-0.000205985
5.57884e-05
-0.000225429
3.82355e-05
-0.000255355
4.37146e-05
-0.000236788
-1.16206e-05
-0.0002553
-1.00641e-05
-0.00028943
-1.16759e-05
-0.000348532
-0.000351647
-7.7651e-05
-0.000247014
-1.28249e-05
-0.000205135
1.4557e-05
-0.000135599
2.31131e-06
-0.000103243
-7.54116e-06
-0.00014312
-1.19147e-05
-0.00014466
3.05442e-06
-0.000146094
3.43128e-06
-0.000178431
-2.84673e-06
-0.000145009
-2.61087e-05
-0.000159717
-1.26413e-06
-0.00020372
2.04675e-05
-0.000227716
4.59527e-05
-0.000250914
3.97549e-05
-0.000249158
2.45584e-05
-0.000221591
5.01887e-06
-0.000235761
-1.49548e-05
-0.000269457
-1.54009e-05
-0.000348086
-0.000367048
-4.74346e-05
-0.000294196
1.5044e-06
-0.000254074
7.54577e-06
-0.00014164
4.43057e-05
-0.000140003
2.77164e-05
-0.00012653
2.45076e-05
-0.000141451
3.00574e-05
-0.000151644
2.10359e-05
-0.00016941
3.03935e-05
-0.000154367
9.22045e-06
-0.000138544
1.85001e-05
-0.000213
2.11959e-05
-0.000230412
1.76588e-05
-0.000247377
2.05802e-05
-0.000252079
-2.69662e-05
-0.000174045
-4.21405e-05
-0.000220587
-5.12487e-05
-0.000260348
-3.69208e-05
-0.000362414
-0.000403969
4.22128e-06
-0.00028764
1.6368e-05
-0.000266221
4.57633e-05
-0.000171036
6.64462e-05
-0.000160685
3.27775e-05
-9.28618e-05
4.32839e-05
-0.000151957
7.47631e-05
-0.000183123
6.35085e-05
-0.000158155
5.11434e-05
-0.000142002
3.14351e-05
-0.000118836
4.55331e-05
-0.000227098
3.83105e-05
-0.00022319
1.04254e-05
-0.000219493
3.94722e-06
-0.000245601
-9.19331e-06
-0.000160905
-7.69951e-05
-0.000152785
-6.3868e-05
-0.000273475
-5.74667e-05
-0.000368815
-0.000461436
1.25736e-05
-0.000227852
3.15426e-05
-0.00028519
6.86273e-06
-0.000146356
4.7659e-05
-0.000201482
7.54027e-05
-0.000120606
0.000113398
-0.000189953
5.48026e-05
-0.000124528
9.60651e-05
-0.000199418
5.51338e-05
-0.00010107
5.8071e-05
-0.000121773
5.577e-05
-0.000224797
3.48034e-05
-0.000202223
1.84579e-05
-0.000203147
-2.09756e-05
-0.000206167
-3.85207e-05
-0.00014336
-7.56274e-05
-0.000115678
-6.17442e-05
-0.000287359
-5.01653e-05
-0.000380394
-0.000511601
4.50428e-05
-0.000197278
2.80281e-05
-0.000268175
2.4252e-05
-0.00014258
3.66188e-05
-0.000213849
0.000103542
-0.000187529
4.38673e-05
-0.000130278
4.74108e-05
-0.000128072
5.36735e-05
-0.00020568
7.06567e-05
-0.000118054
7.44319e-05
-0.000125548
5.10246e-05
-0.000201389
6.24751e-05
-0.000213674
4.77595e-05
-0.000188431
-6.37053e-06
-0.000152037
-5.00736e-05
-9.96566e-05
-1.31937e-05
-0.000152558
-2.75977e-05
-0.000272954
-3.36757e-05
-0.000374316
-0.000545277
6.85875e-05
-0.000178895
3.83853e-05
-0.000237973
7.73591e-05
-0.000181553
7.11343e-05
-0.000207624
7.53159e-05
-0.000191711
6.96564e-05
-0.000124618
0.000104802
-0.000163217
8.19656e-05
-0.000182844
6.74787e-05
-0.000103567
0.000101014
-0.000159083
8.6589e-05
-0.000186965
5.5032e-05
-0.000182117
4.84703e-05
-0.00018187
5.53168e-05
-0.000158884
4.75854e-05
-9.19252e-05
5.93262e-05
-0.000164299
4.04699e-05
-0.000254098
2.20172e-06
-0.000336048
-0.000543075
8.23596e-05
-0.000146095
7.64606e-05
-0.000232074
4.45424e-05
-0.000149635
4.45607e-05
-0.000207642
4.30156e-05
-0.000190166
9.86705e-05
-0.000180273
9.5072e-05
-0.000159619
9.22139e-05
-0.000179986
8.81604e-05
-9.95134e-05
8.87373e-05
-0.00015966
8.44685e-05
-0.000182696
8.4379e-05
-0.000182027
5.88946e-05
-0.000156386
7.9344e-05
-0.000179334
7.39586e-05
-8.654e-05
8.70026e-05
-0.000177343
6.93869e-05
-0.000236483
1.90372e-05
-0.000285699
-0.000524038
0.000166113
-0.000115375
0.000132158
-0.000198119
0.000119886
-0.000137363
0.000109738
-0.000197494
9.53873e-05
-0.000175815
8.72984e-05
-0.000172184
8.47377e-05
-0.000157058
5.72832e-05
-0.000152531
5.38561e-05
-9.60863e-05
5.15432e-05
-0.000157347
5.23103e-05
-0.000183463
5.08474e-05
-0.000180564
5.30057e-05
-0.000158544
5.24189e-05
-0.000178747
6.92335e-05
-0.000103355
7.91559e-05
-0.000187266
6.28705e-05
-0.000220197
1.86872e-05
-0.000241515
-0.000505351
0.00017314
-0.000177942
0.000100351
-0.000125331
0.000127476
-0.000164488
0.000108513
-0.000178531
9.86204e-05
-0.000165923
0.000109151
-0.000182715
8.53774e-05
-0.000133285
4.66493e-05
-0.000113803
5.38393e-05
-0.000103276
7.50365e-05
-0.000178544
5.55669e-05
-0.000163994
6.00411e-05
-0.000185039
0.000104816
-0.000203319
5.206e-05
-0.000125991
8.68992e-05
-0.000138194
3.8557e-05
-0.000138923
3.76202e-05
-0.000219261
1.22401e-05
-0.000216135
-0.000493111
0.000146355
-0.00015848
0.000134774
-0.00011375
7.15998e-05
-0.000101314
6.50324e-05
-0.000171963
7.03007e-05
-0.000171191
6.35718e-05
-0.000175986
4.28521e-05
-0.000112565
0.000116956
-0.000187907
0.000127353
-0.000113673
8.94596e-05
-0.000140651
4.34377e-05
-0.000117972
4.85744e-05
-0.000190176
7.27563e-05
-0.000227501
8.40782e-05
-0.000137313
9.28635e-05
-0.000146979
0.000100155
-0.000146215
2.77945e-05
-0.0001469
1.53398e-05
-0.000203681
-0.000477771
0.000122955
-0.000142757
0.000143111
-0.000133905
0.000136943
-9.51469e-05
0.000132453
-0.000167473
8.11059e-05
-0.000119844
2.73975e-05
-0.000122278
7.78364e-05
-0.000163004
4.60809e-05
-0.000156152
8.69281e-05
-0.00015452
5.24221e-05
-0.000106145
0.000106875
-0.000172425
3.90903e-05
-0.000122391
2.65756e-05
-0.000214986
8.64351e-05
-0.000197172
6.21739e-05
-0.000122718
5.22191e-05
-0.000136261
3.92131e-05
-0.000133894
2.136e-05
-0.000185828
-0.000456411
0.000131108
-0.000124462
0.000121855
-0.000124652
0.000115308
-8.86006e-05
9.75302e-05
-0.000149695
7.79772e-05
-0.000100291
0.000101875
-0.000146175
9.18666e-05
-0.000152996
8.58444e-05
-0.00015013
8.86499e-05
-0.000157326
8.47894e-05
-0.000102285
7.79871e-05
-0.000165623
6.46006e-05
-0.000109004
3.43608e-05
-0.000184746
3.02907e-05
-0.000193102
8.36297e-05
-0.000176057
5.62678e-05
-0.000108899
4.63772e-05
-0.000124003
2.14991e-05
-0.000160949
-0.000434912
0.000113595
-0.000105454
0.000103185
-0.000114242
0.000136187
-0.000121602
0.000104913
-0.000118421
9.2818e-05
-8.81969e-05
8.33778e-05
-0.000136735
7.69217e-05
-0.00014654
7.53707e-05
-0.000148579
3.56223e-05
-0.000117578
0.000109068
-0.00017573
6.6843e-05
-0.000123399
7.9214e-05
-0.000121375
3.28257e-05
-0.000138358
5.23002e-05
-0.000212577
6.42487e-05
-0.000188006
5.55981e-05
-0.000100248
5.35805e-05
-0.000121986
2.90694e-05
-0.000136438
-0.000405842
0.000109702
-7.5918e-05
9.42588e-05
-9.87983e-05
4.69586e-05
-7.43018e-05
6.02029e-05
-0.000131665
0.000115638
-0.000143632
7.30044e-05
-9.41014e-05
6.53264e-05
-0.000138862
1.66238e-05
-9.98764e-05
5.65115e-05
-0.000157465
3.84451e-05
-0.000157664
3.17249e-05
-0.000116678
3.55936e-05
-0.000125244
9.59584e-05
-0.000198723
3.33743e-05
-0.000149993
4.01139e-05
-0.000194745
5.19364e-05
-0.000112071
5.04559e-05
-0.000120505
3.30725e-05
-0.000119055
-0.00037277
0.000114756
-9.07837e-05
7.42053e-05
-5.82478e-05
8.77628e-05
-8.78593e-05
4.93798e-05
-9.32823e-05
3.86957e-05
-0.000132948
8.38208e-05
-0.000139227
4.54171e-05
-0.000100458
4.4771e-05
-9.92303e-05
4.35705e-05
-0.000156265
4.85419e-05
-0.000162635
5.59005e-05
-0.000124037
6.08818e-05
-0.000130225
6.40886e-05
-0.00020193
4.17636e-05
-0.000127668
4.54508e-05
-0.000198433
5.61356e-05
-0.000122755
7.29193e-05
-0.000137289
3.55243e-05
-8.16601e-05
-0.000337246
6.18665e-05
-6.28734e-05
0.00010006
-9.64417e-05
6.90409e-05
-5.68399e-05
6.5738e-05
-8.99794e-05
3.72739e-05
-0.000104484
2.42727e-05
-0.000126225
5.91857e-05
-0.000135371
5.17037e-05
-9.17483e-05
4.46645e-05
-0.000149226
1.18444e-06
-0.000119155
2.94609e-05
-0.000152313
5.13617e-05
-0.000152126
4.16516e-05
-0.00019222
9.4881e-05
-0.000180897
3.64319e-05
-0.000139983
4.004e-05
-0.000126364
4.56502e-05
-0.000142899
0.000112389
-0.000148399
-0.000224856
5.33044e-05
-2.74129e-05
4.02007e-05
-8.3338e-05
7.62893e-05
-9.29285e-05
5.40265e-05
-6.77166e-05
5.12007e-05
-0.000101658
2.91036e-05
-0.000104128
1.97347e-05
-0.000126002
3.97419e-05
-0.000111756
2.02849e-05
-0.000129769
4.94329e-05
-0.000148303
3.46465e-05
-0.000137527
3.70887e-05
-0.000154568
4.7292e-05
-0.000202423
5.17681e-05
-0.000185373
3.81187e-05
-0.000126334
4.54202e-05
-0.000133665
6.1937e-05
-0.000159416
2.95339e-05
-0.000115996
-0.000195322
8.60581e-05
-4.07947e-05
7.43217e-05
-7.16016e-05
2.9917e-05
-4.85238e-05
6.49267e-05
-0.000102726
6.17235e-05
-9.84552e-05
2.47166e-05
-6.71214e-05
2.8559e-05
-0.000129845
3.97505e-05
-0.000122947
4.03659e-05
-0.000130384
3.78591e-05
-0.000145796
4.66945e-05
-0.000146363
5.38177e-05
-0.000161691
4.48495e-05
-0.000193455
4.84753e-05
-0.000188999
3.69554e-05
-0.000114814
4.21567e-05
-0.000138866
2.8219e-05
-0.000145478
3.74898e-05
-0.000125267
-0.000157833
5.54996e-05
-3.14632e-05
5.30218e-05
-6.91238e-05
7.20113e-05
-6.75133e-05
2.78043e-05
-5.85193e-05
1.93666e-05
-9.00174e-05
5.03796e-05
-9.81344e-05
3.07387e-05
-0.000110204
4.75687e-05
-0.000139777
1.54503e-05
-9.82658e-05
2.08314e-05
-0.000151177
2.41503e-05
-0.000149681
2.33623e-05
-0.000160903
2.06229e-05
-0.000190715
3.87284e-06
-0.000172249
2.29933e-05
-0.000133935
1.0628e-05
-0.000126501
4.96493e-05
-0.0001845
3.12925e-05
-0.00010691
-0.00012654
5.86135e-05
-3.19889e-05
2.38986e-05
-3.44088e-05
2.12189e-05
-6.48336e-05
3.3131e-05
-7.04315e-05
4.47567e-05
-0.000101643
1.4893e-05
-6.82707e-05
2.66683e-05
-0.000121979
1.31925e-05
-0.000126301
5.02759e-05
-0.000135349
5.83674e-05
-0.000159269
1.84641e-05
-0.000109778
3.00744e-05
-0.000172514
1.82768e-05
-0.000178918
4.57864e-06
-0.000158551
2.03482e-07
-0.000129559
2.5017e-05
-0.000151315
1.86311e-05
-0.000178114
3.38082e-05
-0.000122087
-9.27318e-05
5.11322e-05
-4.32085e-05
4.96769e-05
-3.29535e-05
4.73214e-05
-6.24781e-05
4.34771e-05
-6.65872e-05
9.43933e-06
-6.76053e-05
3.50443e-05
-9.38757e-05
2.47147e-05
-0.00011165
2.26125e-05
-0.000124199
2.30692e-05
-0.000135806
1.3888e-05
-0.000150088
4.76067e-05
-0.000143497
4.75044e-05
-0.000172411
5.71843e-05
-0.000188598
1.49549e-05
-0.000116322
-3.68749e-06
-0.000110917
9.37108e-06
-0.000164373
2.27747e-05
-0.000191517
3.00499e-05
-0.000129363
-6.26818e-05
2.42239e-05
-2.34413e-05
2.31978e-05
-3.19274e-05
2.59847e-05
-6.5265e-05
6.31376e-06
-4.69162e-05
2.97453e-05
-9.10369e-05
2.01868e-05
-8.43172e-05
2.80489e-05
-0.000119512
2.17405e-05
-0.00011789
1.88933e-05
-0.000132959
1.91548e-05
-0.000150349
1.63798e-05
-0.000140722
2.13939e-05
-0.000177426
2.74788e-05
-0.000194683
1.89844e-05
-0.000107827
1.25691e-05
-0.000104502
2.25607e-05
-0.000174365
2.09279e-05
-0.000189885
3.74253e-05
-0.00014586
-2.52565e-05
2.18712e-05
-3.40783e-05
4.1462e-05
-5.15182e-05
1.9263e-05
-4.30659e-05
1.93085e-05
-4.69618e-05
1.25126e-05
-8.4241e-05
2.49688e-05
-9.67734e-05
2.15091e-05
-0.000116052
2.27904e-05
-0.000119172
1.65608e-05
-0.000126729
1.25384e-05
-0.000146327
2.44909e-05
-0.000152674
2.02258e-05
-0.00017316
2.62918e-05
-0.000200749
2.77194e-05
-0.000109255
4.48996e-05
-0.000121682
7.05964e-06
-0.000136525
1.50021e-05
-0.000197827
5.14871e-05
-0.000182345
2.62306e-05
1.10745e-05
-1.92645e-05
1.65788e-05
-5.70225e-05
1.78315e-05
-4.43186e-05
1.54358e-05
-4.45662e-05
3.46333e-05
-0.000103438
1.25118e-05
-7.46519e-05
3.26329e-05
-0.000136173
8.27255e-06
-9.48115e-05
2.34161e-05
-0.000141873
3.07577e-05
-0.000153668
2.61309e-06
-0.00012453
-9.0685e-07
-0.000169641
-1.15872e-06
-0.000200497
1.32871e-05
-0.000123701
3.17382e-05
-0.000140133
4.55103e-05
-0.000150297
2.72828e-05
-0.000179599
9.26088e-06
-0.000164323
3.54915e-05
1.15442e-05
1.72423e-06
9.74888e-06
2.28877e-05
5.58533e-06
2.24674e-05
2.62515e-06
2.75149e-05
1.27384e-05
-5.24602e-06
2.55189e-05
3.39641e-06
-3.74542e-05
-1.18475e-05
1.87595e-06
9.0118e-06
1.93339e-05
5.32491e-05
)
;

boundaryField
{
    leftWall
    {
        type            calculated;
        value           uniform 0;
    }
    rightWall
    {
        type            calculated;
        value           uniform 0;
    }
    lowerWall
    {
        type            calculated;
        value           uniform 0;
    }
    atmosphere
    {
        type            calculated;
        value           nonuniform List<scalar> 
46
(
0.000159546
0.000154782
0.000160324
0.00015594
0.000148872
0.000145619
0.000131069
0.000130011
0.000120069
0.000109234
0.000105346
8.10506e-05
9.41981e-05
7.71665e-05
7.08552e-05
6.32322e-05
5.20142e-05
5.21273e-05
2.53348e-05
3.15027e-05
1.2062e-05
1.66921e-05
5.24255e-06
-1.44704e-06
-4.86711e-06
-6.13739e-06
-7.83365e-06
-2.58161e-05
-4.72025e-05
-5.23433e-05
-5.7705e-05
-8.6136e-05
-9.15339e-05
-0.000116331
-0.000119701
-0.000127096
-0.000135684
-0.000155294
-0.000147518
-0.000159646
-0.000149307
-0.000153856
-0.000157433
-0.000189922
-0.000198238
8.87406e-05
)
;
    }
    defaultFaces
    {
        type            empty;
    }
}


// ************************************************************************* //
