/*--------------------------------*- C++ -*----------------------------------*\
| =========                 |                                                 |
| \\      /  F ield         | foam-extend: Open Source CFD                    |
|  \\    /   O peration     | Version:     4.1                                |
|   \\  /    A nd           | Web:         http://www.foam-extend.org         |
|    \\/     M anipulation  |                                                 |
\*---------------------------------------------------------------------------*/
FoamFile
{
    version     2.0;
    format      ascii;
    class       volVectorField;
    location    "0.85";
    object      U;
}
// * * * * * * * * * * * * * * * * * * * * * * * * * * * * * * * * * * * * * //

dimensions      [0 1 -1 0 0 0 0];

internalField   nonuniform List<vector> 
2268
(
(-0.0713632 -0.0175741 0)
(0.128722 0.0309697 0)
(-0.246984 0.0155402 0)
(-0.123363 -0.0336695 0)
(-0.11844 0.00517978 0)
(-0.271825 0.00656051 0)
(-0.0393691 -0.0787152 0)
(0.0196004 -0.076246 0)
(0.0806414 0.0342857 0)
(-0.143086 0.118946 0)
(-0.140232 -0.000621958 0)
(-0.11125 0.000486642 0)
(-0.0503868 -0.0177066 0)
(-0.0367631 -0.00519795 0)
(-0.00839755 0.0033336 0)
(0.00346843 -0.00745932 0)
(0.0324182 -0.00261845 0)
(0.0227853 0.0176102 0)
(-0.0223627 0.00533165 0)
(-0.0370133 -0.0141126 0)
(-0.0200533 -0.0189742 0)
(0.0337347 -0.00839449 0)
(0.00486096 -0.00216814 0)
(-0.17791 -0.000894815 0)
(-0.00567861 0.106411 0)
(-0.420419 0.0929845 0)
(-0.200634 -0.0346878 0)
(-0.0750665 -0.00661827 0)
(-0.15574 0.0290558 0)
(-0.163364 -0.054831 0)
(-0.448952 0.00608529 0)
(-0.49591 0.126587 0)
(-0.300598 -0.0276445 0)
(-0.176334 -0.00633339 0)
(-0.155042 -0.0517007 0)
(-0.0862517 -0.0122246 0)
(-0.0410205 -0.0533544 0)
(-0.00152376 -0.0281734 0)
(0.00558444 -0.0106713 0)
(0.0276807 -0.00847895 0)
(0.0202549 0.0106812 0)
(0.0196702 0.00887276 0)
(0.0277114 0.0243537 0)
(9.70805e-05 -0.0102486 0)
(-0.0159005 -0.00763065 0)
(0.00185737 0.0215532 0)
(-0.183021 0.0509644 0)
(-0.181249 0.0384528 0)
(-0.339731 0.074914 0)
(-0.114989 -0.0598988 0)
(-0.225196 -0.0316562 0)
(-0.0651374 0.0525375 0)
(-0.211911 -0.0579306 0)
(-0.393236 0.0106385 0)
(-0.28816 0.114468 0)
(0.269876 -0.163498 0)
(0.0426071 0.0547587 0)
(-0.163691 -0.0792379 0)
(-0.150607 -0.0217936 0)
(-0.11307 -0.0781626 0)
(-0.0205167 -0.0245571 0)
(0.00509924 -0.021183 0)
(0.0197289 0.00498415 0)
(0.0114606 0.00478652 0)
(0.0198 0.0149908 0)
(0.0295567 0.00882497 0)
(-0.00262975 -0.00847631 0)
(-0.0140559 -0.011033 0)
(0.00115048 0.00290568 0)
(-0.328126 0.131769 0)
(-0.281058 0.0871747 0)
(-0.271388 0.131147 0)
(-0.140527 -0.0728675 0)
(-0.269732 -0.0518894 0)
(-0.0777577 0.0506594 0)
(-0.268218 -0.0470697 0)
(-0.427991 0.00963695 0)
(-0.124375 0.0286278 0)
(-0.0741126 -0.176254 0)
(-0.0294951 0.192172 0)
(-0.214749 -0.0619308 0)
(-0.17639 -0.00925878 0)
(-0.168349 -0.0772792 0)
(-0.0566248 -0.0806807 0)
(-0.0408996 -0.0256543 0)
(0.00858631 -0.0139169 0)
(0.00264708 0.0137724 0)
(0.0201456 0.0130858 0)
(0.0249091 0.0166471 0)
(-0.00870307 0.0103613 0)
(-0.0227714 -0.00564995 0)
(-0.0046112 0.00564106 0)
(-0.418914 0.224068 0)
(-0.256277 0.0900678 0)
(-0.180988 0.143197 0)
(-0.0732462 -0.167573 0)
(-0.219554 0.0122661 0)
(-0.172208 0.0647626 0)
(-0.311979 -0.0131905 0)
(-0.363689 -0.00916214 0)
(-0.275496 -0.0475026 0)
(-0.357145 -0.20182 0)
(-0.168562 0.140753 0)
(-0.256796 -0.0642216 0)
(-0.190757 -0.0514112 0)
(-0.23122 -0.0966212 0)
(-0.0631805 -0.145568 0)
(-0.020423 -0.0311913 0)
(-0.0136731 -0.0133044 0)
(-0.0191152 -0.00555641 0)
(0.0132467 0.0160902 0)
(0.00896945 -0.00204495 0)
(-0.0282853 0.0086972 0)
(-0.0222306 -0.0133621 0)
(-0.00949673 -0.0108831 0)
(-0.363343 0.28897 0)
(-0.0630599 0.0607553 0)
(-0.125585 0.0377694 0)
(0.175717 -0.217619 0)
(-0.153462 0.0315132 0)
(-0.146621 0.0630655 0)
(-0.121837 0.0189147 0)
(-0.290474 -0.00707201 0)
(-0.375893 -0.0234231 0)
(-0.387087 -0.136944 0)
(-0.303662 0.124816 0)
(-0.274686 -0.0723216 0)
(-0.187963 -0.0840603 0)
(-0.24044 -0.232076 0)
(-0.0529776 -0.0715493 0)
(0.00841474 -0.0427921 0)
(-0.0205534 -0.0256331 0)
(-0.0273799 0.0161198 0)
(-0.00309573 0.00696378 0)
(0.00522874 0.0320327 0)
(-0.0293001 0.0474161 0)
(-0.0383758 -0.0156331 0)
(-0.0336632 -0.0253231 0)
(-0.241213 0.349171 0)
(0.126275 0.0565656 0)
(0.100226 0.0365389 0)
(-0.0436401 -0.106151 0)
(-0.124062 0.1143 0)
(-0.120837 0.0827273 0)
(-0.0938128 -0.00292857 0)
(-0.199316 0.0482472 0)
(-0.405525 0.015779 0)
(-0.368496 -0.107781 0)
(-0.464314 -0.031384 0)
(-0.207363 -0.0147363 0)
(-0.177354 -0.0275273 0)
(-0.149773 -0.249517 0)
(0.0151877 -0.251572 0)
(-0.0478546 -0.0331729 0)
(-0.0382518 -0.0290197 0)
(-0.0293457 -0.00797094 0)
(0.0022615 0.00113415 0)
(0.0282146 0.0405662 0)
(-0.0439861 0.0214478 0)
(-0.0363302 0.0208425 0)
(-0.035269 -0.0141233 0)
(-0.110787 0.324174 0)
(-0.0791706 -0.0551241 0)
(0.117117 0.0441313 0)
(0.0396122 -0.0216065 0)
(0.07461 0.0811191 0)
(0.0674381 0.114028 0)
(-0.165156 0.0135952 0)
(0.05579 0.0207331 0)
(-0.183809 0.153117 0)
(-0.0252641 -0.12668 0)
(-0.306429 -0.0770409 0)
(-0.112423 -0.210921 0)
(-0.0654794 0.0735361 0)
(-0.0459624 -0.205267 0)
(-0.0655541 -0.339153 0)
(-0.0605935 -0.0180816 0)
(-0.14839 -0.0451977 0)
(-0.0749206 -0.0174413 0)
(-0.00360611 -0.0173637 0)
(0.0224464 0.0778018 0)
(-0.141066 0.0541741 0)
(-0.0557981 -0.0774088 0)
(-0.0684833 -0.134349 0)
(-0.383099 0.105465 0)
(-0.428106 0.0320785 0)
(-0.671095 0.0672255 0)
(-0.873777 0.0367134 0)
(-0.921028 -0.049303 0)
(-0.877827 -0.00799005 0)
(-0.894204 0.0307306 0)
(-1.01827 -0.131532 0)
(-1.14088 -0.0570425 0)
(-1.04234 -0.101985 0)
(-1.1853 0.0595987 0)
(-1.22068 0.137927 0)
(-1.17429 -0.04348 0)
(-1.08836 0.00180272 0)
(-1.064 -0.0214124 0)
(-0.956489 -0.120436 0)
(-0.940292 -0.142816 0)
(-0.795518 0.0423694 0)
(-0.126037 -0.132004 0)
(-0.334792 0.277226 0)
(-0.390676 0.0984103 0)
(-0.562843 0.0864659 0)
(-0.831841 0.059701 0)
(-0.902794 0.0382953 0)
(-0.772727 0.0228449 0)
(-0.986699 -0.0480933 0)
(-1.08287 -0.123639 0)
(-1.18506 0.0448155 0)
(-1.07668 0.118216 0)
(-1.04457 0.0768382 0)
(-1.18665 0.194153 0)
(-1.0992 0.0479254 0)
(-0.914599 -0.0427674 0)
(-0.984685 -0.0630972 0)
(-0.871719 0.00162783 0)
(-0.7401 -0.174503 0)
(-0.56876 -0.0470531 0)
(-0.130866 -0.278469 0)
(-0.423641 0.637999 0)
(-0.316782 0.282653 0)
(-0.211587 0.207737 0)
(-0.618216 -0.0588885 0)
(-0.834743 0.217383 0)
(-0.715449 0.00278381 0)
(-0.870454 -0.154055 0)
(-1.01619 -0.0635268 0)
(-1.03362 -0.0270481 0)
(-1.01398 0.188122 0)
(-0.975433 -0.0193825 0)
(-1.00698 0.00947039 0)
(-1.0003 0.157419 0)
(-0.822448 -0.171669 0)
(-0.827906 -0.226803 0)
(-0.883893 0.0376274 0)
(-0.690324 -0.268412 0)
(-0.41024 -0.255424 0)
(-0.0295109 -0.401641 0)
(-0.440937 0.713321 0)
(-0.238505 0.525813 0)
(-0.365622 0.230242 0)
(-0.740106 0.202179 0)
(-0.854691 0.320461 0)
(-0.675931 0.086922 0)
(-0.677828 -0.118357 0)
(-0.841034 -0.204501 0)
(-0.946684 0.0263017 0)
(-0.939932 0.0794644 0)
(-0.957974 0.150715 0)
(-0.868975 0.0906747 0)
(-0.961266 0.0532889 0)
(-0.764188 -0.0478635 0)
(-0.64807 -0.245671 0)
(-0.655763 -0.0603116 0)
(-0.684263 -0.221686 0)
(-0.270614 -0.320222 0)
(-0.00825548 -0.471189 0)
(-0.420636 0.893966 0)
(-0.333122 0.574692 0)
(-0.40075 0.233899 0)
(-0.667489 0.149722 0)
(-0.722294 0.186843 0)
(-0.47019 0.202959 0)
(-0.39368 -0.0143662 0)
(-0.64083 -0.0215587 0)
(-0.776989 0.194867 0)
(-0.80062 -0.00526691 0)
(-0.811575 0.167963 0)
(-0.674614 -0.0274562 0)
(-0.701835 -0.172708 0)
(-0.636909 -0.0631613 0)
(-0.406536 -0.312389 0)
(-0.198592 -0.314428 0)
(-0.357338 -0.473343 0)
(-0.0809532 -0.37048 0)
(0.0516495 -0.500228 0)
(-0.509355 1.02408 0)
(-0.323357 0.741817 0)
(-0.436962 0.294607 0)
(-0.505921 0.133066 0)
(-0.487383 0.224438 0)
(-0.155711 0.109952 0)
(-0.160255 -0.1985 0)
(-0.355896 0.0404174 0)
(-0.434662 0.0284908 0)
(-0.520263 0.241521 0)
(-0.494068 0.160013 0)
(-0.310442 0.0676174 0)
(-0.375782 -0.125372 0)
(-0.251707 -0.268658 0)
(-0.211167 -0.242306 0)
(0.0245523 -0.240023 0)
(-0.190206 -0.633965 0)
(0.144744 -0.504786 0)
(0.0989215 -0.482796 0)
(-0.417211 1.29277 0)
(-0.453241 0.864678 0)
(-0.428327 0.309146 0)
(-0.256953 0.151753 0)
(-0.332093 0.254193 0)
(0.114252 -0.0474277 0)
(-0.0473046 -0.198222 0)
(-0.221561 0.0750403 0)
(-0.33414 0.222029 0)
(-0.349811 0.105372 0)
(-0.353661 0.209424 0)
(-0.0120285 -0.0104151 0)
(-0.0554889 -0.0728498 0)
(0.00254977 -0.220016 0)
(0.112014 -0.475592 0)
(0.0812906 -0.145253 0)
(0.213127 -0.296621 0)
(0.301953 -0.499597 0)
(0.155454 -0.448256 0)
(-0.552644 1.38506 0)
(-0.657038 0.673891 0)
(-0.449391 0.206154 0)
(-0.124781 0.119839 0)
(-0.0618303 0.0839877 0)
(0.106049 0.0105646 0)
(0.00581938 -0.0676723 0)
(-0.103409 0.192555 0)
(-0.279477 0.213632 0)
(-0.328093 0.0774492 0)
(-0.220086 0.15582 0)
(0.138455 -0.0955181 0)
(0.15039 -0.0750783 0)
(0.348975 -0.268098 0)
(0.438084 -0.311633 0)
(0.404128 -0.346466 0)
(0.463139 -0.299655 0)
(0.407736 -0.410309 0)
(0.226617 -0.38744 0)
(0.0755974 0.521728 0)
(0.13506 -0.048733 0)
(0.061831 -0.0214243 0)
(0.0100667 0.00191276 0)
(-0.157824 0.171586 0)
(0.0502429 0.137674 0)
(-0.060396 0.0531544 0)
(-0.0703342 0.0285241 0)
(-0.0287047 0.0975156 0)
(-0.159881 -0.0669803 0)
(-0.287019 -0.114118 0)
(-0.182718 -0.305714 0)
(0.0948998 -0.0655066 0)
(0.0672574 -0.253453 0)
(-0.159342 -0.137371 0)
(-0.120472 0.0277996 0)
(-0.120811 -0.0266774 0)
(-0.0927701 -0.0241298 0)
(-0.110119 -0.0650951 0)
(-0.0550138 0.0221279 0)
(0.0717864 0.054281 0)
(-0.0642533 0.0550973 0)
(-0.299649 0.14344 0)
(0.132577 0.446487 0)
(0.0341474 0.0835014 0)
(-0.0211336 0.120238 0)
(-0.117915 0.134842 0)
(-0.119707 0.112556 0)
(-0.0135558 0.12305 0)
(-0.00610641 0.0646603 0)
(0.00654254 0.0457469 0)
(0.104211 0.146584 0)
(-0.0711783 0.149881 0)
(-0.0653732 -0.127116 0)
(-0.118027 -0.170042 0)
(-0.189117 -0.2008 0)
(-0.139753 -0.119905 0)
(-0.302121 -0.0355603 0)
(-0.316966 -0.122917 0)
(-0.355359 -0.0948776 0)
(-0.357164 -0.0624679 0)
(-0.409243 -0.037064 0)
(-0.407265 -0.0654789 0)
(-0.331879 0.0544158 0)
(-0.633144 0.228526 0)
(-0.769105 0.303338 0)
(-0.0979189 0.271304 0)
(-0.232865 0.105171 0)
(-0.199642 0.106217 0)
(-0.136405 0.106288 0)
(-0.105087 -0.0413512 0)
(-0.0344528 -0.0660708 0)
(0.091508 0.0047597 0)
(0.0344876 0.0357682 0)
(0.160687 0.111765 0)
(0.0988137 0.158204 0)
(-0.00312915 -0.0996431 0)
(0.0667359 -0.166023 0)
(-0.153725 -0.0535507 0)
(-0.132287 0.201092 0)
(-0.385115 0.150048 0)
(-0.471 0.117602 0)
(-0.449831 0.0332292 0)
(-0.537265 0.083189 0)
(-0.612971 -0.043516 0)
(-0.66039 -0.0762846 0)
(-0.615949 0.158925 0)
(-0.822656 0.298045 0)
(-0.847377 0.436276 0)
(-0.102798 0.393439 0)
(-0.202656 0.210368 0)
(-0.145619 0.165745 0)
(-0.151585 0.00658912 0)
(-0.0505604 -0.103392 0)
(-0.0794375 -0.0404744 0)
(-0.0409992 0.0551175 0)
(-0.196835 -0.0118139 0)
(-0.121116 -0.0163065 0)
(0.127539 0.285351 0)
(-0.0909586 -0.258974 0)
(0.13858 -0.0823727 0)
(-0.190832 -0.0456538 0)
(-0.217226 0.332824 0)
(-0.469168 0.223882 0)
(-0.539403 0.173772 0)
(-0.444159 0.0234011 0)
(-0.626062 0.0128087 0)
(-0.893785 0.093144 0)
(-0.698756 0.0564644 0)
(-0.590534 0.180945 0)
(-0.698453 0.290043 0)
(-0.81023 0.271507 0)
(-0.0471076 0.565565 0)
(-0.0624833 0.174028 0)
(0.0396849 -0.0132101 0)
(0.06402 0.0839925 0)
(0.0487673 -0.110602 0)
(-0.0241147 -0.10249 0)
(0.134221 0.106751 0)
(0.0374442 0.0231563 0)
(-0.125061 -0.0862513 0)
(0.125583 0.243142 0)
(0.0618162 -0.0424855 0)
(-0.385846 0.00659944 0)
(-0.337866 0.144334 0)
(-0.344338 0.375095 0)
(-0.543355 0.290711 0)
(-0.629104 0.177036 0)
(-0.405851 0.0312866 0)
(-0.3136 -0.064283 0)
(-0.682473 0.0438043 0)
(-0.756796 0.273755 0)
(-0.556885 0.356845 0)
(-0.631991 0.333166 0)
(-0.609392 0.138607 0)
(-0.0435246 0.545667 0)
(0.00481954 0.349687 0)
(-0.00787242 -0.0189815 0)
(-0.0183049 -0.0750018 0)
(0.0442135 -0.121765 0)
(-0.0362548 -0.174164 0)
(0.0594659 0.191574 0)
(-0.0150603 0.15369 0)
(-0.219437 -0.0219929 0)
(-0.186742 0.145893 0)
(-0.0885625 0.316813 0)
(-0.363239 0.342049 0)
(-0.277998 -0.0377474 0)
(-0.376255 0.464011 0)
(-0.539743 0.310946 0)
(-0.536364 0.287243 0)
(-0.335754 0.198405 0)
(-0.431502 0.102578 0)
(-0.546485 0.0233852 0)
(-0.601102 0.275758 0)
(-0.562384 0.340604 0)
(-0.552995 0.313997 0)
(-0.530297 0.342389 0)
(0.0105205 0.563817 0)
(0.0700763 0.255908 0)
(0.0099856 -0.0243067 0)
(-0.0133882 0.0675279 0)
(0.0407523 -0.0292935 0)
(-0.0818184 -0.10611 0)
(-0.167513 0.0875651 0)
(-0.12073 0.202949 0)
(-0.126308 0.138504 0)
(-0.191715 0.0171686 0)
(-0.0557683 0.110119 0)
(-0.0551229 0.945115 0)
(0.0295697 0.225753 0)
(-0.417189 0.714275 0)
(-0.322894 0.340013 0)
(-0.350347 0.230119 0)
(-0.27264 0.149314 0)
(-0.394707 0.232548 0)
(-0.489017 0.267524 0)
(-0.604214 0.277007 0)
(-0.62678 0.305023 0)
(-0.571474 0.297191 0)
(-0.59365 0.334945 0)
(0.0421127 0.451402 0)
(0.0861297 0.129608 0)
(0.0014996 -0.000724122 0)
(-0.0147482 -0.107231 0)
(0.0417341 -0.0321456 0)
(-0.0563514 -0.0419722 0)
(-0.107223 0.124029 0)
(-0.0485318 0.0845171 0)
(0.0529347 0.13301 0)
(-0.00410746 0.134519 0)
(-0.144547 -0.0409735 0)
(-0.0712296 0.311133 0)
(-0.0481844 0.259734 0)
(-0.364198 0.585571 0)
(-0.27643 0.280528 0)
(-0.294555 0.116006 0)
(-0.308234 0.191046 0)
(-0.477149 0.337133 0)
(-0.555094 0.280057 0)
(-0.59255 0.23072 0)
(-0.588728 0.238829 0)
(-0.681054 0.315023 0)
(-0.793888 0.41632 0)
(0.105977 0.435767 0)
(0.200249 0.287554 0)
(0.160258 0.15227 0)
(0.0394542 -0.00874042 0)
(-0.00125539 0.026239 0)
(-0.319223 0.118126 0)
(-0.518002 0.165045 0)
(-0.381966 0.194271 0)
(-0.304896 0.159134 0)
(-0.424818 0.139594 0)
(-0.535062 0.215035 0)
(-0.417301 0.277325 0)
(-0.554816 0.48681 0)
(-0.560647 0.516179 0)
(-0.437956 0.349797 0)
(-0.522813 0.265874 0)
(-0.533805 0.303972 0)
(-0.697211 0.416752 0)
(-0.698334 0.48134 0)
(-0.663976 0.340146 0)
(-0.736351 0.327784 0)
(-0.713505 0.332964 0)
(-0.941314 0.483011 0)
(0.0132744 0.538774 0)
(0.0602105 0.43057 0)
(0.00451599 0.172688 0)
(0.0477305 0.064579 0)
(-0.121394 0.140159 0)
(-0.401635 0.212564 0)
(-0.39122 0.129107 0)
(-0.244499 0.0446702 0)
(-0.245598 0.0460997 0)
(-0.75036 0.34433 0)
(-1.32115 0.235215 0)
(-1.51852 0.594737 0)
(-1.43557 0.810508 0)
(-1.01886 0.705789 0)
(-1.00067 0.318672 0)
(-1.04829 0.279511 0)
(-0.972798 0.223669 0)
(-0.797264 0.447846 0)
(-0.919339 0.611448 0)
(-1.04688 0.360152 0)
(-0.969818 0.306379 0)
(-0.820196 0.438413 0)
(-0.875137 0.457398 0)
(0.00822099 0.427983 0)
(0.0445237 0.314551 0)
(-0.114075 0.137419 0)
(0.0299383 0.188777 0)
(-0.271457 0.205902 0)
(-0.880845 0.270874 0)
(-0.997941 0.376897 0)
(-0.91766 0.396547 0)
(-1.04081 0.448878 0)
(-1.67469 0.531663 0)
(-1.92819 0.464194 0)
(-1.61232 0.567233 0)
(-1.50116 0.544815 0)
(-1.75472 0.429714 0)
(-1.82294 0.376918 0)
(-1.80149 0.316211 0)
(-1.44025 0.339214 0)
(-1.34372 0.388135 0)
(-1.74961 0.382667 0)
(-1.85522 0.374806 0)
(-1.24488 0.426734 0)
(-1.10449 0.545902 0)
(-1.1321 0.553315 0)
(-0.00795602 0.422605 0)
(-0.0222822 0.226112 0)
(-0.0819047 0.446415 0)
(-0.439938 0.455645 0)
(-0.832677 0.581474 0)
(-0.952655 0.597726 0)
(-0.993731 0.688173 0)
(-1.05155 0.565152 0)
(-1.06504 0.290877 0)
(-1.61687 0.203653 0)
(-1.81 0.498916 0)
(-1.63041 0.614533 0)
(-1.53766 0.385368 0)
(-1.54988 0.38406 0)
(-1.63189 0.440339 0)
(-1.64692 0.4241 0)
(-1.47313 0.57799 0)
(-1.42386 0.301158 0)
(-1.65152 0.204717 0)
(-1.68455 0.42089 0)
(-1.47025 0.512987 0)
(-1.49638 0.497083 0)
(-1.97606 0.561607 0)
(-0.0378813 0.467466 0)
(-0.0596016 0.370209 0)
(-0.535849 0.656635 0)
(-0.738693 0.677469 0)
(-0.761398 0.638405 0)
(-0.606843 0.572803 0)
(-0.490678 0.717845 0)
(-0.763349 0.76855 0)
(-0.960701 0.472244 0)
(-1.1028 0.352681 0)
(-1.34782 0.551641 0)
(-1.36302 0.585459 0)
(-1.3216 0.529453 0)
(-1.67668 0.641652 0)
(-1.82242 0.563603 0)
(-1.74466 0.654282 0)
(-2.07596 0.582352 0)
(-2.17754 0.463921 0)
(-2.17564 0.473529 0)
(-2.1127 0.532721 0)
(-2.07256 0.506422 0)
(-2.06275 0.383821 0)
(-2.052 0.358782 0)
(-0.00217415 0.685589 0)
(-0.313308 0.717301 0)
(-0.627076 0.848277 0)
(-0.683146 0.654631 0)
(-0.652745 0.518052 0)
(-0.560364 0.582008 0)
(-0.815082 0.786748 0)
(-1.18582 0.859183 0)
(-1.24511 0.753866 0)
(-1.19714 0.722513 0)
(-1.29148 0.684589 0)
(-1.29892 0.576031 0)
(-1.26833 0.522658 0)
(-1.50892 0.676789 0)
(-1.63133 0.999036 0)
(-1.95609 1.00782 0)
(-2.14833 0.703014 0)
(-1.93745 0.692865 0)
(-1.89455 0.677837 0)
(-1.85308 0.547206 0)
(-1.84163 0.384122 0)
(-1.73934 0.261394 0)
(-1.62437 0.21925 0)
(-0.060815 0.969634 0)
(-0.295248 0.933591 0)
(-0.539703 0.873929 0)
(-0.725444 0.642101 0)
(-0.925116 0.671871 0)
(-1.07382 0.799947 0)
(-1.21738 0.766286 0)
(-1.27986 0.767975 0)
(-1.3079 0.723398 0)
(-1.25487 0.748762 0)
(-1.3021 0.762784 0)
(-1.34875 0.621897 0)
(-1.26573 0.592661 0)
(-1.23068 0.677461 0)
(-1.70926 0.890485 0)
(-2.01497 0.769102 0)
(-2.11146 0.788114 0)
(-2.08221 0.715645 0)
(-1.87912 0.409999 0)
(-1.61582 0.165679 0)
(-1.51332 0.0372365 0)
(-1.37349 0.0368753 0)
(-1.31624 -0.0710087 0)
(-0.0292784 1.20391 0)
(-0.485926 1.1395 0)
(-0.763695 1.11452 0)
(-0.959222 0.935798 0)
(-1.16227 0.987072 0)
(-1.26108 0.831914 0)
(-1.3237 0.752802 0)
(-1.37616 0.679708 0)
(-1.20216 0.561276 0)
(-1.04509 0.616947 0)
(-1.2342 0.719853 0)
(-1.48422 0.703854 0)
(-1.39658 0.778099 0)
(-1.40503 0.891588 0)
(-1.78599 0.880134 0)
(-1.92583 0.799695 0)
(-1.94964 0.803016 0)
(-1.7055 0.599917 0)
(-1.55426 0.264938 0)
(-1.32845 0.225258 0)
(-1.33306 0.116477 0)
(-1.36344 -0.00289313 0)
(-1.45322 -0.157423 0)
(-0.170437 1.82332 0)
(-0.466085 1.53959 0)
(-0.658017 1.16728 0)
(-0.845791 1.04268 0)
(-1.20821 1.1993 0)
(-1.39999 0.863175 0)
(-1.2671 0.67345 0)
(-1.14245 0.619653 0)
(-1.06571 0.702028 0)
(-0.9696 0.670623 0)
(-1.61207 0.854874 0)
(-1.86531 1.0193 0)
(-1.76481 1.13346 0)
(-1.73662 1.16293 0)
(-1.82028 1.05152 0)
(-1.80544 0.878557 0)
(-1.63287 0.733785 0)
(-1.89065 0.245503 0)
(-2.18658 0.132176 0)
(-1.56792 -0.105035 0)
(-1.23791 0.174476 0)
(-0.749093 -0.176252 0)
(-0.592481 -0.654895 0)
(-0.0572958 2.53403 0)
(-0.545867 1.75703 0)
(-0.672195 1.27836 0)
(-0.709806 1.05224 0)
(-1.23225 1.10316 0)
(-1.44679 0.877896 0)
(-1.28184 0.752774 0)
(-1.13437 0.868882 0)
(-1.32522 1.07881 0)
(-1.20349 0.96774 0)
(-1.62972 0.99122 0)
(-1.89514 1.18808 0)
(-1.91116 1.33004 0)
(-1.76146 1.15578 0)
(-1.71649 1.06888 0)
(-1.44506 0.734807 0)
(-1.33622 0.318184 0)
(-1.67671 -0.174916 0)
(-2.10979 0.122337 0)
(-1.7539 0.130338 0)
(-1.80806 0.226942 0)
(-1.58906 -0.654134 0)
(-1.57673 -0.924382 0)
(-0.451991 3.1313 0)
(-0.421163 2.20958 0)
(-0.493475 1.5395 0)
(-0.562258 1.15012 0)
(-1.20517 0.982547 0)
(-1.4971 0.954667 0)
(-1.26733 0.918451 0)
(-0.994911 0.890486 0)
(-1.35129 1.31928 0)
(-1.35387 1.3708 0)
(-1.53353 1.19935 0)
(-1.74822 1.22796 0)
(-1.85325 1.35326 0)
(-1.50882 1.06891 0)
(-1.30386 0.834014 0)
(-1.02458 0.396025 0)
(-1.08197 0.195461 0)
(-1.48392 0.323211 0)
(-1.50627 0.376675 0)
(-1.51546 0.379117 0)
(-1.42461 -0.225518 0)
(-1.08397 -1.04736 0)
(-1.24085 -1.40541 0)
(-0.50231 4.15257 0)
(-0.340971 3.32633 0)
(-0.63713 1.86542 0)
(-0.605425 1.27197 0)
(-1.13614 0.952783 0)
(-1.42136 1.05594 0)
(-1.35064 1.06658 0)
(-1.15669 0.809355 0)
(-1.22182 1.13404 0)
(-1.13087 1.39733 0)
(-1.05353 1.33444 0)
(-1.25261 1.29029 0)
(-1.46929 1.4211 0)
(-1.01955 1.27572 0)
(-0.998433 0.673463 0)
(-0.754324 0.462343 0)
(-0.83236 0.388228 0)
(-0.879407 0.388248 0)
(-1.03131 0.290063 0)
(-1.21717 0.194519 0)
(-0.803397 -0.0943343 0)
(-0.389665 -0.75452 0)
(-0.415278 -1.16085 0)
(-0.413526 4.41851 0)
(-0.358044 3.73406 0)
(-0.672645 2.03808 0)
(-0.630005 1.43561 0)
(-0.856303 0.983003 0)
(-1.26147 1.00828 0)
(-1.35519 1.04484 0)
(-1.07924 0.872614 0)
(-0.93544 1.09888 0)
(-0.839786 1.33132 0)
(-0.442547 1.22144 0)
(-0.393924 0.991368 0)
(-0.643684 1.12617 0)
(-0.21673 1.04361 0)
(-0.615504 0.559012 0)
(-0.0931339 0.152296 0)
(-0.170959 0.253903 0)
(-0.405659 0.438443 0)
(0.111795 0.11732 0)
(-0.18854 0.188519 0)
(0.187267 0.0150875 0)
(0.351678 -0.633734 0)
(0.414854 -0.790949 0)
(-0.0406371 4.61715 0)
(-0.21919 4.19213 0)
(-0.49226 2.5367 0)
(-0.380363 1.71206 0)
(-0.842765 1.16877 0)
(-0.997973 0.964591 0)
(-1.00768 1.07649 0)
(-0.729225 0.902094 0)
(-0.598163 0.982276 0)
(-0.20103 1.19804 0)
(-0.0621933 1.17744 0)
(0.182469 0.970114 0)
(0.19474 0.865149 0)
(0.521034 0.581422 0)
(0.249118 0.490598 0)
(0.568852 0.451657 0)
(0.532673 0.386465 0)
(0.272185 0.409537 0)
(0.446178 -0.0425793 0)
(0.492895 -0.0324063 0)
(0.730993 -0.303712 0)
(0.954519 -0.956227 0)
(0.916268 -1.19263 0)
(0.533083 4.27521 0)
(0.206841 4.12022 0)
(-0.0769925 3.15639 0)
(-0.281188 1.95745 0)
(-0.571174 1.29535 0)
(-0.719138 1.21171 0)
(-0.595644 1.43514 0)
(-0.281077 1.03155 0)
(0.0380108 1.07764 0)
(0.0889509 1.02669 0)
(0.210212 1.04886 0)
(0.49363 0.934801 0)
(0.852593 0.830948 0)
(0.985756 0.442649 0)
(0.810653 0.469692 0)
(0.935329 0.609332 0)
(1.18162 0.390674 0)
(1.09202 0.376341 0)
(0.899803 0.0132413 0)
(1.08137 -0.262683 0)
(1.1656 -0.5911 0)
(1.09051 -0.889813 0)
(1.09041 -1.22436 0)
(0.696495 3.16465 0)
(0.561531 3.28226 0)
(0.173504 2.86489 0)
(0.0658629 2.07957 0)
(-0.162759 1.36951 0)
(-0.088159 1.05608 0)
(0.151864 1.12824 0)
(-0.0897849 1.00568 0)
(0.101489 0.774227 0)
(0.311753 0.673559 0)
(0.375615 0.765409 0)
(0.676255 0.933258 0)
(0.783466 0.771773 0)
(1.0038 0.528085 0)
(1.38475 0.452198 0)
(1.26428 0.349045 0)
(1.0718 0.226304 0)
(1.08429 0.142266 0)
(1.01143 -0.0680304 0)
(1.06643 -0.331451 0)
(1.40528 -0.638095 0)
(1.37457 -0.645335 0)
(1.23051 -0.860531 0)
(0.372966 2.79316 0)
(0.640826 2.73399 0)
(0.593488 2.16039 0)
(0.60866 2.16196 0)
(0.532325 1.71333 0)
(0.522851 1.45135 0)
(0.495136 0.928843 0)
(0.467945 0.750483 0)
(0.464527 0.591803 0)
(0.585735 0.551676 0)
(0.907585 0.638626 0)
(0.874869 0.697748 0)
(0.865238 0.643328 0)
(0.994297 0.549461 0)
(1.10627 0.503364 0)
(1.12733 0.214713 0)
(1.4488 0.13238 0)
(1.28044 0.0146632 0)
(0.977582 -0.0413977 0)
(1.07757 -0.0430837 0)
(1.18034 -0.208213 0)
(1.0685 -0.333368 0)
(0.91116 -0.618081 0)
(-0.24538 2.20985 0)
(0.228398 2.43925 0)
(0.627958 2.15912 0)
(1.00683 2.12356 0)
(1.0165 1.69347 0)
(0.846685 1.1746 0)
(0.795577 0.896694 0)
(0.641198 0.773859 0)
(0.712224 0.784212 0)
(0.701456 0.695351 0)
(0.861775 0.614573 0)
(0.853335 0.454441 0)
(0.916442 0.391557 0)
(1.13175 0.463243 0)
(1.17821 0.415398 0)
(1.06034 0.36798 0)
(1.12052 0.240289 0)
(1.04542 -0.117308 0)
(1.04167 -0.146738 0)
(1.0174 -0.269247 0)
(0.998978 -0.386634 0)
(0.950426 -0.420772 0)
(0.910639 -0.50986 0)
(-0.0727141 1.27339 0)
(0.335985 1.97182 0)
(0.591071 2.0683 0)
(0.944813 2.04582 0)
(1.02507 1.62241 0)
(0.887705 1.00307 0)
(0.966807 0.749078 0)
(0.973488 0.761745 0)
(0.87861 0.636137 0)
(0.67893 0.508457 0)
(0.791159 0.54052 0)
(0.80701 0.492328 0)
(0.95673 0.476763 0)
(1.20929 0.416752 0)
(1.09948 0.354554 0)
(0.994955 0.272271 0)
(1.00428 0.111215 0)
(0.970808 0.0226519 0)
(0.887458 -0.0496421 0)
(0.900196 -0.288901 0)
(0.99706 -0.324157 0)
(0.896707 -0.265273 0)
(0.690826 -0.375061 0)
(-0.0491764 1.27559 0)
(0.395591 1.68098 0)
(0.515922 1.70042 0)
(0.727123 1.71279 0)
(0.772587 1.51428 0)
(0.891729 1.10741 0)
(1.09516 0.836524 0)
(0.949922 0.770184 0)
(0.770976 0.39678 0)
(0.968248 0.429598 0)
(0.905205 0.464792 0)
(0.756728 0.433809 0)
(0.821459 0.487998 0)
(1.0157 0.318824 0)
(0.996033 0.242094 0)
(0.822608 0.19316 0)
(0.844823 0.12403 0)
(0.815864 0.0298201 0)
(0.737455 -0.0629266 0)
(0.823881 -0.0950597 0)
(1.15912 -0.214706 0)
(0.984417 -0.271996 0)
(0.61316 -0.383441 0)
(-0.0327787 1.19661 0)
(0.263001 1.53969 0)
(0.351931 1.42618 0)
(0.544817 1.48273 0)
(0.709872 1.36291 0)
(0.766709 1.20457 0)
(0.943769 0.895345 0)
(0.750572 0.638036 0)
(0.792539 0.571604 0)
(0.932442 0.394771 0)
(0.871197 0.378912 0)
(0.804554 0.425137 0)
(0.826396 0.421639 0)
(0.904818 0.397001 0)
(0.866661 0.128986 0)
(0.792748 0.227104 0)
(0.764411 0.1594 0)
(0.757495 0.118842 0)
(0.731042 0.0499077 0)
(0.757846 0.0405759 0)
(0.816651 -0.0854562 0)
(0.698591 -0.35863 0)
(0.556312 -0.466811 0)
(-0.0214749 1.07152 0)
(0.194112 1.32737 0)
(0.250919 1.27584 0)
(0.426134 1.30593 0)
(0.563836 1.22578 0)
(0.672537 1.08717 0)
(0.743792 0.871835 0)
(0.747057 0.704619 0)
(0.713882 0.703222 0)
(0.865747 0.580389 0)
(0.938262 0.315097 0)
(0.769808 0.402527 0)
(0.748187 0.367236 0)
(0.723795 0.335051 0)
(0.857526 0.298271 0)
(0.848026 0.183802 0)
(0.64961 0.106922 0)
(0.696381 0.07061 0)
(0.678496 0.0230419 0)
(0.678384 -0.158124 0)
(0.709364 -0.188855 0)
(0.623016 -0.186214 0)
(0.588517 -0.239758 0)
(-0.00494418 1.00496 0)
(0.146309 1.17089 0)
(0.209705 1.15529 0)
(0.331393 1.16291 0)
(0.4951 1.11295 0)
(0.554478 0.914434 0)
(0.646479 0.797962 0)
(0.710361 0.679661 0)
(0.715635 0.682858 0)
(0.643012 0.808613 0)
(0.733398 0.515984 0)
(0.794964 0.49244 0)
(0.708625 0.401288 0)
(0.809655 0.355245 0)
(0.752784 0.408852 0)
(0.626899 0.181464 0)
(0.572833 0.140226 0)
(0.596187 0.103018 0)
(0.537641 0.0216085 0)
(0.600802 -0.0110739 0)
(0.859964 -0.120701 0)
(0.666478 -0.156425 0)
(0.440515 -0.218454 0)
(-0.0109139 0.966526 0)
(0.106251 1.04382 0)
(0.153166 1.05689 0)
(0.253272 1.05458 0)
(0.344993 1.09328 0)
(0.452499 0.964856 0)
(0.590856 0.85195 0)
(0.71193 0.752719 0)
(0.930102 0.681761 0)
(0.745052 0.665365 0)
(0.620201 0.605601 0)
(0.69786 0.49614 0)
(0.597996 0.333219 0)
(0.718376 0.317545 0)
(0.676073 0.31918 0)
(0.553566 0.235683 0)
(0.567 0.139438 0)
(0.557199 0.109863 0)
(0.547794 0.0565745 0)
(0.570365 0.0736255 0)
(0.591706 -0.0256615 0)
(0.457838 -0.276086 0)
(0.431059 -0.245131 0)
(-0.0197183 0.937702 0)
(0.0869545 0.996851 0)
(0.170838 1.01763 0)
(0.313246 0.992983 0)
(0.355204 1.04228 0)
(0.403133 0.969686 0)
(0.50182 0.911 0)
(0.570865 0.847292 0)
(0.623653 0.755726 0)
(0.566639 0.475382 0)
(0.58432 0.505906 0)
(0.538996 0.351146 0)
(0.58885 0.355473 0)
(0.822562 0.229354 0)
(0.723744 0.190866 0)
(0.439732 0.241047 0)
(0.479908 0.184736 0)
(0.526134 0.115085 0)
(0.531704 0.0520467 0)
(0.516371 0.0286943 0)
(0.519424 -0.0490238 0)
(0.470688 -0.168118 0)
(0.414637 -0.135104 0)
(0.00169464 0.899274 0)
(0.0967069 0.955016 0)
(0.152412 0.942351 0)
(0.274806 0.935421 0)
(0.336937 0.853859 0)
(0.40777 0.813643 0)
(0.463125 0.744921 0)
(0.580108 0.777927 0)
(0.583094 0.668811 0)
(0.43611 0.562292 0)
(0.485408 0.556669 0)
(0.530612 0.436485 0)
(0.505145 0.422514 0)
(0.589105 0.373816 0)
(0.690763 0.114344 0)
(0.52414 0.133516 0)
(0.440315 0.150294 0)
(0.453296 0.15729 0)
(0.445687 0.0231755 0)
(0.443396 0.0390952 0)
(0.395209 0.0487997 0)
(0.374782 -0.0342827 0)
(0.348696 -0.106306 0)
(0.0245978 0.845011 0)
(0.0842629 0.884402 0)
(0.108564 0.857876 0)
(0.2122 0.823499 0)
(0.234959 0.82992 0)
(0.382668 0.797881 0)
(0.594133 0.567 0)
(0.500015 0.597158 0)
(0.434462 0.44408 0)
(0.473916 0.47997 0)
(0.462682 0.546424 0)
(0.410867 0.451992 0)
(0.518601 0.37842 0)
(0.566967 0.388105 0)
(0.444551 0.247752 0)
(0.41319 0.135288 0)
(0.572768 0.0456501 0)
(0.42222 0.110336 0)
(0.405013 0.0951741 0)
(0.551238 0.0907604 0)
(0.383728 -0.0188253 0)
(0.277192 -0.0599616 0)
(0.321812 -0.122283 0)
(0.0336604 0.820947 0)
(0.085556 0.812314 0)
(0.095004 0.820217 0)
(0.21343 0.831282 0)
(0.243468 0.750479 0)
(0.276261 0.794002 0)
(0.361074 0.724006 0)
(0.375787 0.562846 0)
(0.447616 0.513074 0)
(0.57979 0.478082 0)
(0.484092 0.478387 0)
(0.348254 0.423476 0)
(0.435863 0.418582 0)
(0.441632 0.301842 0)
(0.436431 0.249678 0)
(0.371724 0.244301 0)
(0.423853 0.184321 0)
(0.542404 -0.0291475 0)
(0.48029 0.136971 0)
(0.415438 0.10703 0)
(0.266621 -0.0766635 0)
(0.287338 -0.0413069 0)
(0.326032 -0.078915 0)
(0.0264436 0.797327 0)
(0.0868862 0.782033 0)
(0.113339 0.813463 0)
(0.132258 0.881855 0)
(0.193525 0.769816 0)
(0.369569 0.805359 0)
(0.385874 0.757061 0)
(0.247959 0.701512 0)
(0.350862 0.669925 0)
(0.467794 0.452352 0)
(0.412152 0.422753 0)
(0.364702 0.395955 0)
(0.407379 0.372964 0)
(0.393019 0.286011 0)
(0.385031 0.290496 0)
(0.353985 0.2748 0)
(0.318322 0.210673 0)
(0.382565 0.135126 0)
(0.514283 0.16655 0)
(0.365104 -0.0408636 0)
(0.212525 0.0207376 0)
(0.274456 -0.0690723 0)
(0.259906 -0.00884301 0)
(0.00689448 0.780291 0)
(0.0940809 0.691792 0)
(0.175617 0.756529 0)
(0.166495 0.874099 0)
(0.181903 0.90339 0)
(0.2707 0.84193 0)
(0.244039 0.65574 0)
(0.255139 0.620154 0)
(0.260434 0.676883 0)
(0.313959 0.554409 0)
(0.401215 0.501094 0)
(0.250778 0.420982 0)
(0.272961 0.369717 0)
(0.36387 0.342307 0)
(0.406195 0.31211 0)
(0.26434 0.24312 0)
(0.285137 0.226455 0)
(0.470375 0.134217 0)
(0.38079 0.155047 0)
(0.23367 -0.022524 0)
(0.201901 -0.00564945 0)
(0.261873 -0.0274662 0)
(0.260014 -0.0506834 0)
(-0.0677555 0.809878 0)
(0.0548064 0.767404 0)
(0.270506 0.792839 0)
(0.193805 0.771486 0)
(0.171664 0.7579 0)
(0.238067 0.773728 0)
(0.175404 0.67732 0)
(0.232632 0.628398 0)
(0.235986 0.642455 0)
(0.278378 0.636135 0)
(0.33126 0.521555 0)
(0.16875 0.482747 0)
(0.267466 0.406623 0)
(0.343875 0.435959 0)
(0.287042 0.325635 0)
(0.19803 0.172491 0)
(0.217101 0.23552 0)
(0.349226 0.199875 0)
(0.352209 0.0256731 0)
(0.201418 0.0713492 0)
(0.235474 0.0673614 0)
(0.292488 0.0677158 0)
(0.149363 -0.0933503 0)
(0.000711205 0.829609 0)
(0.0722283 0.995535 0)
(0.150101 0.831452 0)
(0.115744 0.760676 0)
(0.178437 0.771701 0)
(0.236453 0.741921 0)
(0.143671 0.754265 0)
(0.171764 0.820807 0)
(0.231856 0.527929 0)
(0.254537 0.764046 0)
(0.252894 0.410057 0)
(0.126588 0.486997 0)
(0.215787 0.547508 0)
(0.287339 0.406564 0)
(0.144473 0.216411 0)
(0.181114 0.218542 0)
(0.247542 0.187892 0)
(0.285505 0.165536 0)
(0.217193 0.0604613 0)
(0.226282 0.0436178 0)
(0.165645 0.126172 0)
(0.170571 0.0405178 0)
(0.159914 -0.0471776 0)
(0.0183478 0.723017 0)
(0.0533793 0.895332 0)
(0.0923446 0.702346 0)
(0.112747 0.693574 0)
(0.13234 0.823922 0)
(0.212491 0.652311 0)
(0.281529 0.726132 0)
(0.0371709 0.693074 0)
(0.162059 0.614268 0)
(0.227818 0.584128 0)
(0.094539 0.458513 0)
(0.259098 0.517641 0)
(0.159843 0.453226 0)
(0.0534846 0.328545 0)
(0.103562 0.334152 0)
(0.157737 0.444211 0)
(0.147141 0.325926 0)
(0.240533 0.272078 0)
(0.20497 0.234588 0)
(0.210028 0.124715 0)
(0.189518 0.0474537 0)
(0.0866271 0.0376727 0)
(0.107683 -0.0377265 0)
(0.133474 0.843834 0)
(0.0373691 0.842416 0)
(-0.0364892 0.845658 0)
(0.202787 0.826704 0)
(0.144576 0.812139 0)
(0.145395 0.772933 0)
(0.198582 0.704046 0)
(0.0960269 0.679974 0)
(0.126074 0.666438 0)
(0.0917826 0.571355 0)
(0.197746 0.577038 0)
(0.0104242 0.44123 0)
(0.0413539 0.492018 0)
(0.121067 0.413489 0)
(0.230591 0.386224 0)
(0.150738 0.351316 0)
(0.0349656 0.283571 0)
(0.0952411 0.286841 0)
(-0.0131409 0.134436 0)
(0.0652907 0.17072 0)
(0.062672 0.0615619 0)
(0.0407592 0.0886942 0)
(0.0703354 0.0256024 0)
(-0.407523 0.676906 0)
(-0.528733 0.736399 0)
(-0.845105 0.758334 0)
(-0.980394 0.877944 0)
(-0.738495 0.388865 0)
(-0.838505 0.378873 0)
(-0.860245 0.355369 0)
(-0.871014 0.427047 0)
(-0.794132 0.37608 0)
(-0.772161 0.368904 0)
(-0.720869 0.322447 0)
(-0.642752 0.367615 0)
(-0.826656 0.279933 0)
(-0.770288 0.264467 0)
(-0.434549 0.208781 0)
(-0.275986 0.177896 0)
(-0.555449 0.19299 0)
(-0.53577 0.17721 0)
(-0.495665 0.201715 0)
(-0.430312 0.0993716 0)
(-0.405353 0.221567 0)
(-0.446268 0.109522 0)
(-0.432815 0.0278876 0)
(-0.447228 0.00334888 0)
(-0.643646 0.261545 0)
(-0.697092 0.190841 0)
(-0.722002 0.184121 0)
(-0.69663 0.202176 0)
(-0.807719 0.301336 0)
(-0.876425 0.283692 0)
(-0.8719 0.277172 0)
(-0.860804 0.308738 0)
(-1.04924 0.448463 0)
(-1.06131 0.418674 0)
(-1.01801 0.397237 0)
(-1.00763 0.398473 0)
(-1.00568 0.466187 0)
(-1.0498 0.456854 0)
(-1.03088 0.421554 0)
(-0.990873 0.415903 0)
(-1.33418 0.385369 0)
(-1.39405 0.405962 0)
(-1.43524 0.40484 0)
(-1.49728 0.427664 0)
(-2.08584 0.519019 0)
(-2.02007 0.559909 0)
(-1.94909 0.57703 0)
(-1.79648 0.615869 0)
(-1.93207 0.495226 0)
(-1.8325 0.492874 0)
(-1.70058 0.537447 0)
(-1.61282 0.517793 0)
(-1.45673 0.250836 0)
(-1.38702 0.232598 0)
(-1.32237 0.271305 0)
(-1.25176 0.235361 0)
(-1.18011 -0.069019 0)
(-1.08126 -0.144382 0)
(-1.02439 -0.165653 0)
(-0.942228 -0.27031 0)
(-1.52465 -0.107853 0)
(-1.21699 -0.131725 0)
(-1.13401 -0.222245 0)
(-0.921704 -0.238895 0)
(-0.570382 -0.4569 0)
(-0.513537 -0.432565 0)
(-0.516436 -0.355766 0)
(-0.477051 -0.365536 0)
(-1.3668 -1.01219 0)
(-1.20384 -1.05188 0)
(-1.0891 -0.919628 0)
(-0.76808 -0.935781 0)
(-1.00419 -1.59515 0)
(-0.674755 -1.49315 0)
(-0.544309 -1.39258 0)
(-0.326451 -1.15764 0)
(-0.124359 -1.38127 0)
(-0.156636 -1.4092 0)
(-0.0584249 -1.41389 0)
(0.142393 -1.3146 0)
(0.240045 -1.05726 0)
(0.279903 -1.24139 0)
(0.224111 -1.23399 0)
(0.297095 -1.21656 0)
(0.613761 -1.37352 0)
(0.519053 -1.35839 0)
(0.377564 -1.4161 0)
(0.317217 -1.32766 0)
(0.906107 -1.3289 0)
(0.695367 -1.33901 0)
(0.562189 -1.37958 0)
(0.460273 -1.34187 0)
(0.829009 -0.87773 0)
(0.548272 -1.14479 0)
(0.574145 -1.15051 0)
(0.492836 -1.16173 0)
(0.69344 -0.772582 0)
(0.696437 -0.792959 0)
(0.774473 -0.820026 0)
(0.826352 -0.89101 0)
(0.827164 -0.553032 0)
(0.604971 -0.560089 0)
(0.59805 -0.582306 0)
(0.762851 -0.611596 0)
(0.671781 -0.429573 0)
(0.693026 -0.434745 0)
(0.702654 -0.410497 0)
(0.69332 -0.438734 0)
(0.636697 -0.392502 0)
(0.679453 -0.405622 0)
(0.65697 -0.42257 0)
(0.572961 -0.481246 0)
(0.615257 -0.44166 0)
(0.643587 -0.472108 0)
(0.615328 -0.495513 0)
(0.57176 -0.527634 0)
(0.620315 -0.260373 0)
(0.594034 -0.292093 0)
(0.514362 -0.333286 0)
(0.499914 -0.376997 0)
(0.437569 -0.263709 0)
(0.43217 -0.291299 0)
(0.46114 -0.297136 0)
(0.540415 -0.311773 0)
(0.479121 -0.245809 0)
(0.471694 -0.230597 0)
(0.46725 -0.242225 0)
(0.399296 -0.265121 0)
(0.406609 -0.156518 0)
(0.373079 -0.198159 0)
(0.312325 -0.211369 0)
(0.314959 -0.251498 0)
(0.349092 -0.141731 0)
(0.37979 -0.146889 0)
(0.382373 -0.169609 0)
(0.332836 -0.174517 0)
(0.312275 -0.117883 0)
(0.265857 -0.099663 0)
(0.256032 -0.138112 0)
(0.269709 -0.167196 0)
(0.457545 -0.117247 0)
(0.386347 -0.12663 0)
(0.213143 -0.14895 0)
(0.252044 -0.163056 0)
(0.25784 -0.0440301 0)
(0.208098 -0.136071 0)
(0.204726 -0.14131 0)
(0.225294 -0.155574 0)
(0.200393 -0.0849606 0)
(0.215235 -0.107422 0)
(0.204921 -0.115137 0)
(0.150863 -0.141962 0)
(0.0925506 -0.0877854 0)
(0.124705 -0.101154 0)
(0.126398 -0.118178 0)
(0.152039 -0.140474 0)
(0.118834 -0.0433368 0)
(0.105617 -0.0688416 0)
(0.0798014 -0.0760188 0)
(0.0667139 -0.103433 0)
(0.0731844 -0.028595 0)
(0.0787669 -0.0427299 0)
(0.0789721 -0.0502108 0)
(0.0880954 -0.0616685 0)
(0.054286 -0.0182857 0)
(0.0163293 -0.057219 0)
(0.036892 -0.0720812 0)
(0.00855844 -0.090986 0)
(-0.857976 1.00692 0)
(-0.492205 0.083296 0)
(-0.139757 0.0828301 0)
(-0.0705266 0.0100381 0)
(-0.0786273 0.00695264 0)
(0.0520002 -0.0262141 0)
(0.019103 0.0454887 0)
(-0.0974428 0.206739 0)
(0.0518212 0.165059 0)
(-0.111566 0.0867006 0)
(-0.0364606 -0.0688676 0)
(0.0929858 -0.169166 0)
(0.314654 -0.22806 0)
(0.599857 -0.371262 0)
(0.658239 -0.326631 0)
(0.693883 -0.307655 0)
(0.687454 -0.289688 0)
(0.544669 -0.318512 0)
(0.199941 -0.258044 0)
(-0.626334 0.505072 0)
(-0.292893 -0.0872327 0)
(-0.277991 -0.02338 0)
(-0.254535 0.0496413 0)
(-0.0720339 -0.0703054 0)
(0.0283523 -0.0996154 0)
(0.17082 0.0301701 0)
(-0.0245143 0.125011 0)
(0.134785 0.175347 0)
(0.379166 0.0772615 0)
(0.275369 -0.0521702 0)
(0.316073 -0.178269 0)
(0.515687 -0.137994 0)
(0.625595 -0.354034 0)
(0.734545 -0.32041 0)
(0.784953 -0.172607 0)
(0.743627 -0.179983 0)
(0.57066 -0.193037 0)
(0.213021 -0.099191 0)
(-0.49706 0.258267 0)
(-0.318346 -0.219462 0)
(-0.270802 -0.203094 0)
(-0.287826 0.0524779 0)
(-0.118399 -0.195456 0)
(-0.203174 -0.272998 0)
(-0.155038 0.179118 0)
(0.129995 0.198321 0)
(0.400298 0.0522265 0)
(0.30897 0.0382564 0)
(0.321885 -0.0162336 0)
(0.15534 -0.284678 0)
(0.145921 -0.446591 0)
(0.173062 -0.46717 0)
(0.257081 -0.425025 0)
(0.308566 -0.298984 0)
(0.314969 -0.223081 0)
(0.227937 -0.0750694 0)
(0.293639 0.0720623 0)
(-0.226741 -0.0616527 0)
(-0.293747 -0.195606 0)
(-0.352769 -0.155048 0)
(-0.374988 0.0542359 0)
(-0.542198 -0.248167 0)
(-0.430393 -0.239128 0)
(-0.451337 -0.21299 0)
(-0.461848 -0.205456 0)
(-0.090301 0.13149 0)
(-0.265502 0.132836 0)
(-0.1567 0.00500467 0)
(-0.241758 -0.24783 0)
(-0.0711332 -0.459172 0)
(0.0846862 -0.497242 0)
(0.112605 -0.384758 0)
(0.126993 -0.222289 0)
(-0.00718237 -0.0530569 0)
(-0.18325 0.0822271 0)
(0.140133 0.145929 0)
(-0.395615 0.0971313 0)
(-0.567125 -0.166664 0)
(-0.673989 -0.0610528 0)
(-0.651385 -0.0963434 0)
(-0.798696 -0.0633927 0)
(-1.00448 0.0347072 0)
(-1.06916 -0.0576567 0)
(-1.02642 -0.0214378 0)
(-1.2354 0.0813936 0)
(-1.27057 0.205263 0)
(-0.587033 -0.204971 0)
(-0.36453 -0.340954 0)
(-0.263267 -0.285683 0)
(-0.148287 -0.548239 0)
(-0.00132301 -0.426489 0)
(0.110928 -0.298354 0)
(-0.264611 -0.0891751 0)
(-0.367957 -0.113902 0)
(0.0626496 0.0262553 0)
(-0.737106 0.0819697 0)
(-0.820216 0.13954 0)
(-0.785161 0.0757552 0)
(-1.0707 0.0754308 0)
(-1.1558 0.0647925 0)
(-1.17048 -0.0241061 0)
(-1.04943 -0.197152 0)
(-0.940112 -0.356191 0)
(-0.838444 -0.397468 0)
(-0.832307 -0.298403 0)
(-0.572966 -0.468522 0)
(-0.362535 -0.835193 0)
(-0.257484 -0.702257 0)
(-0.331457 -0.616867 0)
(-0.336595 -0.574434 0)
(-0.116997 -0.14304 0)
(-0.632673 0.0885855 0)
(-0.422738 0.0437665 0)
(-0.000187778 -0.144694 0)
(-0.892164 0.284039 0)
(-1.149 0.2808 0)
(-1.21724 0.199613 0)
(-1.18134 0.277557 0)
(-1.09456 0.0972503 0)
(-1.03901 -0.104758 0)
(-1.00171 -0.460395 0)
(-0.883125 -0.567616 0)
(-0.799126 -0.590083 0)
(-0.826174 -0.614554 0)
(-0.900762 -0.604093 0)
(-0.571804 -0.907033 0)
(-0.276599 -0.838895 0)
(-0.498624 -0.651653 0)
(-0.616477 -0.510086 0)
(-0.546913 -0.0209817 0)
(-0.651691 -0.0597645 0)
(-0.350545 -0.328891 0)
(0.00640676 -0.364878 0)
(-1.2048 0.39018 0)
(-1.42718 0.484541 0)
(-1.294 0.47549 0)
(-1.24552 0.306388 0)
(-1.19204 -0.0554767 0)
(-1.14408 -0.219391 0)
(-1.12312 -0.492886 0)
(-0.820008 -0.571427 0)
(-0.705036 -0.508074 0)
(-0.713731 -0.62065 0)
(-0.894268 -0.615638 0)
(-0.708619 -0.715158 0)
(-0.515082 -0.79655 0)
(-0.536956 -0.8161 0)
(-0.641122 -0.546202 0)
(-0.41511 -0.129684 0)
(-0.394678 -0.0678076 0)
(-0.233807 -0.353843 0)
(0.0700146 -0.463847 0)
(-1.20856 0.434767 0)
(-1.32334 0.524843 0)
(-1.30147 0.581591 0)
(-1.25186 0.102615 0)
(-1.03122 -0.176658 0)
(-1.09062 -0.371336 0)
(-1.14566 -0.4052 0)
(-0.718221 -0.383412 0)
(-0.578236 -0.303001 0)
(-0.692054 -0.537591 0)
(-0.874205 -0.582283 0)
(-0.712404 -0.604091 0)
(-0.65622 -0.764621 0)
(-0.714648 -0.793593 0)
(-0.591124 -0.542964 0)
(-0.32124 -0.310394 0)
(-0.238227 -0.238977 0)
(-0.149348 -0.310436 0)
(0.0707793 -0.501183 0)
(-1.19099 0.356058 0)
(-1.46268 0.474262 0)
(-1.48819 0.632811 0)
(-1.5845 0.0784181 0)
(-0.875383 -0.302199 0)
(-0.932666 -0.672314 0)
(-0.902579 -0.610526 0)
(-0.74697 -0.489223 0)
(-0.72339 -0.517883 0)
(-0.747343 -0.444594 0)
(-0.772024 -0.438866 0)
(-0.716952 -0.520536 0)
(-0.686245 -0.635579 0)
(-0.694531 -0.56672 0)
(-0.650894 -0.387213 0)
(-0.555432 -0.419332 0)
(-0.33459 -0.387849 0)
(-0.113745 -0.450849 0)
(-0.0145596 -0.517369 0)
(-1.56657 0.447402 0)
(-1.5109 0.554432 0)
(-1.59761 0.503264 0)
(-1.34892 0.15342 0)
(-0.984757 -0.373834 0)
(-0.955929 -0.621922 0)
(-0.788822 -0.672089 0)
(-0.725349 -0.623627 0)
(-0.627898 -0.751571 0)
(-0.611484 -0.704403 0)
(-0.713182 -0.729187 0)
(-0.586575 -0.712462 0)
(-0.622774 -0.992546 0)
(-0.799243 -1.01267 0)
(-0.868113 -0.820273 0)
(-0.635826 -0.601432 0)
(-0.433525 -0.635241 0)
(-0.195823 -0.615157 0)
(-0.0757418 -0.602101 0)
(-1.49943 0.637002 0)
(-1.31557 0.605486 0)
(-1.24661 0.355862 0)
(-1.28676 0.232919 0)
(-1.06862 -0.336184 0)
(-0.868916 -0.496986 0)
(-0.85294 -0.699835 0)
(-0.794256 -0.640536 0)
(-0.741818 -0.661264 0)
(-0.679021 -0.825821 0)
(-0.796642 -0.928186 0)
(-0.711349 -0.921359 0)
(-0.716129 -1.19115 0)
(-0.717509 -1.23999 0)
(-0.653312 -1.20173 0)
(-0.44301 -0.844854 0)
(-0.384402 -0.757607 0)
(-0.229222 -0.791857 0)
(-0.0360293 -0.751796 0)
(-1.48242 0.503002 0)
(-1.19063 -0.0343992 0)
(-0.930873 -0.233347 0)
(-0.76605 -0.546912 0)
(-0.683493 -0.539004 0)
(-0.738169 -0.586799 0)
(-0.612523 -0.570884 0)
(-0.519814 -0.56718 0)
(-0.628445 -0.390475 0)
(-0.739343 -0.642444 0)
(-0.96904 -0.760545 0)
(-0.894729 -0.701838 0)
(-0.797714 -0.801358 0)
(-0.726515 -0.920859 0)
(-0.470601 -0.995631 0)
(-0.322892 -0.879199 0)
(-0.270402 -0.813221 0)
(-0.235508 -0.917418 0)
(-0.033412 -0.844866 0)
(-1.25958 0.16819 0)
(-1.22848 0.109891 0)
(-0.726045 -0.0263526 0)
(-0.420503 -0.218645 0)
(-0.429803 -0.51046 0)
(-0.572209 -0.574923 0)
(-0.601214 -0.466101 0)
(-0.451885 -0.604724 0)
(-0.443837 -0.521524 0)
(-0.496194 -0.470733 0)
(-0.615688 -0.535943 0)
(-0.626178 -0.335852 0)
(-0.51377 -0.544892 0)
(-0.586672 -0.708504 0)
(-0.521374 -0.825974 0)
(-0.340546 -0.958307 0)
(-0.23084 -0.884403 0)
(-0.171951 -0.974629 0)
(-0.0623124 -1.00497 0)
(-0.871124 -0.371236 0)
(-0.737599 -0.340598 0)
(-0.648722 -0.595145 0)
(-0.582578 -0.664582 0)
(-0.462646 -1.00232 0)
(-0.443799 -1.02973 0)
(-0.374598 -0.854018 0)
(-0.592912 -0.806584 0)
(-0.569755 -0.836889 0)
(-0.355277 -0.571498 0)
(-0.414558 -0.457486 0)
(-0.380595 -0.353277 0)
(-0.186573 -0.756299 0)
(-0.155064 -0.869544 0)
(-0.351883 -1.22822 0)
(-0.307906 -1.12046 0)
(-0.201041 -0.934646 0)
(-0.0539368 -1.09561 0)
(-0.0113745 -1.10899 0)
(-0.622309 -0.263003 0)
(-0.381073 -0.545659 0)
(-0.369818 -0.727711 0)
(-0.28302 -0.705193 0)
(-0.20084 -0.658619 0)
(-0.174295 -0.809482 0)
(-0.283002 -1.03694 0)
(-0.319254 -1.07674 0)
(-0.155232 -1.02145 0)
(-0.333316 -1.02036 0)
(-0.338351 -0.401653 0)
(0.0499877 -0.516473 0)
(0.114963 -0.682715 0)
(-0.0893529 -0.91915 0)
(0.27966 -1.19643 0)
(-0.0065422 -1.64733 0)
(-0.254284 -0.988539 0)
(-0.0943104 -1.20934 0)
(0.000368628 -1.18008 0)
(-0.484923 -0.249928 0)
(0.0378699 -0.362885 0)
(0.0385552 -0.62603 0)
(0.00937907 -0.697962 0)
(-0.0936071 -0.487749 0)
(0.00994996 -0.680715 0)
(0.0112379 -0.878728 0)
(-0.101509 -0.703062 0)
(0.120057 -0.738363 0)
(-0.093381 -1.3172 0)
(-0.00278647 -0.583965 0)
(0.124648 -0.680598 0)
(0.202192 -0.707745 0)
(0.240539 -0.875202 0)
(0.294866 -0.668895 0)
(-0.00629638 -1.82886 0)
(-0.0607239 -1.02158 0)
(-0.0969121 -1.16638 0)
(-0.00655684 -1.17622 0)
(-0.52762 -0.756264 0)
(-0.0873059 -0.736641 0)
(0.0191607 -0.716888 0)
(0.0694217 -0.807249 0)
(-0.0195536 -0.577639 0)
(-0.0533402 -0.469167 0)
(-0.00832154 -0.704376 0)
(0.0276646 -0.564261 0)
(0.0421621 -0.415743 0)
(-0.0926121 -1.00422 0)
(-0.0788217 -0.658339 0)
(0.0423862 -0.776834 0)
(0.115901 -0.919807 0)
(0.188343 -1.0224 0)
(0.0846144 -0.956835 0)
(0.0347486 -1.00455 0)
(-0.0457282 -0.966309 0)
(-0.108253 -1.15431 0)
(-0.0761019 -1.17801 0)
(-0.419079 -0.944269 0)
(0.0281899 -0.762983 0)
(-0.0301201 -0.395835 0)
(0.120819 -0.501015 0)
(0.1864 -0.403649 0)
(0.208686 -0.502185 0)
(0.101247 -0.396944 0)
(0.151748 -0.621152 0)
(0.139454 -0.559185 0)
(0.0833383 -0.999503 0)
(0.0703406 -0.718022 0)
(0.0660838 -0.766297 0)
(0.074255 -0.82671 0)
(0.0906535 -0.840029 0)
(-0.0209101 -0.933645 0)
(-0.222392 -0.869594 0)
(-0.227384 -0.922612 0)
(-0.22669 -1.17873 0)
(-0.113128 -1.25869 0)
(-0.0182851 -0.922771 0)
(0.0286182 -0.882427 0)
(0.108172 -0.468584 0)
(0.205578 -0.485499 0)
(0.246762 -0.455874 0)
(0.239182 -0.453929 0)
(0.323836 -0.583604 0)
(0.256459 -0.505089 0)
(0.216138 -0.44609 0)
(0.173676 -0.754043 0)
(0.226819 -0.749391 0)
(0.139646 -0.760094 0)
(0.144405 -0.759541 0)
(-0.0183707 -0.856242 0)
(0.0907893 -1.09585 0)
(-0.275192 -0.952837 0)
(-0.267359 -0.923299 0)
(-0.303646 -1.29545 0)
(-0.0968888 -1.44817 0)
(0.122192 -1.24434 0)
(0.0997766 -0.913695 0)
(0.0585647 -0.817839 0)
(0.060283 -0.626977 0)
(0.234081 -0.735998 0)
(0.394317 -0.564279 0)
(0.384864 -0.691524 0)
(0.40072 -0.635791 0)
(0.292133 -0.549144 0)
(0.158766 -0.725398 0)
(0.249823 -0.798144 0)
(0.229334 -0.694769 0)
(0.224918 -0.705472 0)
(0.0486505 -0.736865 0)
(-0.20728 -1.00309 0)
(-0.330742 -0.91467 0)
(-0.164879 -0.931894 0)
(-0.316337 -1.32699 0)
(-0.00106874 -1.68986 0)
(0.0982828 -1.37984 0)
(0.215235 -0.979983 0)
(0.158107 -0.980432 0)
(0.171756 -0.763034 0)
(0.356553 -0.71111 0)
(0.367309 -0.764988 0)
(0.259487 -0.894958 0)
(0.405753 -0.726469 0)
(0.311647 -0.73137 0)
(0.209422 -0.847138 0)
(0.358548 -0.72811 0)
(0.301549 -0.732219 0)
(0.219078 -0.664967 0)
(0.165341 -0.537557 0)
(-0.166933 -0.728745 0)
(-0.133497 -0.544007 0)
(0.129489 -0.95816 0)
(-0.273063 -1.31865 0)
(0.0871225 -1.80243 0)
(0.106322 -1.15099 0)
(0.332477 -0.831365 0)
(0.240762 -0.668315 0)
(0.283468 -0.730929 0)
(0.288238 -0.650714 0)
(0.246454 -0.858268 0)
(0.331851 -0.653163 0)
(0.389415 -0.642766 0)
(0.219619 -0.710191 0)
(0.332266 -0.632442 0)
(0.373655 -0.658346 0)
(0.348592 -0.666804 0)
(0.376436 -0.64582 0)
(0.313144 -0.499232 0)
(0.21039 -0.560502 0)
(0.199417 -0.51962 0)
(0.397059 -0.883361 0)
(-0.0980193 -1.15652 0)
(0.188179 -1.78894 0)
(0.50032 -1.08212 0)
(0.571062 -0.854984 0)
(0.417451 -0.847663 0)
(0.245513 -0.722516 0)
(0.264938 -0.664871 0)
(0.344134 -0.670969 0)
(0.382442 -0.546727 0)
(0.337236 -0.629681 0)
(0.354289 -0.617869 0)
(0.334383 -0.536426 0)
(0.331752 -0.641843 0)
(0.313926 -0.606786 0)
(0.342842 -0.555879 0)
(0.37585 -0.613739 0)
(0.293717 -0.56933 0)
(0.261041 -0.625578 0)
(0.420983 -0.861971 0)
(0.0712991 -1.02283 0)
(0.238074 -1.71421 0)
(0.736513 -0.799864 0)
(0.533439 -0.741072 0)
(0.461107 -0.9348 0)
(0.456342 -0.754462 0)
(0.365185 -0.621317 0)
(0.333987 -0.599306 0)
(0.321091 -0.507567 0)
(0.328658 -0.553636 0)
(0.42295 -0.613444 0)
(0.356139 -0.533275 0)
(0.323865 -0.653386 0)
(0.398785 -0.622038 0)
(0.329723 -0.488845 0)
(0.395174 -0.577062 0)
(0.325843 -0.527733 0)
(0.216633 -0.578319 0)
(0.373814 -0.779657 0)
(0.0321293 -0.878473 0)
(0.260529 -1.64848 0)
(0.769316 -0.668134 0)
(0.520016 -0.732177 0)
(0.392545 -0.650788 0)
(0.494684 -0.643039 0)
(0.392914 -0.584563 0)
(0.373535 -0.620081 0)
(0.404023 -0.724842 0)
(0.267599 -0.650953 0)
(0.384093 -0.600415 0)
(0.342884 -0.543794 0)
(0.274349 -0.579698 0)
(0.440911 -0.622658 0)
(0.397537 -0.617079 0)
(0.374848 -0.686481 0)
(0.357203 -0.802543 0)
(0.26277 -0.778522 0)
(0.315355 -0.735433 0)
(-0.0855469 -0.754652 0)
(0.290997 -1.61022 0)
(0.563783 -0.535465 0)
(0.512507 -0.835508 0)
(0.504228 -0.610526 0)
(0.481282 -0.627424 0)
(0.393417 -0.571663 0)
(0.178155 -0.613964 0)
(0.272109 -0.839948 0)
(0.345056 -0.720145 0)
(0.522058 -0.736535 0)
(0.436884 -0.78097 0)
(0.258552 -0.683115 0)
(0.361618 -0.652169 0)
(0.259751 -0.781838 0)
(0.285392 -0.946226 0)
(0.324201 -0.96305 0)
(0.391537 -0.92926 0)
(0.345507 -0.871875 0)
(-0.119819 -0.72216 0)
(0.352994 -1.57159 0)
(0.453263 -0.554562 0)
(0.489595 -0.545178 0)
(0.554851 -0.61868 0)
(0.535184 -0.612292 0)
(0.454951 -0.6906 0)
(0.157797 -0.716143 0)
(0.23603 -0.589754 0)
(0.319227 -0.547979 0)
(0.323481 -0.58973 0)
(0.32902 -0.774475 0)
(0.408071 -0.683809 0)
(0.379081 -0.728941 0)
(0.17673 -0.791927 0)
(0.21019 -0.735859 0)
(0.412514 -0.875302 0)
(0.428433 -0.947472 0)
(0.325112 -0.909595 0)
(-0.0470278 -0.636286 0)
(0.352782 -1.49295 0)
(0.548307 -0.473609 0)
(0.44881 -0.430362 0)
(0.451357 -0.591066 0)
(0.441409 -0.557624 0)
(0.282185 -0.722651 0)
(0.34244 -0.634028 0)
(0.378315 -0.543401 0)
(0.326418 -0.51508 0)
(0.313285 -0.495304 0)
(0.336099 -0.610226 0)
(0.334512 -0.524608 0)
(0.248953 -0.696224 0)
(0.251499 -0.651091 0)
(0.215433 -0.617844 0)
(0.218873 -0.642729 0)
(0.389375 -0.744883 0)
(0.386572 -0.785779 0)
(-0.037082 -0.586834 0)
(0.348723 -1.43486 0)
(0.480444 -0.380579 0)
(0.374624 -0.429512 0)
(0.458662 -0.461688 0)
(0.493733 -0.607556 0)
(0.356607 -0.573929 0)
(0.334 -0.420131 0)
(0.293205 -0.514247 0)
(0.30847 -0.485786 0)
(0.211958 -0.660852 0)
(0.331327 -0.649038 0)
(0.408203 -0.70984 0)
(0.263264 -0.709995 0)
(0.287672 -0.760209 0)
(0.203166 -0.673992 0)
(0.167617 -0.606727 0)
(0.332982 -0.638105 0)
(0.392375 -0.783572 0)
(0.0540661 -0.495731 0)
(0.365097 -1.37054 0)
(0.491651 -0.415254 0)
(0.394373 -0.355896 0)
(0.283906 -0.429633 0)
(0.377566 -0.60617 0)
(0.457305 -0.527146 0)
(0.373706 -0.572711 0)
(0.291879 -0.479941 0)
(0.136646 -0.57313 0)
(0.128796 -0.637831 0)
(0.263095 -0.523884 0)
(0.270729 -0.790191 0)
(0.178909 -0.773538 0)
(0.341815 -0.782794 0)
(0.321038 -0.860186 0)
(0.191238 -0.675709 0)
(0.347921 -0.659914 0)
(0.35803 -0.733965 0)
(0.0460931 -0.402269 0)
(0.380239 -1.32388 0)
(0.417922 -0.411384 0)
(0.392679 -0.366836 0)
(0.253303 -0.355377 0)
(0.373873 -0.333962 0)
(0.289526 -0.472104 0)
(0.288624 -0.549057 0)
(0.276043 -0.582334 0)
(0.126134 -0.647487 0)
(0.196169 -0.519204 0)
(0.149854 -0.515489 0)
(0.174163 -0.763069 0)
(0.241346 -0.869694 0)
(0.234819 -0.704672 0)
(0.259043 -0.921042 0)
(0.311065 -0.65416 0)
(0.332486 -0.763064 0)
(0.407804 -0.816125 0)
(0.124108 -0.474205 0)
(0.373439 -1.26207 0)
(0.40943 -0.231785 0)
(0.438529 -0.346729 0)
(0.307715 -0.318672 0)
(0.217693 -0.29178 0)
(0.267235 -0.386964 0)
(0.206271 -0.427641 0)
(0.165865 -0.550161 0)
(0.229265 -0.648103 0)
(0.232998 -0.556074 0)
(0.0463562 -0.66986 0)
(-0.00184142 -0.66614 0)
(0.368118 -0.630364 0)
(0.304554 -0.679483 0)
(0.313042 -0.666839 0)
(0.335851 -0.801087 0)
(0.219754 -0.780921 0)
(0.284488 -0.87774 0)
(0.388846 -0.441144 0)
(0.418323 -1.29044 0)
(0.378244 -0.199714 0)
(0.340351 -0.313188 0)
(0.257753 -0.350313 0)
(0.267832 -0.380366 0)
(0.166773 -0.348724 0)
(0.213958 -0.382485 0)
(0.166424 -0.402835 0)
(0.131936 -0.443168 0)
(0.13816 -0.45757 0)
(0.161657 -0.596904 0)
(0.201482 -0.452924 0)
(0.279019 -0.486378 0)
(0.220075 -0.656021 0)
(0.159039 -0.629953 0)
(0.233557 -0.857764 0)
(0.297521 -0.812043 0)
(0.317068 -0.966751 0)
(0.153407 -0.657962 0)
(0.25472 -1.43242 0)
(0.295904 -0.140088 0)
(0.324687 -0.242254 0)
(0.210932 -0.308032 0)
(0.226868 -0.391271 0)
(0.249631 -0.355945 0)
(0.184311 -0.374424 0)
(0.186227 -0.436055 0)
(0.176683 -0.364817 0)
(0.143644 -0.406031 0)
(0.143246 -0.464764 0)
(0.148802 -0.492283 0)
(0.198775 -0.54982 0)
(0.191647 -0.674032 0)
(0.149715 -0.674313 0)
(0.196555 -0.823816 0)
(0.096339 -0.874786 0)
(0.217831 -1.0532 0)
(0.140608 -0.792733 0)
(0.171188 -1.02065 0)
(0.22729 -0.161045 0)
(0.182179 -0.246734 0)
(0.22635 -0.270672 0)
(0.271235 -0.363028 0)
(0.137035 -0.311941 0)
(0.137222 -0.355458 0)
(0.221749 -0.431267 0)
(0.202723 -0.47695 0)
(0.127473 -0.569498 0)
(0.110826 -0.520931 0)
(0.168416 -0.487246 0)
(0.168825 -0.528376 0)
(0.132214 -0.654963 0)
(0.0309884 -0.632339 0)
(0.0394599 -0.565677 0)
(0.0777756 -0.902529 0)
(0.113359 -0.708536 0)
(0.196017 -0.801077 0)
(0.282762 -0.985575 0)
(0.210746 -0.238039 0)
(0.218607 -0.230727 0)
(0.11532 -0.208834 0)
(0.19901 -0.317184 0)
(0.244525 -0.30157 0)
(0.0882587 -0.382854 0)
(0.120006 -0.408995 0)
(0.0756262 -0.451279 0)
(0.118967 -0.542817 0)
(0.237355 -0.546836 0)
(0.18048 -0.633483 0)
(0.0993803 -0.584631 0)
(0.121368 -0.642507 0)
(0.127565 -0.522733 0)
(-0.0581658 -0.328805 0)
(0.0559679 -0.599669 0)
(0.114315 -0.596058 0)
(0.160745 -0.486301 0)
(0.302566 -0.638292 0)
(0.153838 -0.161599 0)
(0.20827 -0.209803 0)
(0.164518 -0.225659 0)
(0.199938 -0.185734 0)
(0.0893305 -0.41813 0)
(0.0665347 -0.398338 0)
(0.175086 -0.390662 0)
(0.0981261 -0.411302 0)
(0.0824616 -0.434203 0)
(0.0831827 -0.534655 0)
(0.127995 -0.584802 0)
(0.200542 -0.596082 0)
(0.183751 -0.630484 0)
(0.225102 -0.651861 0)
(-0.0123057 -0.631876 0)
(-0.0111607 -0.528168 0)
(0.0697414 -0.656843 0)
(0.128836 -0.399885 0)
(0.284542 -0.566785 0)
(0.177686 -0.14853 0)
(0.170147 -0.218357 0)
(0.160747 -0.195908 0)
(0.0222023 -0.272744 0)
(0.0771497 -0.391156 0)
(0.13793 -0.274722 0)
(0.126277 -0.407105 0)
(0.0828781 -0.412792 0)
(0.0884857 -0.480987 0)
(0.155515 -0.514106 0)
(0.116216 -0.448605 0)
(0.105611 -0.586064 0)
(0.0606937 -0.648142 0)
(0.129314 -0.749297 0)
(0.138472 -0.697621 0)
(0.0536985 -0.516643 0)
(0.0930381 -0.6562 0)
(0.0732464 -0.469974 0)
(0.19358 -0.22366 0)
(0.120502 -0.134293 0)
(0.187234 -0.190634 0)
(0.108294 -0.24724 0)
(0.0426794 -0.32302 0)
(0.0913342 -0.248943 0)
(0.0907765 -0.272355 0)
(0.0865749 -0.374322 0)
(0.0782517 -0.352284 0)
(0.0916773 -0.424692 0)
(0.120535 -0.510577 0)
(0.0701429 -0.445942 0)
(0.0958192 -0.596397 0)
(0.0506322 -0.645293 0)
(0.14387 -0.624613 0)
(0.233089 -0.662259 0)
(0.075022 -0.741035 0)
(0.0464833 -0.637576 0)
(0.0548909 -0.474559 0)
(0.31233 0.0616778 0)
(0.0975071 -0.108173 0)
(0.0675908 -0.155622 0)
(0.0473479 -0.306121 0)
(0.0890623 -0.289007 0)
(0.135497 -0.311438 0)
(0.0974634 -0.428214 0)
(0.10565 -0.403264 0)
(0.092998 -0.528258 0)
(0.0461056 -0.431808 0)
(0.133513 -0.482217 0)
(0.0484849 -0.688849 0)
(0.0114449 -0.557775 0)
(-0.0323475 -0.660983 0)
(0.0113833 -0.792009 0)
(0.0864854 -0.89773 0)
(0.152211 -0.990912 0)
(0.185036 -0.866641 0)
(0.0584938 -0.893263 0)
(0.0870417 0.0960529 0)
(0.0480436 -0.13003 0)
(0.0284658 -0.230074 0)
(0.000111617 -0.259052 0)
(0.141961 -0.283087 0)
(0.00840616 -0.412899 0)
(0.0914488 -0.458839 0)
(0.0372483 -0.554659 0)
(0.0216762 -0.596611 0)
(0.148426 -0.602192 0)
(-0.0532683 -0.643514 0)
(0.032225 -0.77145 0)
(0.127946 -0.697319 0)
(-0.105217 -0.759333 0)
(-0.151888 -0.734999 0)
(-0.0185469 -0.76817 0)
(0.0482272 -0.78712 0)
(0.0385627 -0.943956 0)
(0.102285 -0.978948 0)
(0.281827 0.403586 0)
)
;

boundaryField
{
    leftWall
    {
        type            fixedValue;
        value           uniform (0 0 0);
    }
    rightWall
    {
        type            fixedValue;
        value           uniform (0 0 0);
    }
    lowerWall
    {
        type            fixedValue;
        value           uniform (0 0 0);
    }
    atmosphere
    {
        type            pressureInletOutletVelocity;
        value           nonuniform List<vector> 
46
(
(0.133474 0.843834 0)
(0.0373691 0.842416 0)
(-0.0364892 0.845658 0)
(0.202787 0.826704 0)
(0.144576 0.812139 0)
(0.145395 0.772933 0)
(0.198582 0.704046 0)
(0.0960269 0.679974 0)
(0.126074 0.666438 0)
(0.0917826 0.571355 0)
(0.197746 0.577038 0)
(0.0104242 0.44123 0)
(0.0413539 0.492018 0)
(0.121067 0.413489 0)
(0.230591 0.386224 0)
(0.150738 0.351316 0)
(0.0349656 0.283571 0)
(0.0952411 0.286841 0)
(-0.0131409 0.134436 0)
(0.0652907 0.17072 0)
(0.062672 0.0615619 0)
(0.0407592 0.0886942 0)
(0.0703354 0.0256024 0)
(0 -0.0182857 0)
(0 -0.057219 0)
(0 -0.0720812 0)
(0 -0.090986 0)
(0 -0.13003 0)
(0 -0.230074 0)
(0 -0.259052 0)
(0 -0.283087 0)
(0 -0.412899 0)
(0 -0.458839 0)
(0 -0.554659 0)
(0 -0.596611 0)
(0 -0.602192 0)
(0 -0.643514 0)
(0 -0.77145 0)
(0 -0.697319 0)
(0 -0.759333 0)
(0 -0.734999 0)
(0 -0.76817 0)
(0 -0.78712 0)
(0 -0.943956 0)
(0 -0.978948 0)
(0.281827 0.403586 0)
)
;
    }
    defaultFaces
    {
        type            empty;
    }
}


// ************************************************************************* //
