/*--------------------------------*- C++ -*----------------------------------*\
| =========                 |                                                 |
| \\      /  F ield         | foam-extend: Open Source CFD                    |
|  \\    /   O peration     | Version:     4.1                                |
|   \\  /    A nd           | Web:         http://www.foam-extend.org         |
|    \\/     M anipulation  |                                                 |
\*---------------------------------------------------------------------------*/
FoamFile
{
    version     2.0;
    format      ascii;
    class       volVectorField;
    location    "0.75";
    object      U_0;
}
// * * * * * * * * * * * * * * * * * * * * * * * * * * * * * * * * * * * * * //

dimensions      [0 1 -1 0 0 0 0];

internalField   nonuniform List<vector> 
2268
(
(0.128585 -0.0665097 0)
(0.170123 0.0164734 0)
(-0.233139 0.0576048 0)
(-0.205681 -0.0439837 0)
(-0.083112 -0.0185289 0)
(-0.398 0.0338981 0)
(-0.0552242 -0.204175 0)
(0.354535 0.00992744 0)
(0.201124 0.0410425 0)
(0.0476829 0.0171714 0)
(-0.0630072 0.0621825 0)
(-0.0247328 -0.0140127 0)
(0.0475106 0.000132965 0)
(0.0464594 0.00531872 0)
(0.0435014 -0.00407963 0)
(0.0414256 -0.00238469 0)
(0.0488688 0.00804325 0)
(0.0348713 0.0270258 0)
(-0.0229257 0.0343652 0)
(-0.0414536 -0.0234601 0)
(-0.0239227 -0.0391348 0)
(0.0161768 -0.0015709 0)
(0.000894168 -0.000873915 0)
(0.00400914 0.00381726 0)
(-0.0454618 0.0606537 0)
(-0.171815 0.140402 0)
(0.127453 -0.0628115 0)
(-0.0420895 0.0149503 0)
(-0.264952 0.0775571 0)
(0.0962383 -0.242578 0)
(0.313415 -0.00240144 0)
(0.284339 0.107332 0)
(0.0685367 0.0251833 0)
(-0.0263512 0.042306 0)
(-0.0285796 -0.0455349 0)
(0.0586618 -0.0378489 0)
(0.0471708 -0.00535699 0)
(0.0542888 0.00870924 0)
(0.0443601 0.00058907 0)
(0.0317671 -0.00294044 0)
(0.0507792 0.00793286 0)
(0.0332183 0.0319186 0)
(0.013088 0.0233796 0)
(0.00200821 -0.0194159 0)
(-0.0165135 -0.0087137 0)
(0.02007 0.00961263 0)
(-0.0490361 -0.0620965 0)
(0.135433 0.0526156 0)
(0.149253 0.0824675 0)
(0.24055 -0.0909938 0)
(0.468592 0.043298 0)
(0.234282 0.0826212 0)
(0.192712 -0.24757 0)
(0.0439765 -0.10756 0)
(0.229331 0.136856 0)
(0.0442276 0.0548609 0)
(-0.0732866 0.0735951 0)
(-0.0973049 -0.0624311 0)
(0.0392737 -0.0426696 0)
(0.0306897 0.0127191 0)
(0.0360946 -0.00141876 0)
(0.0414918 0.00297365 0)
(0.0232437 0.0292535 0)
(0.030378 0.0171604 0)
(0.0267924 0.0310864 0)
(0.017791 -0.000899634 0)
(-0.0141466 -0.00401442 0)
(-0.0241225 -0.0182531 0)
(0.0149758 -0.00199287 0)
(-0.216963 -0.0466352 0)
(0.172083 0.159043 0)
(0.235101 0.0204611 0)
(0.0481845 -0.186303 0)
(0.339704 0.0385163 0)
(0.24476 0.13723 0)
(0.283385 -0.117443 0)
(-0.230338 -0.0821322 0)
(-0.0897884 0.189764 0)
(-0.0960688 0.0576789 0)
(0.0977995 0.128495 0)
(-0.0968625 -0.0790859 0)
(0.00136473 -0.0746139 0)
(-0.0328244 -0.0125811 0)
(-0.0113641 0.00582083 0)
(0.0185507 0.0241783 0)
(0.0211498 0.00757441 0)
(0.0192388 0.0133794 0)
(0.0258164 0.0415094 0)
(0.00562738 0.0160167 0)
(-0.0181776 0.00349436 0)
(-0.0273428 -0.0109063 0)
(0.0107716 0.00750342 0)
(-0.27786 -0.040395 0)
(0.158747 -0.181707 0)
(0.284637 0.0398743 0)
(0.300574 -0.0840399 0)
(0.316837 -0.12852 0)
(0.335501 0.0987127 0)
(0.353297 -0.021927 0)
(-0.168899 0.0198362 0)
(0.0375941 0.160103 0)
(-0.0543056 0.0427738 0)
(0.0867237 0.0691259 0)
(0.00518083 -0.0282568 0)
(-0.0442802 -0.0729683 0)
(-0.0621807 0.0166939 0)
(-0.0445515 -0.0114815 0)
(-0.0388455 -0.0295254 0)
(-0.0287713 0.0158584 0)
(0.00298602 0.00823412 0)
(0.00490932 0.0456394 0)
(-0.015828 0.0178066 0)
(-0.031127 0.000904387 0)
(-0.0246048 -0.0192882 0)
(0.000664879 -0.0114601 0)
(-0.258691 -0.026826 0)
(0.155695 -0.276619 0)
(0.287004 -0.0879751 0)
(0.300093 -0.110393 0)
(0.238177 -0.0901136 0)
(0.312653 0.0587903 0)
(0.344814 0.0435776 0)
(-0.0926643 0.0811918 0)
(-0.0637107 0.0515403 0)
(0.0587725 0.0261084 0)
(0.148594 0.0770346 0)
(-0.0442304 0.0165831 0)
(-0.0235616 -0.0704362 0)
(-0.0714496 0.00604979 0)
(-0.111713 -0.0163642 0)
(-0.0591031 -0.0111138 0)
(-0.0213166 -0.00981185 0)
(-0.00301333 0.00986794 0)
(-0.00860832 0.0515871 0)
(-0.0278669 0.0254389 0)
(-0.044889 0.00485514 0)
(-0.0282486 -0.0303649 0)
(-0.0346308 0.00407597 0)
(0.0563939 0.0166925 0)
(0.242803 -0.245331 0)
(0.395524 -0.065458 0)
(0.366752 -0.0876979 0)
(0.18608 -0.0201499 0)
(0.213157 0.139093 0)
(0.214202 0.0526506 0)
(-0.0124482 0.24315 0)
(0.148893 0.0931374 0)
(-0.0258398 0.0811867 0)
(-0.169275 0.00871733 0)
(0.017519 0.0153209 0)
(-0.0210891 -0.0576286 0)
(-0.0510802 0.0143883 0)
(-0.0924173 0.00515263 0)
(-0.0731939 -0.0268535 0)
(-0.0371208 -0.0131211 0)
(0.0413974 0.00319113 0)
(0.0221217 0.0633723 0)
(-0.00364775 0.0359579 0)
(-0.0332512 0.0126289 0)
(0.00435332 -0.0295833 0)
(-0.103021 -0.0432821 0)
(0.225615 -0.31964 0)
(0.321478 -0.294157 0)
(0.457794 -0.115209 0)
(0.40426 -0.131439 0)
(0.340151 0.0365973 0)
(0.235556 0.150854 0)
(-0.056361 -0.00975351 0)
(-0.00763758 0.210178 0)
(0.248086 -0.0738282 0)
(0.144389 0.222187 0)
(-0.0625182 0.0329857 0)
(0.0291635 -0.00279021 0)
(0.0281047 -0.049061 0)
(-0.0602679 0.0444135 0)
(-0.126122 0.0211048 0)
(-0.0830529 -0.0843936 0)
(-0.0665524 -0.0625327 0)
(0.0479348 -0.0246331 0)
(0.00398285 0.077419 0)
(-0.0693856 0.024674 0)
(0.00591389 -0.00564387 0)
(0.0339538 -0.0149053 0)
(-0.294521 -0.124016 0)
(-0.503241 0.198056 0)
(-0.698803 0.0257317 0)
(-0.844859 0.00652251 0)
(-0.958029 -0.0121317 0)
(-0.982772 -0.0662921 0)
(-0.955532 -0.00805409 0)
(-0.966502 -8.32602e-05 0)
(-1.09365 -0.142322 0)
(-1.19126 -0.0802935 0)
(-1.06097 -0.119528 0)
(-0.986088 0.00891205 0)
(-0.970316 0.108192 0)
(-0.857908 -0.0484223 0)
(-0.753146 -0.000135987 0)
(-0.710214 -0.0311282 0)
(-0.617101 -0.0880232 0)
(-0.605446 -0.0389446 0)
(-0.565877 0.0698757 0)
(0.0531509 -0.0398279 0)
(-0.408421 0.354592 0)
(-0.456967 0.123323 0)
(-0.666827 0.0591606 0)
(-0.890189 0.0283253 0)
(-0.951739 0.0800666 0)
(-0.858091 0.0819022 0)
(-0.998959 -0.0708361 0)
(-1.15155 -0.0971901 0)
(-1.20702 0.0295463 0)
(-1.05408 0.0663367 0)
(-0.997888 0.0246926 0)
(-1.06186 0.108669 0)
(-0.926841 0.00161466 0)
(-0.829782 -0.0563897 0)
(-0.882618 -0.0711079 0)
(-0.792958 0.00350237 0)
(-0.705609 -0.114233 0)
(-0.653533 -0.118989 0)
(-0.11281 -0.172564 0)
(-0.385138 0.767437 0)
(-0.223683 0.338441 0)
(-0.263692 0.136379 0)
(-0.693877 -0.0842941 0)
(-0.862568 0.155387 0)
(-0.712743 -0.0328552 0)
(-0.804472 -0.162794 0)
(-0.998541 -0.0703387 0)
(-1.00902 -0.0470981 0)
(-0.974631 0.0810351 0)
(-0.898079 -0.0646873 0)
(-0.901582 -0.0387015 0)
(-0.87005 0.0710144 0)
(-0.790437 -0.122909 0)
(-0.790943 -0.133179 0)
(-0.812867 0.0441615 0)
(-0.77492 -0.116415 0)
(-0.65966 -0.213595 0)
(-0.257764 -0.390919 0)
(-0.356153 0.85049 0)
(-0.134338 0.539718 0)
(-0.275832 0.241216 0)
(-0.589473 0.177145 0)
(-0.738715 0.2907 0)
(-0.493906 0.0736414 0)
(-0.581354 -0.116636 0)
(-0.934365 -0.115107 0)
(-0.933806 0.012609 0)
(-0.883398 0.0199457 0)
(-0.890645 0.0451164 0)
(-0.745283 0.00473638 0)
(-0.773797 -0.0151796 0)
(-0.71052 -0.0038748 0)
(-0.652439 -0.0785506 0)
(-0.74733 -0.00901825 0)
(-0.790631 -0.058675 0)
(-0.501755 -0.308079 0)
(-0.218035 -0.635754 0)
(-0.353777 0.973384 0)
(-0.143196 0.524253 0)
(-0.221525 0.214818 0)
(-0.174708 0.0716007 0)
(-0.354987 0.312415 0)
(-0.223673 0.257207 0)
(-0.524152 -0.00111709 0)
(-0.867104 -0.00252818 0)
(-0.84312 0.0853099 0)
(-0.662677 -0.0846896 0)
(-0.62456 0.0760548 0)
(-0.219236 -0.0575682 0)
(-0.246808 -0.165445 0)
(-0.465552 0.0443796 0)
(-0.412274 -0.112352 0)
(-0.526498 -0.159059 0)
(-0.506986 -0.255327 0)
(-0.295305 -0.291289 0)
(0.00797011 -0.713535 0)
(-0.378002 1.02548 0)
(-0.213456 0.558467 0)
(-0.211375 0.242939 0)
(-0.134549 0.124748 0)
(-0.198268 0.409598 0)
(-0.189699 0.182955 0)
(-0.270867 -0.00555691 0)
(-0.547463 0.113626 0)
(-0.230179 -0.22236 0)
(-0.00601882 0.067623 0)
(-0.0305191 -0.0546206 0)
(0.19302 -0.137634 0)
(0.0195872 -0.0677381 0)
(0.0823045 -0.017368 0)
(-0.196134 0.0860083 0)
(-0.314269 -0.125808 0)
(-0.339162 -0.33129 0)
(-0.153849 -0.409609 0)
(0.0967485 -0.711621 0)
(-0.393102 1.15051 0)
(-0.22617 0.53509 0)
(-0.178082 0.327923 0)
(-0.193064 0.0740714 0)
(-0.14732 0.409951 0)
(-0.00604216 0.122588 0)
(-0.00768688 -0.00744345 0)
(0.0554546 0.132797 0)
(0.30996 -0.12608 0)
(0.391435 -0.131279 0)
(0.426577 -0.0806063 0)
(0.360046 -0.0782955 0)
(0.162128 -0.0982391 0)
(0.363046 0.0948175 0)
(0.315932 0.115497 0)
(0.00465237 -0.0787145 0)
(-0.119813 -0.103703 0)
(-0.0388659 -0.487526 0)
(0.153629 -0.70272 0)
(-0.396687 1.13263 0)
(-0.315906 0.350413 0)
(-0.302678 0.249096 0)
(-0.321323 0.101591 0)
(-0.150579 0.329473 0)
(0.0867951 0.128724 0)
(0.0343803 -0.0901445 0)
(0.237838 -0.0837384 0)
(0.354258 -0.155009 0)
(0.394378 -0.0217294 0)
(0.455166 -0.034571 0)
(0.408645 -0.0940613 0)
(0.208655 -0.0625538 0)
(0.33523 0.00838193 0)
(0.499172 0.0671818 0)
(0.298451 0.0619307 0)
(0.243235 -0.115907 0)
(0.23427 -0.461627 0)
(0.259905 -0.655576 0)
(0.206602 -0.456843 0)
(0.293272 -0.335027 0)
(0.308269 -0.160277 0)
(0.228904 0.111995 0)
(-0.285632 0.137839 0)
(0.23463 0.358002 0)
(-0.288246 0.132603 0)
(-0.00122149 0.190995 0)
(-0.0467529 -0.0656258 0)
(-0.13189 0.300903 0)
(-0.163676 -0.0275741 0)
(-0.0969833 -0.0342995 0)
(-0.0140615 -0.0948642 0)
(-0.0202204 0.0616186 0)
(-0.0719999 0.0431254 0)
(0.0378807 -0.147487 0)
(-0.0305092 -0.000330887 0)
(-0.0309156 -0.0362464 0)
(-0.0664264 0.180855 0)
(-0.0515823 0.0446531 0)
(-0.120353 0.0162243 0)
(-0.438565 0.125982 0)
(-0.503147 0.0371046 0)
(0.00153072 -0.476701 0)
(0.0693707 -0.285167 0)
(0.189239 0.0122226 0)
(-0.090377 0.211933 0)
(-0.206152 0.160464 0)
(-0.0129035 0.448271 0)
(-0.207774 0.0728933 0)
(0.0206647 0.164656 0)
(0.131633 0.115757 0)
(0.0524091 0.373907 0)
(0.241489 -0.0767834 0)
(-0.155483 0.0159017 0)
(-0.0568651 -0.208714 0)
(0.102738 0.0882653 0)
(0.0321053 -0.0221345 0)
(0.127405 -0.205341 0)
(0.154764 -0.0494603 0)
(0.125132 0.00343607 0)
(-0.139 0.265146 0)
(-0.271065 0.120117 0)
(-0.428265 0.168866 0)
(-0.535283 0.165411 0)
(-0.502634 0.0159392 0)
(-0.0519467 -0.483632 0)
(-0.110244 -0.545624 0)
(0.0898875 0.025694 0)
(-0.145143 0.430573 0)
(-0.168326 -0.0426822 0)
(-0.194627 0.329748 0)
(-0.228136 0.00571944 0)
(-0.0636164 -0.0379222 0)
(-0.186484 -0.214948 0)
(0.218142 0.0881927 0)
(0.289718 0.148214 0)
(0.0162611 0.263433 0)
(0.0721145 -0.333159 0)
(0.200123 0.0770325 0)
(0.195756 -0.0441258 0)
(0.0264491 -0.14978 0)
(-0.100293 0.136267 0)
(-0.142328 0.20508 0)
(-0.254352 0.392279 0)
(-0.334738 0.252796 0)
(-0.401578 0.113949 0)
(-0.472806 0.0370994 0)
(-0.564686 0.0987753 0)
(0.0332401 -0.361478 0)
(-0.211894 -0.556156 0)
(-0.325038 0.178478 0)
(-0.0415809 0.53538 0)
(0.168942 0.0229201 0)
(-0.152997 0.263541 0)
(-0.0369725 0.0391188 0)
(-0.174262 0.0505239 0)
(-0.459613 -0.0555997 0)
(-0.250799 -0.034614 0)
(0.00796506 0.186108 0)
(-0.0171687 0.218279 0)
(-0.0997515 -0.325733 0)
(-0.0844644 -0.00341584 0)
(0.00448369 0.168917 0)
(-0.0888806 -0.0344224 0)
(-0.118927 0.173325 0)
(-0.157704 0.196875 0)
(-0.158738 0.52985 0)
(-0.00337756 0.402029 0)
(-0.0482962 0.210315 0)
(-0.103761 0.267214 0)
(-0.0391667 0.198778 0)
(0.00549328 -0.319316 0)
(-0.0833704 -0.286052 0)
(-0.125612 -0.175977 0)
(-0.0294663 0.186038 0)
(-0.0722935 0.100713 0)
(-0.0993419 0.308633 0)
(-0.0201601 0.0957869 0)
(-0.0557867 0.120189 0)
(0.0355534 0.12546 0)
(-0.0513979 -0.405362 0)
(0.0985266 -0.00166932 0)
(-0.0253116 0.282315 0)
(0.238172 -0.156819 0)
(-0.0148567 -0.111275 0)
(0.200674 0.0520911 0)
(0.151359 -0.00178941 0)
(0.00281307 0.180732 0)
(-0.0997625 0.201525 0)
(-0.125981 0.503044 0)
(0.0825503 0.574889 0)
(-0.0107478 0.253341 0)
(-0.0101244 0.203947 0)
(0.242239 0.0916752 0)
(-0.0803946 -0.43595 0)
(-0.29721 -0.298601 0)
(-0.423827 -0.0754 0)
(-0.246261 0.199331 0)
(-0.117884 0.13752 0)
(-0.10339 0.274832 0)
(-0.0858714 0.0454406 0)
(-0.126722 0.121361 0)
(-0.0231904 -0.0164477 0)
(-0.198265 -0.121298 0)
(-0.159652 0.0445978 0)
(-0.0888527 0.0164245 0)
(0.0267339 -0.207324 0)
(-0.157356 -0.117846 0)
(0.152084 0.086717 0)
(-0.146715 0.212823 0)
(-0.134695 0.241319 0)
(-0.238505 0.276836 0)
(-0.367942 0.418386 0)
(-0.266336 0.38292 0)
(-0.180366 0.360092 0)
(-0.215962 0.00196244 0)
(-0.0596097 -0.194676 0)
(-0.016531 -0.13026 0)
(-0.353547 -0.126926 0)
(-0.46556 -0.0651287 0)
(-0.430412 0.00474114 0)
(-0.249726 0.150138 0)
(-0.0869899 0.192938 0)
(0.142859 0.0413438 0)
(-0.0749511 0.175749 0)
(-0.126247 -0.0317084 0)
(-0.187098 -0.0688231 0)
(-0.175914 -0.0902063 0)
(-0.200786 0.121792 0)
(-0.164781 -0.207323 0)
(-0.283841 -0.148734 0)
(-0.256243 0.136366 0)
(-0.3922 0.304063 0)
(-0.389506 0.358237 0)
(-0.522841 0.484645 0)
(-0.569496 0.433425 0)
(-0.432851 0.116542 0)
(-0.269243 0.110372 0)
(-0.157191 -0.124873 0)
(-0.0624998 -0.230839 0)
(-0.200571 0.0752149 0)
(-0.215102 -0.042751 0)
(-0.404692 -0.0589044 0)
(-0.436489 -0.0469756 0)
(-0.241504 0.120141 0)
(-0.0262978 0.0137915 0)
(0.0335567 0.0449303 0)
(0.0979755 0.26728 0)
(-0.0271164 0.0667 0)
(-0.0737144 -0.0587087 0)
(-0.179614 -0.11281 0)
(-0.336584 -0.118473 0)
(-0.361309 -0.0671492 0)
(-0.372306 -0.0781591 0)
(-0.604654 0.263485 0)
(-0.4869 0.237673 0)
(-0.441924 0.36414 0)
(-0.549481 0.458333 0)
(-0.521792 0.283427 0)
(-0.306703 -0.0838499 0)
(-0.205305 -0.0588398 0)
(-0.175334 -0.150718 0)
(-0.152488 -0.174386 0)
(-0.0629834 0.305517 0)
(-0.087988 0.0867525 0)
(-0.331332 -0.149576 0)
(-0.21928 -0.048524 0)
(-0.174029 0.0202563 0)
(-0.127009 -0.0862691 0)
(0.0545419 -0.0632134 0)
(0.136714 0.221305 0)
(0.166592 0.37649 0)
(-0.0199198 0.228422 0)
(-0.450565 0.173341 0)
(-0.567111 0.0889352 0)
(-0.768506 0.0578335 0)
(-0.805764 0.0893159 0)
(-0.697997 0.22793 0)
(-0.616002 0.176884 0)
(-0.54919 0.279801 0)
(-0.517599 0.293252 0)
(-0.403653 0.201864 0)
(-0.263485 -0.102501 0)
(-0.298275 -0.0731649 0)
(-0.314477 -0.256901 0)
(-0.421128 -0.182892 0)
(-0.0471012 0.666826 0)
(-0.174474 0.14404 0)
(-0.295987 -0.0838719 0)
(-0.176012 -0.0657486 0)
(-0.0734846 -0.171899 0)
(-0.0908555 -0.118081 0)
(0.0206667 -0.0950585 0)
(0.0911344 0.0291778 0)
(0.11714 0.370505 0)
(-0.0648631 0.408284 0)
(-0.475034 0.362767 0)
(-0.671158 0.114189 0)
(-0.781627 0.0811124 0)
(-0.770722 0.185625 0)
(-0.817097 0.233006 0)
(-0.894581 0.195622 0)
(-0.779366 0.250327 0)
(-0.531979 0.248367 0)
(-0.439486 0.085015 0)
(-0.484509 -0.180307 0)
(-0.652032 -0.191859 0)
(-0.8339 -0.0689032 0)
(-0.776966 -0.120708 0)
(0.0480825 0.750017 0)
(-0.0979323 0.153678 0)
(-0.185458 -0.10543 0)
(-0.116028 -0.0924945 0)
(-0.025389 -0.179771 0)
(-0.0522932 -0.218613 0)
(-0.122222 -0.142301 0)
(-0.147437 0.0229758 0)
(-0.122495 0.314742 0)
(-0.181045 0.587513 0)
(-0.576932 0.497564 0)
(-0.62409 0.322421 0)
(-0.650386 0.314466 0)
(-0.796434 0.427731 0)
(-1.17296 0.301494 0)
(-1.32731 0.271914 0)
(-0.916655 0.0116466 0)
(-0.658876 -0.0180422 0)
(-0.825851 -0.0639535 0)
(-1.08743 0.0336754 0)
(-1.00458 0.124924 0)
(-0.951503 0.0112076 0)
(-0.878133 -0.116781 0)
(0.0843113 0.692218 0)
(0.0607865 0.255974 0)
(0.0263303 0.026877 0)
(-0.051397 -0.176901 0)
(-0.108607 -0.108083 0)
(-0.155721 -0.237991 0)
(-0.188966 -0.0805173 0)
(-0.315769 0.227311 0)
(-0.343392 0.436949 0)
(-0.415529 0.623132 0)
(-0.675299 0.567511 0)
(-0.595539 0.41646 0)
(-0.475293 0.442809 0)
(-0.523035 0.553999 0)
(-0.860318 0.180358 0)
(-1.15683 0.0169731 0)
(-0.837191 0.240709 0)
(-0.786289 0.0754713 0)
(-0.918258 0.0360532 0)
(-0.964518 0.0870758 0)
(-0.951282 0.121452 0)
(-0.869214 0.0149348 0)
(-0.826456 -0.0608144 0)
(0.0932427 0.431356 0)
(0.117409 0.229972 0)
(0.0283749 0.104766 0)
(-0.0875944 -0.0628648 0)
(-0.168676 -0.037323 0)
(-0.269778 -0.0546871 0)
(-0.321144 -0.0208287 0)
(-0.551218 0.118934 0)
(-0.674606 0.415718 0)
(-0.643743 0.578402 0)
(-0.763354 0.645071 0)
(-0.799256 0.56994 0)
(-1.17835 0.657785 0)
(-1.57427 0.660424 0)
(-1.68108 0.390854 0)
(-1.58622 0.235256 0)
(-1.40355 0.120035 0)
(-1.39143 0.0595812 0)
(-1.26823 0.0742851 0)
(-1.22226 0.0394823 0)
(-1.12536 0.0419029 0)
(-1.05904 -0.0866624 0)
(-0.954401 -0.221381 0)
(0.0561964 0.370006 0)
(0.110366 0.253149 0)
(0.0395283 0.159126 0)
(-0.0218369 0.0767344 0)
(-0.214492 0.0787521 0)
(-0.283378 0.0981323 0)
(-0.320929 0.11199 0)
(-0.538064 0.208998 0)
(-0.727994 0.481927 0)
(-0.656206 0.703574 0)
(-0.715259 0.831176 0)
(-0.930853 0.885493 0)
(-1.34538 0.817952 0)
(-1.48174 0.613872 0)
(-1.4762 0.441123 0)
(-1.56109 0.264995 0)
(-1.62622 0.168893 0)
(-1.16644 0.0790412 0)
(-1.00598 0.025076 0)
(-0.971594 -0.043078 0)
(-0.806756 -0.0715685 0)
(-0.590229 -0.285183 0)
(-0.477116 -0.32996 0)
(-0.0559855 0.219904 0)
(0.000133944 0.25643 0)
(0.00251016 0.196802 0)
(-0.112213 0.139288 0)
(-0.220086 0.192168 0)
(-0.290053 0.233975 0)
(-0.308332 0.24982 0)
(-0.36011 0.323841 0)
(-0.479229 0.553659 0)
(-0.495189 0.827187 0)
(-0.481877 0.92076 0)
(-0.5786 1.13955 0)
(-0.756044 1.04716 0)
(-0.970043 0.532983 0)
(-1.0172 0.207797 0)
(-1.10709 0.00306262 0)
(-1.21645 0.235086 0)
(-1.20848 0.319916 0)
(-1.14844 0.0420318 0)
(-0.788795 -0.0815825 0)
(-0.468142 -0.260655 0)
(-0.462072 -0.358218 0)
(-0.584082 -0.39131 0)
(0.0116341 0.204802 0)
(0.0161269 0.221488 0)
(-0.0218752 0.23917 0)
(-0.0511024 0.19599 0)
(-0.185797 0.243929 0)
(-0.265104 0.2427 0)
(-0.284862 0.356618 0)
(-0.300583 0.385582 0)
(-0.307554 0.518519 0)
(-0.382176 0.784801 0)
(-0.159308 0.930894 0)
(0.110811 1.05637 0)
(0.144528 1.29382 0)
(-0.315229 0.974509 0)
(-0.0588875 0.728606 0)
(-0.547792 0.394289 0)
(-0.576148 -0.0637436 0)
(-0.343401 -0.490464 0)
(-0.518803 -0.198406 0)
(-0.689731 0.0330527 0)
(-0.444517 -0.327678 0)
(-0.339847 -0.350443 0)
(-0.656669 -0.369585 0)
(-0.0591493 0.360352 0)
(0.00301491 0.325686 0)
(0.0133888 0.253901 0)
(-0.0767189 0.274688 0)
(-0.178769 0.276183 0)
(-0.185413 0.321163 0)
(-0.15282 0.370471 0)
(-0.263926 0.368834 0)
(-0.234402 0.541017 0)
(-0.105755 0.733593 0)
(-0.0389573 1.03076 0)
(0.15467 0.887195 0)
(0.182888 1.08997 0)
(0.138987 0.929905 0)
(0.603272 0.762495 0)
(0.445811 0.526021 0)
(0.252414 0.20912 0)
(0.165873 0.00319544 0)
(-0.0250076 -0.127676 0)
(-0.0659651 -0.124212 0)
(-0.131598 -0.152347 0)
(-0.221743 -0.208 0)
(-0.452468 -0.240139 0)
(0.0251842 0.37058 0)
(-0.0583162 0.331938 0)
(-0.0563674 0.351668 0)
(-0.0149749 0.305758 0)
(-0.0969894 0.281359 0)
(-0.148031 0.38126 0)
(-0.175814 0.398277 0)
(-0.156771 0.408405 0)
(-0.106411 0.644772 0)
(0.0234952 0.651509 0)
(-0.108548 0.847147 0)
(-0.00557917 0.836907 0)
(0.308596 0.964563 0)
(0.454345 0.915601 0)
(0.635191 0.767631 0)
(0.518684 0.619718 0)
(0.519956 0.290008 0)
(0.557304 0.0246917 0)
(0.274748 -0.013128 0)
(0.0827441 0.0347526 0)
(0.0919913 -0.0458813 0)
(0.00153554 -0.0986886 0)
(-0.166215 -0.0247518 0)
(-0.0452054 0.38799 0)
(0.0206337 0.328212 0)
(0.00329389 0.356885 0)
(-0.0900124 0.359761 0)
(-0.0753188 0.340707 0)
(-0.0494982 0.36343 0)
(-0.110922 0.406069 0)
(-0.0712563 0.514927 0)
(-0.133991 0.536582 0)
(-0.0726312 0.607177 0)
(-0.0730177 0.579217 0)
(0.0351886 0.87852 0)
(0.215383 0.784644 0)
(0.380534 0.800076 0)
(0.576977 0.592732 0)
(0.528347 0.573103 0)
(0.529299 0.45487 0)
(0.513761 0.135026 0)
(0.226621 -0.00508338 0)
(0.223975 0.0390164 0)
(0.164002 0.0273796 0)
(0.0625924 0.0229954 0)
(-0.0499338 0.106529 0)
(-0.00850689 0.435224 0)
(-0.0536856 0.465897 0)
(0.00139843 0.380441 0)
(-0.00162796 0.360134 0)
(-0.0592734 0.526588 0)
(-0.0679763 0.40327 0)
(-0.0437712 0.362096 0)
(-0.0979398 0.406022 0)
(-0.12394 0.368224 0)
(-0.0622961 0.493141 0)
(0.105202 0.510495 0)
(-0.000290043 0.710184 0)
(0.103904 0.696909 0)
(0.409325 0.668731 0)
(0.444663 0.550125 0)
(0.366409 0.347734 0)
(0.388812 0.32579 0)
(0.394341 0.115283 0)
(0.320142 0.0711587 0)
(0.245813 0.122494 0)
(0.178647 0.12125 0)
(0.113756 0.106884 0)
(0.0270205 0.196134 0)
(-0.00299874 0.452053 0)
(-0.0080528 0.477727 0)
(-0.0764631 0.515085 0)
(0.0450816 0.489154 0)
(-0.000654241 0.469496 0)
(-0.131857 0.378323 0)
(-0.0855775 0.337751 0)
(-0.0882186 0.332825 0)
(-0.0944121 0.360978 0)
(0.00474613 0.45719 0)
(0.183478 0.509103 0)
(0.192308 0.424309 0)
(0.203107 0.607936 0)
(0.211848 0.52205 0)
(0.170746 0.377631 0)
(0.256229 0.342964 0)
(0.366144 0.30463 0)
(0.284409 0.25704 0)
(0.258014 0.19397 0)
(0.257927 0.17941 0)
(0.110247 0.154515 0)
(0.121937 0.199253 0)
(0.109815 0.233134 0)
(0.0133573 0.461682 0)
(0.00249701 0.526008 0)
(0.0278071 0.525372 0)
(-0.0253314 0.524522 0)
(-0.11462 0.388125 0)
(-0.131991 0.392731 0)
(-0.0542601 0.381273 0)
(-0.0665404 0.348307 0)
(-0.0212597 0.429544 0)
(0.132475 0.552661 0)
(0.128781 0.501013 0)
(0.143888 0.41094 0)
(0.182291 0.399125 0)
(0.220549 0.307261 0)
(0.160704 0.369351 0)
(0.225842 0.473201 0)
(0.309939 0.324788 0)
(0.256075 0.316646 0)
(0.20999 0.33888 0)
(0.18036 0.273066 0)
(0.161391 0.240173 0)
(0.168538 0.31571 0)
(0.107684 0.349507 0)
(0.0477323 0.389016 0)
(0.044427 0.443514 0)
(-0.067352 0.439386 0)
(-0.0899922 0.408252 0)
(-0.084483 0.38987 0)
(-0.0851402 0.384471 0)
(-0.0872569 0.543685 0)
(-0.0123834 0.42552 0)
(0.0905469 0.534908 0)
(0.08973 0.496914 0)
(0.0938302 0.446829 0)
(0.129415 0.445385 0)
(0.135085 0.423624 0)
(0.20006 0.350094 0)
(0.241576 0.377842 0)
(0.220115 0.443663 0)
(0.223435 0.375992 0)
(0.223582 0.327634 0)
(0.195837 0.318218 0)
(0.140691 0.250965 0)
(0.155334 0.344607 0)
(0.245698 0.354966 0)
(0.18007 0.346341 0)
(-0.0193948 0.311717 0)
(-0.00918023 0.299748 0)
(-0.0231105 0.327121 0)
(-0.0347838 0.378526 0)
(-0.0812724 0.409771 0)
(0.0522255 0.40444 0)
(0.0425311 0.470037 0)
(-0.0596645 0.486403 0)
(0.0549759 0.476209 0)
(0.0509324 0.433021 0)
(0.105322 0.431745 0)
(0.133188 0.435028 0)
(0.113808 0.416825 0)
(0.169612 0.424381 0)
(0.229917 0.366523 0)
(0.222205 0.275978 0)
(0.241019 0.286934 0)
(0.192938 0.23516 0)
(0.162249 0.242105 0)
(0.171974 0.255507 0)
(0.248737 0.3227 0)
(0.21544 0.304882 0)
(0.197915 0.281945 0)
(-0.0188285 0.416148 0)
(-0.0157778 0.358966 0)
(-0.0256656 0.370205 0)
(-0.00534261 0.390754 0)
(-0.0380645 0.402601 0)
(0.0206424 0.514919 0)
(0.0123665 0.341338 0)
(0.0193518 0.426512 0)
(0.0464523 0.399752 0)
(0.0611477 0.406074 0)
(0.115979 0.40661 0)
(0.121634 0.389608 0)
(0.106573 0.378988 0)
(0.154638 0.415807 0)
(0.165168 0.35448 0)
(0.195709 0.244247 0)
(0.213968 0.273865 0)
(0.181034 0.260381 0)
(0.227283 0.288642 0)
(0.22983 0.295549 0)
(0.209329 0.300197 0)
(0.222717 0.301601 0)
(0.216967 0.322392 0)
(-0.0644201 0.355269 0)
(-0.0561771 0.332263 0)
(-0.0329157 0.355334 0)
(0.00141649 0.381888 0)
(0.0660349 0.35357 0)
(0.022464 0.411736 0)
(-0.0123917 0.364083 0)
(0.0430383 0.454023 0)
(0.0468374 0.373876 0)
(0.0565175 0.396391 0)
(0.0910845 0.384768 0)
(0.111894 0.357892 0)
(0.159715 0.33581 0)
(0.160821 0.315987 0)
(0.0811942 0.327468 0)
(0.180705 0.347195 0)
(0.238764 0.31063 0)
(0.218995 0.29384 0)
(0.201811 0.270321 0)
(0.204259 0.250462 0)
(0.257756 0.267 0)
(0.247094 0.257074 0)
(0.199259 0.290739 0)
(-0.0135128 0.261344 0)
(-0.0124618 0.297808 0)
(-0.00507871 0.328747 0)
(0.00357793 0.350062 0)
(0.0358511 0.332882 0)
(0.0526725 0.25757 0)
(0.0880084 0.329117 0)
(0.0446065 0.380824 0)
(-0.0116974 0.311796 0)
(0.056802 0.34128 0)
(0.0667538 0.350099 0)
(0.0877132 0.327109 0)
(0.129221 0.349998 0)
(0.172747 0.330771 0)
(0.181621 0.282483 0)
(0.198226 0.333599 0)
(0.16355 0.272665 0)
(0.142912 0.228106 0)
(0.190506 0.195943 0)
(0.246523 0.191415 0)
(0.238195 0.217123 0)
(0.259257 0.182827 0)
(0.230132 0.196124 0)
(-0.00605962 0.301529 0)
(-0.00638503 0.305571 0)
(-0.00030505 0.317333 0)
(0.0116743 0.328149 0)
(0.0294633 0.326274 0)
(0.0403497 0.295704 0)
(0.0626573 0.313277 0)
(0.0421014 0.259541 0)
(0.0451357 0.307587 0)
(0.0851907 0.29254 0)
(0.0750294 0.338332 0)
(0.117968 0.332907 0)
(0.186159 0.335516 0)
(0.103914 0.363591 0)
(0.104548 0.322057 0)
(0.190415 0.283638 0)
(0.150275 0.241639 0)
(0.158531 0.268251 0)
(0.17515 0.269236 0)
(0.233615 0.271624 0)
(0.272875 0.254131 0)
(0.226492 0.198621 0)
(0.260071 0.198828 0)
(-0.00313359 0.299848 0)
(-0.0029811 0.29587 0)
(0.00313511 0.30498 0)
(0.0183477 0.312408 0)
(0.027804 0.30765 0)
(0.0452476 0.289579 0)
(0.0623403 0.304796 0)
(0.0499521 0.28517 0)
(0.0468715 0.319611 0)
(0.0773407 0.298 0)
(0.0990889 0.279 0)
(0.101213 0.309514 0)
(0.175806 0.307474 0)
(0.167998 0.27384 0)
(0.140089 0.303973 0)
(0.127185 0.24898 0)
(0.152001 0.268812 0)
(0.189174 0.282987 0)
(0.189965 0.285881 0)
(0.213787 0.303902 0)
(0.194522 0.220638 0)
(0.1897 0.245629 0)
(0.260234 0.271533 0)
(-0.00344305 0.295493 0)
(0.00166197 0.285283 0)
(0.00502137 0.2965 0)
(0.0179563 0.306289 0)
(0.0203554 0.299289 0)
(0.039679 0.281601 0)
(0.0510087 0.296 0)
(0.0603531 0.290584 0)
(0.0633793 0.300904 0)
(0.0294552 0.30501 0)
(0.0808438 0.278666 0)
(0.150893 0.299994 0)
(0.157187 0.305938 0)
(0.118654 0.259383 0)
(0.12447 0.274175 0)
(0.162567 0.221624 0)
(0.168879 0.26364 0)
(0.176729 0.214765 0)
(0.190259 0.2303 0)
(0.166261 0.206626 0)
(0.195558 0.185315 0)
(0.273816 0.263777 0)
(0.254983 0.236456 0)
(-0.00338863 0.289647 0)
(0.0055153 0.279554 0)
(0.0100236 0.291626 0)
(0.0207278 0.304493 0)
(0.0192682 0.297769 0)
(0.0403685 0.281316 0)
(0.0531767 0.249941 0)
(0.0616935 0.28809 0)
(0.0740202 0.311851 0)
(0.05913 0.336801 0)
(0.0844842 0.376285 0)
(0.123241 0.326902 0)
(0.134529 0.268429 0)
(0.153185 0.276529 0)
(0.122468 0.288235 0)
(0.132462 0.28159 0)
(0.133883 0.257339 0)
(0.164545 0.228308 0)
(0.178059 0.179244 0)
(0.170197 0.175157 0)
(0.236166 0.222944 0)
(0.232093 0.187987 0)
(0.226397 0.158842 0)
(-0.000195584 0.288021 0)
(0.0104595 0.281119 0)
(0.0121608 0.286917 0)
(0.0222559 0.307931 0)
(0.0221888 0.301342 0)
(-0.00106894 0.284305 0)
(0.0348119 0.274953 0)
(0.111217 0.298398 0)
(0.12564 0.294471 0)
(0.105927 0.280488 0)
(0.0648709 0.318707 0)
(0.0614992 0.283374 0)
(0.109046 0.257602 0)
(0.137514 0.261472 0)
(0.118183 0.257666 0)
(0.119084 0.297198 0)
(0.126496 0.203957 0)
(0.13196 0.228741 0)
(0.140483 0.185476 0)
(0.182776 0.225237 0)
(0.178138 0.225081 0)
(0.20751 0.138978 0)
(0.221361 0.174085 0)
(0.00218696 0.289907 0)
(0.00970691 0.281422 0)
(0.0148058 0.28776 0)
(0.0312088 0.307489 0)
(0.034236 0.304479 0)
(0.0272638 0.28429 0)
(0.0438552 0.349062 0)
(0.0735651 0.306824 0)
(0.0720167 0.322806 0)
(0.0650239 0.29868 0)
(0.0583783 0.190375 0)
(0.0570614 0.232732 0)
(0.114267 0.27069 0)
(0.15067 0.22406 0)
(0.15301 0.244792 0)
(0.0752946 0.265327 0)
(0.0799305 0.253285 0)
(0.157529 0.254628 0)
(0.176431 0.206905 0)
(0.201466 0.233365 0)
(0.118398 0.190988 0)
(0.168046 0.196571 0)
(0.205349 0.11309 0)
(0.00278121 0.282454 0)
(0.0120919 0.270572 0)
(0.0122085 0.28165 0)
(0.0312646 0.295724 0)
(0.0373864 0.286157 0)
(0.0403806 0.25747 0)
(0.0502286 0.271807 0)
(0.0949502 0.275043 0)
(0.115494 0.272066 0)
(-0.0214357 0.266149 0)
(0.00741945 0.290487 0)
(0.102262 0.220662 0)
(0.106927 0.262013 0)
(0.106606 0.244776 0)
(0.159591 0.214832 0)
(0.131743 0.192206 0)
(0.12171 0.250127 0)
(0.112344 0.256119 0)
(0.131671 0.232501 0)
(0.185955 0.192856 0)
(0.14491 0.141824 0)
(0.143845 0.14825 0)
(0.142496 0.112186 0)
(0.00159303 0.274548 0)
(0.0119954 0.262778 0)
(0.0132781 0.267782 0)
(0.0205147 0.291041 0)
(0.0261664 0.271391 0)
(0.0478977 0.261649 0)
(0.0565029 0.25148 0)
(0.0520451 0.21559 0)
(0.0739922 0.212615 0)
(0.0898262 0.206265 0)
(0.0115126 0.287408 0)
(0.0181895 0.244945 0)
(0.132594 0.248219 0)
(0.105891 0.240757 0)
(0.0943398 0.221309 0)
(0.105738 0.183709 0)
(0.151955 0.170308 0)
(0.149505 0.187557 0)
(0.119472 0.207286 0)
(0.115697 0.13946 0)
(0.114931 0.129882 0)
(0.159013 0.138686 0)
(0.184083 0.119782 0)
(0.000600652 0.274787 0)
(0.00847789 0.257001 0)
(0.0111283 0.262052 0)
(0.0131448 0.293919 0)
(0.0242 0.231984 0)
(0.0459701 0.266783 0)
(-0.00453267 0.272826 0)
(0.0406178 0.237633 0)
(0.0861875 0.255395 0)
(0.0802645 0.202897 0)
(0.0428103 0.195453 0)
(0.0553549 0.297279 0)
(0.100807 0.253157 0)
(0.0756062 0.215257 0)
(0.095427 0.217283 0)
(0.082391 0.216078 0)
(0.110146 0.201935 0)
(0.13032 0.153351 0)
(0.119434 0.175132 0)
(0.10195 0.181026 0)
(0.150615 0.181344 0)
(0.157315 0.165637 0)
(0.116756 0.0748184 0)
(-0.00433369 0.280667 0)
(0.00466511 0.263562 0)
(0.0167673 0.272997 0)
(-0.0206504 0.307577 0)
(0.0128249 0.270514 0)
(0.0849476 0.286753 0)
(0.038793 0.28456 0)
(0.0300688 0.32955 0)
(0.0176777 0.276039 0)
(0.0468301 0.241771 0)
(0.0919763 0.229321 0)
(0.0597828 0.256536 0)
(0.0679932 0.194504 0)
(0.0714991 0.204958 0)
(0.0792441 0.209888 0)
(0.0807881 0.205095 0)
(0.0798373 0.205084 0)
(0.116545 0.183737 0)
(0.160736 0.200387 0)
(0.133422 0.195483 0)
(0.0953616 0.196145 0)
(0.109296 0.101438 0)
(0.0733882 0.104592 0)
(-0.0061049 0.272236 0)
(0.00682955 0.230434 0)
(0.0235714 0.27338 0)
(0.00592598 0.309717 0)
(0.0254168 0.363564 0)
(0.0436041 0.296044 0)
(0.016866 0.284859 0)
(0.0348068 0.312322 0)
(0.0246853 0.271955 0)
(0.0426485 0.333923 0)
(0.0540977 0.249121 0)
(-0.00851405 0.25602 0)
(0.0470126 0.224155 0)
(0.0879772 0.224355 0)
(0.0768661 0.20584 0)
(0.0602913 0.200223 0)
(0.0667932 0.19021 0)
(0.124812 0.184937 0)
(0.131597 0.174311 0)
(0.0813351 0.121174 0)
(0.0680564 0.11336 0)
(0.108907 0.104618 0)
(0.103482 0.0938772 0)
(-0.0328157 0.293079 0)
(0.0176716 0.278489 0)
(0.0608243 0.292172 0)
(0.0316732 0.293876 0)
(0.0264094 0.316895 0)
(0.0414581 0.287231 0)
(0.0291107 0.288937 0)
(0.0155395 0.306181 0)
(0.0175445 0.267834 0)
(0.0376665 0.293446 0)
(0.0371635 0.252184 0)
(0.0337714 0.269809 0)
(0.0332079 0.30153 0)
(0.0451619 0.238832 0)
(0.0372782 0.218567 0)
(0.0434735 0.16642 0)
(0.0464921 0.200559 0)
(0.089658 0.163294 0)
(0.101369 0.140933 0)
(0.0649052 0.138149 0)
(0.0742545 0.118989 0)
(0.0987732 0.124251 0)
(0.0651199 0.0832661 0)
(-0.000491655 0.271014 0)
(0.00587768 0.356396 0)
(0.00677014 0.304784 0)
(0.0202511 0.30316 0)
(0.0254356 0.3281 0)
(0.0323013 0.303052 0)
(0.0229172 0.295296 0)
(0.0158655 0.361331 0)
(0.0150659 0.225544 0)
(0.0275954 0.34988 0)
(0.0199129 0.215519 0)
(0.017429 0.266687 0)
(0.00858864 0.31492 0)
(0.0321554 0.231989 0)
(-0.0100501 0.171925 0)
(0.0323097 0.207791 0)
(0.0426006 0.156103 0)
(0.0512071 0.192406 0)
(0.087113 0.120412 0)
(0.0415648 0.149457 0)
(0.0496739 0.14217 0)
(0.0733279 0.124483 0)
(0.050655 0.0661046 0)
(0.0394812 0.338213 0)
(0.0635865 0.361846 0)
(0.0183839 0.291411 0)
(0.0295905 0.274452 0)
(0.0260848 0.352544 0)
(0.0230463 0.263746 0)
(0.070391 0.336436 0)
(-0.0432761 0.266012 0)
(0.00948862 0.297331 0)
(0.0201659 0.258949 0)
(-0.0440345 0.275272 0)
(0.10813 0.288317 0)
(0.00602408 0.253204 0)
(-0.0649689 0.23336 0)
(0.00154044 0.248118 0)
(0.00246277 0.340821 0)
(0.0126544 0.249582 0)
(0.0394042 0.311003 0)
(0.0503272 0.224933 0)
(0.0679444 0.165274 0)
(0.0488764 0.222569 0)
(0.0153258 0.121645 0)
(0.022117 0.131597 0)
(-0.00674414 0.376233 0)
(-0.0588015 0.349085 0)
(-0.0634573 0.341812 0)
(0.0575221 0.343932 0)
(0.00123829 0.310412 0)
(0.0240256 0.336334 0)
(0.0288616 0.303228 0)
(0.00126217 0.286436 0)
(0.0175227 0.316488 0)
(-0.00558952 0.263814 0)
(0.0401687 0.298218 0)
(-0.0463041 0.268855 0)
(-0.0241094 0.25522 0)
(0.0276544 0.260545 0)
(0.0833871 0.284139 0)
(0.0177569 0.246422 0)
(0.00248306 0.264113 0)
(-0.00906329 0.230454 0)
(-0.0596729 0.21563 0)
(0.0103193 0.203686 0)
(0.00498867 0.168351 0)
(0.00258103 0.16337 0)
(0.0438487 0.138698 0)
(-0.321597 0.321026 0)
(-0.429169 0.488173 0)
(-0.653212 0.665213 0)
(-0.764423 0.742123 0)
(-0.373266 0.000449137 0)
(-0.405022 0.0854965 0)
(-0.430577 0.156957 0)
(-0.518023 0.34192 0)
(-0.555594 0.183 0)
(-0.498767 0.263454 0)
(-0.378829 0.320103 0)
(-0.314699 0.446485 0)
(-0.295249 0.0747222 0)
(-0.402908 -0.253493 0)
(-0.259559 -0.322921 0)
(-0.0109797 -0.18334 0)
(0.375331 0.288255 0)
(0.442338 0.248203 0)
(0.490225 0.0854991 0)
(0.346655 -0.12457 0)
(0.107603 -0.15904 0)
(0.135853 -0.19459 0)
(0.19924 -0.157512 0)
(0.106462 -0.1046 0)
(-0.0248083 -0.163588 0)
(-0.0571861 -0.0564871 0)
(-0.0103465 0.0787222 0)
(-0.0762389 0.133656 0)
(-0.23454 -0.0804816 0)
(-0.264176 -0.0781461 0)
(-0.266331 -0.0474151 0)
(-0.20692 -0.0473391 0)
(-0.409309 -0.0612311 0)
(-0.320271 -0.115188 0)
(-0.287399 -0.135733 0)
(-0.20348 -0.0879569 0)
(-0.662919 -0.172555 0)
(-0.617471 -0.194084 0)
(-0.554757 -0.221701 0)
(-0.514595 -0.276613 0)
(-0.921145 -0.185751 0)
(-1.05575 -0.291943 0)
(-1.06351 -0.32556 0)
(-1.04646 -0.366351 0)
(-1.04583 -0.175184 0)
(-1.19415 -0.196452 0)
(-1.23149 -0.235429 0)
(-1.19181 -0.304588 0)
(-0.940845 -0.37789 0)
(-0.917223 -0.391553 0)
(-0.920587 -0.36097 0)
(-0.931274 -0.322466 0)
(-0.494885 -0.460501 0)
(-0.462681 -0.469803 0)
(-0.453626 -0.477196 0)
(-0.387007 -0.343925 0)
(-0.635674 -0.399845 0)
(-0.620649 -0.374389 0)
(-0.663853 -0.337956 0)
(-0.7623 -0.344379 0)
(-0.752314 -0.290791 0)
(-0.726153 -0.222988 0)
(-0.797508 -0.166648 0)
(-0.89748 -0.100302 0)
(-0.581958 -0.186293 0)
(-0.699093 -0.115553 0)
(-0.805759 0.0136702 0)
(-0.894407 0.13616 0)
(-0.292726 0.095243 0)
(-0.363294 0.221641 0)
(-0.440543 0.310004 0)
(-0.489766 0.359666 0)
(-0.132118 0.195923 0)
(-0.170111 0.269641 0)
(-0.177999 0.31941 0)
(-0.159851 0.399254 0)
(-0.00871108 0.287866 0)
(-0.0202609 0.29878 0)
(-0.0228164 0.356693 0)
(-0.0169526 0.380634 0)
(0.0385891 0.284137 0)
(0.0693075 0.324924 0)
(0.097415 0.336732 0)
(0.125608 0.369626 0)
(0.15724 0.35972 0)
(0.174967 0.414552 0)
(0.142815 0.428223 0)
(0.151037 0.498682 0)
(0.177935 0.385538 0)
(0.200733 0.413058 0)
(0.23533 0.429426 0)
(0.219159 0.4556 0)
(0.23472 0.318435 0)
(0.213157 0.339124 0)
(0.179712 0.350445 0)
(0.200947 0.390989 0)
(0.246771 0.320278 0)
(0.259062 0.297994 0)
(0.271659 0.314398 0)
(0.32321 0.345844 0)
(0.209959 0.291813 0)
(0.236757 0.280807 0)
(0.280847 0.266386 0)
(0.326093 0.247778 0)
(0.225621 0.234428 0)
(0.245258 0.241911 0)
(0.258038 0.240632 0)
(0.265908 0.226195 0)
(0.261883 0.223994 0)
(0.263499 0.214557 0)
(0.266736 0.239604 0)
(0.287731 0.227711 0)
(0.244912 0.244695 0)
(0.264886 0.233806 0)
(0.286934 0.194637 0)
(0.269871 0.192113 0)
(0.178544 0.238659 0)
(0.159298 0.218578 0)
(0.190155 0.18299 0)
(0.240971 0.173578 0)
(0.223271 0.163487 0)
(0.188264 0.147518 0)
(0.1962 0.135582 0)
(0.194187 0.128849 0)
(0.185636 0.143523 0)
(0.190382 0.108628 0)
(0.193728 0.0953975 0)
(0.197695 0.0774853 0)
(0.150684 0.106525 0)
(0.161632 0.103753 0)
(0.167321 0.114532 0)
(0.145787 0.100042 0)
(0.151727 0.108726 0)
(0.193338 0.11 0)
(0.190621 0.101227 0)
(0.12712 0.0937437 0)
(0.130554 0.118202 0)
(0.127299 0.123 0)
(0.138322 0.0942153 0)
(0.13257 0.083903 0)
(0.151068 0.069597 0)
(0.129612 0.0761584 0)
(0.0824793 0.0702575 0)
(0.109735 0.0641767 0)
(0.08768 0.0967955 0)
(0.103587 0.0770744 0)
(0.0945884 0.0798534 0)
(0.117641 0.0820392 0)
(0.0600518 0.0968594 0)
(0.0578939 0.0951631 0)
(0.0889416 0.0851771 0)
(0.0976288 0.0837291 0)
(0.0574276 0.0765948 0)
(0.0611551 0.0779677 0)
(0.0776202 0.0670293 0)
(0.0695428 0.0454511 0)
(0.0592759 0.0697991 0)
(0.0448327 0.0567285 0)
(0.0375867 0.0658404 0)
(0.0475698 0.0376348 0)
(0.049627 0.12384 0)
(0.0585036 0.103224 0)
(0.0371517 0.0923169 0)
(0.0193099 0.0848405 0)
(0.00188411 0.123282 0)
(-0.0131366 0.0925479 0)
(0.00495397 0.0963755 0)
(0.00549383 0.076376 0)
(-0.662267 0.880478 0)
(-0.302001 0.0392297 0)
(-0.0871627 0.13742 0)
(0.0132038 -0.0565314 0)
(0.089057 0.0236579 0)
(0.243392 0.0227535 0)
(0.324352 -0.025286 0)
(0.202272 -0.000546252 0)
(0.239771 -0.119684 0)
(0.388167 -0.040088 0)
(0.465273 0.00964325 0)
(0.420174 -0.0793428 0)
(0.295596 -0.0923329 0)
(0.261941 -0.059437 0)
(0.323424 -0.0689093 0)
(0.420598 0.0565351 0)
(0.6253 -0.149307 0)
(0.460281 -0.390117 0)
(0.400111 -0.553181 0)
(-0.543855 0.418229 0)
(-0.135116 -0.10205 0)
(-0.35548 0.0198459 0)
(-0.166927 0.00456905 0)
(-0.103858 -0.0137153 0)
(0.000780951 -0.0394375 0)
(0.236507 -0.128915 0)
(0.316035 -0.032912 0)
(0.505756 -0.0598764 0)
(0.743676 -0.115723 0)
(0.805022 -0.0888893 0)
(0.759745 0.0858244 0)
(0.742791 0.0625074 0)
(0.745619 0.047018 0)
(0.672972 -0.000541972 0)
(0.712254 -0.00226502 0)
(0.814592 -0.161941 0)
(0.558471 -0.365315 0)
(0.499677 -0.347725 0)
(-0.109791 0.403026 0)
(0.0369004 0.079412 0)
(-0.278939 -0.0310748 0)
(-0.11083 -0.13332 0)
(0.0795429 -0.127702 0)
(0.16745 -0.29393 0)
(0.290342 -0.278526 0)
(0.411218 -0.158717 0)
(0.661997 -0.0221744 0)
(0.817515 -0.116302 0)
(1.1114 -0.0656943 0)
(1.02544 -0.091449 0)
(0.781713 -0.0492354 0)
(0.762246 -0.0174992 0)
(0.700497 -0.022675 0)
(0.621862 -0.0274 0)
(0.571369 -0.0435072 0)
(0.408839 -0.158412 0)
(0.565104 -0.145427 0)
(0.076678 0.387838 0)
(0.144418 0.0863097 0)
(0.111221 -0.0424059 0)
(0.20656 -0.221105 0)
(0.231909 -0.188279 0)
(0.256013 -0.331926 0)
(0.317146 -0.333396 0)
(0.663728 -0.433164 0)
(0.800055 -0.448425 0)
(0.781262 -0.401129 0)
(0.781201 -0.219813 0)
(0.739123 -0.215332 0)
(0.59719 0.0748855 0)
(0.545778 0.135229 0)
(0.517326 0.0882175 0)
(0.627878 0.0482281 0)
(0.510386 -0.0190727 0)
(0.365556 0.0511976 0)
(0.53292 0.102936 0)
(0.317676 0.130821 0)
(0.243302 0.0914499 0)
(0.278004 -0.0638559 0)
(0.33171 -0.139482 0)
(0.345685 -0.128321 0)
(0.390635 -0.134051 0)
(0.335442 -0.404487 0)
(0.54847 -0.641844 0)
(0.484563 -0.536336 0)
(0.273122 -0.431881 0)
(0.357388 0.0236565 0)
(0.343501 0.395478 0)
(0.279048 0.271901 0)
(0.550468 0.151454 0)
(0.65536 -0.00193842 0)
(0.832758 -0.0144749 0)
(0.43801 -0.162586 0)
(0.187164 0.177129 0)
(0.440984 0.267872 0)
(0.176437 0.179441 0)
(0.268681 0.105381 0)
(0.328612 -0.182768 0)
(0.269012 -0.213556 0)
(0.24203 -0.0394846 0)
(0.250671 -0.0576871 0)
(0.281362 -0.448606 0)
(0.217487 -0.496872 0)
(0.310276 -0.308934 0)
(-0.0634194 -0.121485 0)
(-0.225849 -0.0932354 0)
(0.0250208 0.19756 0)
(0.43033 -0.0780223 0)
(0.454037 -0.165023 0)
(0.486906 -0.130036 0)
(0.603428 0.0959931 0)
(0.436522 0.0608212 0)
(0.11051 0.271206 0)
(0.39941 0.373535 0)
(-0.00278779 0.134812 0)
(-0.0529182 -0.0910917 0)
(0.149929 -0.14716 0)
(0.148845 -0.157024 0)
(0.0935139 0.00768867 0)
(0.299718 -0.0802406 0)
(0.266317 -0.360656 0)
(-0.0404963 -0.234468 0)
(-0.207807 -0.285922 0)
(-0.30136 -0.147925 0)
(-0.408846 -0.00117126 0)
(-0.283645 -0.284936 0)
(0.153279 -0.231199 0)
(0.0359294 -0.247564 0)
(-0.00592944 -0.173931 0)
(0.258968 0.0948365 0)
(0.299916 0.226037 0)
(0.0679684 0.434887 0)
(0.293181 0.492318 0)
(-0.197292 -0.0291887 0)
(-0.164075 -0.140757 0)
(0.038048 -0.213762 0)
(0.113451 -0.276656 0)
(0.266863 0.0111681 0)
(0.332966 -0.0472966 0)
(0.243462 -0.254262 0)
(-0.208641 -0.243367 0)
(-0.365936 -0.0660692 0)
(-0.361581 0.00874289 0)
(-0.506353 -0.128006 0)
(-0.378105 -0.309658 0)
(-0.215548 -0.284397 0)
(-0.166634 -0.20548 0)
(-0.166611 -0.300867 0)
(-0.0368876 -0.152257 0)
(0.196268 0.141736 0)
(-0.0338425 0.525032 0)
(0.246223 0.520356 0)
(-0.196381 -0.0129772 0)
(-0.143278 -0.161978 0)
(-0.193738 -0.248296 0)
(-0.277609 -0.33537 0)
(-0.150198 -0.259656 0)
(0.361709 0.149756 0)
(-0.168037 -0.128407 0)
(-0.322374 0.10645 0)
(-0.32563 0.0579252 0)
(-0.396938 -0.0170646 0)
(-0.525455 -0.211896 0)
(-0.412188 -0.32387 0)
(-0.33722 -0.350245 0)
(-0.310011 -0.34144 0)
(-0.224267 -0.22842 0)
(-0.223325 -0.170749 0)
(-0.109077 0.150866 0)
(-0.184788 0.494505 0)
(0.21626 0.56626 0)
(-0.469704 -0.306622 0)
(-0.260657 -0.240418 0)
(0.0792855 -0.0845404 0)
(-0.530919 -0.412275 0)
(-0.596059 -0.192133 0)
(-0.415584 0.0602589 0)
(-0.675745 0.0520717 0)
(-0.674002 0.0669987 0)
(-0.50535 -0.0600783 0)
(-0.529721 -0.189965 0)
(-0.462779 -0.274076 0)
(-0.327354 -0.287457 0)
(-0.304916 -0.333533 0)
(-0.31574 -0.295524 0)
(-0.337379 -0.189679 0)
(-0.378029 -0.210137 0)
(-0.260564 0.0450107 0)
(-0.212452 0.32073 0)
(0.107742 0.563969 0)
(-0.97118 -0.392412 0)
(-0.883775 -0.26371 0)
(-0.960146 -0.157996 0)
(-0.878206 -0.046166 0)
(-0.827012 -0.044308 0)
(-0.807799 0.0963664 0)
(-0.653868 0.0803552 0)
(-0.56741 0.0440185 0)
(-0.444014 -0.0891425 0)
(-0.490452 -0.201432 0)
(-0.497373 -0.226272 0)
(-0.305364 -0.307082 0)
(-0.336825 -0.417076 0)
(-0.514442 -0.335248 0)
(-0.507138 -0.220197 0)
(-0.470242 -0.209781 0)
(-0.35642 -0.0484674 0)
(-0.268071 0.219834 0)
(-0.109694 0.44555 0)
(-1.02248 -0.353235 0)
(-0.93691 -0.378447 0)
(-1.02694 -0.382163 0)
(-1.09446 -0.209352 0)
(-1.10891 -0.174311 0)
(-0.752799 -0.0435641 0)
(-0.474866 -0.112022 0)
(-0.393727 -0.141892 0)
(-0.488607 -0.318362 0)
(-0.520271 -0.35022 0)
(-0.65634 -0.364142 0)
(-0.635171 -0.490336 0)
(-0.575533 -0.55843 0)
(-0.497843 -0.424728 0)
(-0.454988 -0.363387 0)
(-0.414153 -0.318626 0)
(-0.405502 -0.135495 0)
(-0.289916 0.11275 0)
(-0.156467 0.198017 0)
(-0.910431 -0.301261 0)
(-0.728821 -0.546381 0)
(-0.718568 -0.618796 0)
(-0.797539 -0.517967 0)
(-0.929725 -0.188404 0)
(-0.747292 -0.112408 0)
(-0.748379 0.128797 0)
(-0.718478 0.0297302 0)
(-0.827685 -0.0348446 0)
(-0.880608 -0.0771721 0)
(-0.990801 -0.0300899 0)
(-1.05966 -0.300935 0)
(-0.774036 -0.521274 0)
(-0.471802 -0.450991 0)
(-0.345599 -0.345706 0)
(-0.304416 -0.29676 0)
(-0.287511 -0.15785 0)
(-0.230581 -0.0278986 0)
(-0.0617555 0.0241983 0)
(-0.374402 -0.177845 0)
(-0.31651 -0.189788 0)
(-0.349186 -0.366284 0)
(-0.671174 -0.487519 0)
(-1.15535 -0.223537 0)
(-1.42812 -0.17691 0)
(-1.39692 0.0524814 0)
(-1.73186 0.0443624 0)
(-1.62465 -0.100036 0)
(-1.43183 -0.252095 0)
(-1.41583 -0.304483 0)
(-1.31377 -0.473342 0)
(-0.835054 -0.58833 0)
(-0.584209 -0.498693 0)
(-0.499973 -0.258608 0)
(-0.380039 -0.31592 0)
(-0.313588 -0.269034 0)
(-0.174893 -0.0846039 0)
(-0.00595063 -0.0727531 0)
(-0.850275 -0.360738 0)
(-0.893164 -0.423203 0)
(-1.12283 -0.138685 0)
(-2.38204 0.144188 0)
(-2.83356 0.435661 0)
(-2.33977 0.458646 0)
(-1.43239 -0.236053 0)
(-1.18015 -0.528668 0)
(-0.823575 -0.38961 0)
(-0.72465 -0.352628 0)
(-0.815836 -0.487989 0)
(-0.943533 -0.541671 0)
(-0.623602 -0.680077 0)
(-0.574978 -0.848262 0)
(-0.438649 -0.493819 0)
(-0.394875 -0.438563 0)
(-0.412973 -0.498462 0)
(-0.264037 -0.181201 0)
(-0.02033 -0.147604 0)
(-1.22395 -0.0430363 0)
(-1.47752 0.0982703 0)
(-2.04712 0.381407 0)
(-2.26771 0.330334 0)
(-1.95733 -0.0157759 0)
(-1.38987 -0.489795 0)
(-1.21091 -0.789666 0)
(-0.954576 -0.891214 0)
(-0.651604 -0.629632 0)
(-0.602887 -0.426317 0)
(-0.643969 -0.499146 0)
(-0.695945 -0.502925 0)
(-0.582186 -0.576419 0)
(-0.733461 -0.786828 0)
(-0.498878 -0.558173 0)
(-0.364385 -0.455988 0)
(-0.416418 -0.667179 0)
(-0.217118 -0.341776 0)
(0.0270261 -0.214526 0)
(-1.1089 0.349079 0)
(-1.42909 0.679745 0)
(-1.86755 0.582396 0)
(-1.98003 0.197908 0)
(-1.65782 -0.531361 0)
(-1.55491 -0.887009 0)
(-1.49681 -1.03495 0)
(-1.15632 -1.07223 0)
(-0.889848 -0.882859 0)
(-0.774317 -0.650452 0)
(-0.592219 -0.463702 0)
(-0.517968 -0.442629 0)
(-0.734852 -0.625222 0)
(-0.887186 -0.725109 0)
(-0.673028 -0.621673 0)
(-0.42663 -0.645964 0)
(-0.35698 -0.711717 0)
(-0.126825 -0.485562 0)
(0.00382692 -0.276909 0)
(-0.542978 0.462107 0)
(-0.741406 0.756362 0)
(-1.11826 0.758609 0)
(-1.35291 0.189244 0)
(-1.14999 -0.552818 0)
(-1.18604 -0.873122 0)
(-1.23535 -0.94621 0)
(-1.11305 -0.939354 0)
(-0.989406 -0.913612 0)
(-0.940316 -0.831182 0)
(-0.773246 -0.615851 0)
(-0.658927 -0.564787 0)
(-0.704494 -0.601063 0)
(-0.8186 -0.677795 0)
(-0.69687 -0.71737 0)
(-0.546611 -0.793343 0)
(-0.31792 -0.652439 0)
(-0.147547 -0.636707 0)
(-0.0599425 -0.316651 0)
(-0.18787 0.588627 0)
(-0.164077 0.912645 0)
(-0.187715 0.878642 0)
(-0.363188 0.438328 0)
(-0.543148 -0.278956 0)
(-0.617516 -0.706601 0)
(-0.733488 -0.811107 0)
(-0.759772 -0.775945 0)
(-0.851185 -0.890021 0)
(-0.951994 -0.930995 0)
(-0.821944 -0.82227 0)
(-0.620448 -0.674417 0)
(-0.586787 -0.602284 0)
(-0.554921 -0.644946 0)
(-0.399404 -0.777452 0)
(-0.340474 -0.67751 0)
(-0.253064 -0.701582 0)
(-0.218174 -0.715008 0)
(-0.140259 -0.481472 0)
(0.0278511 0.512934 0)
(0.141326 0.707588 0)
(0.28218 0.798467 0)
(0.329669 0.474703 0)
(0.0598897 -0.017666 0)
(-0.32102 -0.50654 0)
(-0.58433 -0.867165 0)
(-0.577986 -0.984535 0)
(-0.776097 -1.07087 0)
(-0.983276 -0.960158 0)
(-0.970697 -0.867583 0)
(-0.611073 -0.678875 0)
(-0.432909 -0.628277 0)
(-0.248328 -0.721059 0)
(-0.134152 -0.787787 0)
(-0.228959 -0.782338 0)
(-0.147924 -0.78687 0)
(-0.172359 -0.774927 0)
(-0.125745 -0.614665 0)
(0.157624 0.413816 0)
(0.250717 0.607098 0)
(0.342871 0.672322 0)
(0.483989 0.585913 0)
(0.279413 0.355361 0)
(-0.249325 -0.421375 0)
(-0.572583 -1.10582 0)
(-0.660164 -1.3081 0)
(-0.839347 -1.34313 0)
(-1.04056 -1.17491 0)
(-0.972985 -0.914504 0)
(-0.786915 -0.806664 0)
(-0.626897 -0.873773 0)
(-0.404102 -0.936342 0)
(-0.247975 -0.985154 0)
(-0.125842 -1.07512 0)
(0.0341896 -0.870235 0)
(-0.0408382 -0.790771 0)
(-0.0379319 -0.687836 0)
(0.24748 0.474356 0)
(0.431029 0.588918 0)
(0.48978 0.700601 0)
(0.722615 0.766117 0)
(0.650948 0.627192 0)
(0.427546 0.352131 0)
(0.142293 -0.115651 0)
(0.0174282 -0.523114 0)
(-0.105238 -0.835327 0)
(-0.458487 -0.878866 0)
(-0.527284 -0.750843 0)
(-0.427626 -0.873095 0)
(-0.469258 -0.915795 0)
(-0.329986 -1.07327 0)
(-0.465599 -1.18615 0)
(-0.23325 -1.15569 0)
(0.0649505 -0.873721 0)
(-0.00127414 -0.754803 0)
(-0.00433754 -0.729429 0)
(0.239648 0.47971 0)
(0.450128 0.528423 0)
(0.549809 0.522688 0)
(0.706587 0.627192 0)
(0.702165 0.532267 0)
(0.551695 0.413088 0)
(0.374181 -0.0793625 0)
(-0.0123507 -0.632482 0)
(-0.368271 -1.04556 0)
(-0.526198 -1.06852 0)
(-0.488849 -0.907842 0)
(-0.276162 -0.958346 0)
(-0.222237 -0.932781 0)
(-0.128886 -1.15442 0)
(-0.470961 -1.50173 0)
(-0.310341 -1.11212 0)
(-0.00399213 -0.917056 0)
(0.00519387 -0.739608 0)
(0.00508574 -0.727458 0)
(0.257271 0.46674 0)
(0.424096 0.460735 0)
(0.48822 0.315187 0)
(0.622302 0.354704 0)
(0.827183 0.253562 0)
(0.821113 0.239306 0)
(0.754094 0.195613 0)
(0.811693 0.000949215 0)
(0.622393 -0.0796922 0)
(0.222853 -0.317779 0)
(0.0202137 -0.545084 0)
(0.20495 -0.574563 0)
(-0.0898413 -1.06344 0)
(-0.209059 -1.37257 0)
(-0.432019 -1.61444 0)
(-0.271499 -1.20361 0)
(-0.261934 -1.07122 0)
(-0.0593659 -0.728273 0)
(0.004596 -0.707209 0)
(0.289466 0.4223 0)
(0.325618 0.388798 0)
(0.437022 0.352681 0)
(0.573105 0.372106 0)
(0.655679 0.307572 0)
(0.791406 0.184797 0)
(0.712667 0.0875836 0)
(0.830411 -0.113724 0)
(0.98003 -0.31718 0)
(0.655086 -0.47885 0)
(0.318477 -0.804385 0)
(0.54238 -0.777652 0)
(0.448809 -0.704825 0)
(0.191335 -1.06344 0)
(-0.118363 -0.887711 0)
(-0.253219 -1.23839 0)
(-0.297858 -1.1971 0)
(-0.168573 -0.822347 0)
(-0.00745225 -0.712405 0)
(0.304765 0.254407 0)
(0.340556 0.248106 0)
(0.432789 0.28967 0)
(0.527817 0.284502 0)
(0.64678 0.339734 0)
(0.721512 0.227231 0)
(0.650985 0.0226203 0)
(0.824827 0.132052 0)
(1.07343 -0.0860072 0)
(0.82867 -0.22917 0)
(0.609978 -0.496448 0)
(0.687125 -0.798702 0)
(0.564583 -1.01651 0)
(0.415674 -1.31284 0)
(0.491745 -0.642084 0)
(0.172848 -0.929742 0)
(-0.216752 -1.23589 0)
(-0.227786 -1.01744 0)
(-0.0473388 -0.82749 0)
(0.277319 0.244502 0)
(0.319723 0.238291 0)
(0.421772 0.229692 0)
(0.674306 0.115498 0)
(0.622798 0.215819 0)
(0.549925 0.0268711 0)
(0.692902 -0.0293122 0)
(0.879633 0.0651894 0)
(0.82293 -0.0124434 0)
(0.750742 -0.357761 0)
(0.717925 -0.427432 0)
(0.810258 -0.631124 0)
(0.52502 -0.95473 0)
(0.531891 -1.2301 0)
(0.614857 -0.943864 0)
(0.442897 -0.585308 0)
(0.286736 -0.770178 0)
(-0.121662 -1.06908 0)
(-0.0229411 -1.06287 0)
(0.321781 0.238897 0)
(0.34115 0.212686 0)
(0.383781 0.180611 0)
(0.496761 0.163962 0)
(0.459187 0.0596955 0)
(0.510998 0.00588294 0)
(0.690546 0.0356569 0)
(0.80445 -0.223739 0)
(0.749549 -0.271242 0)
(0.641095 -0.332096 0)
(0.697899 -0.335676 0)
(0.765438 -0.533518 0)
(0.549799 -0.920314 0)
(0.525166 -1.0088 0)
(0.731514 -1.28159 0)
(0.513686 -1.12437 0)
(0.282178 -0.708568 0)
(0.116769 -0.786912 0)
(-0.00313581 -1.0221 0)
(0.287786 0.152664 0)
(0.289922 0.158633 0)
(0.411138 0.0798369 0)
(0.517899 0.120847 0)
(0.465899 0.00785643 0)
(0.500744 0.0931341 0)
(0.50809 -0.0221011 0)
(0.568662 -0.110861 0)
(0.604081 -0.314363 0)
(0.588929 -0.308483 0)
(0.587113 -0.319517 0)
(0.556457 -0.490944 0)
(0.624018 -0.637078 0)
(0.516788 -0.749236 0)
(0.488239 -1.04643 0)
(0.480399 -1.2348 0)
(0.199671 -0.94296 0)
(-0.030108 -0.721749 0)
(-0.00352683 -0.976081 0)
(0.280845 0.148974 0)
(0.284659 0.109542 0)
(0.358696 0.0909391 0)
(0.37954 0.0102385 0)
(0.476123 0.0361028 0)
(0.523025 -0.03509 0)
(0.445702 -0.0869447 0)
(0.466859 -0.219523 0)
(0.577981 -0.211351 0)
(0.609666 -0.362957 0)
(0.549159 -0.381189 0)
(0.502455 -0.459027 0)
(0.59209 -0.54727 0)
(0.524412 -0.720772 0)
(0.40382 -0.7185 0)
(0.24713 -0.954075 0)
(0.138194 -0.891118 0)
(-0.206825 -0.684477 0)
(0.03426 -1.00052 0)
(0.205923 0.12111 0)
(0.222872 0.103889 0)
(0.322942 0.0999315 0)
(0.49246 -0.0256304 0)
(0.418767 0.0357358 0)
(0.364451 -0.0523923 0)
(0.348054 -0.109731 0)
(0.465787 -0.164031 0)
(0.491401 -0.227051 0)
(0.454763 -0.440667 0)
(0.574976 -0.498772 0)
(0.55168 -0.518303 0)
(0.528537 -0.565943 0)
(0.49475 -0.709841 0)
(0.400522 -0.655195 0)
(0.246043 -0.851446 0)
(0.411649 -0.634932 0)
(-0.21596 -0.663415 0)
(0.163359 -1.06689 0)
(0.219823 0.0762614 0)
(0.251682 0.147029 0)
(0.245071 0.133383 0)
(0.301053 0.0406632 0)
(0.464062 -0.139547 0)
(0.403407 -0.112831 0)
(0.310909 -0.0883365 0)
(0.348493 -0.113803 0)
(0.317231 -0.287865 0)
(0.373553 -0.344648 0)
(0.381855 -0.485972 0)
(0.479494 -0.659022 0)
(0.474697 -0.635384 0)
(0.429522 -0.777809 0)
(0.409145 -0.645529 0)
(0.270949 -0.832219 0)
(0.456812 -0.704722 0)
(-0.117776 -0.491652 0)
(0.263045 -1.07155 0)
(0.227709 0.0681561 0)
(0.252637 0.0814786 0)
(0.199332 0.0702099 0)
(0.221234 0.0250567 0)
(0.302615 -0.0110185 0)
(0.368275 -0.194812 0)
(0.302152 -0.149963 0)
(0.272773 -0.195898 0)
(0.309879 -0.258987 0)
(0.253378 -0.30346 0)
(0.275595 -0.442738 0)
(0.435514 -0.453997 0)
(0.397381 -0.486321 0)
(0.359142 -0.541015 0)
(0.436226 -0.645506 0)
(0.312982 -0.838276 0)
(0.44894 -0.783549 0)
(0.37412 -0.274467 0)
(0.288585 -1.24431 0)
(0.187885 0.10159 0)
(0.255838 -0.0226568 0)
(0.196083 -0.0227995 0)
(0.221343 0.0188213 0)
(0.256733 -0.00377612 0)
(0.245473 -0.0987418 0)
(0.283653 -0.194135 0)
(0.254167 -0.148567 0)
(0.298056 -0.236574 0)
(0.268682 -0.30973 0)
(0.302833 -0.350429 0)
(0.396503 -0.359555 0)
(0.332351 -0.469631 0)
(0.242837 -0.50355 0)
(0.312323 -0.6239 0)
(0.381995 -0.866888 0)
(0.334016 -0.808316 0)
(0.104318 -0.450783 0)
(0.194375 -1.33549 0)
(0.165014 0.0856943 0)
(0.150974 0.0357364 0)
(0.206915 -0.0390011 0)
(0.22981 -0.0216016 0)
(0.156039 -0.081526 0)
(0.207211 -0.044595 0)
(0.282976 -0.155865 0)
(0.209327 -0.167222 0)
(0.197022 -0.216805 0)
(0.188478 -0.306321 0)
(0.22894 -0.348826 0)
(0.318149 -0.416559 0)
(0.280407 -0.554617 0)
(0.234377 -0.54889 0)
(0.244566 -0.613951 0)
(0.237416 -0.791809 0)
(0.298064 -0.840973 0)
(0.148017 -0.411624 0)
(0.180394 -1.03966 0)
(0.138108 0.0646282 0)
(0.143288 -0.00232474 0)
(0.130406 0.0239648 0)
(0.148228 -0.0588046 0)
(0.244278 -0.0423179 0)
(0.204216 -0.0641894 0)
(0.18613 -0.126696 0)
(0.142433 -0.195772 0)
(0.187271 -0.273245 0)
(0.202927 -0.314908 0)
(0.212675 -0.292485 0)
(0.229554 -0.39822 0)
(0.192259 -0.51532 0)
(0.168685 -0.474331 0)
(0.179954 -0.471792 0)
(0.145096 -0.618506 0)
(0.168877 -0.541005 0)
(0.0881156 -0.419394 0)
(0.162395 -0.987233 0)
(0.107757 0.0400244 0)
(0.119754 0.0288697 0)
(0.160466 -0.00748397 0)
(0.162158 -0.00545772 0)
(0.128805 -0.078513 0)
(0.1278 -0.136852 0)
(0.197894 -0.183669 0)
(0.130553 -0.241849 0)
(0.127789 -0.26617 0)
(0.217689 -0.343477 0)
(0.192531 -0.393914 0)
(0.207274 -0.42408 0)
(0.210368 -0.464754 0)
(0.21344 -0.415855 0)
(0.143415 -0.329666 0)
(0.0676457 -0.398559 0)
(0.184889 -0.395443 0)
(0.069638 -0.243496 0)
(0.232728 -0.826504 0)
(0.0692869 0.0240536 0)
(0.101229 0.0520993 0)
(0.0948451 0.00534708 0)
(0.0930288 -0.0271841 0)
(0.122831 -0.109604 0)
(0.123602 -0.100884 0)
(0.0919505 -0.187288 0)
(0.0876779 -0.238505 0)
(0.11143 -0.244386 0)
(0.154789 -0.333268 0)
(0.191697 -0.377752 0)
(0.21869 -0.404186 0)
(0.207068 -0.503612 0)
(0.259541 -0.506557 0)
(0.195008 -0.486432 0)
(0.0253876 -0.362182 0)
(0.219316 -0.397549 0)
(0.194102 -0.180476 0)
(0.251599 -0.742587 0)
(0.0567079 0.0412063 0)
(0.0978114 0.0335443 0)
(0.0747797 -0.00252658 0)
(0.0544226 -0.0385346 0)
(0.0755435 -0.0549789 0)
(0.0676662 -0.138237 0)
(0.0949357 -0.181631 0)
(0.0804152 -0.182467 0)
(0.101421 -0.263065 0)
(0.189115 -0.309343 0)
(0.178939 -0.30575 0)
(0.147356 -0.419728 0)
(0.0968003 -0.507798 0)
(0.178594 -0.55545 0)
(0.272999 -0.512883 0)
(0.130672 -0.452197 0)
(0.312005 -0.421202 0)
(0.141818 -0.152906 0)
(0.178853 -0.341526 0)
(0.0622694 0.0582081 0)
(0.0552948 -0.00575409 0)
(0.0232506 -0.031199 0)
(0.051808 -0.0642032 0)
(0.0472242 -0.0950421 0)
(0.0484482 -0.116891 0)
(0.0775479 -0.13822 0)
(0.0528055 -0.179791 0)
(0.106365 -0.227696 0)
(0.153118 -0.324018 0)
(0.107962 -0.310631 0)
(0.120919 -0.422083 0)
(0.0769381 -0.535029 0)
(0.193962 -0.491257 0)
(0.31089 -0.570619 0)
(0.118628 -0.687743 0)
(0.331494 -0.435269 0)
(0.19955 0.0180884 0)
(0.257507 0.0281661 0)
(0.0614968 0.0428912 0)
(0.0294658 0.0228274 0)
(0.0264731 -0.0123726 0)
(0.0204264 -0.0306963 0)
(0.0675871 -0.0799938 0)
(0.0796793 -0.138014 0)
(0.0870741 -0.159136 0)
(0.0899371 -0.236676 0)
(0.0827388 -0.256603 0)
(0.115429 -0.302735 0)
(0.0866719 -0.475712 0)
(0.0762573 -0.432866 0)
(-0.00188217 -0.530134 0)
(0.0753369 -0.624191 0)
(0.154621 -0.768379 0)
(0.162808 -0.844384 0)
(0.397519 -0.740931 0)
(0.154308 -0.319819 0)
(0.53403 0.193448 0)
(0.00485368 0.0589183 0)
(0.0278632 0.0218153 0)
(0.000813733 -0.0202771 0)
(0.0369583 -0.0545541 0)
(0.00356792 -0.117945 0)
(0.0500771 -0.176321 0)
(0.0338774 -0.250533 0)
(0.065483 -0.310255 0)
(0.102231 -0.357607 0)
(0.00347848 -0.42001 0)
(0.0412569 -0.534864 0)
(0.11265 -0.527257 0)
(-0.0476838 -0.599569 0)
(-0.0710745 -0.575803 0)
(0.0238183 -0.666368 0)
(0.0596334 -0.69555 0)
(0.221246 -0.869491 0)
(0.420883 -0.873156 0)
(0.762269 1.14088 0)
)
;

boundaryField
{
    leftWall
    {
        type            fixedValue;
        value           uniform (0 0 0);
    }
    rightWall
    {
        type            fixedValue;
        value           uniform (0 0 0);
    }
    lowerWall
    {
        type            fixedValue;
        value           uniform (0 0 0);
    }
    atmosphere
    {
        type            pressureInletOutletVelocity;
        value           nonuniform List<vector> 
46
(
(-0.00674414 0.376233 0)
(-0.0588015 0.349085 0)
(-0.0634573 0.341812 0)
(0.0575221 0.343932 0)
(0.00123829 0.310412 0)
(0.0240256 0.336334 0)
(0.0288616 0.303228 0)
(0.00126217 0.286436 0)
(0.0175227 0.316488 0)
(-0.00558952 0.263814 0)
(0.0401687 0.298218 0)
(-0.0463041 0.268855 0)
(-0.0241094 0.25522 0)
(0.0276544 0.260545 0)
(0.0833871 0.284139 0)
(0.0177569 0.246422 0)
(0.00248306 0.264113 0)
(-0.00906329 0.230454 0)
(-0.0596729 0.21563 0)
(0.0103193 0.203686 0)
(0.00498867 0.168351 0)
(0.00258103 0.16337 0)
(0.0438487 0.138698 0)
(0.00188411 0.123282 0)
(-0.0131366 0.0925479 0)
(0.00495397 0.0963755 0)
(0.00549383 0.076376 0)
(0.00485368 0.0589183 0)
(0.0278632 0.0218153 0)
(0 -0.0202771 0)
(0 -0.0545541 0)
(0 -0.117945 0)
(0 -0.176321 0)
(0 -0.250533 0)
(0 -0.310255 0)
(0 -0.357607 0)
(0 -0.42001 0)
(0 -0.534864 0)
(0 -0.527257 0)
(0 -0.599569 0)
(0 -0.575803 0)
(0 -0.666368 0)
(0 -0.69555 0)
(0 -0.869491 0)
(0 -0.873156 0)
(0.762269 1.14088 0)
)
;
    }
    defaultFaces
    {
        type            empty;
    }
}


// ************************************************************************* //
