/*--------------------------------*- C++ -*----------------------------------*\
| =========                 |                                                 |
| \\      /  F ield         | foam-extend: Open Source CFD                    |
|  \\    /   O peration     | Version:     4.1                                |
|   \\  /    A nd           | Web:         http://www.foam-extend.org         |
|    \\/     M anipulation  |                                                 |
\*---------------------------------------------------------------------------*/
FoamFile
{
    version     2.0;
    format      ascii;
    class       volVectorField;
    location    "0.7";
    object      U_0;
}
// * * * * * * * * * * * * * * * * * * * * * * * * * * * * * * * * * * * * * //

dimensions      [0 1 -1 0 0 0 0];

internalField   nonuniform List<vector> 
2268
(
(0.00483324 0.00939182 0)
(-0.0644131 0.0131887 0)
(-0.0817838 0.00806032 0)
(-0.131922 -0.0140831 0)
(-0.161175 0.00265937 0)
(-0.161199 -0.000558141 0)
(-0.168192 0.00152329 0)
(-0.168416 0.000106871 0)
(-0.161611 -0.00394871 0)
(-0.171698 -0.00645352 0)
(-0.145117 -0.0176891 0)
(-0.0873966 0.00255232 0)
(-0.0687196 -0.00860721 0)
(-0.0657954 -0.0119159 0)
(-0.0521591 -0.0156139 0)
(-0.0477972 -0.0102536 0)
(-0.0403598 -0.00259578 0)
(-0.0417161 -0.0140173 0)
(-0.0468858 -0.00264963 0)
(-0.01553 -0.00285173 0)
(-0.000210011 9.06038e-05 0)
(-0.00273459 -0.000377741 0)
(0.0141412 -0.00456637 0)
(0.00395379 0.0169876 0)
(-0.0641198 0.0298314 0)
(-0.087372 0.0189784 0)
(-0.130343 -0.0131125 0)
(-0.158205 0.00341933 0)
(-0.161315 0.00159379 0)
(-0.165675 0.00068425 0)
(-0.16579 -0.0037648 0)
(-0.151956 0.0057645 0)
(-0.145572 -0.000575943 0)
(-0.102636 -0.00347792 0)
(-0.0715261 0.0162543 0)
(-0.0642715 -0.00199005 0)
(-0.0615364 -0.00218666 0)
(-0.0416549 -0.00225978 0)
(-0.0324022 0.0059112 0)
(-0.0292474 -0.00448984 0)
(-0.0194752 -0.00400001 0)
(-0.0233255 0.0116484 0)
(-0.0169035 -0.0210246 0)
(-0.0134473 -0.00632253 0)
(-0.00144417 -0.00624343 0)
(0.0303343 0.00974626 0)
(-0.00485772 0.0254874 0)
(-0.0695661 0.0374289 0)
(-0.0934712 0.0238056 0)
(-0.131951 -0.000228656 0)
(-0.159516 0.00934216 0)
(-0.158316 0.00125932 0)
(-0.163202 0.00827195 0)
(-0.161134 -0.00271065 0)
(-0.147819 -0.0102672 0)
(-0.158369 -0.0295925 0)
(-0.11838 0.007644 0)
(-0.0839647 -0.0158051 0)
(-0.0877642 -0.0265741 0)
(-0.0854644 -0.0323221 0)
(-0.072681 -0.0226242 0)
(-0.0719636 -0.0247837 0)
(-0.0458129 -0.0192031 0)
(-0.0320308 -0.00979235 0)
(-0.0297021 -0.0181415 0)
(-0.0159168 -0.0198402 0)
(0.00791481 -0.0146333 0)
(-0.00332756 -0.0387008 0)
(0.029726 0.00955674 0)
(-0.0111558 0.0497548 0)
(-0.076175 0.0347463 0)
(-0.0987185 0.031935 0)
(-0.133719 0.00682595 0)
(-0.1558 0.00913073 0)
(-0.156283 0.00121699 0)
(-0.172718 0.00373709 0)
(-0.174734 -0.0186328 0)
(-0.157251 0.00437053 0)
(-0.141848 0.0107215 0)
(-0.128913 0.0194627 0)
(-0.137359 -0.0069791 0)
(-0.14279 -0.0032472 0)
(-0.138941 -0.00631788 0)
(-0.118797 -0.00697095 0)
(-0.112378 -0.0240105 0)
(-0.0846708 -0.00697246 0)
(-0.0775306 -0.00486814 0)
(-0.0603871 -0.00184599 0)
(-0.0552538 -0.0281338 0)
(-0.0134829 -0.000907424 0)
(-0.0130887 -0.0284019 0)
(0.0484384 0.0195985 0)
(-0.0199214 0.0652363 0)
(-0.0812357 0.0433359 0)
(-0.103043 0.0360348 0)
(-0.139138 0.01524 0)
(-0.157519 0.015159 0)
(-0.171049 0.00482349 0)
(-0.19183 0.0174183 0)
(-0.169497 0.00557223 0)
(-0.157073 -0.0270088 0)
(-0.165698 0.0194098 0)
(-0.163427 0.0088224 0)
(-0.180744 -0.00323403 0)
(-0.176525 -0.0208009 0)
(-0.17572 -0.0372536 0)
(-0.172301 -0.0441663 0)
(-0.160711 -0.0407311 0)
(-0.132555 -0.0263144 0)
(-0.126553 -0.0210177 0)
(-0.120038 -0.0209868 0)
(-0.0939435 -0.0516848 0)
(-0.0312258 -0.0323955 0)
(-0.0203102 -0.0235664 0)
(0.0509019 0.0264748 0)
(-0.0156471 0.0759164 0)
(-0.0860726 0.0503749 0)
(-0.114328 0.0469712 0)
(-0.146592 0.0185863 0)
(-0.164863 0.0160929 0)
(-0.171785 0.00800594 0)
(-0.18538 0.00929875 0)
(-0.21043 0.0362094 0)
(-0.20253 0.0185502 0)
(-0.194041 0.0206327 0)
(-0.209523 0.0260106 0)
(-0.215427 0.00428885 0)
(-0.212697 -0.00982113 0)
(-0.209024 -0.0308506 0)
(-0.188518 -0.0394575 0)
(-0.180642 -0.0417948 0)
(-0.171917 -0.0200169 0)
(-0.172353 -0.0299223 0)
(-0.166464 -0.0217226 0)
(-0.130208 -0.0822002 0)
(-0.0615798 -0.0283258 0)
(0.00742335 -0.046311 0)
(0.0555538 0.0577592 0)
(-0.0266976 0.0888313 0)
(-0.0968676 0.076808 0)
(-0.141766 0.0464787 0)
(-0.174248 0.0289619 0)
(-0.185736 0.0215443 0)
(-0.205053 0.00942909 0)
(-0.227567 0.0142039 0)
(-0.24014 0.0268827 0)
(-0.233787 0.0458649 0)
(-0.235566 0.0219385 0)
(-0.231677 0.0207631 0)
(-0.228614 -0.00130629 0)
(-0.220224 -0.00870001 0)
(-0.219811 -0.02481 0)
(-0.203873 -0.0333592 0)
(-0.187853 -0.050085 0)
(-0.180712 -0.0377601 0)
(-0.194597 -0.0833197 0)
(-0.194239 -0.0779183 0)
(-0.12332 -0.0867333 0)
(-0.0747157 -0.151144 0)
(0.0320231 -0.0630883 0)
(0.0761191 0.0908086 0)
(-0.0223493 0.107193 0)
(-0.1249 0.119314 0)
(-0.171366 0.093128 0)
(-0.191718 0.036996 0)
(-0.20884 0.0312608 0)
(-0.239001 0.0245155 0)
(-0.278867 0.02438 0)
(-0.284356 0.0228216 0)
(-0.267829 0.0295689 0)
(-0.258788 0.023603 0)
(-0.252207 0.026356 0)
(-0.240639 0.000299412 0)
(-0.231977 -0.0159188 0)
(-0.223795 -0.0306364 0)
(-0.203884 -0.0494108 0)
(-0.185655 -0.0530438 0)
(-0.184587 -0.0553523 0)
(-0.194029 -0.110085 0)
(-0.16034 -0.0768429 0)
(-0.160416 -0.0615713 0)
(-0.104887 -0.17647 0)
(0.122448 -0.108291 0)
(0.0912048 0.13367 0)
(-1.00141 0.186459 0)
(-0.954309 0.0995517 0)
(-1.14369 -0.0325321 0)
(-1.27022 -0.0135726 0)
(-1.25327 -0.0652808 0)
(-1.1817 -0.0502635 0)
(-1.17201 -0.062807 0)
(-1.16676 -0.0796765 0)
(-1.14503 -0.064068 0)
(-1.1371 -0.0371316 0)
(-1.2813 0.0291351 0)
(-1.44227 0.00474395 0)
(-1.49797 0.027962 0)
(-1.47025 -0.118012 0)
(-1.58686 -0.177762 0)
(-1.67205 -0.092302 0)
(-1.20646 -0.00679468 0)
(-0.957886 -0.356403 0)
(-0.254606 -0.0822732 0)
(-0.926548 0.294345 0)
(-0.913805 0.297265 0)
(-0.993894 0.151617 0)
(-1.0819 0.11318 0)
(-0.92124 -0.0425141 0)
(-0.781602 0.0205584 0)
(-0.774079 0.0269462 0)
(-0.815417 0.102876 0)
(-0.913045 0.0933228 0)
(-0.967639 0.131999 0)
(-1.2001 0.149989 0)
(-1.39332 0.0968038 0)
(-1.53414 -0.00494117 0)
(-1.64735 0.00474388 0)
(-1.66082 -0.251936 0)
(-1.76562 -0.0135848 0)
(-1.46419 0.202859 0)
(-0.843177 -0.413873 0)
(-0.310328 -0.449904 0)
(-0.954882 0.560633 0)
(-0.858777 0.485435 0)
(-0.891788 0.0971842 0)
(-1.02583 -0.0125184 0)
(-0.799729 -0.169108 0)
(-0.469793 -0.138272 0)
(-0.375666 0.0307815 0)
(-0.259326 0.0389945 0)
(-0.251729 0.0939067 0)
(-0.505018 0.0971877 0)
(-0.850839 0.113594 0)
(-1.09439 -0.0132767 0)
(-1.15831 -0.28352 0)
(-1.49838 -0.190834 0)
(-1.62205 -0.359316 0)
(-1.62979 -0.14448 0)
(-1.47482 0.0330589 0)
(-0.67739 -0.307811 0)
(-0.200854 -0.619188 0)
(-0.835824 0.665254 0)
(-0.682149 0.562817 0)
(-0.540903 0.0467415 0)
(-0.731423 -0.150324 0)
(-0.589706 -0.0789106 0)
(-0.431187 -0.303467 0)
(-0.196776 -0.177308 0)
(-0.122816 0.020377 0)
(-0.0308733 0.110691 0)
(0.0520881 0.296662 0)
(-0.448816 0.372677 0)
(-0.655022 0.233393 0)
(-0.520501 -0.129188 0)
(-0.959896 -0.222566 0)
(-1.21973 -0.248876 0)
(-1.25343 -0.0962146 0)
(-1.00089 -0.237135 0)
(-0.760612 -0.271039 0)
(-0.0860764 -0.876475 0)
(-0.763521 0.85255 0)
(-0.478881 0.703982 0)
(-0.341968 0.133261 0)
(-0.619616 -0.0729867 0)
(-0.380365 -0.174793 0)
(-0.255444 -0.480357 0)
(0.0528142 -0.153789 0)
(0.0846702 -0.0472364 0)
(0.0952031 0.061796 0)
(0.245382 0.24748 0)
(0.319503 0.714579 0)
(0.0432366 0.665909 0)
(-0.246187 0.0806476 0)
(-0.643173 -0.0957532 0)
(-1.02891 -0.295253 0)
(-1.25475 0.091435 0)
(-0.94407 -0.309972 0)
(-0.730241 -0.282741 0)
(-0.0342205 -0.962574 0)
(-0.64801 0.920338 0)
(-0.338845 0.679584 0)
(-0.294146 0.138995 0)
(-0.613345 -0.0330262 0)
(-0.344867 -0.30214 0)
(-0.114665 -0.49316 0)
(0.190873 -0.265185 0)
(0.200438 -0.00762239 0)
(0.192072 0.0545944 0)
(0.303238 0.181079 0)
(0.518592 0.560209 0)
(0.315501 0.383214 0)
(0.298148 0.254455 0)
(-0.403585 -0.0995819 0)
(-0.693399 -0.330339 0)
(-1.00112 -0.0937325 0)
(-0.66925 -0.335716 0)
(-0.497018 -0.42213 0)
(0.0208615 -1.02542 0)
(-0.611668 1.04792 0)
(-0.177481 0.751384 0)
(-0.150377 0.128291 0)
(-0.445959 0.0294864 0)
(-0.061785 -0.381902 0)
(0.0543088 -0.361463 0)
(0.274338 -0.280382 0)
(0.297216 -0.0078518 0)
(0.254247 0.0615376 0)
(0.316792 0.114557 0)
(0.607136 0.367888 0)
(0.540318 0.435722 0)
(0.584693 0.387822 0)
(0.336686 0.203461 0)
(0.0491284 -0.100625 0)
(-0.468736 0.00620043 0)
(-0.416162 -0.56318 0)
(-0.362366 -0.553544 0)
(0.0820681 -1.09639 0)
(-0.524843 1.13309 0)
(-0.0476432 0.701271 0)
(-2.07258e-05 0.189758 0)
(-0.164051 -0.110826 0)
(0.193776 -0.438332 0)
(0.212863 -0.458515 0)
(0.340457 -0.279475 0)
(0.357005 -0.106954 0)
(0.301778 0.00666717 0)
(0.391172 0.0880531 0)
(0.687959 0.397285 0)
(0.664382 0.405962 0)
(0.698434 0.383162 0)
(0.637425 0.236431 0)
(0.380855 -0.0257033 0)
(-0.236081 0.00249434 0)
(-0.0650187 -0.371588 0)
(-0.112012 -0.612676 0)
(0.109462 -1.11276 0)
(-0.0484281 0.131819 0)
(-0.163606 0.139236 0)
(-0.270983 0.142532 0)
(-0.269886 0.0644019 0)
(-0.239681 0.0526326 0)
(-0.283628 0.0496321 0)
(-0.305093 0.0495526 0)
(-0.305699 0.0289067 0)
(-0.284977 0.0259896 0)
(-0.274137 0.00514639 0)
(-0.251282 0.00560324 0)
(-0.235154 -0.0334356 0)
(-0.215723 -0.0554009 0)
(-0.215206 -0.0628806 0)
(-0.208722 -0.0589936 0)
(-0.184258 -0.0665881 0)
(-0.191997 -0.0984726 0)
(-0.178231 -0.0748 0)
(-0.144741 -0.106308 0)
(-0.158059 -0.0775219 0)
(-0.111206 -0.162104 0)
(0.119496 -0.168619 0)
(0.221554 0.0840654 0)
(-0.0719819 0.214477 0)
(-0.327793 0.209669 0)
(-0.370758 0.182838 0)
(-0.312201 0.229159 0)
(-0.288341 0.160121 0)
(-0.320959 0.0705584 0)
(-0.33604 0.0449024 0)
(-0.315586 -0.000424503 0)
(-0.28156 0.0121404 0)
(-0.264882 -0.0080497 0)
(-0.248808 0.00245301 0)
(-0.243042 -0.0710918 0)
(-0.210336 -0.0523611 0)
(-0.186301 -0.0817499 0)
(-0.173376 -0.0704659 0)
(-0.196336 -0.0835935 0)
(-0.162226 -0.119691 0)
(-0.174921 -0.108115 0)
(-0.169625 -0.216869 0)
(-0.140198 -0.193084 0)
(-0.118152 -0.290305 0)
(0.106446 -0.274555 0)
(0.161489 -0.213013 0)
(-0.0994834 0.331059 0)
(-0.364112 0.318554 0)
(-0.373114 0.330733 0)
(-0.352564 0.263799 0)
(-0.448479 0.227884 0)
(-0.42886 0.0818881 0)
(-0.420315 0.0415771 0)
(-0.284363 -0.0328274 0)
(-0.23348 -0.0176857 0)
(-0.230195 -0.0317617 0)
(-0.305775 -0.0362348 0)
(-0.299333 -0.00657907 0)
(-0.185645 -0.0621697 0)
(-0.216986 -0.0400708 0)
(-0.231795 -0.0584004 0)
(-0.25819 -0.0576287 0)
(-0.259949 -0.058647 0)
(-0.346271 -0.135997 0)
(-0.316259 -0.160577 0)
(-0.293653 -0.273639 0)
(-0.279559 -0.343879 0)
(-0.219242 -0.436871 0)
(-0.308744 -0.163055 0)
(-0.0983495 0.469344 0)
(-0.331212 0.379106 0)
(-0.377116 0.29647 0)
(-0.31322 0.106027 0)
(-0.483915 -0.00672917 0)
(-0.565114 0.0404379 0)
(-0.486624 0.0153286 0)
(-0.415667 0.100595 0)
(-0.336948 0.0083854 0)
(-0.375997 -0.00301602 0)
(-0.331009 -0.102961 0)
(-0.489951 0.019988 0)
(-0.381496 -0.0971289 0)
(-0.258572 -0.0486781 0)
(-0.308607 -0.00708067 0)
(-0.315862 -0.0537917 0)
(-0.370365 -0.0598204 0)
(-0.405749 -0.170784 0)
(-0.45018 -0.165202 0)
(-0.570824 -0.290187 0)
(-0.671832 -0.332407 0)
(-0.669752 -0.195063 0)
(-0.966784 0.498597 0)
(-0.164328 0.708404 0)
(-0.282815 0.546797 0)
(-0.295645 0.33274 0)
(-0.234652 0.181703 0)
(-0.393664 -0.0183196 0)
(-0.44825 0.0805368 0)
(-0.44373 0.0447043 0)
(-0.495611 0.162053 0)
(-0.42306 -0.0186363 0)
(-0.54087 -0.0957789 0)
(-0.534698 -0.174657 0)
(-0.554944 -0.191672 0)
(-0.530585 -0.0163322 0)
(-0.476005 -0.0560237 0)
(-0.665428 -0.0502968 0)
(-0.681222 -0.055034 0)
(-0.597653 -0.0591859 0)
(-0.373344 -0.00206886 0)
(-0.25518 0.11677 0)
(-0.778215 -0.348486 0)
(-0.99023 -0.414219 0)
(-0.913203 -0.0912246 0)
(-0.883276 0.491917 0)
(-0.0649989 0.923506 0)
(-0.183862 0.527424 0)
(-0.0126934 0.271717 0)
(-0.0613827 0.199702 0)
(-0.228617 0.273763 0)
(-0.378434 0.396664 0)
(-0.309948 0.250272 0)
(-0.464676 0.259173 0)
(-0.631336 0.209287 0)
(-0.826699 0.199317 0)
(-1.02383 0.0851187 0)
(-1.16467 0.00280312 0)
(-1.17998 -0.0986087 0)
(-1.20639 -0.141742 0)
(-1.19449 -0.180995 0)
(-1.10724 -0.143807 0)
(-0.946669 -0.0699052 0)
(-0.863628 -0.04416 0)
(-1.01287 -0.0266147 0)
(-1.26897 -0.137255 0)
(-0.994606 0.034913 0)
(-0.918705 0.232965 0)
(-0.931893 0.322805 0)
(-0.214875 1.05722 0)
(-0.229907 0.652275 0)
(-0.475599 0.385226 0)
(-1.071 0.454682 0)
(-1.28044 0.329071 0)
(-1.42805 0.358309 0)
(-1.53227 0.294625 0)
(-1.62321 0.292557 0)
(-1.64414 0.260817 0)
(-1.62596 0.175971 0)
(-1.60961 0.0579938 0)
(-1.55417 -0.068347 0)
(-1.53779 -0.162064 0)
(-1.51817 -0.246752 0)
(-1.51207 -0.284644 0)
(-1.44979 -0.28268 0)
(-1.43355 -0.248326 0)
(-1.33336 -0.291315 0)
(-1.28814 -0.284943 0)
(-1.20929 -0.176575 0)
(-1.20325 -0.00347271 0)
(-1.0266 0.0262839 0)
(-0.934921 0.0843595 0)
(-0.214554 1.36097 0)
(-0.614466 1.24165 0)
(-0.996187 0.917796 0)
(-1.29099 0.65313 0)
(-1.31781 0.458048 0)
(-1.49806 0.460067 0)
(-1.54352 0.465107 0)
(-1.54589 0.386028 0)
(-1.47761 0.293858 0)
(-1.44069 0.193401 0)
(-1.36718 0.0349669 0)
(-1.32022 -0.107526 0)
(-1.38787 -0.209118 0)
(-1.42541 -0.312971 0)
(-1.42602 -0.350023 0)
(-1.37319 -0.350537 0)
(-1.60357 -0.359689 0)
(-1.66699 -0.295158 0)
(-1.57734 -0.213946 0)
(-1.25043 -0.0438831 0)
(-1.13196 0.0351916 0)
(-1.16339 -0.0794121 0)
(-1.10082 -0.147275 0)
(-0.457893 1.88226 0)
(-0.588573 1.91783 0)
(-0.863333 1.053 0)
(-1.12838 0.845077 0)
(-1.10217 0.670299 0)
(-1.25916 0.560412 0)
(-1.23216 0.45103 0)
(-1.05605 0.285891 0)
(-0.886756 0.218886 0)
(-0.795627 0.0987238 0)
(-0.582467 -0.0217893 0)
(-0.534127 -0.126515 0)
(-0.494714 -0.267736 0)
(-0.600864 -0.335688 0)
(-0.746691 -0.315766 0)
(-0.910193 -0.377577 0)
(-1.22817 -0.439231 0)
(-1.38265 -0.130082 0)
(-1.38363 -0.0411409 0)
(-1.35396 0.0449035 0)
(-1.60857 -0.121994 0)
(-1.7699 -0.104434 0)
(-1.17949 -0.181997 0)
(-0.343414 2.1848 0)
(-0.445481 2.29202 0)
(-0.788909 1.36933 0)
(-0.958654 1.10257 0)
(-0.894343 0.921845 0)
(-1.00318 0.60602 0)
(-0.781146 0.336744 0)
(-0.547789 0.127452 0)
(-0.451281 0.0500334 0)
(-0.222519 -0.0717589 0)
(-0.190857 -0.173007 0)
(-0.183397 -0.0778656 0)
(-0.328551 -0.0135583 0)
(-0.457117 -0.027398 0)
(-0.501635 0.0913818 0)
(-0.631608 -0.102614 0)
(-0.718609 -0.260189 0)
(-0.883089 -0.210506 0)
(-0.98927 -0.23058 0)
(-1.09277 -0.225923 0)
(-1.22262 -0.334244 0)
(-1.36574 -0.0886761 0)
(-1.32724 -0.0142779 0)
(-0.37145 2.51349 0)
(-0.254468 2.7433 0)
(-0.587127 1.47938 0)
(-0.667832 1.03969 0)
(-0.752342 0.916941 0)
(-0.904348 0.405582 0)
(-0.570413 0.0297102 0)
(-0.545435 -0.100282 0)
(-0.678248 -0.132937 0)
(-0.267327 -0.209042 0)
(-0.33465 -0.138494 0)
(-0.331877 -0.0263167 0)
(-0.55346 0.0156662 0)
(-0.656535 0.0426973 0)
(-0.73476 -0.0200352 0)
(-0.864324 -0.0252316 0)
(-0.990029 0.0763674 0)
(-1.00082 0.105191 0)
(-1.04855 0.0328383 0)
(-1.11937 -0.129747 0)
(-1.15891 -0.194651 0)
(-1.17933 -0.190621 0)
(-1.16079 -0.193061 0)
(-0.187176 2.58839 0)
(-0.224717 2.63818 0)
(-0.58876 1.49092 0)
(-0.418698 1.12347 0)
(-0.739571 0.898044 0)
(-0.797506 0.4303 0)
(-0.219778 -0.0766611 0)
(-0.196558 -0.291323 0)
(-0.329342 -0.157109 0)
(-0.303438 -0.132736 0)
(-0.598654 0.0653818 0)
(-0.650259 0.225662 0)
(-0.693659 0.241102 0)
(-0.689505 0.214872 0)
(-0.705882 0.194008 0)
(-0.75062 0.112119 0)
(-0.81018 0.110582 0)
(-0.823998 0.0440451 0)
(-0.829837 -0.0154423 0)
(-0.804879 -0.069126 0)
(-0.790682 -0.0703241 0)
(-0.750669 -0.00665745 0)
(-0.620304 -0.0264212 0)
(-0.0957094 2.64941 0)
(-0.127481 2.26203 0)
(-0.499752 1.50738 0)
(-0.40629 1.1889 0)
(-0.634569 0.795227 0)
(-0.305794 0.147917 0)
(-0.249167 -0.132675 0)
(-0.406195 -0.224733 0)
(-0.347708 -0.184805 0)
(-0.523232 0.108159 0)
(-0.740394 0.234372 0)
(-0.795527 0.180896 0)
(-0.800146 0.16475 0)
(-0.731759 0.146845 0)
(-0.674383 0.167115 0)
(-0.628592 0.116168 0)
(-0.749774 0.0550063 0)
(-0.756153 0.0276997 0)
(-0.627466 -0.0320945 0)
(-0.632139 -0.137085 0)
(-0.616981 -0.204263 0)
(-0.567137 -0.276586 0)
(-0.476622 -0.277558 0)
(-0.112683 2.73549 0)
(0.014934 2.20878 0)
(-0.213242 1.5374 0)
(-0.4604 1.28978 0)
(-0.535389 0.868742 0)
(-0.0397462 0.197486 0)
(-0.533274 -0.0793953 0)
(-0.681351 -0.137902 0)
(-0.4632 0.0887331 0)
(-0.518625 0.309584 0)
(-0.627063 0.324405 0)
(-0.670834 0.234889 0)
(-0.728872 0.153675 0)
(-0.813805 0.0452561 0)
(-0.853759 -0.0170091 0)
(-0.852195 -0.0887025 0)
(-0.871291 -0.158005 0)
(-0.886564 -0.0881483 0)
(-0.756297 -0.163929 0)
(-0.714976 -0.246492 0)
(-0.624699 -0.309116 0)
(-0.599725 -0.31691 0)
(-0.650598 -0.232975 0)
(-0.161591 2.80789 0)
(0.0341206 2.29178 0)
(-0.159742 1.60953 0)
(-0.394646 1.36559 0)
(-0.279653 0.851203 0)
(-0.0987614 0.145403 0)
(-0.505248 -0.019491 0)
(-0.501634 -0.0410466 0)
(-0.312578 0.169093 0)
(-0.608334 0.292068 0)
(-0.610692 0.346629 0)
(-0.214693 0.297982 0)
(-0.133635 0.272644 0)
(-0.125526 0.26055 0)
(-0.0188772 0.154389 0)
(-0.0140116 0.0425838 0)
(-0.0175496 -0.0260694 0)
(-0.0285846 0.0210662 0)
(-0.00614484 -0.0826254 0)
(-0.0552355 -0.153076 0)
(-0.0659109 -0.166848 0)
(-0.0967752 -0.0813557 0)
(-0.145313 -0.0708718 0)
(-0.171923 2.90142 0)
(0.0166402 2.32759 0)
(-0.151905 1.7227 0)
(-0.388278 1.45326 0)
(-0.0647291 0.704073 0)
(-0.107579 0.169291 0)
(-0.581729 0.0837486 0)
(-0.538805 0.0850149 0)
(-0.297348 0.17291 0)
(-0.416943 0.262433 0)
(-0.366075 0.219616 0)
(-0.254417 0.167186 0)
(-0.125379 0.111994 0)
(-0.0615166 0.112744 0)
(-0.00550621 -0.0494442 0)
(0.0403463 -0.0546682 0)
(0.0236349 -0.0784233 0)
(0.0271516 -0.0944219 0)
(0.0661452 -0.173681 0)
(-0.000571021 -0.227083 0)
(-0.00933431 -0.21465 0)
(-0.00382538 -0.208466 0)
(-0.0654283 -0.195928 0)
(-0.126543 2.9458 0)
(-0.0280906 2.25985 0)
(-0.320772 1.84556 0)
(-0.289149 1.6284 0)
(0.326223 0.821409 0)
(-0.200449 0.29713 0)
(-0.529361 0.253848 0)
(-0.497576 0.172013 0)
(-0.283712 0.0871718 0)
(-0.416515 0.199234 0)
(-0.475479 0.126365 0)
(-0.217677 0.133338 0)
(-0.123235 0.00664986 0)
(-0.0871734 0.00819742 0)
(-0.0559619 -0.017738 0)
(-0.00694857 -0.0744423 0)
(-0.0492596 -0.122992 0)
(-0.026011 -0.127284 0)
(0.0273997 -0.172503 0)
(0.0511168 -0.276855 0)
(0.0360416 -0.191656 0)
(-0.00494913 -0.239848 0)
(0.0184452 -0.19635 0)
(-0.0699488 2.96647 0)
(-0.0355096 2.27824 0)
(-0.324366 2.13647 0)
(-0.199242 2.10301 0)
(0.141953 0.852684 0)
(-0.24689 0.516304 0)
(-0.450341 0.287224 0)
(-0.60635 0.274365 0)
(-0.385804 0.0695818 0)
(-0.336503 0.115594 0)
(-0.305544 0.0576209 0)
(-0.314849 0.0231879 0)
(-0.249487 -0.0223852 0)
(-0.0827508 -0.0740635 0)
(-0.0662618 -0.0210264 0)
(-0.0376097 -0.134796 0)
(0.00809141 -0.0673702 0)
(0.0250186 -0.100802 0)
(0.0349863 -0.132918 0)
(0.0561125 -0.14746 0)
(0.0580768 -0.201796 0)
(0.0648827 -0.193701 0)
(0.117539 -0.224134 0)
(-0.00437116 3.01576 0)
(-0.0353082 2.34281 0)
(-0.186113 2.18004 0)
(-0.189899 1.8298 0)
(-0.459906 0.705096 0)
(-0.455078 0.626415 0)
(-0.433763 0.468469 0)
(-0.467217 0.262976 0)
(-0.247924 0.153518 0)
(-0.478515 0.114936 0)
(-0.512841 0.0426186 0)
(-0.273873 -0.0433215 0)
(-0.230371 -0.054573 0)
(-0.151881 -0.102084 0)
(-0.0399564 -0.157122 0)
(-0.0485758 -0.0677568 0)
(0.0785297 -0.101632 0)
(0.0175586 -0.0677535 0)
(0.049382 -0.135357 0)
(0.0626772 -0.0874836 0)
(0.0739363 -0.182642 0)
(0.0501111 -0.180678 0)
(0.0847986 -0.195321 0)
(0.00427113 3.08019 0)
(-0.171196 2.47231 0)
(-0.212318 2.34776 0)
(0.0946974 1.66928 0)
(-0.415043 0.683049 0)
(-0.346959 0.63757 0)
(-0.398715 0.638842 0)
(-0.441787 0.291883 0)
(-0.532692 0.0795778 0)
(-0.477384 0.0181132 0)
(-0.38019 -0.0336076 0)
(-0.387652 -0.181965 0)
(-0.34157 -0.23242 0)
(-0.185466 -0.227179 0)
(-0.0355313 -0.211344 0)
(0.0438708 -0.151484 0)
(0.0682266 -0.147079 0)
(0.0892503 -0.197578 0)
(0.150275 -0.178841 0)
(0.11986 -0.196731 0)
(0.120841 -0.172237 0)
(0.125935 -0.184792 0)
(0.167787 -0.172648 0)
(0.0772499 3.1597 0)
(-0.101549 2.66862 0)
(-0.151765 2.93145 0)
(-0.00945812 1.80242 0)
(-0.479396 0.868148 0)
(-0.223299 0.716858 0)
(-0.351736 0.712765 0)
(-0.336231 0.633763 0)
(-0.447859 0.194527 0)
(-0.509001 -0.0123051 0)
(-0.587908 -0.243195 0)
(-0.474343 -0.358131 0)
(-0.190536 -0.301969 0)
(-0.115667 -0.329307 0)
(-0.0366358 -0.206305 0)
(0.0260795 -0.121363 0)
(0.0554441 -0.169857 0)
(0.120941 -0.161778 0)
(0.173172 -0.195497 0)
(0.171642 -0.220035 0)
(0.189557 -0.259603 0)
(0.110686 -0.256084 0)
(0.18699 -0.259306 0)
(0.126086 3.42962 0)
(0.102413 2.64513 0)
(-0.0932235 2.87461 0)
(-0.433907 1.7857 0)
(-0.456486 1.10034 0)
(-0.151655 0.920161 0)
(-0.260463 0.734452 0)
(-0.368395 0.50892 0)
(-0.654244 0.0918793 0)
(-0.756147 0.0238153 0)
(-0.562977 -0.31307 0)
(-0.291486 -0.293171 0)
(-0.170297 -0.339658 0)
(-0.0852731 -0.364839 0)
(0.0427427 -0.288179 0)
(0.0573061 -0.30445 0)
(0.0395929 -0.222309 0)
(0.11107 -0.192217 0)
(0.121523 -0.229776 0)
(0.125802 -0.21905 0)
(0.161572 -0.262325 0)
(0.234306 -0.24107 0)
(0.295449 -0.280773 0)
(0.0520042 3.45904 0)
(0.133638 2.69546 0)
(0.11701 2.53114 0)
(-0.317351 1.77605 0)
(-0.333938 0.93974 0)
(-0.185985 0.696672 0)
(-0.181001 0.86252 0)
(-0.257575 0.602209 0)
(-0.292295 0.202334 0)
(-0.560227 0.0224316 0)
(-0.38527 -0.244964 0)
(-0.224074 -0.462407 0)
(-0.103715 -0.452336 0)
(-0.050865 -0.454184 0)
(0.021783 -0.344712 0)
(0.0623316 -0.423279 0)
(0.16232 -0.246863 0)
(0.165069 -0.192473 0)
(0.185549 -0.240415 0)
(0.215318 -0.235983 0)
(0.241625 -0.192326 0)
(0.21623 -0.191299 0)
(0.271053 -0.251253 0)
(-0.150317 3.48802 0)
(0.0664252 3.04262 0)
(0.528765 2.62091 0)
(0.195463 1.93585 0)
(0.0935329 0.907931 0)
(0.263306 0.494075 0)
(0.0954404 0.770724 0)
(-0.0130629 0.598898 0)
(-0.0258189 0.227332 0)
(-0.314644 -0.20724 0)
(-0.13506 -0.408484 0)
(-0.108402 -0.568475 0)
(-0.0384698 -0.547447 0)
(0.00801681 -0.482108 0)
(0.0108257 -0.395343 0)
(0.115495 -0.363785 0)
(0.273703 -0.29057 0)
(0.208524 -0.262026 0)
(0.173917 -0.249232 0)
(0.222691 -0.255973 0)
(0.273503 -0.244714 0)
(0.271453 -0.246644 0)
(0.332849 -0.258004 0)
(-0.069601 3.61276 0)
(0.100515 3.51122 0)
(0.579794 2.99908 0)
(0.528565 2.34479 0)
(0.396286 1.16305 0)
(0.391277 0.734683 0)
(0.404247 0.912846 0)
(0.448775 0.836907 0)
(0.496311 0.544855 0)
(0.121406 0.151192 0)
(0.058152 -0.374509 0)
(0.0186628 -0.561877 0)
(0.0183978 -0.571667 0)
(0.0307603 -0.526829 0)
(0.0477383 -0.451202 0)
(0.127558 -0.330964 0)
(0.283645 -0.312445 0)
(0.223497 -0.249556 0)
(0.220497 -0.277572 0)
(0.256642 -0.344346 0)
(0.309045 -0.210984 0)
(0.259389 -0.202294 0)
(0.388728 -0.221696 0)
(-0.0301463 3.64898 0)
(0.102658 3.37695 0)
(0.518113 2.94815 0)
(0.703964 2.20431 0)
(0.755042 1.02871 0)
(0.74685 0.99466 0)
(0.580555 1.30391 0)
(0.43363 1.38801 0)
(0.388218 0.803781 0)
(0.224463 0.336736 0)
(0.0915521 -0.273786 0)
(0.075569 -0.524902 0)
(0.0449475 -0.516175 0)
(0.053306 -0.521841 0)
(0.115016 -0.500164 0)
(0.162471 -0.362633 0)
(0.332082 -0.339724 0)
(0.243637 -0.306519 0)
(0.153797 -0.318467 0)
(0.36939 -0.334042 0)
(0.48589 -0.330635 0)
(0.343696 -0.33314 0)
(0.349735 -0.258439 0)
(-0.0270827 3.47593 0)
(0.227961 2.82987 0)
(0.598651 2.76747 0)
(1.06872 2.40027 0)
(1.1329 1.51525 0)
(0.9412 1.25434 0)
(0.781526 1.54411 0)
(0.536819 1.43129 0)
(0.149464 0.648129 0)
(0.227697 0.260418 0)
(0.113055 -0.252711 0)
(0.196238 -0.546515 0)
(0.103818 -0.657342 0)
(0.0492686 -0.59143 0)
(0.160607 -0.560465 0)
(0.215321 -0.324766 0)
(0.27851 -0.356516 0)
(0.302262 -0.36131 0)
(0.289426 -0.332953 0)
(0.341424 -0.309583 0)
(0.39048 -0.479598 0)
(0.427508 -0.417592 0)
(0.367465 -0.244086 0)
(0.153675 2.91276 0)
(0.83441 2.46969 0)
(0.969812 2.5779 0)
(1.09848 2.38937 0)
(0.968086 1.63953 0)
(0.785432 1.60072 0)
(0.590131 1.81152 0)
(0.517248 1.50682 0)
(0.209797 0.833035 0)
(0.473713 0.357323 0)
(0.310844 -0.190787 0)
(0.245303 -0.552116 0)
(0.256912 -0.777767 0)
(0.298406 -0.689437 0)
(0.320164 -0.561646 0)
(0.321079 -0.475355 0)
(0.263629 -0.393045 0)
(0.267929 -0.410699 0)
(0.223045 -0.35706 0)
(0.258563 -0.326795 0)
(0.37696 -0.404245 0)
(0.601954 -0.396232 0)
(0.48198 -0.314894 0)
(0.331798 2.72322 0)
(1.1057 2.53109 0)
(0.997596 2.48443 0)
(0.91253 2.2663 0)
(0.735974 1.89093 0)
(0.619517 1.96382 0)
(0.574602 1.96329 0)
(0.573279 1.5176 0)
(0.493193 1.35944 0)
(0.440124 0.659461 0)
(0.384768 -0.0852457 0)
(0.44303 -0.527502 0)
(0.416623 -0.730027 0)
(0.426767 -0.715263 0)
(0.349037 -0.518006 0)
(0.31717 -0.514016 0)
(0.297845 -0.385152 0)
(0.29301 -0.385278 0)
(0.330879 -0.343872 0)
(0.249905 -0.259074 0)
(0.291137 -0.271012 0)
(0.498465 -0.365755 0)
(0.523317 -0.356085 0)
(0.199923 2.54721 0)
(0.914857 2.50298 0)
(0.712739 2.47864 0)
(0.627487 2.4089 0)
(0.523448 2.17052 0)
(0.512409 2.08444 0)
(0.486354 1.97395 0)
(0.629327 1.64698 0)
(0.886835 1.22332 0)
(0.475485 0.519406 0)
(0.516225 -0.200006 0)
(0.588321 -0.564829 0)
(0.474358 -0.723375 0)
(0.527588 -0.736978 0)
(0.555158 -0.561461 0)
(0.457564 -0.476304 0)
(0.399949 -0.396637 0)
(0.276164 -0.29798 0)
(0.320982 -0.31806 0)
(0.313351 -0.242345 0)
(0.324618 -0.215104 0)
(0.438345 -0.260576 0)
(0.533761 -0.291446 0)
(-0.0285429 2.06847 0)
(0.501026 2.43147 0)
(0.348891 2.48817 0)
(0.345108 2.35243 0)
(0.405815 2.12788 0)
(0.467454 2.04133 0)
(0.508769 1.95149 0)
(0.591431 1.74747 0)
(0.791653 1.11469 0)
(0.67944 0.363352 0)
(0.805881 -0.19134 0)
(0.75234 -0.460405 0)
(0.579313 -0.587615 0)
(0.650357 -0.547403 0)
(0.663961 -0.403155 0)
(0.440751 -0.315238 0)
(0.403341 -0.399197 0)
(0.34189 -0.345379 0)
(0.412761 -0.341585 0)
(0.386016 -0.278032 0)
(0.25662 -0.207027 0)
(0.431807 -0.295108 0)
(0.687237 -0.435561 0)
(-0.0994128 1.8011 0)
(0.285085 2.39807 0)
(0.135035 2.36934 0)
(0.188072 2.22266 0)
(0.164873 1.92904 0)
(0.312142 1.94132 0)
(0.425262 1.85016 0)
(0.531257 1.58515 0)
(0.673739 0.885065 0)
(0.944228 0.331407 0)
(0.98077 -0.156653 0)
(0.829217 -0.433251 0)
(0.619828 -0.479144 0)
(0.693884 -0.352445 0)
(0.715976 -0.38137 0)
(0.53078 -0.31482 0)
(0.385112 -0.354622 0)
(0.36866 -0.269475 0)
(0.476065 -0.262171 0)
(0.490055 -0.35882 0)
(0.382597 -0.290089 0)
(0.37001 -0.311526 0)
(0.507363 -0.350501 0)
(-0.0993742 1.68308 0)
(0.199663 2.30431 0)
(0.0939011 2.27688 0)
(0.173519 2.17619 0)
(0.105248 1.82456 0)
(0.192639 1.63234 0)
(0.336655 1.49726 0)
(0.520172 1.21209 0)
(0.73095 0.816539 0)
(0.938638 0.276023 0)
(0.882574 -0.0999103 0)
(0.70915 -0.343325 0)
(0.74094 -0.36836 0)
(0.773589 -0.243665 0)
(0.702545 -0.234083 0)
(0.469455 -0.331302 0)
(0.451257 -0.233761 0)
(0.442846 -0.223367 0)
(0.345813 -0.24011 0)
(0.379324 -0.324042 0)
(0.358469 -0.324787 0)
(0.376325 -0.275266 0)
(0.432539 -0.298763 0)
(-0.0763328 1.60901 0)
(0.183692 2.18655 0)
(0.157661 2.24939 0)
(0.245559 2.16784 0)
(0.2367 1.81147 0)
(0.318141 1.4498 0)
(0.439656 1.20031 0)
(0.614086 0.935904 0)
(0.791691 0.572675 0)
(0.843996 0.22289 0)
(0.841223 0.0229118 0)
(0.651609 -0.120547 0)
(0.734455 -0.178038 0)
(0.82341 -0.0907844 0)
(0.541848 -0.0936414 0)
(0.476874 -0.242919 0)
(0.483237 -0.206513 0)
(0.358331 -0.28058 0)
(0.293044 -0.268221 0)
(0.355244 -0.274479 0)
(0.431999 -0.310455 0)
(0.384581 -0.224682 0)
(0.383866 -0.312995 0)
(-0.0398177 1.4537 0)
(0.149569 1.91918 0)
(0.23378 2.12476 0)
(0.366147 2.07882 0)
(0.434712 1.69838 0)
(0.49879 1.25024 0)
(0.599184 0.938855 0)
(0.683997 0.666211 0)
(0.787787 0.418513 0)
(0.724513 0.262124 0)
(0.73506 0.15134 0)
(0.631212 -0.00735494 0)
(0.713917 0.0551083 0)
(0.869428 -0.000785834 0)
(0.6297 -0.141049 0)
(0.408129 -0.187754 0)
(0.42044 -0.293153 0)
(0.413572 -0.316352 0)
(0.370062 -0.215998 0)
(0.361021 -0.222316 0)
(0.46117 -0.309079 0)
(0.368361 -0.286282 0)
(0.335795 -0.322849 0)
(-0.0101731 1.33496 0)
(0.109904 1.62471 0)
(0.229033 1.84352 0)
(0.38515 1.84101 0)
(0.490848 1.50361 0)
(0.590565 1.10296 0)
(0.666801 0.804338 0)
(0.686685 0.58783 0)
(0.738937 0.455946 0)
(0.691048 0.325936 0)
(0.514631 0.185977 0)
(0.607073 0.0389152 0)
(0.846976 0.15373 0)
(0.756132 0.0508015 0)
(0.397778 -0.197853 0)
(0.413926 -0.210049 0)
(0.45001 -0.166161 0)
(0.525147 -0.199164 0)
(0.477324 -0.18118 0)
(0.303779 -0.217059 0)
(0.354411 -0.280278 0)
(0.420033 -0.384067 0)
(0.346426 -0.481512 0)
(0.0107115 1.25443 0)
(0.071293 1.43229 0)
(0.196558 1.61409 0)
(0.330625 1.59397 0)
(0.469677 1.27076 0)
(0.533741 0.943886 0)
(0.600822 0.750807 0)
(0.563336 0.548718 0)
(0.577802 0.461128 0)
(0.582465 0.268245 0)
(0.482383 0.263039 0)
(0.541804 0.246776 0)
(0.797489 0.194856 0)
(0.583489 -0.137058 0)
(0.288726 -0.0730438 0)
(0.36818 -0.0585433 0)
(0.488359 -0.0572163 0)
(0.459572 -0.119067 0)
(0.41567 -0.232448 0)
(0.278109 -0.344211 0)
(0.31509 -0.330701 0)
(0.26634 -0.360032 0)
(0.333252 -0.512459 0)
(0.0129093 1.20315 0)
(0.05114 1.29935 0)
(0.151296 1.38481 0)
(0.275803 1.33797 0)
(0.411974 1.11776 0)
(0.436288 0.879007 0)
(0.465051 0.781493 0)
(0.475726 0.55667 0)
(0.419053 0.51327 0)
(0.500191 0.420675 0)
(0.53729 0.333396 0)
(0.551556 0.405629 0)
(0.544682 0.261755 0)
(0.295023 -0.014452 0)
(0.32527 0.0183809 0)
(0.335858 -0.000120989 0)
(0.319639 -0.0977885 0)
(0.315075 -0.175218 0)
(0.228881 -0.224252 0)
(0.261407 -0.352461 0)
(0.427941 -0.319444 0)
(0.256252 -0.377776 0)
(0.270921 -0.354185 0)
(0.00938026 1.08826 0)
(0.0317268 1.13849 0)
(0.119448 1.16269 0)
(0.209509 1.08534 0)
(0.253922 0.985575 0)
(0.318036 0.840002 0)
(0.268647 0.731421 0)
(0.386299 0.634169 0)
(0.458742 0.53587 0)
(0.448719 0.460444 0)
(0.463904 0.283046 0)
(0.458397 0.213617 0)
(0.298355 -0.0399924 0)
(0.209399 -0.0761178 0)
(0.246573 -0.0498398 0)
(0.233055 -0.0431857 0)
(0.201973 -0.102215 0)
(0.250069 -0.160685 0)
(0.220744 -0.165999 0)
(0.23379 -0.174288 0)
(0.378156 -0.333888 0)
(0.244627 -0.423874 0)
(0.165356 -0.36005 0)
(0.0032463 1.09294 0)
(0.0408851 1.07764 0)
(0.0763489 1.06049 0)
(0.138077 1.06159 0)
(0.180392 0.924899 0)
(0.226141 0.806718 0)
(0.219451 0.741964 0)
(0.251148 0.731858 0)
(0.294472 0.579614 0)
(0.327653 0.470336 0)
(0.322604 0.331897 0)
(0.389923 0.213557 0)
(0.291331 0.0450825 0)
(0.284073 0.0305367 0)
(0.372228 -0.00729968 0)
(0.274108 0.0114297 0)
(0.127976 -0.0691613 0)
(0.210612 -0.0796096 0)
(0.193364 -0.16973 0)
(0.0777935 -0.201694 0)
(0.236327 -0.282567 0)
(0.18239 -0.4113 0)
(0.055294 -0.421379 0)
(-0.0901143 0.901697 0)
(-0.0633776 0.933647 0)
(0.154339 0.911549 0)
(0.0816708 0.839952 0)
(-0.0428461 0.786817 0)
(0.183116 0.770938 0)
(0.22138 0.686459 0)
(0.184257 0.510387 0)
(0.0657946 0.405635 0)
(0.18455 0.339566 0)
(0.186199 0.217518 0)
(0.217002 0.178962 0)
(0.174688 0.123206 0)
(0.222706 0.140573 0)
(0.22427 0.000512577 0)
(0.123973 -0.0779383 0)
(0.0822179 -0.0260715 0)
(0.193066 -0.0505818 0)
(0.0918212 -0.185608 0)
(0.0753265 -0.240672 0)
(0.217838 -0.236098 0)
(0.0954802 -0.376199 0)
(0.0720786 -0.435371 0)
(0.0545468 0.769547 0)
(0.11026 0.709186 0)
(-0.0501212 0.664961 0)
(0.0519998 0.710006 0)
(0.147866 0.648771 0)
(0.108668 0.582039 0)
(-0.0443845 0.48324 0)
(0.0740855 0.51794 0)
(0.0759426 0.386391 0)
(0.0339177 0.42002 0)
(0.135304 0.349979 0)
(0.250126 0.270975 0)
(0.212693 0.188845 0)
(0.105333 0.169262 0)
(0.140777 0.107334 0)
(0.14703 -0.0369202 0)
(0.0656475 -0.0425026 0)
(0.0732298 -0.0638187 0)
(0.0436441 -0.198483 0)
(0.0214936 -0.206448 0)
(0.141407 -0.289504 0)
(0.0389984 -0.458748 0)
(0.0469814 -0.397222 0)
(0.278762 0.0675663 0)
(0.259189 0.0659862 0)
(0.236906 0.0544601 0)
(0.0415559 0.26666 0)
(0.149606 -0.0912187 0)
(-0.0235858 0.0368246 0)
(-0.0792403 0.339022 0)
(-0.423243 1.03703 0)
(-0.411641 0.457838 0)
(-0.757357 0.80153 0)
(-0.710984 1.00243 0)
(-0.698754 1.13903 0)
(-0.917296 0.751722 0)
(-0.883538 0.828808 0)
(-0.935303 0.912852 0)
(-0.912879 0.957063 0)
(-1.03132 0.695257 0)
(-0.92065 0.784823 0)
(-0.869134 0.797607 0)
(-0.666254 0.616228 0)
(-0.825758 0.486054 0)
(-0.674112 0.424357 0)
(-0.668141 0.305215 0)
(-0.414457 -0.0936962 0)
(-0.697536 -0.00767066 0)
(-0.597404 -0.108622 0)
(-0.543333 -0.139699 0)
(-0.525678 -0.134867 0)
(-0.96778 -0.0648637 0)
(-0.894143 -0.107372 0)
(-0.854704 -0.0948843 0)
(-0.839991 -0.10341 0)
(-1.0467 -0.212169 0)
(-1.03331 -0.232935 0)
(-0.990108 -0.226588 0)
(-0.952319 -0.199624 0)
(-1.23375 -0.132702 0)
(-1.17774 -0.127933 0)
(-1.15481 -0.155221 0)
(-1.14573 -0.162682 0)
(-1.18957 -0.226605 0)
(-1.17966 -0.266246 0)
(-1.17707 -0.323334 0)
(-1.17984 -0.377197 0)
(-0.556663 -0.0444527 0)
(-0.523054 -0.0930489 0)
(-0.493164 -0.13038 0)
(-0.49063 -0.200916 0)
(-0.415012 -0.207514 0)
(-0.41342 -0.164638 0)
(-0.291126 -0.123448 0)
(-0.262481 -0.08139 0)
(-0.713532 -0.211487 0)
(-0.711607 -0.204339 0)
(-0.678501 -0.197915 0)
(-0.63737 -0.237108 0)
(-0.169447 -0.0187937 0)
(-0.15723 -0.0690322 0)
(-0.154769 -0.0780664 0)
(-0.160252 -0.0807258 0)
(-0.0624654 -0.234768 0)
(-0.0771344 -0.251043 0)
(-0.131987 -0.211947 0)
(-0.230966 -0.148709 0)
(0.00109533 -0.162539 0)
(-0.00318801 -0.13352 0)
(-0.0195551 -0.0669713 0)
(-0.0145958 0.000989432 0)
(0.107226 -0.207543 0)
(0.124247 -0.193541 0)
(0.12441 -0.160181 0)
(0.159562 -0.132364 0)
(0.13547 -0.19293 0)
(0.186344 -0.191924 0)
(0.205523 -0.163024 0)
(0.272504 -0.16228 0)
(0.19613 -0.195425 0)
(0.222004 -0.184506 0)
(0.209502 -0.19488 0)
(0.222031 -0.174256 0)
(0.223957 -0.230696 0)
(0.21461 -0.195188 0)
(0.271372 -0.23543 0)
(0.377477 -0.162846 0)
(0.31113 -0.257824 0)
(0.279819 -0.265613 0)
(0.294295 -0.24112 0)
(0.430071 -0.204656 0)
(0.353799 -0.226169 0)
(0.362822 -0.237885 0)
(0.428615 -0.203003 0)
(0.501764 -0.191852 0)
(0.410243 -0.218952 0)
(0.402821 -0.224915 0)
(0.441467 -0.229339 0)
(0.468562 -0.283621 0)
(0.43388 -0.264699 0)
(0.362005 -0.25081 0)
(0.364421 -0.267929 0)
(0.424937 -0.295888 0)
(0.42695 -0.315506 0)
(0.412114 -0.318482 0)
(0.376556 -0.287364 0)
(0.401758 -0.269419 0)
(0.387182 -0.273921 0)
(0.481084 -0.303304 0)
(0.510037 -0.299594 0)
(0.507632 -0.300124 0)
(0.382629 -0.256583 0)
(0.431283 -0.253382 0)
(0.43736 -0.272486 0)
(0.425737 -0.272616 0)
(0.487345 -0.331435 0)
(0.51507 -0.324324 0)
(0.532119 -0.346088 0)
(0.476311 -0.31667 0)
(0.516291 -0.287224 0)
(0.497148 -0.295755 0)
(0.555317 -0.329149 0)
(0.52646 -0.366861 0)
(0.642572 -0.42228 0)
(0.5594 -0.384083 0)
(0.5137 -0.429764 0)
(0.399223 -0.463626 0)
(0.608476 -0.467518 0)
(0.494859 -0.474885 0)
(0.439301 -0.498683 0)
(0.510147 -0.505497 0)
(0.425514 -0.338647 0)
(0.402382 -0.415671 0)
(0.419165 -0.373519 0)
(0.52397 -0.324578 0)
(0.393874 -0.353172 0)
(0.459354 -0.362835 0)
(0.629886 -0.306621 0)
(0.602837 -0.262947 0)
(0.40579 -0.378996 0)
(0.493254 -0.35342 0)
(0.67022 -0.426145 0)
(0.623151 -0.524242 0)
(0.377649 -0.469306 0)
(0.425475 -0.485054 0)
(0.354539 -0.529962 0)
(0.395035 -0.631123 0)
(0.403198 -0.462889 0)
(0.360538 -0.473887 0)
(0.259973 -0.485133 0)
(0.317515 -0.479463 0)
(0.327148 -0.365926 0)
(0.338957 -0.414619 0)
(0.305171 -0.430809 0)
(0.283576 -0.438755 0)
(0.205984 -0.424934 0)
(0.275203 -0.463042 0)
(0.248537 -0.530773 0)
(0.167845 -0.530721 0)
(0.184913 -0.450587 0)
(0.262378 -0.507846 0)
(0.242992 -0.556183 0)
(0.228689 -0.575718 0)
(0.180763 -0.411134 0)
(0.089992 -0.50637 0)
(0.0598961 -0.574061 0)
(0.104136 -0.637221 0)
(0.0732534 -0.484596 0)
(-0.0128775 -0.551134 0)
(-0.0282654 -0.566204 0)
(0.0443892 -0.574606 0)
(-0.558797 1.33891 0)
(0.161194 0.724906 0)
(0.455737 0.403284 0)
(0.145024 0.0863427 0)
(0.408061 -0.483986 0)
(0.33037 -0.464611 0)
(0.38827 -0.346492 0)
(0.369502 -0.148775 0)
(0.407368 0.0942922 0)
(0.612264 0.120169 0)
(0.620735 0.312361 0)
(0.655871 0.298804 0)
(0.696866 0.347593 0)
(0.700423 0.342126 0)
(0.716865 0.347145 0)
(0.568693 0.236878 0)
(0.0839831 -0.139043 0)
(0.0752061 -0.583149 0)
(0.144283 -1.09954 0)
(-0.608548 1.32444 0)
(0.0314913 0.560181 0)
(-0.117155 -0.186283 0)
(0.377501 -0.165679 0)
(0.529805 -0.52239 0)
(0.401536 -0.461174 0)
(0.45355 -0.337049 0)
(0.590468 -0.06592 0)
(0.448357 0.0845875 0)
(0.453315 0.0380312 0)
(0.407382 0.0220474 0)
(0.402201 0.202792 0)
(0.585434 0.319155 0)
(0.536608 0.562379 0)
(0.561081 0.495662 0)
(0.413353 0.235307 0)
(-0.0227395 -0.16463 0)
(0.309679 -0.537884 0)
(0.177749 -1.02077 0)
(-0.646303 1.07501 0)
(-0.205825 -0.179772 0)
(0.198952 -0.241131 0)
(0.58811 -0.418965 0)
(0.51254 -0.559832 0)
(0.301938 -0.50648 0)
(0.367591 -0.373085 0)
(0.384249 -0.164829 0)
(0.310101 -0.0960049 0)
(0.434566 0.156609 0)
(0.313224 0.181365 0)
(0.0344809 0.450379 0)
(0.288989 0.373651 0)
(0.204612 0.45457 0)
(0.339211 0.427655 0)
(0.0390174 0.357956 0)
(0.369964 0.0757445 0)
(0.440369 -0.749948 0)
(0.22784 -1.10704 0)
(-0.592469 0.699952 0)
(0.0555094 -0.49074 0)
(0.250163 -0.373689 0)
(0.128829 -0.49968 0)
(0.174987 -0.826602 0)
(0.112665 -0.546281 0)
(0.278326 -0.40111 0)
(0.338963 -0.286784 0)
(0.204686 0.156231 0)
(-0.0660775 0.24578 0)
(-0.09629 0.272776 0)
(-0.245383 0.077886 0)
(-0.0399041 0.371658 0)
(-0.356354 0.514267 0)
(-0.135952 0.551563 0)
(-0.373073 0.175339 0)
(0.223273 -0.750378 0)
(0.103094 -1.05789 0)
(0.0984713 -1.21353 0)
(-0.155543 -0.0628156 0)
(0.0664877 -0.515948 0)
(-0.252562 -0.231801 0)
(-0.371868 -0.361323 0)
(-0.154536 -0.456008 0)
(-0.0732958 -0.259506 0)
(-0.512714 -0.219313 0)
(-0.410105 -0.047289 0)
(-0.177983 0.48381 0)
(-0.195712 0.410897 0)
(-0.348147 0.23335 0)
(-0.418401 0.129441 0)
(-0.444413 0.563332 0)
(-0.865596 0.671166 0)
(-0.319554 0.438262 0)
(-0.233875 -0.552338 0)
(0.09203 -0.89539 0)
(-0.0710161 -0.857273 0)
(-0.0308049 -0.689976 0)
(-0.129891 -0.200142 0)
(-0.34259 -0.313273 0)
(-0.643435 -0.279011 0)
(-0.73247 -0.428232 0)
(-0.768407 -0.443995 0)
(-0.916507 -0.297091 0)
(-1.10077 -0.425413 0)
(-1.1672 -0.357484 0)
(-1.09757 -0.37029 0)
(-0.964982 0.106305 0)
(-1.09493 0.343433 0)
(-1.13605 0.425213 0)
(-1.01899 0.439495 0)
(-1.00397 0.44604 0)
(-0.471285 -0.0588797 0)
(-0.363292 -0.592752 0)
(-0.0380479 -0.715944 0)
(0.0835219 -0.906141 0)
(0.0916926 -0.551709 0)
(-0.5558 -0.115202 0)
(-0.800447 -0.0426049 0)
(-0.90516 -0.244157 0)
(-0.991622 -0.267007 0)
(-1.12623 -0.297902 0)
(-1.39853 -0.452712 0)
(-1.54866 -0.429335 0)
(-1.66758 -0.207379 0)
(-1.32636 0.111846 0)
(-1.23221 0.38963 0)
(-1.29394 0.488002 0)
(-1.23904 0.517511 0)
(-1.01591 0.360563 0)
(-0.834619 0.285513 0)
(-0.331165 -0.267745 0)
(-0.340329 -0.516513 0)
(-0.218568 -0.73725 0)
(0.0492251 -0.722528 0)
(0.227856 -0.673775 0)
(-0.797102 -0.0947762 0)
(-1.11464 -0.0641354 0)
(-1.34553 0.0511445 0)
(-1.16477 0.0604763 0)
(-1.35483 -0.400919 0)
(-1.40461 -0.506082 0)
(-1.29675 -0.309147 0)
(-1.33645 -0.197407 0)
(-1.35336 0.069029 0)
(-1.2448 0.143471 0)
(-1.37373 0.34044 0)
(-1.39078 0.380297 0)
(-0.833285 0.332612 0)
(-0.53697 -0.171571 0)
(-0.319088 -0.400462 0)
(-0.403834 -0.671474 0)
(-0.215367 -0.82615 0)
(-0.0566396 -0.655846 0)
(-0.0174816 -0.779841 0)
(-0.900007 -0.147419 0)
(-0.888264 0.0236223 0)
(-0.956817 0.150395 0)
(-1.25888 0.0197856 0)
(-1.38211 -0.132699 0)
(-1.16993 -0.301313 0)
(-1.0781 -0.266707 0)
(-1.09353 -0.199479 0)
(-0.990578 -0.00170928 0)
(-0.945565 0.0592372 0)
(-0.954239 0.0851915 0)
(-0.933556 0.209427 0)
(-0.53071 0.148196 0)
(-0.456855 -0.24305 0)
(-0.437999 -0.406536 0)
(-0.289479 -0.776742 0)
(-0.154547 -0.902255 0)
(-0.202977 -1.19156 0)
(-0.102741 -0.880897 0)
(-1.13692 -0.167545 0)
(-1.28426 -0.131497 0)
(-1.26669 0.0780043 0)
(-0.730859 -0.239864 0)
(-0.614336 -0.123488 0)
(-0.746739 -0.127485 0)
(-0.788114 -0.247303 0)
(-0.885869 -0.228253 0)
(-0.826714 -0.168803 0)
(-0.746847 -0.0156569 0)
(-0.715345 0.0128556 0)
(-0.616191 0.0479174 0)
(-0.544793 -0.000470823 0)
(-0.554543 -0.207753 0)
(-0.501362 -0.524373 0)
(-0.399044 -0.982347 0)
(-0.482178 -1.19242 0)
(-0.298367 -1.41072 0)
(-0.000112897 -1.32341 0)
(-1.15753 -0.453187 0)
(-1.211 -0.516138 0)
(-1.38622 -0.302927 0)
(-1.386 -0.200732 0)
(-0.871037 -0.141704 0)
(-0.767994 -0.0713235 0)
(-0.69286 -0.142503 0)
(-0.862197 -0.122696 0)
(-0.73869 -0.0336597 0)
(-0.673609 -0.00256398 0)
(-0.733245 0.0530854 0)
(-0.679366 0.127921 0)
(-0.649628 -0.0176703 0)
(-0.533611 -0.279285 0)
(-0.518311 -0.521096 0)
(-0.525893 -1.02468 0)
(-0.557358 -1.24098 0)
(-0.32685 -1.23354 0)
(-0.0964311 -1.46706 0)
(-0.478489 -0.380155 0)
(-0.613941 -0.548506 0)
(-0.767878 -0.505496 0)
(-0.899017 -0.276536 0)
(-0.872685 -0.226003 0)
(-0.831222 -0.182177 0)
(-0.792042 -0.183507 0)
(-0.785484 -0.0596197 0)
(-0.792862 0.11236 0)
(-0.742768 0.0302589 0)
(-0.732463 0.0472077 0)
(-0.846566 -0.0834007 0)
(-0.933055 -0.079457 0)
(-0.51424 -0.308626 0)
(-0.568967 -0.618689 0)
(-0.574585 -1.01303 0)
(-0.538403 -1.25984 0)
(-0.360692 -1.22749 0)
(-0.276027 -1.72582 0)
(-0.280927 -0.0362428 0)
(-0.44154 -0.163472 0)
(-0.465814 -0.237145 0)
(-0.498272 -0.228863 0)
(-0.505394 -0.258935 0)
(-0.54136 -0.212202 0)
(-0.60784 -0.199385 0)
(-0.678047 -0.162882 0)
(-0.633985 -0.0472645 0)
(-0.607559 0.00118342 0)
(-0.725861 -0.00308084 0)
(-0.681371 -0.273557 0)
(-0.423157 -0.172815 0)
(-0.249157 -0.366793 0)
(-0.325694 -0.884897 0)
(-0.424627 -0.815439 0)
(-0.66426 -1.38534 0)
(-0.554178 -1.53088 0)
(-0.300906 -1.89596 0)
(-0.60714 -0.251984 0)
(-0.57917 -0.275813 0)
(-0.576835 -0.220599 0)
(-0.453479 -0.303812 0)
(-0.445563 -0.31579 0)
(-0.404401 -0.3047 0)
(-0.547937 -0.274439 0)
(-0.755933 -0.116062 0)
(-0.616119 0.037373 0)
(-0.486062 -0.022957 0)
(-0.63518 -0.244666 0)
(-0.807118 -0.0493386 0)
(-0.285782 -0.357524 0)
(-0.244598 -0.53058 0)
(-0.276713 -1.04658 0)
(-0.0783101 -0.823667 0)
(-0.48969 -1.67669 0)
(-0.571148 -1.59126 0)
(-0.329552 -1.89755 0)
(-0.231639 -0.154831 0)
(-0.305267 -0.231033 0)
(-0.48044 -0.175204 0)
(-0.521895 -0.178366 0)
(-0.510619 -0.175455 0)
(-0.486185 -0.178279 0)
(-0.51326 -0.194594 0)
(-0.629729 0.0238507 0)
(-0.525991 0.174394 0)
(-0.238651 -0.0487196 0)
(-0.246607 -0.295031 0)
(-0.258186 -0.321208 0)
(-0.316934 -0.465413 0)
(-0.047193 -0.583235 0)
(-0.0967584 -1.02941 0)
(-0.149555 -0.943937 0)
(-0.39776 -1.73819 0)
(-0.319013 -1.60331 0)
(-0.158507 -1.94861 0)
(-0.284103 -0.0804333 0)
(-0.297718 -0.0522023 0)
(-0.516535 -0.154122 0)
(-0.579945 -0.207916 0)
(-0.477135 -0.280367 0)
(-0.372918 -0.287895 0)
(-0.379239 -0.380816 0)
(-0.290791 -0.251275 0)
(-0.18286 -0.221246 0)
(-0.0781447 -0.209329 0)
(-0.113091 -0.172189 0)
(-0.00207601 -0.282631 0)
(0.0494554 -0.489644 0)
(0.0665537 -0.388025 0)
(0.0736359 -0.768996 0)
(-0.113548 -0.857192 0)
(-0.13978 -1.35266 0)
(-0.264155 -1.57114 0)
(-0.158866 -2.07663 0)
(-0.0363313 0.115063 0)
(-0.0480992 -0.0326502 0)
(-0.144509 -0.24194 0)
(-0.246456 -0.218454 0)
(-0.395208 -0.0789335 0)
(-0.183375 -0.109302 0)
(-0.322357 -0.262167 0)
(-0.104079 -0.295555 0)
(-0.0119325 -0.091209 0)
(0.0296416 -0.261485 0)
(0.0657497 -0.319171 0)
(0.0914039 -0.409156 0)
(0.119565 -0.302239 0)
(0.135966 -0.555187 0)
(0.195224 -0.669599 0)
(-0.184194 -0.915884 0)
(0.0111829 -1.08323 0)
(-0.0866041 -1.46228 0)
(-0.0664813 -2.09348 0)
(0.181863 0.0452962 0)
(0.297539 0.0386556 0)
(0.204909 0.0703558 0)
(0.266374 -0.241899 0)
(-0.242258 0.0751274 0)
(0.306135 -0.255837 0)
(0.0365779 -0.130519 0)
(0.0607604 -0.234482 0)
(0.187247 -0.290317 0)
(0.189262 -0.205935 0)
(0.22641 -0.255367 0)
(0.238902 -0.322024 0)
(0.24793 -0.348371 0)
(0.300747 -0.480379 0)
(0.470555 -0.433293 0)
(0.404564 -0.530793 0)
(0.359911 -0.696006 0)
(-0.0176388 -1.39027 0)
(0.0212442 -2.10163 0)
(0.272654 -0.117955 0)
(0.392579 0.0105872 0)
(0.424811 -0.038873 0)
(0.352682 -0.0731152 0)
(0.569543 -0.115108 0)
(0.537362 -0.238331 0)
(0.297527 -0.217745 0)
(0.294045 -0.394065 0)
(0.409463 -0.339092 0)
(0.369351 -0.362404 0)
(0.315281 -0.377485 0)
(0.396922 -0.462112 0)
(0.394482 -0.430404 0)
(0.289379 -0.499539 0)
(0.374278 -0.538045 0)
(0.395294 -0.623254 0)
(0.336872 -0.720292 0)
(0.0791683 -1.18979 0)
(0.0634256 -2.05457 0)
(0.498458 -0.121224 0)
(0.423945 0.0851689 0)
(0.380381 -0.0940602 0)
(0.429649 -0.0921862 0)
(0.553767 -0.127221 0)
(0.643748 -0.326359 0)
(0.58304 -0.280251 0)
(0.488905 -0.280651 0)
(0.519818 -0.324688 0)
(0.467835 -0.374972 0)
(0.407913 -0.346511 0)
(0.474769 -0.364454 0)
(0.47725 -0.469278 0)
(0.300472 -0.491157 0)
(0.258651 -0.517885 0)
(0.233052 -0.488232 0)
(0.112838 -0.513756 0)
(0.0605021 -1.14756 0)
(0.0659131 -1.99315 0)
(0.479701 -0.150143 0)
(0.351558 -0.229868 0)
(0.291061 -0.224858 0)
(0.354145 -0.201646 0)
(0.458517 -0.195123 0)
(0.774037 -0.254239 0)
(0.713843 -0.308678 0)
(0.540488 -0.21177 0)
(0.485328 -0.228944 0)
(0.434467 -0.305209 0)
(0.441361 -0.326266 0)
(0.450712 -0.310961 0)
(0.470186 -0.48985 0)
(0.309364 -0.533166 0)
(0.179706 -0.486033 0)
(0.127881 -0.435026 0)
(0.00878033 -0.489491 0)
(0.0613787 -1.14367 0)
(0.0700461 -1.93806 0)
(0.375786 -0.154076 0)
(0.244941 -0.245078 0)
(0.282887 -0.192228 0)
(0.369916 -0.209656 0)
(0.555473 -0.162953 0)
(0.717123 -0.212074 0)
(0.607833 -0.345229 0)
(0.509514 -0.310698 0)
(0.385124 -0.2858 0)
(0.379701 -0.310059 0)
(0.398439 -0.280397 0)
(0.39716 -0.298685 0)
(0.40535 -0.342191 0)
(0.29813 -0.438146 0)
(0.207437 -0.383201 0)
(0.126714 -0.293014 0)
(0.0204828 -0.41187 0)
(0.0672747 -1.13482 0)
(0.108312 -1.89595 0)
(0.461807 -0.192404 0)
(0.311333 -0.23587 0)
(0.280345 -0.191356 0)
(0.31901 -0.188493 0)
(0.434252 -0.206722 0)
(0.589547 -0.24815 0)
(0.501772 -0.247493 0)
(0.408775 -0.280022 0)
(0.356602 -0.3341 0)
(0.38704 -0.362083 0)
(0.44327 -0.327117 0)
(0.435835 -0.323117 0)
(0.363271 -0.391843 0)
(0.233204 -0.374741 0)
(0.172184 -0.308338 0)
(0.0824808 -0.235976 0)
(0.0497915 -0.396103 0)
(0.0671935 -1.13019 0)
(0.137484 -1.83348 0)
(0.368676 -0.250069 0)
(0.267825 -0.229276 0)
(0.302084 -0.18352 0)
(0.324713 -0.1511 0)
(0.407417 -0.154903 0)
(0.543528 -0.233115 0)
(0.47149 -0.235542 0)
(0.356778 -0.217922 0)
(0.337888 -0.315923 0)
(0.424893 -0.264782 0)
(0.451843 -0.292254 0)
(0.33866 -0.320922 0)
(0.35857 -0.487867 0)
(0.348725 -0.346124 0)
(0.194686 -0.284574 0)
(0.0939781 -0.204604 0)
(0.115873 -0.401957 0)
(0.0407201 -1.11171 0)
(0.121547 -1.78066 0)
(0.484918 -0.335155 0)
(0.40905 -0.340949 0)
(0.365672 -0.294979 0)
(0.293858 -0.291737 0)
(0.346727 -0.270181 0)
(0.524887 -0.28924 0)
(0.486023 -0.329889 0)
(0.366981 -0.292795 0)
(0.368632 -0.267402 0)
(0.451014 -0.226303 0)
(0.413204 -0.314861 0)
(0.277724 -0.29165 0)
(0.334593 -0.343482 0)
(0.368379 -0.267874 0)
(0.304208 -0.264325 0)
(0.168462 -0.145994 0)
(0.244418 -0.369702 0)
(0.0388764 -1.03912 0)
(0.14663 -1.71069 0)
(0.39885 -0.29621 0)
(0.34123 -0.407644 0)
(0.335642 -0.361161 0)
(0.332251 -0.388562 0)
(0.408291 -0.259332 0)
(0.469893 -0.236143 0)
(0.396997 -0.281462 0)
(0.375467 -0.325034 0)
(0.381981 -0.222194 0)
(0.363696 -0.236526 0)
(0.37908 -0.281439 0)
(0.366866 -0.274471 0)
(0.403297 -0.237234 0)
(0.406215 -0.309527 0)
(0.347283 -0.165248 0)
(0.186453 -0.153826 0)
(0.285883 -0.35063 0)
(0.0469096 -0.957369 0)
(0.159558 -1.63488 0)
(0.436732 -0.369684 0)
(0.314583 -0.292001 0)
(0.312803 -0.315859 0)
(0.362898 -0.338226 0)
(0.509181 -0.266473 0)
(0.468024 -0.270839 0)
(0.363332 -0.256248 0)
(0.403967 -0.203897 0)
(0.426758 -0.216151 0)
(0.411714 -0.221781 0)
(0.396153 -0.173476 0)
(0.363552 -0.219102 0)
(0.319048 -0.192973 0)
(0.420165 -0.308212 0)
(0.400703 -0.129661 0)
(0.190533 -0.197282 0)
(0.282414 -0.319617 0)
(0.0193708 -0.894103 0)
(0.19619 -1.5531 0)
(0.413518 -0.422481 0)
(0.404448 -0.407934 0)
(0.319025 -0.316195 0)
(0.367107 -0.342875 0)
(0.503512 -0.258827 0)
(0.485813 -0.295398 0)
(0.447113 -0.330099 0)
(0.430728 -0.220276 0)
(0.36645 -0.183141 0)
(0.402064 -0.212785 0)
(0.388162 -0.257766 0)
(0.345438 -0.209585 0)
(0.328539 -0.120152 0)
(0.415376 -0.129055 0)
(0.393321 -0.172529 0)
(0.194873 -0.183615 0)
(0.307098 -0.28392 0)
(0.0191386 -0.840309 0)
(0.211391 -1.46404 0)
(0.347855 -0.395233 0)
(0.425331 -0.446809 0)
(0.35353 -0.429529 0)
(0.387363 -0.380843 0)
(0.480234 -0.430695 0)
(0.356385 -0.457605 0)
(0.374619 -0.407017 0)
(0.491741 -0.316826 0)
(0.440629 -0.242861 0)
(0.326576 -0.220556 0)
(0.399844 -0.271509 0)
(0.451432 -0.224875 0)
(0.348918 -0.122032 0)
(0.325858 -0.140043 0)
(0.371642 -0.21885 0)
(0.263004 -0.0928515 0)
(0.305876 -0.198194 0)
(0.0805924 -0.731844 0)
(0.259236 -1.39152 0)
(0.366342 -0.35965 0)
(0.392567 -0.396187 0)
(0.379231 -0.465015 0)
(0.377819 -0.32968 0)
(0.37082 -0.493509 0)
(0.408179 -0.482552 0)
(0.564544 -0.356326 0)
(0.553113 -0.222609 0)
(0.504196 -0.240087 0)
(0.367276 -0.222881 0)
(0.370914 -0.170877 0)
(0.483269 -0.202999 0)
(0.42326 -0.143546 0)
(0.280721 -0.162996 0)
(0.453227 -0.107645 0)
(0.289054 -0.0423069 0)
(0.285353 -0.160907 0)
(0.116308 -0.633367 0)
(0.297299 -1.31233 0)
(0.326234 -0.324702 0)
(0.358136 -0.429553 0)
(0.43383 -0.413638 0)
(0.339543 -0.402956 0)
(0.301736 -0.361689 0)
(0.410962 -0.305353 0)
(0.633843 -0.264797 0)
(0.619383 -0.306312 0)
(0.486416 -0.31929 0)
(0.399227 -0.204622 0)
(0.448303 -0.204744 0)
(0.460423 -0.152689 0)
(0.389054 -0.180194 0)
(0.375879 -0.0500806 0)
(0.621535 -0.00566358 0)
(0.344906 -0.0792691 0)
(0.291086 -0.17061 0)
(0.0694859 -0.52667 0)
(0.316509 -1.21853 0)
(0.464117 -0.446311 0)
(0.349528 -0.453064 0)
(0.403771 -0.440535 0)
(0.408427 -0.504988 0)
(0.439773 -0.358243 0)
(0.511632 -0.302054 0)
(0.539304 -0.223884 0)
(0.547897 -0.363633 0)
(0.572078 -0.329176 0)
(0.470355 -0.113724 0)
(0.431114 -0.143809 0)
(0.452483 -0.147101 0)
(0.464364 -0.191249 0)
(0.458646 -0.0450718 0)
(0.435895 -0.0311915 0)
(0.246138 -0.0749641 0)
(0.280773 -0.119086 0)
(0.0656889 -0.464423 0)
(0.330309 -1.14449 0)
(0.446658 -0.404965 0)
(0.387312 -0.43591 0)
(0.391337 -0.438672 0)
(0.456354 -0.422274 0)
(0.552405 -0.419091 0)
(0.655124 -0.346076 0)
(0.589265 -0.266093 0)
(0.574855 -0.276384 0)
(0.7529 -0.20846 0)
(0.667281 -0.17002 0)
(0.425252 -0.123228 0)
(0.424089 -0.160246 0)
(0.447818 -0.041403 0)
(0.590819 0.0306927 0)
(0.498784 0.132457 0)
(0.430501 0.0950301 0)
(0.35981 -0.0278702 0)
(0.0505178 -0.352783 0)
(0.338137 -1.05283 0)
(0.42553 -0.372636 0)
(0.3651 -0.423256 0)
(0.420846 -0.448856 0)
(0.499616 -0.391455 0)
(0.606816 -0.501745 0)
(0.744972 -0.382029 0)
(0.684421 -0.265539 0)
(0.57834 -0.13884 0)
(0.643071 -0.146305 0)
(0.565801 -0.176792 0)
(0.456898 -0.0714495 0)
(0.543901 -0.0614564 0)
(0.724163 -0.0285977 0)
(0.675269 0.0101738 0)
(0.561141 0.181272 0)
(0.247193 0.039938 0)
(0.226974 -0.035152 0)
(0.103809 -0.274553 0)
(0.354031 -0.97251 0)
(0.407826 -0.539345 0)
(0.366378 -0.439665 0)
(0.422861 -0.503059 0)
(0.471641 -0.52016 0)
(0.594758 -0.599002 0)
(0.77758 -0.429089 0)
(0.689354 -0.423781 0)
(0.483974 -0.317856 0)
(0.549807 -0.308438 0)
(0.57175 -0.201727 0)
(0.536209 -0.089499 0)
(0.455518 0.0753083 0)
(0.522688 0.010119 0)
(0.744931 0.0224142 0)
(0.580817 0.198314 0)
(0.561805 0.0576273 0)
(0.467871 0.00654191 0)
(0.132776 -0.231107 0)
(0.367955 -0.868725 0)
(0.508518 -0.578205 0)
(0.421535 -0.57575 0)
(0.378959 -0.609805 0)
(0.415564 -0.640487 0)
(0.543854 -0.567933 0)
(0.823775 -0.397721 0)
(0.614175 -0.492845 0)
(0.400049 -0.334501 0)
(0.504735 -0.302609 0)
(0.647639 -0.177123 0)
(0.542813 0.0523274 0)
(0.529441 0.110834 0)
(0.528571 0.122712 0)
(0.666519 0.159125 0)
(0.612182 0.243211 0)
(0.295693 0.154007 0)
(0.284961 -0.0197236 0)
(0.109386 -0.168279 0)
(0.348886 -0.789501 0)
(0.526171 -0.569088 0)
(0.392049 -0.695176 0)
(0.302749 -0.65411 0)
(0.429896 -0.661509 0)
(0.662714 -0.531736 0)
(0.638338 -0.5641 0)
(0.44433 -0.617743 0)
(0.290887 -0.401817 0)
(0.428687 -0.256937 0)
(0.7493 -0.132615 0)
(0.673067 -0.054815 0)
(0.393076 0.142443 0)
(0.491808 0.114589 0)
(0.753627 0.219852 0)
(0.603063 0.202967 0)
(0.266653 0.161278 0)
(0.386928 0.122611 0)
(0.320481 0.0433345 0)
(0.349807 -0.758135 0)
(0.280984 -0.610532 0)
(0.338094 -0.660365 0)
(0.405023 -0.606092 0)
(0.470722 -0.567336 0)
(0.432359 -0.570051 0)
(0.421228 -0.659109 0)
(0.378927 -0.634782 0)
(0.307602 -0.4149 0)
(0.491345 -0.201176 0)
(0.515721 -0.17804 0)
(0.524278 -0.130235 0)
(0.324396 0.0603531 0)
(0.391554 0.366365 0)
(0.683457 0.24694 0)
(0.599337 0.153213 0)
(0.347078 0.220485 0)
(0.340598 0.135533 0)
(0.0711284 -0.0465995 0)
(0.274811 -0.819037 0)
(0.281233 -0.585926 0)
(0.393371 -0.555983 0)
(0.379726 -0.568705 0)
(0.32996 -0.527528 0)
(0.305091 -0.542229 0)
(0.25459 -0.462542 0)
(0.30336 -0.449 0)
(0.244976 -0.204563 0)
(0.292181 -0.0821937 0)
(0.400883 -0.134706 0)
(0.342042 -0.100261 0)
(0.369571 -0.0185201 0)
(0.380398 0.267618 0)
(0.441974 0.3423 0)
(0.437298 0.260202 0)
(0.309079 0.311002 0)
(0.326875 0.266509 0)
(0.0771956 0.0802009 0)
(0.20669 -0.216481 0)
(0.354899 -0.583439 0)
(0.296051 -0.701352 0)
(0.367671 -0.872036 0)
(0.182043 -0.874779 0)
(0.157808 -0.753075 0)
(0.0668277 -0.617348 0)
(0.107064 -0.425866 0)
(0.151101 -0.167718 0)
(0.0937041 -0.153302 0)
(0.0119936 -0.207453 0)
(0.0309915 -0.359132 0)
(0.0253761 -0.0516593 0)
(0.307521 0.0640104 0)
(0.432362 0.283157 0)
(0.375093 0.240424 0)
(0.317624 0.293179 0)
(0.334695 0.259345 0)
(0.135308 0.146293 0)
(0.254167 -0.0826056 0)
(0.286144 -0.68661 0)
(0.119931 -0.767274 0)
(0.0835222 -0.97793 0)
(0.179993 -1.00827 0)
(0.149635 -0.830384 0)
(0.0890221 -0.748908 0)
(0.122914 -0.306783 0)
(-0.02842 -0.158734 0)
(-0.0617768 0.0309459 0)
(-0.231883 -0.159387 0)
(-0.164962 -0.214775 0)
(-0.0978 -0.107142 0)
(0.0259374 0.0243933 0)
(0.181238 0.234163 0)
(0.321507 0.207811 0)
(0.330028 0.304502 0)
(0.418991 0.270996 0)
(0.338755 0.337707 0)
(0.452963 0.175492 0)
(0.209184 -0.646883 0)
(0.0355783 -0.873029 0)
(-0.0602772 -0.80325 0)
(0.0681169 -0.750253 0)
(0.0623049 -0.669983 0)
(0.129399 -0.581568 0)
(0.0400022 -0.293771 0)
(-0.0864296 0.0325496 0)
(-0.208896 -0.0404412 0)
(-0.190298 -0.14094 0)
(-0.173728 -0.221249 0)
(-0.221394 -0.258362 0)
(-0.144181 -0.237229 0)
(-0.0266047 -0.0272436 0)
(0.160242 0.0857693 0)
(0.217062 0.143175 0)
(0.695612 0.107245 0)
(0.665137 -0.0847716 0)
(0.704955 1.25971 0)
)
;

boundaryField
{
    leftWall
    {
        type            fixedValue;
        value           uniform (0 0 0);
    }
    rightWall
    {
        type            fixedValue;
        value           uniform (0 0 0);
    }
    lowerWall
    {
        type            fixedValue;
        value           uniform (0 0 0);
    }
    atmosphere
    {
        type            pressureInletOutletVelocity;
        value           nonuniform List<vector> 
46
(
(0.0545468 0.769547 0)
(0.11026 0.709186 0)
(-0.0501212 0.664961 0)
(0.0519998 0.710006 0)
(0.147866 0.648771 0)
(0.108668 0.582039 0)
(-0.0443845 0.48324 0)
(0.0740855 0.51794 0)
(0.0759426 0.386391 0)
(0.0339177 0.42002 0)
(0.135304 0.349979 0)
(0.250126 0.270975 0)
(0.212693 0.188845 0)
(0.105333 0.169262 0)
(0.140777 0.107334 0)
(0 -0.0369202 0)
(0 -0.0425026 0)
(0 -0.0638187 0)
(0 -0.198483 0)
(0 -0.206448 0)
(0 -0.289504 0)
(0 -0.458748 0)
(0 -0.397222 0)
(0 -0.484596 0)
(0 -0.551134 0)
(0 -0.566204 0)
(0 -0.574606 0)
(0 -0.646883 0)
(0 -0.873029 0)
(0 -0.80325 0)
(0 -0.750253 0)
(0 -0.669983 0)
(0 -0.581568 0)
(0 -0.293771 0)
(-0.0864296 0.0325496 0)
(0 -0.0404412 0)
(0 -0.14094 0)
(0 -0.221249 0)
(0 -0.258362 0)
(0 -0.237229 0)
(0 -0.0272436 0)
(0.160242 0.0857693 0)
(0.217062 0.143175 0)
(0.695612 0.107245 0)
(0 -0.0847716 0)
(0.704955 1.25971 0)
)
;
    }
    defaultFaces
    {
        type            empty;
    }
}


// ************************************************************************* //
