/*--------------------------------*- C++ -*----------------------------------*\
| =========                 |                                                 |
| \\      /  F ield         | foam-extend: Open Source CFD                    |
|  \\    /   O peration     | Version:     4.1                                |
|   \\  /    A nd           | Web:         http://www.foam-extend.org         |
|    \\/     M anipulation  |                                                 |
\*---------------------------------------------------------------------------*/
FoamFile
{
    version     2.0;
    format      ascii;
    class       volVectorField;
    location    "0.6";
    object      U;
}
// * * * * * * * * * * * * * * * * * * * * * * * * * * * * * * * * * * * * * //

dimensions      [0 1 -1 0 0 0 0];

internalField   nonuniform List<vector> 
2268
(
(0.0342107 -0.00389061 0)
(0.0279604 -0.00124022 0)
(0.0559556 -0.00119174 0)
(0.0558324 -0.00241677 0)
(0.0759553 0.00139545 0)
(0.067715 -0.000415014 0)
(0.0603415 0.000954379 0)
(0.0496651 0.0038776 0)
(0.0337072 -0.00257983 0)
(-0.00128545 0.00468676 0)
(-0.0212821 -0.0114181 0)
(-0.0101707 -0.0120672 0)
(-0.00561949 -0.0127999 0)
(0.0021498 -0.0109721 0)
(0.00300189 -0.00908901 0)
(0.00460148 -0.00919927 0)
(0.00258759 -0.00869198 0)
(-0.00120722 -0.00683418 0)
(-0.0143269 -0.0154059 0)
(-0.013985 -0.00599576 0)
(0.00337866 0.00570206 0)
(-0.0188241 -0.000494009 0)
(0.00621293 -0.00798303 0)
(0.0301474 -0.0104568 0)
(0.0268319 -0.00392576 0)
(0.0578988 -0.00478327 0)
(0.0593098 -0.00230582 0)
(0.0757868 -0.00366986 0)
(0.0662697 0.00460795 0)
(0.0645193 0.00439068 0)
(0.0532244 0.00920952 0)
(0.0360617 0.015498 0)
(0.02836 0.00895243 0)
(0.0149889 0.015719 0)
(0.0146492 0.00374133 0)
(0.0120967 0.00259536 0)
(0.0156553 0.00278819 0)
(0.0160948 0.00662313 0)
(0.0158864 0.00850952 0)
(0.015122 0.0112075 0)
(0.022756 0.0116223 0)
(0.0115054 0.0228016 0)
(0.00157444 -0.00333535 0)
(-0.0131261 0.00220878 0)
(-0.0176139 -0.00245428 0)
(0.0239559 0.00234176 0)
(0.0213174 -0.0170813 0)
(0.0226509 -0.00786913 0)
(0.0599678 -0.00832785 0)
(0.0658898 -0.00676178 0)
(0.0733378 0.000193241 0)
(0.0749792 0.00257497 0)
(0.0711158 0.00917485 0)
(0.0611978 0.0159974 0)
(0.0442687 0.0184581 0)
(0.012555 -0.0047181 0)
(-0.00139841 0.00580855 0)
(-0.00404757 -0.00748611 0)
(-0.00473678 -0.0136958 0)
(-0.00930918 -0.0133579 0)
(-0.0087209 -0.00731643 0)
(-0.00743851 -0.00926094 0)
(0.000772946 0.000857801 0)
(0.00558254 0.00260765 0)
(0.00584285 0.00401496 0)
(0.000979859 -0.00382929 0)
(0.00173691 0.00580411 0)
(-0.0233881 -0.0175556 0)
(0.0216128 -0.00670764 0)
(0.0158897 -0.0204616 0)
(0.021682 -0.0130207 0)
(0.0666611 -0.0142897 0)
(0.0695604 -0.00538938 0)
(0.0830172 -0.00504732 0)
(0.0841198 0.00655972 0)
(0.0671086 0.010703 0)
(0.052455 0.0247186 0)
(0.0449085 0.0147749 0)
(0.0121422 0.0139268 0)
(0.000355322 0.015986 0)
(-0.0272672 0.00582395 0)
(-0.0477931 0.00757062 0)
(-0.0601543 0.00586812 0)
(-0.0575917 0.00358878 0)
(-0.0563047 4.21618e-05 0)
(-0.0372206 0.0102137 0)
(-0.0459585 -0.00146 0)
(-0.031121 0.0132824 0)
(-0.0265714 -0.00196976 0)
(-0.00880931 0.0161493 0)
(-0.0277062 -0.0169448 0)
(0.0248648 0.000655595 0)
(0.0174832 -0.0256604 0)
(0.0270514 -0.020005 0)
(0.071226 -0.0192536 0)
(0.0740326 -0.0107538 0)
(0.0921255 -0.003149 0)
(0.0809936 0.00588216 0)
(0.059811 0.0250554 0)
(0.0528676 0.0216108 0)
(0.0279137 0.00705987 0)
(-0.0218572 0.0179343 0)
(-0.0328078 0.0222942 0)
(-0.0730963 0.0160497 0)
(-0.0906058 0.0171711 0)
(-0.10189 -0.00250732 0)
(-0.104051 -0.00579981 0)
(-0.105359 -0.0189794 0)
(-0.0956258 -0.00448261 0)
(-0.0928834 0.0020926 0)
(-0.0924391 -0.0070925 0)
(-0.0791225 -0.0311876 0)
(-0.0424458 0.0125875 0)
(-0.052985 -0.0247451 0)
(0.0270809 -0.00907294 0)
(0.0244655 -0.0305068 0)
(0.03569 -0.0256618 0)
(0.0757771 -0.0244551 0)
(0.0778658 -0.0105038 0)
(0.0925723 -0.00537953 0)
(0.0800084 0.0144635 0)
(0.0606459 0.0186121 0)
(0.0386381 0.0183091 0)
(-0.0162729 0.0292428 0)
(-0.056719 0.0426618 0)
(-0.0843255 0.0403526 0)
(-0.115248 0.0322763 0)
(-0.123255 0.0333833 0)
(-0.129136 0.0162982 0)
(-0.128364 0.00169383 0)
(-0.130066 -0.0141563 0)
(-0.119551 -0.00265013 0)
(-0.134959 -0.0098745 0)
(-0.155623 0.0159421 0)
(-0.116004 -0.0174803 0)
(-0.072677 -0.0100202 0)
(-0.0692875 -0.0310422 0)
(0.0246866 -0.00965418 0)
(0.0269781 -0.0397916 0)
(0.0380183 -0.0326881 0)
(0.0745772 -0.0290121 0)
(0.0757946 -0.0151266 0)
(0.0922731 -0.00379768 0)
(0.0791659 0.0133021 0)
(0.0421228 0.0180969 0)
(-0.0131632 0.0230684 0)
(-0.0717148 0.051502 0)
(-0.093237 0.0504681 0)
(-0.11701 0.0499863 0)
(-0.135325 0.0367897 0)
(-0.13876 0.0338581 0)
(-0.149335 0.00439686 0)
(-0.157146 -0.00133633 0)
(-0.148088 -0.014268 0)
(-0.13833 0.00576759 0)
(-0.139613 -0.0416521 0)
(-0.154148 -0.0149742 0)
(-0.152103 -0.040144 0)
(-0.109748 -0.0479734 0)
(-0.0830654 -0.0546107 0)
(0.0250611 -0.0301827 0)
(0.0241826 -0.0451444 0)
(0.0327522 -0.0363366 0)
(0.0696123 -0.0322725 0)
(0.0723846 -0.0147156 0)
(0.0852175 -0.00413546 0)
(0.0681844 0.026824 0)
(0.0242255 0.0421668 0)
(-0.0570308 0.0593247 0)
(-0.0916924 0.0734988 0)
(-0.124829 0.0638659 0)
(-0.150239 0.0606442 0)
(-0.162398 0.0403837 0)
(-0.163136 0.0426732 0)
(-0.160479 0.00848925 0)
(-0.161916 -0.000256851 0)
(-0.144155 -0.0202096 0)
(-0.151846 -0.0140164 0)
(-0.16428 -0.0491669 0)
(-0.167887 -0.0481452 0)
(-0.160554 0.00367791 0)
(-0.119914 -0.0619098 0)
(-0.0863263 -0.0862381 0)
(0.0152247 -0.060049 0)
(-1.46143 0.356668 0)
(-1.76898 0.252408 0)
(-2.03682 0.0378428 0)
(-2.2249 0.0736948 0)
(-2.25041 0.051533 0)
(-2.19252 -0.0706883 0)
(-2.09006 -0.118987 0)
(-1.89373 -0.135637 0)
(-1.69191 -0.111959 0)
(-1.58778 -0.0940624 0)
(-1.54945 -0.07672 0)
(-1.56148 -0.0715575 0)
(-1.56927 -0.0357773 0)
(-1.51648 -0.114662 0)
(-1.61484 -0.183012 0)
(-1.69939 -0.103195 0)
(-1.1908 -0.0219969 0)
(-0.931498 -0.37364 0)
(-0.188021 -0.0486007 0)
(-1.36426 0.494126 0)
(-1.49682 0.417323 0)
(-1.49782 0.121598 0)
(-1.73079 0.0830245 0)
(-1.69994 0.0385322 0)
(-1.52577 0.0920895 0)
(-1.24158 -0.0782344 0)
(-1.14845 -0.0894597 0)
(-1.11055 -0.0773201 0)
(-1.10575 -0.00882128 0)
(-1.18225 0.0769683 0)
(-1.23763 0.0706141 0)
(-1.45625 -0.0188098 0)
(-1.57547 0.00287794 0)
(-1.61715 -0.191518 0)
(-1.73351 -0.00817839 0)
(-1.48316 0.193595 0)
(-0.845242 -0.451185 0)
(-0.292412 -0.425589 0)
(-1.1773 0.832767 0)
(-0.988815 0.738141 0)
(-0.859231 0.196691 0)
(-1.16839 0.0703585 0)
(-1.04442 0.0355779 0)
(-0.639185 0.0307438 0)
(-0.32283 -0.274613 0)
(-0.260545 -0.109569 0)
(-0.0652291 -0.14679 0)
(-0.0475546 -0.0889073 0)
(-0.502895 0.0463019 0)
(-0.819887 -0.0572521 0)
(-1.02832 -0.324692 0)
(-1.38507 -0.170335 0)
(-1.53548 -0.300117 0)
(-1.6371 -0.150534 0)
(-1.5047 0.0282491 0)
(-0.677 -0.343901 0)
(-0.24594 -0.597162 0)
(-0.996243 1.01662 0)
(-0.588013 0.722797 0)
(-0.588699 0.085131 0)
(-0.82604 -0.0449759 0)
(-0.756014 0.0783171 0)
(-0.234564 -0.447681 0)
(0.0395182 -0.568589 0)
(0.0823535 -0.294348 0)
(0.273805 -0.138329 0)
(0.418207 0.129772 0)
(0.313879 0.445163 0)
(-0.0401964 0.332507 0)
(0.0575517 -0.0668035 0)
(-0.648456 -0.19973 0)
(-1.10759 -0.151956 0)
(-1.20347 -0.0776814 0)
(-1.07827 -0.236199 0)
(-0.756171 -0.291158 0)
(-0.153202 -0.842005 0)
(-0.84738 1.11313 0)
(-0.337108 0.867523 0)
(-0.275958 0.272328 0)
(-0.451544 0.0894583 0)
(-0.213717 -0.22817 0)
(0.00338424 -0.58655 0)
(0.158016 -0.662083 0)
(0.258543 -0.526798 0)
(0.400689 -0.281188 0)
(0.585085 -0.00124866 0)
(0.923177 0.352369 0)
(0.962203 0.44572 0)
(0.695062 0.262521 0)
(-0.228385 0.111144 0)
(-0.865317 -0.111083 0)
(-1.12993 0.152301 0)
(-0.89778 -0.296588 0)
(-0.74035 -0.31977 0)
(-0.0771646 -0.945339 0)
(-0.72085 1.25148 0)
(0.0157988 0.834987 0)
(-0.169628 0.362212 0)
(-0.307 -0.0481167 0)
(-0.00266874 -0.174722 0)
(0.146419 -0.734735 0)
(0.336102 -0.534334 0)
(0.461346 -0.49904 0)
(0.480245 -0.32162 0)
(0.69396 -0.181533 0)
(0.871077 0.29996 0)
(0.905259 0.469279 0)
(0.606659 0.406096 0)
(-0.28929 0.23536 0)
(-0.750929 -0.0742979 0)
(-1.01407 0.0289178 0)
(-0.672772 -0.33204 0)
(-0.468045 -0.433005 0)
(-0.00056476 -1.035 0)
(-0.607072 1.31511 0)
(0.232684 0.800695 0)
(-0.0150507 0.48535 0)
(-0.152177 -0.082812 0)
(0.0774496 -0.282641 0)
(0.30796 -0.732232 0)
(0.438706 -0.489926 0)
(0.484973 -0.449378 0)
(0.527705 -0.359709 0)
(0.708364 -0.232119 0)
(0.898781 0.25162 0)
(0.945136 0.515939 0)
(0.816937 0.759095 0)
(0.0455873 0.563665 0)
(-0.101294 0.0297392 0)
(-0.650968 0.0411345 0)
(-0.467704 -0.364994 0)
(-0.381092 -0.563323 0)
(0.0217973 -1.08683 0)
(-0.569946 1.53736 0)
(0.529977 1.11868 0)
(0.469374 0.643404 0)
(0.0835237 0.0293933 0)
(0.275592 -0.344141 0)
(0.381066 -0.511157 0)
(0.492787 -0.502776 0)
(0.513053 -0.502751 0)
(0.522642 -0.443656 0)
(0.686622 -0.272298 0)
(0.891919 0.316343 0)
(0.770266 0.474085 0)
(0.682806 0.839267 0)
(0.450746 0.659552 0)
(0.200106 0.129821 0)
(-0.216008 0.0708507 0)
(-0.368165 -0.251177 0)
(-0.211925 -0.520568 0)
(0.0917683 -1.08815 0)
(0.0171119 -0.0586132 0)
(0.0122826 -0.0493076 0)
(0.0396465 -0.0416688 0)
(0.0312712 -0.0215941 0)
(0.0479781 -0.00711587 0)
(-0.000412253 0.0285198 0)
(-0.0650321 0.0481533 0)
(-0.0944361 0.0891823 0)
(-0.131302 0.0874326 0)
(-0.146861 0.0848901 0)
(-0.169362 0.0692103 0)
(-0.164577 0.0500734 0)
(-0.170942 0.036715 0)
(-0.178341 0.00683053 0)
(-0.170166 -0.0135684 0)
(-0.158497 -0.0333538 0)
(-0.15707 -0.0581148 0)
(-0.155324 -0.033315 0)
(-0.127804 -0.035308 0)
(-0.161667 -0.00414206 0)
(-0.193447 -0.0305432 0)
(-0.106511 -0.0808374 0)
(-0.0822453 -0.1191 0)
(-0.0197389 -0.0517236 0)
(-0.0689484 -0.0405128 0)
(-0.0937828 -0.0383388 0)
(-0.174576 -0.0205584 0)
(-0.217747 0.0290576 0)
(-0.221325 0.103373 0)
(-0.256432 0.139619 0)
(-0.238843 0.114542 0)
(-0.186065 0.129429 0)
(-0.169432 0.0916635 0)
(-0.181699 0.0888511 0)
(-0.181531 0.0271173 0)
(-0.172574 0.0222248 0)
(-0.154828 0.00249766 0)
(-0.150048 -0.018449 0)
(-0.142678 -0.0367091 0)
(-0.129284 -0.0533994 0)
(-0.12126 -0.0446987 0)
(-0.135709 -0.0821739 0)
(-0.137644 -0.0795647 0)
(-0.170202 -0.0951472 0)
(-0.176702 -0.0718996 0)
(-0.192094 -0.117906 0)
(-0.0388121 -0.0125889 0)
(-0.184149 -0.0074216 0)
(-0.243567 0.0195655 0)
(-0.247443 0.0815008 0)
(-0.449403 0.187276 0)
(-0.512932 0.0809105 0)
(-0.509784 0.0904258 0)
(-0.33114 0.128035 0)
(-0.270678 0.143888 0)
(-0.216428 0.0860646 0)
(-0.240141 0.0626981 0)
(-0.222316 0.0665745 0)
(-0.15512 0.00594542 0)
(-0.156159 -0.00760418 0)
(-0.146524 -0.0300271 0)
(-0.146654 -0.0445098 0)
(-0.119776 -0.0392016 0)
(-0.14228 -0.0723038 0)
(-0.118622 -0.0897369 0)
(-0.141777 -0.0693119 0)
(-0.185693 -0.0810129 0)
(-0.135294 -0.0636803 0)
(-0.211459 -0.0338614 0)
(-0.0599705 0.0753975 0)
(-0.225967 0.115795 0)
(-0.336891 0.182528 0)
(-0.358284 0.107526 0)
(-0.640486 0.0524792 0)
(-0.685018 0.0595069 0)
(-0.644725 0.0732418 0)
(-0.402863 0.12407 0)
(-0.329548 0.0431268 0)
(-0.345487 0.0632593 0)
(-0.277223 -0.00867302 0)
(-0.356115 0.0914685 0)
(-0.27125 -0.0157703 0)
(-0.176228 -0.0175718 0)
(-0.195717 -0.0240065 0)
(-0.18465 -0.0633647 0)
(-0.177854 -0.0734617 0)
(-0.181892 -0.100348 0)
(-0.152761 -0.0534442 0)
(-0.169575 -0.0659106 0)
(-0.192042 -0.0358435 0)
(-0.160624 -0.0664355 0)
(-0.182773 -0.0312574 0)
(-0.0819887 0.253149 0)
(-0.205514 0.240709 0)
(-0.317147 0.243849 0)
(-0.501925 0.192527 0)
(-0.694856 0.017764 0)
(-0.592366 0.0980366 0)
(-0.536604 0.0922221 0)
(-0.52109 0.164575 0)
(-0.469126 0.0356883 0)
(-0.488634 0.0123653 0)
(-0.431742 -0.0773242 0)
(-0.408556 -0.101514 0)
(-0.384234 0.0555912 0)
(-0.319894 -0.0559576 0)
(-0.387774 -0.0694945 0)
(-0.414747 -0.0720451 0)
(-0.328317 -0.133114 0)
(-0.249244 -0.102271 0)
(-0.217756 -0.0335203 0)
(-0.406351 -0.0640001 0)
(-0.419213 -0.109591 0)
(-0.230996 -0.0679153 0)
(-0.20018 -0.0626097 0)
(-0.0667285 0.35908 0)
(-0.17398 0.332143 0)
(-0.303428 0.338799 0)
(-0.532479 0.266861 0)
(-0.627137 0.151278 0)
(-0.583264 0.221095 0)
(-0.426403 0.0979088 0)
(-0.406851 0.123314 0)
(-0.355484 0.0502181 0)
(-0.498567 -0.0159616 0)
(-0.4486 -0.0449151 0)
(-0.361192 -0.0565722 0)
(-0.500536 -0.0692825 0)
(-0.374051 -0.0602323 0)
(-0.307238 -0.208923 0)
(-0.49397 -0.104686 0)
(-0.636566 -0.0261789 0)
(-0.639671 0.0910642 0)
(-0.952408 0.0253055 0)
(-1.11964 -0.134449 0)
(-0.701571 -0.0956758 0)
(-0.531294 -0.0721443 0)
(-0.475459 -0.0490476 0)
(-0.143837 0.535171 0)
(-0.217252 0.503739 0)
(-0.208173 0.373028 0)
(-0.432554 0.282637 0)
(-0.469714 0.249251 0)
(-0.459672 0.256494 0)
(-0.426399 0.203766 0)
(-0.38209 0.0771975 0)
(-0.382944 0.0108644 0)
(-0.456551 -0.104288 0)
(-0.510918 0.089544 0)
(-0.501849 -0.0662965 0)
(-0.813738 -0.160223 0)
(-1.07546 0.0301624 0)
(-1.31707 0.000748973 0)
(-1.48228 0.195375 0)
(-1.58217 0.162554 0)
(-1.61469 -0.186803 0)
(-1.52993 -0.346048 0)
(-1.32383 -0.335333 0)
(-1.16464 -0.145298 0)
(-1.0483 -0.170777 0)
(-1.05637 -0.287404 0)
(-0.0642073 0.675029 0)
(-0.0968673 0.789219 0)
(-0.190215 0.562071 0)
(-0.272019 0.291106 0)
(-0.386303 0.218998 0)
(-0.360456 0.121473 0)
(-0.400533 0.0736295 0)
(-0.375624 0.0463818 0)
(-0.456635 0.0978684 0)
(-0.636853 0.0275841 0)
(-0.874633 0.10574 0)
(-1.32179 0.329255 0)
(-1.50123 0.410779 0)
(-1.56007 0.369655 0)
(-1.51489 0.272416 0)
(-1.46651 0.215625 0)
(-1.74794 0.0467373 0)
(-1.84125 -0.086728 0)
(-1.68232 -0.30259 0)
(-1.43334 -0.281744 0)
(-1.38073 -0.253444 0)
(-1.51601 -0.257721 0)
(-1.53069 -0.374553 0)
(0.00869518 0.692523 0)
(0.0441462 0.764305 0)
(-0.0661103 0.698877 0)
(-0.231633 0.425661 0)
(-0.395462 0.228976 0)
(-0.495814 0.157091 0)
(-0.67553 -0.0158595 0)
(-1.1217 0.164927 0)
(-1.75832 0.441556 0)
(-1.90467 0.658268 0)
(-1.95735 0.692144 0)
(-2.00297 0.52113 0)
(-1.90017 0.253312 0)
(-1.67674 0.128043 0)
(-1.58745 -0.0103433 0)
(-1.50643 -0.147047 0)
(-1.49468 -0.213057 0)
(-1.50278 -0.166652 0)
(-1.50906 -0.144948 0)
(-1.41704 -0.123665 0)
(-1.37655 -0.238086 0)
(-1.66006 -0.339386 0)
(-1.74526 -0.355863 0)
(0.0517713 0.640528 0)
(0.150629 0.785112 0)
(0.0365261 0.765291 0)
(-0.238679 0.665917 0)
(-0.37001 0.564471 0)
(-0.638739 0.47639 0)
(-0.948844 0.591341 0)
(-1.32832 0.800657 0)
(-1.71418 0.892748 0)
(-1.79332 0.965257 0)
(-1.92196 0.672427 0)
(-1.7587 0.26956 0)
(-1.57863 -0.0139521 0)
(-1.50032 -0.0973803 0)
(-1.45852 -0.11724 0)
(-1.42808 -0.106868 0)
(-1.35258 -0.173879 0)
(-1.26785 -0.243955 0)
(-1.21282 -0.238926 0)
(-1.19118 -0.233921 0)
(-1.17226 -0.306188 0)
(-1.24931 -0.33233 0)
(-1.33317 -0.150811 0)
(0.154966 0.69867 0)
(0.384365 0.975688 0)
(0.21197 1.00979 0)
(0.0323264 0.807856 0)
(-0.343836 0.900489 0)
(-0.561673 0.826202 0)
(-0.532939 0.866364 0)
(-0.551302 0.914242 0)
(-0.586253 0.783895 0)
(-0.489192 0.747669 0)
(-0.680472 0.546837 0)
(-0.60093 0.373506 0)
(-0.602722 0.280411 0)
(-0.868219 0.2154 0)
(-1.02293 0.115439 0)
(-1.05681 -0.0723367 0)
(-1.03768 -0.264667 0)
(-1.07374 -0.365233 0)
(-1.08933 -0.478155 0)
(-1.05224 -0.556424 0)
(-0.958582 -0.63303 0)
(-0.915574 -0.669911 0)
(-0.843085 -0.509688 0)
(0.272053 -0.0335657 0)
(0.484021 0.654499 0)
(0.25004 1.20578 0)
(0.0556864 1.18647 0)
(-0.164384 0.887492 0)
(-0.160243 0.75404 0)
(-0.4111 1.00882 0)
(-0.820032 1.14167 0)
(-1.19789 1.01293 0)
(-1.27922 0.759694 0)
(-1.38878 0.535608 0)
(-1.3414 0.402487 0)
(-1.32869 0.30943 0)
(-1.19111 0.220353 0)
(-1.08625 0.0252833 0)
(-0.802499 -0.232528 0)
(-0.610071 -0.394574 0)
(-0.493192 -0.415826 0)
(-0.450787 -0.461712 0)
(-0.450485 -0.453259 0)
(-0.492603 -0.442141 0)
(-0.541117 -0.478732 0)
(-0.590195 -0.501113 0)
(0.108331 -0.578367 0)
(0.26429 0.372855 0)
(0.0747217 1.38471 0)
(-0.091707 1.20689 0)
(-0.275719 0.952693 0)
(-0.923862 1.0653 0)
(-1.39386 1.25633 0)
(-1.58736 1.13844 0)
(-1.45671 0.854833 0)
(-1.39985 0.723388 0)
(-1.32172 0.456985 0)
(-1.16743 0.347045 0)
(-0.932582 0.151302 0)
(-0.592248 0.0512288 0)
(-0.325782 -0.176858 0)
(-0.126267 -0.375028 0)
(-0.147904 -0.344242 0)
(-0.175275 -0.270626 0)
(-0.254625 -0.216255 0)
(-0.364789 -0.180635 0)
(-0.451862 -0.180229 0)
(-0.483594 -0.170914 0)
(-0.585866 -0.174047 0)
(-0.488166 -0.236442 0)
(-0.378871 0.861923 0)
(-0.395048 1.3647 0)
(-0.472393 1.47867 0)
(-0.905527 1.56577 0)
(-1.42046 1.6435 0)
(-1.62893 1.58391 0)
(-1.75097 1.21741 0)
(-1.20804 0.903094 0)
(-0.832166 0.628629 0)
(-0.643082 0.271362 0)
(-0.539339 0.0977426 0)
(-0.157299 -0.252433 0)
(-0.0542733 -0.355483 0)
(0.0454542 -0.430881 0)
(-0.0385216 -0.507718 0)
(-0.247853 -0.452418 0)
(-0.399016 -0.360025 0)
(-0.564854 -0.317483 0)
(-0.837237 -0.359157 0)
(-0.888369 -0.369894 0)
(-0.800811 -0.354898 0)
(-0.795584 -0.351421 0)
(-0.488205 0.204332 0)
(-0.897461 1.13545 0)
(-1.04588 1.53907 0)
(-0.973517 1.70738 0)
(-1.09319 1.72584 0)
(-1.49154 1.74332 0)
(-1.71197 1.54387 0)
(-1.61022 1.18761 0)
(-0.805872 0.867961 0)
(-0.745075 0.428245 0)
(-0.758837 0.249829 0)
(-0.179865 -0.0857081 0)
(-0.0563729 -0.315245 0)
(-0.0258643 -0.310324 0)
(0.0328388 -0.342771 0)
(-0.0153329 -0.472053 0)
(-0.0417207 -0.430421 0)
(-0.0943958 -0.241734 0)
(-0.0544321 0.0353128 0)
(-0.0530515 0.0822023 0)
(-0.234036 -0.0890822 0)
(-0.301356 -0.395591 0)
(-0.291518 -0.440651 0)
(-0.725451 0.784199 0)
(-1.29033 1.31366 0)
(-1.34274 1.66992 0)
(-1.24278 1.75216 0)
(-1.28612 1.67632 0)
(-1.43532 1.67351 0)
(-1.50777 1.3221 0)
(-1.25829 1.11949 0)
(-0.62411 0.455344 0)
(-0.613831 0.0254906 0)
(-0.298743 -0.114462 0)
(-0.0568571 -0.186646 0)
(0.0446943 -0.423009 0)
(0.128583 -0.412506 0)
(0.149347 -0.355726 0)
(0.114604 -0.374228 0)
(0.0906421 -0.314471 0)
(0.0369168 -0.231495 0)
(0.0801818 -0.204298 0)
(0.243674 -0.0833955 0)
(0.243453 -0.142182 0)
(0.170994 -0.193858 0)
(0.0456484 -0.131168 0)
(-0.828767 1.32542 0)
(-1.33812 1.72743 0)
(-1.39624 1.8928 0)
(-1.29496 1.96417 0)
(-1.27984 1.78237 0)
(-1.1906 1.62137 0)
(-0.956881 1.05847 0)
(-0.980165 0.664071 0)
(-0.52912 0.259511 0)
(-0.104787 -0.177241 0)
(0.0800487 -0.211409 0)
(0.0772754 -0.495058 0)
(0.107096 -0.447996 0)
(0.15339 -0.412902 0)
(0.170095 -0.313884 0)
(0.138554 -0.311943 0)
(0.144688 -0.307903 0)
(0.116739 -0.26557 0)
(0.163284 -0.234047 0)
(0.263263 -0.178416 0)
(0.294695 -0.238286 0)
(0.277619 -0.270615 0)
(0.198087 -0.254079 0)
(-0.802001 1.84863 0)
(-1.2256 2.07756 0)
(-1.23173 2.15694 0)
(-1.11352 2.08 0)
(-1.18223 2.01439 0)
(-0.774186 1.46649 0)
(-0.506469 0.82376 0)
(-0.228027 0.281056 0)
(-0.035701 -0.204097 0)
(0.365831 -0.498487 0)
(0.305129 -0.416744 0)
(0.240811 -0.547103 0)
(0.29145 -0.645393 0)
(0.201681 -0.462721 0)
(0.165483 -0.29345 0)
(0.149023 -0.318702 0)
(0.181128 -0.245313 0)
(0.210908 -0.181823 0)
(0.228441 -0.201577 0)
(0.286251 -0.186807 0)
(0.385616 -0.222219 0)
(0.326494 -0.270089 0)
(0.271826 -0.282845 0)
(-0.78076 2.24209 0)
(-0.973768 2.23701 0)
(-0.792609 2.11573 0)
(-0.498454 1.86098 0)
(-1.01731 1.9427 0)
(-0.306397 1.44326 0)
(-0.0620413 0.723612 0)
(0.149229 0.0274873 0)
(0.328628 -0.398626 0)
(0.745042 -0.581557 0)
(0.76591 -0.551226 0)
(0.482529 -0.546795 0)
(0.448293 -0.603376 0)
(0.482283 -0.516153 0)
(0.253074 -0.327247 0)
(0.209077 -0.232279 0)
(0.304746 -0.178612 0)
(0.234406 -0.154011 0)
(0.24208 -0.166925 0)
(0.302793 -0.14702 0)
(0.28398 -0.196205 0)
(0.259751 -0.261955 0)
(0.263214 -0.214692 0)
(-0.345562 2.71845 0)
(-0.640131 2.49958 0)
(-0.267599 2.44955 0)
(0.0979675 1.4852 0)
(-0.354571 1.52695 0)
(0.470378 1.20636 0)
(0.75091 0.525642 0)
(0.952798 0.056891 0)
(0.927034 -0.337337 0)
(0.974478 -0.438134 0)
(0.867185 -0.378338 0)
(0.513038 -0.456245 0)
(0.537766 -0.36564 0)
(0.557411 -0.337269 0)
(0.453985 -0.293271 0)
(0.245839 -0.22382 0)
(0.279951 -0.213511 0)
(0.270175 -0.244814 0)
(0.330573 -0.221812 0)
(0.318112 -0.185181 0)
(0.28367 -0.200193 0)
(0.313078 -0.240214 0)
(0.33021 -0.184858 0)
(0.0389716 3.21755 0)
(0.0360173 2.65985 0)
(-0.0182908 2.19795 0)
(0.206136 1.42848 0)
(0.566238 1.40523 0)
(1.3813 0.830621 0)
(1.64081 0.282657 0)
(1.39923 -0.140354 0)
(0.878028 -0.380829 0)
(0.993553 -0.387281 0)
(0.9673 -0.363945 0)
(0.58849 -0.350261 0)
(0.547935 -0.258832 0)
(0.545749 -0.239347 0)
(0.445609 -0.2088 0)
(0.384432 -0.176748 0)
(0.396258 -0.170026 0)
(0.338157 -0.183622 0)
(0.412623 -0.194692 0)
(0.418279 -0.263836 0)
(0.30146 -0.283379 0)
(0.291258 -0.281245 0)
(0.34088 -0.23796 0)
(0.118125 3.38212 0)
(0.284592 2.77203 0)
(0.662104 1.58068 0)
(1.02012 1.24954 0)
(1.29856 1.25762 0)
(1.70516 0.661124 0)
(1.72735 0.143641 0)
(1.16212 -0.246261 0)
(1.10144 -0.274878 0)
(1.07151 -0.121247 0)
(0.87598 -0.0922891 0)
(0.697953 -0.170156 0)
(0.7003 -0.14342 0)
(0.663266 -0.225747 0)
(0.622052 -0.19692 0)
(0.499095 -0.135581 0)
(0.472678 -0.136545 0)
(0.401646 -0.124229 0)
(0.365021 -0.0478582 0)
(0.335703 -0.197366 0)
(0.322202 -0.238961 0)
(0.368473 -0.204169 0)
(0.407995 -0.243022 0)
(0.201481 3.07049 0)
(0.487289 2.47709 0)
(1.1781 1.69295 0)
(1.4145 1.10441 0)
(1.45495 0.946301 0)
(1.36929 0.644486 0)
(1.26552 -0.0692131 0)
(1.13292 -0.0498071 0)
(1.02059 0.113557 0)
(1.11462 -0.0126426 0)
(0.887882 -0.144458 0)
(0.49353 -0.0380315 0)
(0.486577 -0.0660574 0)
(0.520023 -0.0824008 0)
(0.626151 -0.132461 0)
(0.518876 -0.161687 0)
(0.5288 -0.13723 0)
(0.554101 -0.147161 0)
(0.479066 -0.144332 0)
(0.340452 -0.19526 0)
(0.374357 -0.150679 0)
(0.323592 -0.151895 0)
(0.379427 -0.212939 0)
(0.317091 2.19804 0)
(0.778208 2.0107 0)
(1.37721 1.49913 0)
(1.4303 1.10766 0)
(1.2736 0.69412 0)
(1.0753 0.512867 0)
(1.17541 0.30882 0)
(1.34927 0.170186 0)
(1.1304 0.250978 0)
(0.795067 0.117693 0)
(0.720228 -0.0873731 0)
(0.676825 -0.0170862 0)
(0.605464 -0.0337329 0)
(0.59054 0.0130709 0)
(0.551067 -0.0200857 0)
(0.533124 -0.122684 0)
(0.547941 -0.0640863 0)
(0.458437 0.0129467 0)
(0.402904 -0.135446 0)
(0.433365 -0.189411 0)
(0.447813 -0.205581 0)
(0.383338 -0.164316 0)
(0.435114 -0.121133 0)
(0.400321 2.06335 0)
(0.790318 1.99037 0)
(1.10482 1.47356 0)
(1.22429 0.992763 0)
(1.18383 0.781326 0)
(1.02169 0.715679 0)
(1.01097 0.625273 0)
(1.11436 0.418711 0)
(0.911163 0.0963791 0)
(0.808037 0.102599 0)
(0.773637 0.09157 0)
(0.676634 0.0572759 0)
(0.583229 0.0267362 0)
(0.556127 0.0157569 0)
(0.481041 -0.0339594 0)
(0.537028 -0.0770516 0)
(0.776119 -0.061156 0)
(0.641188 -0.0593002 0)
(0.333407 -0.158202 0)
(0.383222 -0.188557 0)
(0.546554 -0.169508 0)
(0.478023 -0.16424 0)
(0.489827 -0.0919212 0)
(0.26944 2.03142 0)
(0.529325 1.80862 0)
(0.551546 1.47909 0)
(0.731482 1.15893 0)
(1.00289 0.874568 0)
(0.889408 0.836224 0)
(0.856154 0.721723 0)
(0.779074 0.536455 0)
(0.789089 0.262846 0)
(0.789865 0.254038 0)
(0.747926 0.205083 0)
(0.613076 0.139116 0)
(0.576575 0.106178 0)
(0.544817 0.111322 0)
(0.478765 0.0453217 0)
(0.542802 0.116488 0)
(0.598506 -0.0104474 0)
(0.397776 -0.0599808 0)
(0.359607 -0.115474 0)
(0.491375 -0.132772 0)
(0.522518 -0.157702 0)
(0.456403 -0.196964 0)
(0.49799 -0.133716 0)
(0.17318 1.62971 0)
(0.319233 1.3481 0)
(0.449282 1.26695 0)
(0.545808 1.14627 0)
(0.616733 0.978324 0)
(0.598125 0.814209 0)
(0.632002 0.736729 0)
(0.648969 0.606204 0)
(0.633882 0.496789 0)
(0.591938 0.380887 0)
(0.583492 0.240014 0)
(0.530357 0.212391 0)
(0.539388 0.132674 0)
(0.489435 0.144531 0)
(0.524745 0.14278 0)
(0.657627 0.174218 0)
(0.685058 0.0664259 0)
(0.56357 -0.012745 0)
(0.265235 -0.0810627 0)
(0.388223 -0.1062 0)
(0.546511 -0.336009 0)
(0.542549 -0.240117 0)
(0.517208 -0.1229 0)
(0.067453 1.29667 0)
(0.231431 1.15518 0)
(0.419972 1.07798 0)
(0.548527 0.92199 0)
(0.53911 0.813068 0)
(0.420653 0.690831 0)
(0.491037 0.642936 0)
(0.495956 0.539676 0)
(0.537363 0.448864 0)
(0.500797 0.351741 0)
(0.515049 0.264961 0)
(0.455783 0.234368 0)
(0.486051 0.211459 0)
(0.528629 0.168957 0)
(0.503454 0.194871 0)
(0.55002 0.152587 0)
(0.576294 0.093856 0)
(0.47552 -0.0504445 0)
(0.443838 -0.0657365 0)
(0.406485 -0.0807765 0)
(0.480335 -0.204884 0)
(0.683768 -0.200582 0)
(0.589497 -0.162086 0)
(0.062353 1.13447 0)
(0.16891 1.0707 0)
(0.253675 0.968704 0)
(0.356076 0.874649 0)
(0.376707 0.621754 0)
(0.392693 0.624064 0)
(0.431618 0.586763 0)
(0.426343 0.497723 0)
(0.454857 0.443337 0)
(0.443168 0.381621 0)
(0.452818 0.324625 0)
(0.427758 0.260305 0)
(0.444026 0.250709 0)
(0.459698 0.18218 0)
(0.470687 0.169897 0)
(0.491595 0.101189 0)
(0.479654 0.106401 0)
(0.421209 0.049997 0)
(0.415079 0.0121071 0)
(0.340836 -0.00912916 0)
(0.415696 -0.000506458 0)
(0.613101 -0.210439 0)
(0.615298 -0.208773 0)
(0.045176 0.918475 0)
(0.12797 0.868009 0)
(0.188135 0.779391 0)
(0.269743 0.742955 0)
(0.302059 0.647983 0)
(0.31105 0.602813 0)
(0.354644 0.554904 0)
(0.355506 0.472304 0)
(0.387888 0.422752 0)
(0.371947 0.351226 0)
(0.406732 0.30714 0)
(0.386292 0.251091 0)
(0.395504 0.224703 0)
(0.428459 0.129965 0)
(0.424801 0.164248 0)
(0.492706 0.14922 0)
(0.47554 0.152399 0)
(0.350642 0.0438382 0)
(0.401369 -0.00725492 0)
(0.412376 -0.00802729 0)
(0.39715 0.00875978 0)
(0.459713 -0.0733127 0)
(0.652021 -0.113056 0)
(0.0331269 0.790075 0)
(0.0961292 0.752683 0)
(0.149069 0.681706 0)
(0.198493 0.648747 0)
(0.241177 0.59403 0)
(0.255341 0.537763 0)
(0.294441 0.499538 0)
(0.302456 0.436191 0)
(0.328181 0.399891 0)
(0.32451 0.335723 0)
(0.340621 0.309903 0)
(0.352127 0.267991 0)
(0.312462 0.223484 0)
(0.383081 0.157057 0)
(0.517281 0.151308 0)
(0.51435 0.225464 0)
(0.454704 0.0800781 0)
(0.216627 -0.0184928 0)
(0.334876 -0.0256197 0)
(0.484634 0.0372468 0)
(0.453239 -0.0447573 0)
(0.566206 -0.0951307 0)
(0.646936 -0.204462 0)
(0.0260219 0.68174 0)
(0.0768175 0.648057 0)
(0.122268 0.594713 0)
(0.15866 0.564232 0)
(0.197685 0.531975 0)
(0.218984 0.488791 0)
(0.25075 0.456825 0)
(0.260964 0.405786 0)
(0.283258 0.374452 0)
(0.284583 0.319453 0)
(0.295165 0.292359 0)
(0.315779 0.286089 0)
(0.284397 0.25425 0)
(0.333143 0.27309 0)
(0.516848 0.166997 0)
(0.477569 0.165338 0)
(0.350723 0.0146621 0)
(0.393542 0.121711 0)
(0.561797 0.086582 0)
(0.458567 -0.0912705 0)
(0.322727 -0.0174351 0)
(0.397381 -0.0777986 0)
(0.626937 -0.22208 0)
(0.0207818 0.591401 0)
(0.0617497 0.560108 0)
(0.0986255 0.522801 0)
(0.128145 0.498161 0)
(0.158306 0.473494 0)
(0.180454 0.437939 0)
(0.205338 0.410822 0)
(0.218216 0.379401 0)
(0.237926 0.344809 0)
(0.23959 0.320565 0)
(0.264672 0.29002 0)
(0.286659 0.305508 0)
(0.30129 0.237827 0)
(0.333269 0.276147 0)
(0.384232 0.251952 0)
(0.318049 0.131368 0)
(0.365179 0.157987 0)
(0.406223 0.119768 0)
(0.297333 0.0276664 0)
(0.420408 -0.0817436 0)
(0.460842 -0.0810063 0)
(0.411054 -0.0425064 0)
(0.440773 -0.120243 0)
(0.0170361 0.524277 0)
(0.0519417 0.495137 0)
(0.0817335 0.467637 0)
(0.108244 0.447263 0)
(0.134979 0.426963 0)
(0.154634 0.397322 0)
(0.181383 0.37433 0)
(0.190211 0.344744 0)
(0.221539 0.318287 0)
(0.217347 0.283519 0)
(0.260522 0.26054 0)
(0.248185 0.241861 0)
(0.249515 0.166934 0)
(0.376892 0.213347 0)
(0.326448 0.200095 0)
(0.307967 0.0633424 0)
(0.347173 0.11386 0)
(0.315595 -0.00105025 0)
(0.351134 -0.0116981 0)
(0.379769 -0.0403675 0)
(0.405484 -0.158335 0)
(0.391218 -0.136263 0)
(0.395626 -0.189134 0)
(0.0136179 0.456952 0)
(0.0412127 0.431936 0)
(0.0637019 0.412077 0)
(0.0856762 0.394943 0)
(0.105327 0.37859 0)
(0.122022 0.353296 0)
(0.1411 0.335131 0)
(0.148426 0.311894 0)
(0.175684 0.287699 0)
(0.171033 0.284402 0)
(0.202446 0.253349 0)
(0.186524 0.138293 0)
(0.256063 0.155626 0)
(0.403333 0.229963 0)
(0.29939 0.106095 0)
(0.258063 0.070189 0)
(0.296444 -0.0390078 0)
(0.315423 0.00219428 0)
(0.252984 -0.0359496 0)
(0.317293 -0.0219712 0)
(0.437846 -0.147736 0)
(0.368515 -0.0890599 0)
(0.392028 -0.124663 0)
(0.0106764 0.4186 0)
(0.0353824 0.397357 0)
(0.0527355 0.380816 0)
(0.0732664 0.366289 0)
(0.0907838 0.35208 0)
(0.105383 0.32826 0)
(0.128087 0.313055 0)
(0.133437 0.281365 0)
(0.177928 0.258677 0)
(0.155382 0.232708 0)
(0.110512 0.232067 0)
(0.170633 0.151589 0)
(0.312456 0.23189 0)
(0.363114 0.188107 0)
(0.24217 0.136739 0)
(0.216152 0.0600215 0)
(0.289109 0.037209 0)
(0.371439 0.0270966 0)
(0.388724 0.0351375 0)
(0.287402 0.0111058 0)
(0.32962 -0.0774623 0)
(0.405122 -0.162495 0)
(0.318535 -0.285341 0)
(0.00707671 0.365814 0)
(0.0276227 0.348451 0)
(0.0394312 0.335964 0)
(0.0568961 0.322184 0)
(0.066225 0.311806 0)
(0.0811614 0.287018 0)
(0.088962 0.27598 0)
(0.100122 0.235066 0)
(0.106472 0.231613 0)
(0.118598 0.158189 0)
(0.0831565 0.223165 0)
(0.169744 0.199721 0)
(0.312945 0.276652 0)
(0.224171 0.0602557 0)
(0.18598 0.103634 0)
(0.226165 0.0784284 0)
(0.316697 0.107129 0)
(0.36761 -0.0178015 0)
(0.316304 -0.0299177 0)
(0.210289 -0.179688 0)
(0.286731 -0.14023 0)
(0.246661 -0.200452 0)
(0.326312 -0.333375 0)
(0.00498682 0.351874 0)
(0.0229656 0.335584 0)
(0.0305047 0.32289 0)
(0.0467599 0.315836 0)
(0.0519061 0.300825 0)
(0.0682183 0.284776 0)
(0.0686389 0.271337 0)
(0.0882461 0.238011 0)
(0.0725806 0.237812 0)
(0.111895 0.217555 0)
(0.128719 0.224395 0)
(0.218038 0.292891 0)
(0.193325 0.248873 0)
(0.175263 0.120158 0)
(0.195566 0.126837 0)
(0.197535 0.121547 0)
(0.23294 0.0640151 0)
(0.212094 0.0112742 0)
(0.175385 -0.0827929 0)
(0.210955 -0.158864 0)
(0.391754 -0.142922 0)
(0.246847 -0.200154 0)
(0.282966 -0.195796 0)
(0.00100522 0.303333 0)
(0.0120772 0.291998 0)
(0.0227477 0.283605 0)
(0.0323242 0.27586 0)
(0.0315214 0.265587 0)
(0.0497076 0.251262 0)
(0.0330128 0.239002 0)
(0.0684855 0.225811 0)
(0.0826147 0.206923 0)
(0.106433 0.208412 0)
(0.129156 0.176552 0)
(0.202126 0.149463 0)
(0.0816865 0.0488986 0)
(0.123308 0.0906082 0)
(0.170126 0.0433085 0)
(0.144539 0.0891504 0)
(0.134748 0.0404235 0)
(0.172021 0.0106258 0)
(0.146728 -0.0288625 0)
(0.178474 -0.0499439 0)
(0.331517 -0.194801 0)
(0.217559 -0.271045 0)
(0.183958 -0.217808 0)
(0.00282404 0.336138 0)
(0.0149249 0.303253 0)
(0.0144667 0.282829 0)
(0.027409 0.315962 0)
(0.0253086 0.259776 0)
(0.0399364 0.294042 0)
(0.0351386 0.235291 0)
(0.0526565 0.275399 0)
(0.0513138 0.204993 0)
(0.0751015 0.206671 0)
(0.0841848 0.171618 0)
(0.139563 0.120682 0)
(0.090497 0.0565149 0)
(0.119839 0.124558 0)
(0.186863 0.0360261 0)
(0.142098 0.0545796 0)
(0.0708786 0.0208391 0)
(0.149026 0.00962136 0)
(0.163194 -0.0627152 0)
(0.0707591 -0.0922731 0)
(0.210839 -0.154274 0)
(0.1813 -0.278588 0)
(0.0636273 -0.280418 0)
(-0.0290148 0.228195 0)
(-0.0353421 0.245765 0)
(0.040496 0.247376 0)
(0.003822 0.208313 0)
(0.0062089 0.241923 0)
(0.0248709 0.190573 0)
(0.0107532 0.217764 0)
(0.0300034 0.165962 0)
(-0.0203776 0.170238 0)
(0.0447085 0.146471 0)
(0.0481083 0.106385 0)
(0.0618117 0.105867 0)
(0.0710896 0.0869513 0)
(0.0833766 0.135417 0)
(0.0659121 0.0456391 0)
(0.0694623 0.0451365 0)
(0.0477725 0.0420269 0)
(0.12827 0.0534988 0)
(0.0727303 -0.0840642 0)
(0.0598922 -0.127568 0)
(0.186848 -0.115694 0)
(0.0902027 -0.250677 0)
(0.0742833 -0.287795 0)
(0.0238321 0.21035 0)
(0.0488659 0.201467 0)
(-0.0297062 0.197285 0)
(0.017243 0.196709 0)
(0.00923498 0.184675 0)
(0.0123112 0.188325 0)
(0.00870778 0.165201 0)
(0.012408 0.179424 0)
(0.0154493 0.152527 0)
(-0.00936055 0.188794 0)
(0.0441983 0.160164 0)
(0.0894406 0.147673 0)
(0.0761033 0.0967265 0)
(0.0515376 0.114191 0)
(0.0802093 0.0912953 0)
(0.0920062 0.0592659 0)
(0.0361522 0.0412658 0)
(0.0561594 0.0298255 0)
(0.0447285 -0.0788352 0)
(0.0277852 -0.109392 0)
(0.112126 -0.180234 0)
(0.0389665 -0.318283 0)
(0.0541678 -0.276618 0)
(0.021716 -0.0631542 0)
(0.0399668 -0.0808026 0)
(0.226339 -0.0129972 0)
(-0.140946 0.898626 0)
(-0.160443 -0.148285 0)
(-0.189053 -0.0630104 0)
(-0.210319 0.188146 0)
(-0.207676 0.692497 0)
(-0.164767 -0.0283168 0)
(-0.155268 0.0104547 0)
(-0.189069 0.203799 0)
(-0.1497 0.457856 0)
(-0.173214 0.0293648 0)
(-0.165137 0.032647 0)
(-0.178901 0.116485 0)
(-0.134145 0.267998 0)
(-0.174942 -0.0298684 0)
(-0.173992 0.0136849 0)
(-0.153726 0.0624397 0)
(-0.15991 0.096258 0)
(-0.356399 -0.027129 0)
(-0.276655 -0.0164114 0)
(-0.300604 0.0125196 0)
(-0.286217 0.0450696 0)
(-1.02854 -0.348286 0)
(-0.897986 -0.299047 0)
(-0.84266 -0.238006 0)
(-0.747056 -0.0350156 0)
(-1.35092 -0.405386 0)
(-1.28369 -0.293982 0)
(-1.23105 -0.257721 0)
(-1.16719 -0.173648 0)
(-1.38315 -0.341822 0)
(-1.27944 -0.336192 0)
(-1.25596 -0.316204 0)
(-1.24994 -0.309888 0)
(-1.25881 -0.0796759 0)
(-1.11967 -0.17198 0)
(-1.07421 -0.219584 0)
(-1.00718 -0.28384 0)
(-0.856131 -0.347326 0)
(-0.799566 -0.323317 0)
(-0.799529 -0.375535 0)
(-0.723755 -0.450479 0)
(-0.617158 -0.39612 0)
(-0.63008 -0.354547 0)
(-0.6164 -0.315359 0)
(-0.619328 -0.308381 0)
(-0.653836 -0.242585 0)
(-0.642039 -0.265035 0)
(-0.450428 -0.148998 0)
(-0.432555 -0.0772684 0)
(-0.787542 -0.293177 0)
(-0.776871 -0.291659 0)
(-0.770159 -0.304979 0)
(-0.733587 -0.317672 0)
(-0.304015 -0.169718 0)
(-0.384935 -0.126856 0)
(-0.408777 -0.13008 0)
(-0.399178 -0.125952 0)
(0.0359961 -0.118259 0)
(0.0394563 -0.0686683 0)
(0.0148868 0.00333828 0)
(0.0079704 0.0366065 0)
(0.166536 -0.16985 0)
(0.146026 -0.106193 0)
(0.142149 -0.0834318 0)
(0.155989 -0.0874188 0)
(0.293357 -0.250271 0)
(0.305964 -0.197757 0)
(0.304 -0.128277 0)
(0.332102 -0.091951 0)
(0.305663 -0.179376 0)
(0.337714 -0.170014 0)
(0.350732 -0.139258 0)
(0.39387 -0.127869 0)
(0.328404 -0.164484 0)
(0.326823 -0.14631 0)
(0.286598 -0.0944908 0)
(0.334067 -0.05547 0)
(0.356017 -0.195629 0)
(0.395046 -0.157276 0)
(0.467987 -0.159594 0)
(0.520003 -0.042266 0)
(0.404917 -0.210132 0)
(0.342302 -0.156332 0)
(0.376309 -0.116139 0)
(0.529723 -0.0849349 0)
(0.504615 -0.171903 0)
(0.527058 -0.144122 0)
(0.555728 -0.0548969 0)
(0.603614 -0.0417934 0)
(0.542826 -0.110257 0)
(0.516219 -0.110094 0)
(0.507569 -0.125173 0)
(0.487974 -0.126948 0)
(0.524787 -0.106217 0)
(0.505518 -0.109412 0)
(0.516052 -0.123269 0)
(0.592136 -0.129249 0)
(0.532575 -0.154491 0)
(0.526053 -0.15508 0)
(0.508044 -0.135197 0)
(0.519051 -0.121975 0)
(0.536277 -0.133055 0)
(0.587291 -0.151691 0)
(0.617626 -0.146477 0)
(0.602659 -0.147575 0)
(0.544826 -0.126943 0)
(0.55717 -0.12396 0)
(0.550587 -0.136461 0)
(0.564911 -0.147716 0)
(0.603781 -0.187357 0)
(0.595321 -0.182668 0)
(0.562903 -0.166199 0)
(0.498095 -0.0451695 0)
(0.627115 -0.126891 0)
(0.636937 -0.159849 0)
(0.732623 -0.179584 0)
(0.686987 -0.203502 0)
(0.590625 -0.208466 0)
(0.552022 -0.224785 0)
(0.507469 -0.204234 0)
(0.407103 -0.308264 0)
(0.608821 -0.263364 0)
(0.615474 -0.287064 0)
(0.579487 -0.305204 0)
(0.47772 -0.326953 0)
(0.424682 -0.173476 0)
(0.392046 -0.241738 0)
(0.445234 -0.283821 0)
(0.565207 -0.230854 0)
(0.398159 -0.182414 0)
(0.458935 -0.180854 0)
(0.612264 -0.10831 0)
(0.583205 -0.0681449 0)
(0.458316 -0.188533 0)
(0.51287 -0.165813 0)
(0.652723 -0.225649 0)
(0.603252 -0.288446 0)
(0.366121 -0.284117 0)
(0.412618 -0.310852 0)
(0.389591 -0.346025 0)
(0.356358 -0.459106 0)
(0.434621 -0.294336 0)
(0.380017 -0.311399 0)
(0.2449 -0.300369 0)
(0.307812 -0.324053 0)
(0.354775 -0.219191 0)
(0.370745 -0.282619 0)
(0.327119 -0.278566 0)
(0.284365 -0.277041 0)
(0.207703 -0.285837 0)
(0.285706 -0.307 0)
(0.275372 -0.397441 0)
(0.202426 -0.393159 0)
(0.184932 -0.308154 0)
(0.248927 -0.345961 0)
(0.238496 -0.414386 0)
(0.259235 -0.446388 0)
(0.177972 -0.278713 0)
(0.10899 -0.384838 0)
(0.0707011 -0.436164 0)
(0.115772 -0.498504 0)
(0.0687799 -0.345945 0)
(0.00469715 -0.419607 0)
(-0.0115302 -0.436612 0)
(0.0583545 -0.448976 0)
(-0.532819 1.49437 0)
(0.623564 1.06286 0)
(0.433643 0.313097 0)
(0.291964 -0.0332741 0)
(0.508659 -0.318399 0)
(0.435715 -0.418562 0)
(0.495041 -0.507056 0)
(0.503246 -0.548177 0)
(0.52511 -0.476412 0)
(0.72951 -0.319809 0)
(0.967369 0.218767 0)
(0.833474 0.477127 0)
(0.739833 1.04585 0)
(0.699756 1.02741 0)
(0.662937 0.907698 0)
(0.395244 0.235099 0)
(-0.224972 -0.314174 0)
(-0.014889 -0.688527 0)
(0.146265 -1.1254 0)
(-0.363989 1.09754 0)
(0.490376 0.3571 0)
(0.378831 0.140469 0)
(0.632574 -0.00297117 0)
(0.619033 -0.313366 0)
(0.520213 -0.449923 0)
(0.519426 -0.523438 0)
(0.395923 -0.489794 0)
(0.352583 -0.413672 0)
(0.543184 -0.306386 0)
(0.627636 -0.258781 0)
(0.781881 0.296167 0)
(0.743067 0.995106 0)
(0.509364 1.16717 0)
(0.479012 0.99414 0)
(0.424736 0.399664 0)
(-0.0627451 -0.070213 0)
(0.259562 -0.686782 0)
(0.193154 -1.11083 0)
(0.106636 0.496333 0)
(0.349717 0.299763 0)
(0.712145 -0.0226288 0)
(0.678922 -0.214814 0)
(0.456929 -0.302983 0)
(0.385658 -0.42432 0)
(0.428479 -0.453638 0)
(0.281164 -0.467543 0)
(0.178513 -0.617808 0)
(0.329001 -0.52867 0)
(0.32438 -0.439729 0)
(0.489323 0.263361 0)
(0.606963 0.864465 0)
(0.39204 1.14333 0)
(0.426416 0.991761 0)
(0.350363 0.568645 0)
(0.447292 0.0872388 0)
(0.451287 -0.912007 0)
(0.258256 -1.31266 0)
(0.0768406 0.445947 0)
(0.212453 0.326121 0)
(0.375517 0.0497166 0)
(0.426379 -0.271627 0)
(0.24892 -0.397244 0)
(0.319972 -0.381336 0)
(0.406702 -0.458976 0)
(0.127201 -0.66399 0)
(0.0568242 -0.587947 0)
(0.233062 -0.542781 0)
(0.369875 -0.63826 0)
(0.0403078 -0.157138 0)
(0.421331 0.878313 0)
(0.231284 1.34623 0)
(0.314722 1.13136 0)
(0.0327793 0.627376 0)
(0.0916016 -0.599431 0)
(0.0986789 -1.30278 0)
(0.127013 -1.41829 0)
(0.0501599 0.122203 0)
(0.174259 0.132233 0)
(0.29574 0.0613945 0)
(0.273422 -0.126986 0)
(0.2382 -0.191638 0)
(0.283307 -0.185148 0)
(0.0990517 -0.356593 0)
(-0.0556283 -0.586724 0)
(0.0845511 -0.452247 0)
(-0.1189 -0.299833 0)
(0.0433288 -0.357188 0)
(-0.384163 0.117402 0)
(0.311587 0.748511 0)
(0.0261932 1.24091 0)
(-0.0243547 1.08322 0)
(-0.241252 0.351349 0)
(-0.0481659 -0.664127 0)
(-0.072776 -0.847934 0)
(0.0407894 -0.798186 0)
(-0.0582487 0.117145 0)
(-0.139764 0.00996342 0)
(-0.00435125 -0.030008 0)
(-0.132358 -0.210493 0)
(-0.10232 -0.158302 0)
(0.0919754 -0.283158 0)
(0.0309989 -0.338011 0)
(-0.170575 -0.3154 0)
(-0.306113 -0.436746 0)
(-0.267943 -0.401165 0)
(-0.480859 -0.617521 0)
(-0.625229 -0.0131521 0)
(-0.157673 0.552842 0)
(-0.294979 0.908137 0)
(-0.332612 1.12441 0)
(-0.436458 0.470981 0)
(0.385769 -0.512984 0)
(0.136529 -0.757829 0)
(0.122391 -0.643251 0)
(-0.654739 0.0994789 0)
(-0.669785 0.216502 0)
(-0.760478 -0.0959241 0)
(-0.523622 -0.271184 0)
(-0.419124 -0.299702 0)
(-0.23346 -0.415156 0)
(-0.0739445 -0.441287 0)
(-0.323672 -0.315244 0)
(-0.485055 -0.309482 0)
(-0.451035 -0.144413 0)
(-0.949646 -0.0865062 0)
(-1.06906 0.478911 0)
(-0.945709 0.797764 0)
(-0.813972 1.01097 0)
(-0.614437 1.01854 0)
(-0.172653 0.205486 0)
(0.231547 -0.689686 0)
(0.244684 -0.983784 0)
(0.247044 -0.828858 0)
(-1.06667 -0.105412 0)
(-1.0682 -0.00781794 0)
(-0.999072 -0.00549205 0)
(-0.591063 -0.221878 0)
(-0.638887 -0.538398 0)
(-0.619633 -0.442262 0)
(-0.418552 -0.267549 0)
(-0.519758 -0.126724 0)
(-0.762848 -0.0643111 0)
(-0.72066 -0.0671678 0)
(-1.21349 -0.15856 0)
(-1.51912 0.164295 0)
(-1.36191 0.545192 0)
(-0.967625 0.756875 0)
(-0.526758 0.326276 0)
(0.332185 -0.351517 0)
(0.159101 -0.722182 0)
(0.113018 -0.674831 0)
(0.0921294 -0.818757 0)
(-1.19586 -0.312217 0)
(-1.16623 -0.40845 0)
(-1.15142 -0.432037 0)
(-1.16612 -0.488031 0)
(-1.01735 -0.54044 0)
(-0.818835 -0.541484 0)
(-0.720032 -0.178751 0)
(-0.810603 -0.0514603 0)
(-0.904925 0.00286068 0)
(-0.902504 0.117351 0)
(-1.31508 0.158754 0)
(-1.35441 0.207906 0)
(-1.12872 0.447788 0)
(-0.623636 0.161233 0)
(-0.155365 -0.174533 0)
(0.138075 -0.504745 0)
(0.236603 -0.656672 0)
(0.181518 -0.635651 0)
(0.0467352 -0.623179 0)
(-1.0417 -0.401074 0)
(-1.27093 -0.523719 0)
(-1.37905 -0.55322 0)
(-1.15425 -0.59888 0)
(-1.09714 -0.443662 0)
(-1.04803 -0.426887 0)
(-0.9238 -0.253787 0)
(-0.904293 -0.0782309 0)
(-0.93636 -0.057959 0)
(-0.876069 0.151647 0)
(-0.908394 0.198605 0)
(-0.8697 0.200137 0)
(-0.442526 -0.0125363 0)
(-0.185787 -0.282412 0)
(0.071483 -0.139589 0)
(0.0892233 -0.460035 0)
(0.106243 -0.566056 0)
(0.0772603 -0.747196 0)
(0.14561 -0.622009 0)
(-0.669872 -0.519549 0)
(-0.836662 -0.676736 0)
(-1.1355 -0.524831 0)
(-1.08524 -0.410947 0)
(-1.00059 -0.411769 0)
(-1.06334 -0.340914 0)
(-1.07706 -0.32945 0)
(-1.07508 -0.122688 0)
(-0.653797 0.0805767 0)
(-0.531913 0.186505 0)
(-0.469852 0.195332 0)
(-0.430743 0.183211 0)
(-0.271498 -0.246278 0)
(-0.247965 -0.41587 0)
(-0.0829795 -0.291815 0)
(-0.135171 -0.520868 0)
(-0.0331057 -0.708715 0)
(0.00443586 -0.475666 0)
(0.167091 -0.424588 0)
(-0.631098 -0.489939 0)
(-0.749646 -0.687374 0)
(-1.04468 -0.539943 0)
(-1.12286 -0.46051 0)
(-1.10134 -0.466937 0)
(-1.09305 -0.363481 0)
(-1.07967 -0.264656 0)
(-1.0651 -0.0638015 0)
(-0.885109 0.0388238 0)
(-0.744921 -0.0334448 0)
(-0.650372 0.010423 0)
(-0.607764 -0.177955 0)
(-0.499447 -0.159585 0)
(-0.330492 -0.329193 0)
(-0.261379 -0.264613 0)
(-0.209483 -0.571048 0)
(-0.0995078 -0.746571 0)
(0.0247403 -0.428476 0)
(0.0616898 -0.327873 0)
(-0.456266 -0.0583721 0)
(-0.518852 -0.272399 0)
(-0.590815 -0.319962 0)
(-0.494451 -0.238356 0)
(-0.481125 -0.25077 0)
(-0.724074 -0.284038 0)
(-0.940566 -0.322837 0)
(-1.02905 -0.306148 0)
(-0.955807 -0.170815 0)
(-0.877122 -0.143158 0)
(-0.938747 -0.154152 0)
(-0.760624 -0.327534 0)
(-0.466714 -0.330922 0)
(-0.395682 -0.408122 0)
(-0.389498 -0.605537 0)
(-0.237865 -0.555726 0)
(-0.180702 -0.739929 0)
(-0.181368 -0.5169 0)
(0.0619334 -0.363929 0)
(-0.735442 -0.350804 0)
(-0.921963 -0.520285 0)
(-1.05271 -0.487518 0)
(-0.988936 -0.381572 0)
(-0.918519 -0.38963 0)
(-0.888725 -0.226569 0)
(-0.981153 -0.174102 0)
(-1.0027 -0.166516 0)
(-0.63604 -0.130403 0)
(-0.552045 -0.23074 0)
(-0.716122 -0.396601 0)
(-0.937958 -0.0828946 0)
(-0.582368 -0.413634 0)
(-0.465354 -0.568958 0)
(-0.424029 -0.86759 0)
(-0.145794 -0.856029 0)
(-0.279669 -1.06822 0)
(-0.267204 -0.574268 0)
(-0.00743004 -0.353239 0)
(-0.471409 -0.221722 0)
(-0.454864 -0.436322 0)
(-0.612837 -0.478204 0)
(-0.694761 -0.344006 0)
(-0.741452 -0.519667 0)
(-0.701671 -0.582955 0)
(-0.872781 -0.527096 0)
(-0.92184 -0.239029 0)
(-0.825242 -0.151205 0)
(-0.690677 -0.373171 0)
(-0.709641 -0.460725 0)
(-0.777715 -0.424919 0)
(-0.747539 -0.523728 0)
(-0.47719 -0.636638 0)
(-0.446602 -0.961724 0)
(-0.375548 -1.05209 0)
(-0.280004 -1.2126 0)
(-0.16125 -0.791392 0)
(-0.00517471 -0.328242 0)
(-0.0407852 0.0488569 0)
(-0.140867 -0.0639171 0)
(-0.195742 -0.232004 0)
(-0.44001 -0.174481 0)
(-0.472528 -0.0632978 0)
(-0.459849 -0.229696 0)
(-0.572168 -0.380685 0)
(-0.679983 -0.247306 0)
(-0.671153 -0.220163 0)
(-0.73394 -0.377478 0)
(-0.786195 -0.391277 0)
(-0.707577 -0.475213 0)
(-0.561977 -0.446487 0)
(-0.49603 -0.614164 0)
(-0.485441 -0.976009 0)
(-0.437581 -1.12791 0)
(-0.273274 -1.22667 0)
(-0.209365 -0.928482 0)
(-0.035316 -0.46356 0)
(0.134176 -0.0744702 0)
(0.115193 -0.201876 0)
(-0.060653 -0.153857 0)
(-0.41684 -0.202405 0)
(-0.528441 -0.098931 0)
(-0.537302 -0.138531 0)
(-0.7114 -0.264055 0)
(-0.723033 -0.284691 0)
(-0.764739 -0.278735 0)
(-0.811297 -0.427971 0)
(-0.808839 -0.431066 0)
(-0.6866 -0.445388 0)
(-0.489265 -0.529068 0)
(-0.577452 -0.84586 0)
(-0.499252 -0.975904 0)
(-0.496457 -1.12611 0)
(-0.3017 -1.05969 0)
(-0.183421 -0.990633 0)
(0.022336 -0.550898 0)
(0.334057 0.0496139 0)
(0.320185 0.0385878 0)
(0.163961 0.14177 0)
(0.121782 -0.0432557 0)
(-0.21853 0.290991 0)
(0.0418703 0.000461215 0)
(-0.232618 -0.0339263 0)
(-0.270096 -0.0501 0)
(-0.462036 -0.110833 0)
(-0.534931 -0.249088 0)
(-0.56264 -0.426347 0)
(-0.349675 -0.510572 0)
(-0.26756 -0.495037 0)
(-0.281306 -0.646891 0)
(-0.342778 -0.799323 0)
(-0.330597 -0.986208 0)
(-0.318724 -1.01046 0)
(-0.189423 -0.985966 0)
(-0.0495974 -0.659756 0)
(0.386983 -0.0295545 0)
(0.345156 0.131042 0)
(0.323007 0.0744218 0)
(0.188301 0.0870387 0)
(0.201284 0.151453 0)
(0.228931 0.00790032 0)
(-0.0326288 -0.0418749 0)
(-0.225697 -0.124718 0)
(-0.284865 -0.338251 0)
(-0.214781 -0.402477 0)
(-0.309778 -0.43645 0)
(-0.204879 -0.528727 0)
(-0.242152 -0.623886 0)
(-0.240735 -0.696997 0)
(-0.27764 -0.870967 0)
(-0.256756 -1.06661 0)
(-0.22818 -1.14369 0)
(-0.14112 -1.02187 0)
(-0.160601 -0.746396 0)
(0.644786 0.0606385 0)
(0.440396 0.232674 0)
(0.315241 0.112465 0)
(0.378246 0.167973 0)
(0.479432 0.0728255 0)
(0.520589 0.0867409 0)
(0.458638 0.225367 0)
(0.417185 0.157878 0)
(0.386602 0.0232717 0)
(0.303815 -0.208306 0)
(0.207547 -0.348227 0)
(0.210657 -0.387655 0)
(-0.0770122 -0.688641 0)
(-0.222147 -0.580807 0)
(-0.219199 -0.789311 0)
(-0.182776 -1.02212 0)
(-0.149608 -1.12076 0)
(-0.137141 -1.11543 0)
(-0.169492 -0.808375 0)
(0.540326 -0.0648318 0)
(0.460611 0.0783926 0)
(0.374607 0.0841097 0)
(0.396143 0.0795401 0)
(0.482833 0.0869158 0)
(0.747145 0.0930136 0)
(0.65583 0.0455933 0)
(0.489409 0.0665422 0)
(0.54065 -0.134894 0)
(0.463657 -0.265596 0)
(0.386168 -0.169091 0)
(0.317853 -0.334253 0)
(-0.0286286 -0.867221 0)
(0.0295071 -0.627889 0)
(-0.206646 -0.779052 0)
(-0.16709 -1.0398 0)
(-0.125177 -1.14161 0)
(-0.056528 -1.15188 0)
(-0.103048 -0.895968 0)
(0.531791 0.0695973 0)
(0.394202 -0.0642498 0)
(0.288866 0.0390314 0)
(0.386876 0.0721665 0)
(0.660535 0.0928276 0)
(0.658936 0.0882728 0)
(0.657805 -0.0184599 0)
(0.6066 0.00351611 0)
(0.473359 -0.00995209 0)
(0.540677 -0.163013 0)
(0.520997 -0.116176 0)
(0.493463 -0.16934 0)
(0.34276 -0.371348 0)
(0.246106 -0.408908 0)
(-0.0509605 -0.526663 0)
(-0.0966975 -0.946904 0)
(-0.124199 -1.12866 0)
(-0.0241177 -1.16286 0)
(-0.0770437 -0.934802 0)
(0.542243 -0.0329203 0)
(0.336003 -0.00196558 0)
(0.389509 0.0317534 0)
(0.37991 0.122439 0)
(0.463651 0.0964469 0)
(0.697801 0.0231465 0)
(0.631468 -0.00702305 0)
(0.619881 -0.157856 0)
(0.486753 -0.172414 0)
(0.507624 -0.127236 0)
(0.705245 -0.106122 0)
(0.633944 -0.170304 0)
(0.393711 -0.315921 0)
(0.343008 -0.341172 0)
(0.128908 -0.428193 0)
(0.00327591 -0.914063 0)
(-0.107909 -1.12244 0)
(-0.0114715 -1.16513 0)
(-0.0960863 -0.989732 0)
(0.491228 -0.0775356 0)
(0.386277 -0.0526862 0)
(0.306896 0.0359872 0)
(0.369036 0.04716 0)
(0.450977 0.0883702 0)
(0.528094 0.0573836 0)
(0.500294 0.0668983 0)
(0.438634 -0.0385297 0)
(0.518273 -0.16618 0)
(0.709278 -0.0530447 0)
(0.64978 -0.151356 0)
(0.436142 -0.248079 0)
(0.469468 -0.395911 0)
(0.534318 -0.276471 0)
(0.344362 -0.314521 0)
(0.178659 -0.740995 0)
(-0.0468374 -1.07982 0)
(0.0228829 -1.15635 0)
(-0.0844591 -1.00834 0)
(0.563735 -0.110465 0)
(0.374505 -0.121904 0)
(0.358515 0.0368216 0)
(0.35113 0.0258297 0)
(0.438062 0.0408173 0)
(0.709937 0.010956 0)
(0.600188 -0.00726016 0)
(0.432352 -0.0750441 0)
(0.49552 -0.053226 0)
(0.523452 -0.102801 0)
(0.482394 -0.258927 0)
(0.377185 -0.198915 0)
(0.476768 -0.231867 0)
(0.487784 -0.196348 0)
(0.282091 -0.271623 0)
(0.215657 -0.61443 0)
(0.021798 -0.969584 0)
(0.047412 -1.14446 0)
(-0.0505956 -1.04023 0)
(0.481635 -0.170325 0)
(0.452633 0.00585878 0)
(0.382413 -0.00680818 0)
(0.349693 0.021776 0)
(0.447091 0.099625 0)
(0.523601 0.0297497 0)
(0.476792 -0.142587 0)
(0.473239 -0.101848 0)
(0.471141 -0.127459 0)
(0.457494 -0.140992 0)
(0.481676 -0.171041 0)
(0.434275 -0.153085 0)
(0.442352 -0.11203 0)
(0.40981 -0.172148 0)
(0.302232 -0.132375 0)
(0.230988 -0.580489 0)
(0.0485266 -0.89568 0)
(0.0634321 -1.1037 0)
(-0.0460037 -1.07809 0)
(0.566991 -0.0879256 0)
(0.459065 -0.0709118 0)
(0.335303 -0.14899 0)
(0.390485 -0.144606 0)
(0.464125 -0.0681373 0)
(0.46252 0.0188792 0)
(0.488002 -0.0750614 0)
(0.497856 -0.0609787 0)
(0.496774 -0.105143 0)
(0.476284 -0.0782303 0)
(0.458299 -0.07528 0)
(0.357414 -0.118964 0)
(0.388921 -0.0892431 0)
(0.582498 -0.19442 0)
(0.435333 -0.106558 0)
(0.303954 -0.60671 0)
(0.106045 -0.850227 0)
(0.0243876 -1.0553 0)
(-0.0641558 -1.09085 0)
(0.51793 -0.204215 0)
(0.373484 -0.162133 0)
(0.35089 -0.0754887 0)
(0.430122 -0.0514322 0)
(0.711508 -0.0201293 0)
(0.599746 -0.0206964 0)
(0.474541 -0.0744508 0)
(0.493906 -0.0506128 0)
(0.494929 -0.0503149 0)
(0.503897 -0.0850992 0)
(0.46153 -0.0742331 0)
(0.441104 -0.0466219 0)
(0.356444 -0.0101807 0)
(0.412854 0.0103407 0)
(0.29345 -0.131907 0)
(0.263045 -0.719528 0)
(0.153513 -0.718992 0)
(0.0358658 -0.997134 0)
(-0.0689562 -1.07649 0)
(0.494609 -0.169168 0)
(0.477483 -0.126658 0)
(0.381075 -0.0881422 0)
(0.434861 -0.0520007 0)
(0.510559 -0.0950341 0)
(0.47394 -0.212718 0)
(0.495583 -0.185584 0)
(0.555659 -0.130901 0)
(0.498633 -0.0127545 0)
(0.473497 -0.110931 0)
(0.473146 -0.0836821 0)
(0.38859 -0.0335142 0)
(0.43967 0.0559021 0)
(0.483942 0.0473504 0)
(0.238059 -0.227405 0)
(0.42218 -0.436786 0)
(0.183394 -0.634314 0)
(0.091792 -0.952015 0)
(-0.0523852 -1.03346 0)
(0.452387 -0.239685 0)
(0.45665 -0.294312 0)
(0.405916 -0.156477 0)
(0.437342 -0.126646 0)
(0.465868 -0.15514 0)
(0.465651 -0.192104 0)
(0.519581 -0.0694231 0)
(0.721897 0.0582237 0)
(0.455669 -0.0178367 0)
(0.366772 -0.00713704 0)
(0.51888 0.0636559 0)
(0.479754 0.00773298 0)
(0.39953 0.0993509 0)
(0.228876 -0.0325053 0)
(0.419282 -0.256566 0)
(0.35919 -0.260612 0)
(0.136265 -0.563618 0)
(0.0877572 -0.876044 0)
(-0.0170203 -1.01905 0)
(0.337449 -0.206809 0)
(0.527002 -0.234294 0)
(0.516413 -0.153955 0)
(0.405979 -0.119882 0)
(0.416498 -0.102572 0)
(0.531734 -0.0885307 0)
(0.757655 0.0485178 0)
(0.629261 -0.0657349 0)
(0.450105 -0.0959119 0)
(0.501917 -0.0582003 0)
(0.472471 0.0955096 0)
(0.458154 0.0772369 0)
(0.415155 0.0257771 0)
(0.500975 0.0708561 0)
(0.707607 -0.0580922 0)
(0.485132 -0.100285 0)
(0.200625 -0.539859 0)
(0.0950901 -0.841441 0)
(-0.0138883 -0.980268 0)
(0.418534 -0.203764 0)
(0.41688 -0.211474 0)
(0.419877 -0.29005 0)
(0.383591 -0.238323 0)
(0.418235 -0.132265 0)
(0.51433 -0.0114418 0)
(0.547581 -0.0429628 0)
(0.555127 -0.195354 0)
(0.478049 -0.086497 0)
(0.578969 0.0588582 0)
(0.573477 0.00348971 0)
(0.425108 0.0438934 0)
(0.472894 0.0154034 0)
(0.4353 0.12683 0)
(0.453833 -0.0291389 0)
(0.34853 -0.209611 0)
(0.134295 -0.555416 0)
(0.101705 -0.76751 0)
(0.00786126 -0.956462 0)
(0.465436 -0.20956 0)
(0.369948 -0.231405 0)
(0.417371 -0.280011 0)
(0.514373 -0.243002 0)
(0.589792 -0.253247 0)
(0.632528 -0.187257 0)
(0.534275 0.00834559 0)
(0.550721 -0.0476327 0)
(0.747171 -0.030496 0)
(0.578264 0.11616 0)
(0.430266 0.00100115 0)
(0.43103 0.0179873 0)
(0.526324 0.0730579 0)
(0.512489 0.173039 0)
(0.453962 0.220077 0)
(0.280038 -0.103945 0)
(0.106966 -0.263576 0)
(0.0819733 -0.707644 0)
(-0.000498645 -0.92706 0)
(0.409566 -0.240265 0)
(0.364791 -0.210598 0)
(0.412305 -0.244682 0)
(0.478694 -0.172634 0)
(0.625123 -0.297312 0)
(0.887578 -0.130192 0)
(0.772198 0.0979503 0)
(0.550484 0.0566124 0)
(0.608121 0.00104652 0)
(0.577337 -0.0483116 0)
(0.508845 0.00522728 0)
(0.477592 0.0936477 0)
(0.68049 0.214827 0)
(0.697561 0.196632 0)
(0.646203 0.240855 0)
(0.284384 -0.0170192 0)
(0.241954 -0.140584 0)
(0.0944205 -0.669776 0)
(0.038396 -0.879297 0)
(0.376084 -0.358076 0)
(0.363398 -0.238538 0)
(0.472659 -0.257253 0)
(0.560883 -0.31804 0)
(0.611152 -0.295587 0)
(0.905399 -0.186072 0)
(0.788047 -0.198654 0)
(0.544425 -0.0552323 0)
(0.652064 -0.0299107 0)
(0.674712 0.133352 0)
(0.548741 0.207829 0)
(0.521211 0.264403 0)
(0.607301 0.260216 0)
(0.80774 0.228877 0)
(0.731838 0.273881 0)
(0.42392 -0.118264 0)
(0.439587 -0.170514 0)
(0.143593 -0.698545 0)
(0.0871056 -0.846179 0)
(0.42187 -0.325486 0)
(0.489189 -0.32721 0)
(0.42411 -0.294934 0)
(0.499322 -0.393316 0)
(0.61886 -0.269507 0)
(0.934425 -0.184158 0)
(0.779583 -0.271928 0)
(0.663472 -0.12368 0)
(0.776549 -0.133629 0)
(0.873644 0.0336141 0)
(0.704365 0.274391 0)
(0.50384 0.301714 0)
(0.567443 0.285051 0)
(0.786149 0.381605 0)
(0.65779 0.388179 0)
(0.234847 0.134736 0)
(0.287325 -0.123375 0)
(0.139727 -0.769197 0)
(0.128645 -0.80603 0)
(0.568101 -0.304458 0)
(0.45659 -0.497188 0)
(0.413057 -0.411946 0)
(0.501359 -0.396221 0)
(0.707756 -0.325551 0)
(0.739124 -0.318455 0)
(0.663849 -0.345952 0)
(0.58026 -0.206977 0)
(0.723395 -0.152104 0)
(1.06844 0.173164 0)
(0.920884 0.341489 0)
(0.537659 0.484269 0)
(0.637699 0.394486 0)
(0.917462 0.376315 0)
(0.732466 0.350528 0)
(0.301206 0.203179 0)
(0.49203 -0.086832 0)
(0.409142 -0.272703 0)
(0.203643 -0.852455 0)
(0.27271 -0.435362 0)
(0.432626 -0.503048 0)
(0.526649 -0.438014 0)
(0.561749 -0.397407 0)
(0.630139 -0.420576 0)
(0.657245 -0.407807 0)
(0.638443 -0.371059 0)
(0.61634 -0.255169 0)
(0.76604 0.0100283 0)
(1.06985 0.203206 0)
(0.960846 0.328336 0)
(0.508036 0.518592 0)
(0.545716 0.711289 0)
(0.908041 0.491181 0)
(0.842891 0.343044 0)
(0.48556 0.203956 0)
(0.466506 0.0444301 0)
(0.215526 -0.265597 0)
(0.148728 -0.990339 0)
(0.296146 -0.448575 0)
(0.486072 -0.398361 0)
(0.446486 -0.491607 0)
(0.387275 -0.436906 0)
(0.505632 -0.359886 0)
(0.473924 -0.33523 0)
(0.453607 -0.283094 0)
(0.530471 -0.145528 0)
(0.793152 0.123109 0)
(0.955527 0.169969 0)
(0.908698 0.231508 0)
(0.74521 0.265842 0)
(0.650162 0.57321 0)
(0.748088 0.618672 0)
(0.697402 0.528269 0)
(0.591056 0.430937 0)
(0.543599 0.155905 0)
(0.158682 -0.284283 0)
(0.308876 -0.29553 0)
(0.398468 -0.436939 0)
(0.338433 -0.570105 0)
(0.426095 -0.75853 0)
(0.336439 -0.757944 0)
(0.301413 -0.516952 0)
(0.204126 -0.480263 0)
(0.282418 -0.381033 0)
(0.28405 -0.116269 0)
(0.445238 -0.0815877 0)
(0.763059 0.01753 0)
(0.64591 0.0062666 0)
(0.632066 0.24724 0)
(0.678622 0.330898 0)
(0.819749 0.510685 0)
(0.78791 0.491571 0)
(0.650152 0.517013 0)
(0.569136 0.251237 0)
(0.211911 0.0193978 0)
(0.247359 0.0501396 0)
(0.320914 -0.570783 0)
(0.177599 -0.673367 0)
(0.136164 -0.862957 0)
(0.271757 -0.87936 0)
(0.296058 -0.74064 0)
(0.171652 -0.600066 0)
(0.25124 -0.239895 0)
(0.169696 -0.171732 0)
(0.279457 0.11505 0)
(0.338749 0.0596671 0)
(0.51789 0.124207 0)
(0.48996 0.194053 0)
(0.50541 0.334108 0)
(0.693962 0.422434 0)
(0.798847 0.348123 0)
(0.741538 0.423516 0)
(0.748144 0.317402 0)
(0.405574 0.212069 0)
(0.738971 0.227448 0)
(0.21361 -0.552613 0)
(0.0406797 -0.782081 0)
(-0.0199715 -0.728147 0)
(0.0916323 -0.623678 0)
(0.091481 -0.588636 0)
(0.160463 -0.455214 0)
(0.0528763 -0.180962 0)
(-0.0552262 -0.188033 0)
(0.0176922 -0.0760449 0)
(0.024723 -0.138719 0)
(0.142019 -0.0401131 0)
(0.156092 -0.00811829 0)
(0.24294 0.155401 0)
(0.435887 0.36819 0)
(0.655732 0.328441 0)
(0.760466 0.483664 0)
(1.57901 0.315653 0)
(1.09269 -0.171791 0)
(1.29875 1.97475 0)
)
;

boundaryField
{
    leftWall
    {
        type            fixedValue;
        value           uniform (0 0 0);
    }
    rightWall
    {
        type            fixedValue;
        value           uniform (0 0 0);
    }
    lowerWall
    {
        type            fixedValue;
        value           uniform (0 0 0);
    }
    atmosphere
    {
        type            pressureInletOutletVelocity;
        value           nonuniform List<vector> 
46
(
(0.0238321 0.21035 0)
(0.0488659 0.201467 0)
(-0.0297062 0.197285 0)
(0.017243 0.196709 0)
(0.00923498 0.184675 0)
(0.0123112 0.188325 0)
(0.00870778 0.165201 0)
(0.012408 0.179424 0)
(0.0154493 0.152527 0)
(-0.00936055 0.188794 0)
(0.0441983 0.160164 0)
(0.0894406 0.147673 0)
(0.0761033 0.0967265 0)
(0.0515376 0.114191 0)
(0.0802093 0.0912953 0)
(0.0920062 0.0592659 0)
(0.0361522 0.0412658 0)
(0.0561594 0.0298255 0)
(0 -0.0788352 0)
(0 -0.109392 0)
(0 -0.180234 0)
(0 -0.318283 0)
(0 -0.276618 0)
(0 -0.345945 0)
(0 -0.419607 0)
(0 -0.436612 0)
(0 -0.448976 0)
(0 -0.552613 0)
(0 -0.782081 0)
(0 -0.728147 0)
(0 -0.623678 0)
(0 -0.588636 0)
(0 -0.455214 0)
(0 -0.180962 0)
(0 -0.188033 0)
(0 -0.0760449 0)
(0 -0.138719 0)
(0 -0.0401131 0)
(0.156092 -0.00811829 0)
(0.24294 0.155401 0)
(0.435887 0.36819 0)
(0.655732 0.328441 0)
(0.760466 0.483664 0)
(1.57901 0.315653 0)
(0 -0.171791 0)
(1.29875 1.97475 0)
)
;
    }
    defaultFaces
    {
        type            empty;
    }
}


// ************************************************************************* //
