/*--------------------------------*- C++ -*----------------------------------*\
| =========                 |                                                 |
| \\      /  F ield         | foam-extend: Open Source CFD                    |
|  \\    /   O peration     | Version:     4.1                                |
|   \\  /    A nd           | Web:         http://www.foam-extend.org         |
|    \\/     M anipulation  |                                                 |
\*---------------------------------------------------------------------------*/
FoamFile
{
    version     2.0;
    format      ascii;
    class       surfaceScalarField;
    location    "0.35";
    object      phi;
}
// * * * * * * * * * * * * * * * * * * * * * * * * * * * * * * * * * * * * * //

dimensions      [0 3 -1 0 0 0 0];

internalField   nonuniform List<scalar> 
4432
(
1.45287e-06
-1.45287e-06
4.42858e-06
-2.97571e-06
8.96353e-06
-4.53495e-06
1.55801e-05
-6.61652e-06
2.40037e-05
-8.42367e-06
3.30685e-05
-9.06475e-06
3.74949e-05
-4.42639e-06
5.13386e-05
-1.38437e-05
5.81379e-05
-6.79933e-06
9.06043e-05
-3.24664e-05
8.87187e-05
1.88556e-06
9.21225e-05
-3.4038e-06
9.31638e-05
-1.04129e-06
9.46097e-05
-1.4459e-06
6.16159e-05
3.29938e-05
6.46021e-05
-2.98627e-06
5.76905e-05
6.91165e-06
5.04479e-05
7.24256e-06
4.77441e-05
2.7038e-06
7.65673e-05
-2.88232e-05
7.02873e-05
6.28005e-06
-6.05746e-06
7.63447e-05
-6.05746e-06
1.60179e-06
-3.05466e-06
4.51038e-06
-5.8843e-06
8.87098e-06
-8.89555e-06
1.54057e-05
-1.31512e-05
2.41812e-05
-1.71992e-05
3.29957e-05
-1.78793e-05
3.7542e-05
-8.97261e-06
5.24123e-05
-2.87141e-05
5.85423e-05
-1.29293e-05
8.73907e-05
-6.13148e-05
8.84646e-05
8.1167e-07
9.20396e-05
-6.97882e-06
9.64119e-05
-5.41353e-06
9.62962e-05
-1.3302e-06
0.000100267
2.90231e-05
6.11168e-05
3.61638e-05
5.8593e-05
9.43551e-06
8.99605e-05
-2.4125e-05
8.30001e-05
9.66418e-06
7.946e-05
-2.52831e-05
7.56924e-05
1.00477e-05
6.6535e-05
8.5502e-05
6.04776e-05
1.45553e-06
-4.5102e-06
4.37714e-06
-8.8059e-06
8.50644e-06
-1.30249e-05
1.47709e-05
-1.94157e-05
2.30525e-05
-2.54807e-05
3.25504e-05
-2.73772e-05
3.9656e-05
-1.60783e-05
5.15706e-05
-4.06286e-05
5.52195e-05
-1.65782e-05
4.96737e-05
-5.57689e-05
8.19167e-05
-3.14313e-05
8.25388e-05
-7.60097e-06
8.24723e-05
-5.34701e-06
5.02392e-05
3.09029e-05
5.73319e-05
2.19304e-05
6.2405e-05
3.10906e-05
5.71114e-05
1.47291e-05
4.65495e-05
-1.3563e-05
6.8309e-05
-1.20954e-05
4.20292e-05
9.96772e-07
4.10193e-05
1.10576e-05
2.95108e-05
9.70105e-05
8.99884e-05
1.98767e-06
-6.49787e-06
4.69571e-06
-1.15139e-05
8.08172e-06
-1.64109e-05
1.41934e-05
-2.55274e-05
2.40461e-05
-3.53334e-05
3.39644e-05
-3.72954e-05
4.10372e-05
-2.31511e-05
5.0248e-05
-4.98395e-05
5.00606e-05
-1.63908e-05
4.62576e-05
-5.19659e-05
4.171e-05
-2.68838e-05
7.87342e-05
-4.46251e-05
5.11257e-05
2.22615e-05
9.73814e-05
-1.53528e-05
0.000101593
1.77187e-05
0.000104149
2.85343e-05
0.000100325
1.85539e-05
7.7845e-05
8.91667e-06
5.42823e-05
1.14673e-05
1.31259e-05
4.21533e-05
4.17927e-06
2.00042e-05
2.00448e-05
8.1145e-05
0.000110033
1.53048e-06
-8.02835e-06
4.14599e-06
-1.41294e-05
7.29501e-06
-1.95599e-05
1.3558e-05
-3.17904e-05
2.46385e-05
-4.64138e-05
3.28994e-05
-4.55564e-05
3.64444e-05
-2.66961e-05
4.64783e-05
-5.98734e-05
4.55198e-05
-1.54323e-05
4.46323e-05
-5.10784e-05
8.06054e-05
-6.28569e-05
4.9283e-05
-1.33028e-05
8.89555e-05
-1.74109e-05
0.000101161
-2.7558e-05
9.73798e-05
2.14994e-05
8.87559e-05
3.71583e-05
8.59111e-05
2.13987e-05
7.85575e-05
1.62702e-05
6.04545e-05
2.95704e-05
2.9168e-05
7.34398e-05
4.67067e-06
4.45015e-05
1.31677e-05
7.2648e-05
0.000123201
2.31587e-06
-1.03442e-05
4.32147e-06
-1.6135e-05
6.85062e-06
-2.2089e-05
1.34183e-05
-3.83581e-05
2.3014e-05
-5.60095e-05
2.9936e-05
-5.24784e-05
6.48084e-05
-6.15685e-05
4.51423e-05
-4.02074e-05
8.1152e-05
-5.1442e-05
8.35853e-05
-5.35117e-05
8.4862e-05
-6.41336e-05
8.64938e-05
-1.49346e-05
9.02093e-05
-2.11263e-05
6.4065e-05
-1.41366e-06
0.00011233
-2.67656e-05
9.48744e-05
5.46138e-05
9.36688e-05
2.26043e-05
8.77267e-05
2.22123e-05
7.80776e-05
3.92195e-05
6.55218e-05
8.59956e-05
3.62798e-05
7.37435e-05
1.42246e-05
9.47031e-05
0.000137425
1.56204e-06
-1.19063e-05
3.45455e-06
-1.80275e-05
6.31902e-06
-2.49535e-05
1.38653e-05
-4.59044e-05
2.20463e-05
-6.41904e-05
2.68435e-05
-5.72755e-05
3.44558e-05
-6.91807e-05
4.90514e-05
-5.48031e-05
7.88732e-05
-8.12637e-05
8.32642e-05
-5.79027e-05
5.22429e-05
-3.31122e-05
9.51619e-05
-5.78536e-05
5.72447e-05
1.67908e-05
6.85308e-05
-1.26998e-05
7.18044e-05
-3.00392e-05
0.000102928
2.34899e-05
8.93493e-05
3.61833e-05
8.63743e-05
2.51873e-05
9.10199e-05
3.45739e-05
8.54355e-05
9.15799e-05
6.82389e-05
9.09402e-05
4.69907e-05
0.000115951
0.000184416
2.54498e-06
-1.44512e-05
3.22571e-06
-1.87083e-05
6.56614e-06
-2.82939e-05
1.42197e-05
-5.3558e-05
2.12856e-05
-7.12563e-05
2.76961e-05
-6.36861e-05
6.09454e-05
-0.00010243
7.90747e-05
-7.29323e-05
8.18958e-05
-8.40848e-05
8.84044e-05
-6.44114e-05
9.62102e-05
-4.0918e-05
5.88654e-05
-2.05088e-05
9.32969e-05
-1.76407e-05
0.000112052
-3.14547e-05
6.72412e-05
1.47714e-05
5.0213e-05
4.05182e-05
8.11843e-05
5.21204e-06
7.63095e-05
3.0062e-05
4.48342e-05
6.60492e-05
8.87218e-05
4.76924e-05
8.40814e-05
9.55806e-05
5.7953e-05
0.00014208
0.000242369
-0.000174076
0.000174076
-0.000241615
6.75397e-05
-0.000215059
-2.65568e-05
-0.000178859
-3.61996e-05
-0.00016091
-1.7949e-05
-0.000138335
-2.2575e-05
-0.000111966
-2.63688e-05
-5.16214e-05
-6.03448e-05
-4.36126e-05
-8.00879e-06
-6.45849e-05
2.09723e-05
-4.05726e-05
-2.40123e-05
-5.30794e-05
1.25067e-05
1.8742e-05
-7.18214e-05
0.000116291
-9.75491e-05
0.000183212
-6.69211e-05
0.000134273
4.89397e-05
0.000145788
-1.15153e-05
0.000132218
1.35702e-05
0.000132218
-0.000117893
0.000291969
-0.000136529
8.61751e-05
-9.73809e-05
-6.57045e-05
-8.80499e-05
-4.55306e-05
-7.48441e-05
-3.11547e-05
-2.75397e-05
-6.98794e-05
3.54761e-05
-8.93848e-05
3.37716e-05
-5.86402e-05
-7.53333e-06
3.32961e-05
4.65803e-06
8.78093e-06
3.73552e-05
-5.67094e-05
7.05271e-05
-2.06652e-05
0.000111029
-0.000112323
0.000162221
-0.000148742
0.000110551
-1.52506e-05
0.000137385
2.21061e-05
0.000137804
-1.19351e-05
0.000126046
2.53284e-05
0.000258264
-5.0877e-05
0.000342846
-6.23074e-05
9.76055e-05
-4.1761e-05
-8.62508e-05
-8.40188e-05
-3.27291e-06
-4.17773e-05
-7.33961e-05
-7.21825e-06
-0.000104439
5.03678e-05
-0.000146971
1.96699e-05
-2.79422e-05
-1.74674e-05
7.04333e-05
3.73513e-05
-4.60378e-05
6.55946e-05
-8.49527e-05
0.000120101
-7.51718e-05
0.000139572
-0.000131793
9.66688e-05
-0.000105839
0.000108669
-2.72505e-05
0.000125699
5.07613e-06
0.00012215
-8.38622e-06
0.000104174
4.33044e-05
0.000362438
-1.01209e-05
0.000352967
1.81239e-05
6.93607e-05
4.16352e-05
-0.000109762
2.1154e-05
1.72082e-05
4.00729e-06
-5.62494e-05
1.82344e-05
-0.000118666
1.00601e-05
-0.000138797
-2.88268e-05
1.09448e-05
-1.7283e-05
5.88895e-05
5.73198e-05
-0.000120641
0.000147026
-0.000174659
0.000154313
-8.2458e-05
0.00015759
-0.000135071
0.000101152
-4.94015e-05
0.000112052
-3.81505e-05
0.000121444
-4.31525e-06
0.000116859
-3.80154e-06
9.60066e-05
6.4157e-05
0.000458444
6.47233e-05
0.000288243
9.28245e-05
4.12596e-05
4.45416e-05
-6.14791e-05
6.55553e-05
-3.80559e-06
5.98317e-05
-5.05258e-05
5.96669e-05
-0.000118501
3.04532e-05
-0.000109583
7.90011e-06
3.34979e-05
8.78137e-05
-2.10241e-05
0.000139925
-0.000172752
9.36211e-05
-0.000128355
9.59541e-05
-8.47911e-05
9.78782e-05
-0.000136995
0.000109159
-6.06824e-05
0.000114455
-4.34461e-05
0.000121698
-1.15586e-05
0.000120093
-2.19628e-06
9.41444e-05
9.01054e-05
0.000552589
7.5114e-05
0.000213129
7.30808e-05
4.32928e-05
4.35525e-05
-3.19507e-05
5.25646e-05
-1.28177e-05
9.11396e-05
-8.91008e-05
5.17809e-05
-7.91421e-05
6.5828e-06
-6.43851e-05
2.93954e-05
1.06853e-05
0.000176289
-0.000167918
0.000103517
-9.99797e-05
0.000107609
-0.000132448
0.000107081
-8.42626e-05
0.000105243
-0.000135157
0.00011204
-6.74794e-05
0.000114679
-4.60852e-05
0.000118206
-1.50856e-05
0.00011823
-2.22001e-06
9.47419e-05
0.000113593
0.00064733
3.22576e-05
0.000180872
2.56532e-05
4.98972e-05
3.32e-05
-3.94976e-05
0.000100743
-8.03609e-05
5.61149e-05
-4.44725e-05
5.47052e-05
-7.77324e-05
6.74256e-05
-7.71055e-05
0.000111022
-3.29114e-05
0.000105627
-0.000162522
0.000111526
-0.000105879
0.000113861
-0.000134782
0.000114629
-8.50312e-05
0.000110044
-0.000130571
0.000110032
-6.74677e-05
0.000110307
-4.63606e-05
0.00011225
-1.70278e-05
0.000108235
1.7943e-06
8.47102e-05
0.000137118
0.000732041
1.58142e-06
0.00017929
1.25344e-05
3.89442e-05
6.11771e-05
-8.81403e-05
8.71401e-05
-0.000106324
9.52198e-05
-5.25522e-05
9.41257e-05
-7.66383e-05
5.23122e-05
-3.52919e-05
0.000122389
-0.000102988
0.000110838
-0.000150971
0.000120883
-0.000115924
0.00012459
-0.000138489
0.000120519
-8.09599e-05
0.000108852
-0.000118905
0.000105329
-6.39445e-05
0.000106408
-4.74392e-05
0.000110553
-2.11736e-05
0.000104971
7.37685e-06
7.73056e-05
0.000164783
0.000809346
6.8347e-06
-2.1286e-05
1.66174e-05
-2.8491e-05
3.11863e-05
-4.28628e-05
6.0344e-05
-8.27157e-05
7.84611e-05
-8.93735e-05
0.000101858
-8.70829e-05
0.000130231
-0.000130803
0.000175659
-0.00011836
0.000194902
-0.000103328
0.000201091
-7.06004e-05
0.000211395
-5.12218e-05
0.000207677
-1.67912e-05
0.00021213
-2.20933e-05
0.000175253
5.42242e-06
0.000184449
5.57516e-06
0.000229209
-4.242e-06
0.000207135
2.72864e-05
0.000204562
3.26346e-05
0.000205524
6.50878e-05
0.000188082
6.51338e-05
0.000226204
5.74585e-05
0.000216754
0.00015153
0.000163142
0.000295982
-1.69299e-06
-1.9593e-05
1.62355e-05
-4.64195e-05
3.1434e-05
-5.80613e-05
4.89217e-05
-0.000100203
4.27502e-05
-8.32019e-05
6.06456e-05
-0.000104978
7.64081e-05
-0.000146565
8.72814e-05
-0.000129234
9.73442e-05
-0.000113391
0.00010763
-8.08865e-05
0.000124729
-6.83203e-05
0.000200798
-9.28606e-05
0.000212294
-3.35888e-05
0.000235619
-1.79025e-05
0.00025481
-1.36162e-05
0.000231597
1.89714e-05
0.000227946
3.09373e-05
0.000221737
3.88437e-05
0.000209713
7.71116e-05
0.000229697
4.515e-05
0.000160953
0.000126202
0.000190814
0.000121669
0.000128754
0.000225202
1.2388e-05
-3.1981e-05
6.1886e-06
-4.022e-05
2.95105e-05
-8.13832e-05
3.06606e-05
-0.000101354
3.83094e-05
-9.08507e-05
4.94256e-05
-0.000116095
4.95131e-05
-0.000146653
2.27597e-05
-0.00010248
2.71978e-05
-0.000117829
4.17786e-05
-9.54673e-05
0.000106262
-0.000132804
0.000100526
-8.71248e-05
0.000184134
-0.000117196
0.000225807
-5.95763e-05
0.000222214
-1.00226e-05
0.000187824
5.33609e-05
0.000164827
5.39346e-05
0.000148459
5.52117e-05
0.000169768
5.58028e-05
0.00011729
9.7628e-05
0.000165664
7.78276e-05
0.00022496
6.23728e-05
0.000122307
0.000231406
8.15029e-06
-4.01313e-05
3.7388e-05
-6.94578e-05
1.88937e-05
-6.28889e-05
4.15451e-05
-0.000124005
2.63019e-05
-7.56075e-05
4.81542e-05
-0.000137947
4.45675e-05
-0.000143066
1.77748e-05
-7.56877e-05
4.24745e-05
-0.000142529
6.46036e-05
-0.000117596
6.27503e-05
-0.000130951
0.000130515
-0.00015489
8.24728e-05
-6.91535e-05
0.000127497
-0.000104601
0.000150438
-3.29636e-05
0.000226068
-2.22689e-05
0.000226065
5.39377e-05
0.00020134
7.99368e-05
0.00011134
0.000145803
0.000136411
7.25564e-05
0.00016283
5.14093e-05
0.000184381
4.08213e-05
1.76809e-05
0.000289007
7.7822e-06
-4.79135e-05
3.94096e-05
-0.000101085
6.12861e-05
-8.47654e-05
4.11898e-05
-0.000103909
9.38321e-05
-0.00012825
7.96819e-05
-0.000123797
3.69798e-05
-0.000100364
8.31877e-05
-0.000121896
8.85058e-05
-0.000147847
0.000111327
-0.000140418
9.03947e-05
-0.000110018
8.83501e-05
-0.000152845
0.000167146
-0.000147949
0.000185648
-0.000123103
0.000216568
-6.38836e-05
0.000218334
-2.4035e-05
0.000259383
1.28894e-05
0.000264858
7.44611e-05
0.000267742
0.000142919
0.000263867
7.64313e-05
0.000225685
8.95911e-05
0.000209977
5.65296e-05
1.37034e-05
0.000213955
6.31251e-06
-5.4226e-05
1.06937e-05
-0.000105466
1.96468e-05
-9.37185e-05
3.93231e-05
-0.000123585
5.0715e-05
-0.000139642
4.78729e-05
-0.000120955
6.10406e-05
-0.000113532
0.000127904
-0.000188759
0.000108742
-0.000128684
0.000100758
-0.000132434
0.000148523
-0.000157783
0.000153269
-0.000157591
0.00016266
-0.00015734
0.000165014
-0.000125457
0.000171381
-7.02503e-05
0.000199218
-5.18722e-05
0.000156064
5.60431e-05
0.000171071
5.94546e-05
0.000286466
2.7524e-05
0.00026844
9.44573e-05
0.000271144
8.68864e-05
0.000274071
5.36028e-05
3.42961e-05
0.000253478
-1.54139e-05
-3.88121e-05
-1.59488e-05
-0.000104931
1.53348e-05
-0.000125002
5.88008e-05
-0.000167051
7.39609e-05
-0.000154802
6.13897e-05
-0.000108383
6.95672e-05
-0.000121709
0.000117753
-0.000236945
0.000132146
-0.000143077
0.000122957
-0.000123245
0.000139384
-0.00017421
0.000152623
-0.00017083
0.000149183
-0.000153901
0.00010878
-8.50531e-05
8.86431e-05
-5.01136e-05
8.04859e-05
-4.37151e-05
0.000134133
2.39558e-06
0.000216137
-2.25486e-05
0.000225036
1.86251e-05
0.000235154
8.43388e-05
0.000267121
5.49197e-05
0.00028256
3.81638e-05
3.7377e-05
0.000279479
-1.20048e-05
-2.68073e-05
-1.53169e-05
-0.000101619
4.35085e-05
-0.000183827
9.06952e-05
-0.000214238
7.76476e-05
-0.000141754
0.00014252
-0.000173256
0.000151139
-0.000130328
4.20366e-05
-0.000127842
3.38198e-05
-0.00013486
5.98291e-05
-0.000149255
9.84382e-05
-0.000212819
0.00013954
-0.000211932
0.000110514
-0.000124875
1.054e-05
1.49208e-05
1.49498e-05
-5.45233e-05
6.69103e-05
-9.56756e-05
0.000173808
-0.000104502
0.000188344
-3.70849e-05
0.000186953
2.0016e-05
0.00018699
8.43027e-05
0.000133037
0.000108873
0.000142475
2.87251e-05
-2.98746e-05
0.000209727
2.24677e-05
-4.92751e-05
2.31454e-05
-0.000102297
5.26931e-05
-0.000213375
5.63499e-05
-0.000217895
0.000135053
-0.000220457
5.57163e-05
-9.39195e-05
4.12297e-05
-0.000115841
4.4445e-05
-0.000131058
1.00385e-05
-0.000100454
3.79883e-05
-0.000177205
4.81579e-05
-0.000222989
2.59034e-05
-0.000189677
-5.26584e-05
-4.63131e-05
-1.69871e-05
-2.07505e-05
2.81951e-05
-9.97056e-05
5.72913e-05
-0.000124772
9.88225e-05
-0.000146033
0.000134565
-7.28279e-05
8.35922e-05
7.09893e-05
8.61082e-05
8.17868e-05
0.000138966
5.60143e-05
0.000126998
4.06933e-05
-8.83604e-07
9.80071e-05
4.53059e-05
-9.45809e-05
5.66886e-05
-0.00011368
6.07138e-05
-0.0002174
4.50535e-05
-0.000202234
4.31691e-05
-0.000218572
5.65721e-05
-0.000107323
3.87359e-05
-9.80053e-05
-6.36499e-06
-8.59568e-05
-7.94989e-06
-9.88688e-05
-4.62018e-06
-0.000180534
-3.17092e-05
-0.0001959
-7.17914e-05
-0.000149595
-3.0933e-05
-8.71716e-05
5.90521e-06
-5.75887e-05
3.36975e-05
-0.000127498
4.03982e-05
-0.000131472
4.66794e-05
-0.000152315
4.09717e-06
-3.02457e-05
1.93547e-06
7.3151e-05
3.15072e-05
5.22151e-05
4.62014e-05
4.132e-05
4.15229e-05
4.53718e-05
4.3366e-05
-2.72667e-06
2.00131e-05
-0.000114594
3.1681e-05
-0.000125347
4.21512e-05
-0.000227871
1.9332e-05
-0.000179415
2.32809e-05
-0.000222521
-6.96872e-06
-7.70729e-05
-1.94676e-05
-8.55064e-05
-2.46287e-05
-8.07957e-05
-3.5192e-06
-0.000119978
-1.24434e-05
-0.00017161
-3.26686e-05
-0.000175675
-3.999e-05
-0.000142274
-1.18419e-05
-0.00011532
-4.5926e-05
-2.35047e-05
-3.29471e-05
-0.000140477
-1.7102e-05
-0.000147318
-7.51274e-05
-9.42892e-05
-6.1434e-05
-4.39391e-05
-4.63815e-05
5.80985e-05
-2.12129e-05
2.70465e-05
-3.31481e-05
5.32553e-05
-5.50141e-05
6.72378e-05
5.24585e-05
-6.41066e-05
-5.47388e-06
-0.00010912
7.26753e-06
-0.000138089
7.6966e-06
-0.0002283
-1.33e-05
-0.000158418
-4.62266e-05
-0.000189595
-3.45124e-05
-8.87871e-05
-3.81298e-05
-8.1889e-05
-4.02855e-05
-7.86401e-05
-2.17237e-05
-0.00013854
-3.83244e-05
-0.000155009
-5.68685e-05
-0.00015713
-5.88685e-05
-0.000140274
-8.69247e-05
-8.72635e-05
-0.000104161
-6.26872e-06
-8.08218e-05
-0.000163816
-7.6595e-05
-0.000151544
-0.000106824
-6.40599e-05
-0.000120705
-3.00588e-05
-6.84759e-05
5.86977e-06
-6.95751e-05
2.81457e-05
-7.94959e-05
6.31761e-05
-9.3537e-05
8.12788e-05
2.59974e-05
-6.70759e-05
-3.42606e-05
-7.48596e-05
2.48337e-05
-0.000197183
-3.19692e-05
-0.000171497
-4.97828e-06
-0.000185409
-4.92309e-05
-0.000145342
-3.35542e-05
-0.000104464
-2.89529e-05
-8.64904e-05
-2.09556e-05
-8.66374e-05
-1.78078e-05
-0.000141688
-3.21645e-05
-0.000140653
-4.47873e-05
-0.000144508
-0.000107335
-7.77259e-05
-9.7436e-05
-9.71625e-05
-7.48054e-05
-2.88992e-05
-8.81677e-05
-0.000150453
-8.50074e-05
-0.000154705
-0.000103971
-4.50962e-05
-9.65273e-05
-3.75026e-05
-9.56469e-05
4.9894e-06
-9.80768e-05
3.05756e-05
-0.000106043
7.11427e-05
-5.43999e-05
2.96353e-05
1.51311e-05
-4.35337e-05
-5.97546e-06
-6.88841e-05
-2.96275e-05
-0.000173531
2.48554e-06
-0.00020361
-1.64855e-05
-0.000166438
-3.22971e-05
-0.000129531
-2.39493e-05
-0.000112812
4.28824e-06
-0.000114728
3.07078e-05
-0.000113057
-2.08073e-05
-9.01728e-05
-2.75587e-05
-0.000133901
-5.60593e-05
-0.000116007
-8.32817e-05
-5.05036e-05
-6.38597e-05
-0.000116585
-6.37201e-05
-2.90388e-05
-9.91582e-05
-0.000115015
-0.000103777
-0.000150086
-0.000111787
-3.70856e-05
-0.000109407
-3.9883e-05
-0.000107766
3.3479e-06
-0.000109495
3.23056e-05
-9.37311e-05
5.53783e-05
-7.89956e-05
1.48999e-05
-5.54633e-06
-5.83182e-05
-7.38455e-06
-6.14996e-05
-1.44895e-05
-0.000166426
-6.5589e-06
-0.000211541
-1.14337e-05
-0.000161564
-1.58445e-05
-0.00012512
-1.40054e-05
-0.000114651
1.20736e-06
-0.000129941
6.59357e-05
-0.000177785
5.96725e-05
-8.39097e-05
2.75793e-05
-0.000101808
-9.90008e-06
-7.85277e-05
-7.78855e-05
1.74818e-05
-0.000107487
-8.69825e-05
-8.52576e-05
-5.12687e-05
-8.7446e-05
-0.000112827
-0.000152687
-8.4845e-05
-0.000148154
-4.16188e-05
-0.000128669
-5.93684e-05
-0.000112488
-1.28323e-05
-9.31603e-05
1.29775e-05
-6.07549e-05
2.2973e-05
-4.61288e-05
2.73764e-07
-7.13029e-06
-4.45449e-05
-1.41135e-05
-4.73861e-05
-1.62314e-05
-0.000164308
-1.50351e-05
-0.000212737
-1.87036e-05
-0.000157895
-1.12775e-05
-0.000132546
-9.03453e-06
-0.000116894
-1.44962e-05
-0.000124479
5.15425e-05
-0.000243824
8.62162e-05
-0.000118583
6.33212e-05
-7.89129e-05
1.09216e-05
-2.61281e-05
-4.30058e-05
7.14093e-05
-7.86071e-05
-5.13813e-05
-5.05151e-05
-7.93607e-05
-0.000100836
-6.25066e-05
-0.000112859
-7.28218e-05
-0.000116124
-3.83532e-05
-0.000119963
-5.55299e-05
-0.000109441
-2.33542e-05
-9.17265e-05
-4.73697e-06
-6.60517e-05
-2.70184e-06
-3.76065e-05
-2.81714e-05
-1.0369e-05
-3.43677e-05
-1.74647e-05
-2.99215e-05
-7.41926e-06
-0.000174354
-2.48656e-05
-0.000195291
-3.71647e-05
-0.000145596
-1.83505e-05
-0.00015136
-1.96344e-05
-0.00011561
2.60961e-05
-0.00017021
-5.54211e-05
-0.000162307
-4.30409e-05
-0.000130964
-3.13268e-05
-9.0627e-05
-2.6063e-05
-3.13919e-05
1.67688e-05
2.85774e-05
4.45856e-06
-3.9071e-05
-2.68934e-05
-4.80087e-05
-4.53717e-05
-4.40284e-05
-7.76231e-05
-4.05704e-05
-8.2411e-05
-3.35654e-05
-8.69495e-05
-5.09914e-05
-9.13115e-05
-1.89922e-05
-6.01061e-05
-3.59423e-05
-4.99702e-05
-1.28377e-05
-3.50082e-05
-4.31334e-05
-2.11185e-05
-2.42587e-05
4.57914e-05
-7.57129e-05
-1.22385e-05
-0.000116324
-2.42192e-05
-0.00018331
-4.46115e-05
-0.000125204
-1.8141e-05
-0.000177831
-2.60817e-05
-0.00010767
-1.99261e-05
-0.000176365
-4.671e-05
-0.000135523
-5.51942e-05
-0.00012248
-6.1443e-05
-8.43782e-05
-4.19518e-05
-5.08831e-05
1.2209e-05
-2.55834e-05
-9.16022e-06
-1.77018e-05
-3.87167e-05
-1.84523e-05
-4.24068e-05
-4.03382e-05
-5.96239e-05
-2.33534e-05
-6.68374e-05
-2.63518e-05
-9.08243e-05
-2.70044e-05
-5.21593e-05
-5.76571e-05
-5.81597e-05
-2.99419e-05
-5.38873e-05
-1.711e-05
-5.05113e-05
-4.65094e-05
-2.50793e-05
-4.65505e-05
3.39307e-05
-0.000109644
2.75697e-05
-0.000109963
-4.12713e-05
-0.000114469
-2.87701e-05
-0.000137705
-8.55777e-05
-0.000121023
-8.3464e-05
-0.000109783
-8.45849e-05
-0.000175245
-4.31831e-05
-0.000176925
-5.92181e-05
-0.000106445
-5.94288e-05
-8.41674e-05
-2.99887e-05
-8.03232e-05
-4.32137e-05
-1.23583e-05
-5.72379e-05
-3.67753e-06
-5.23314e-05
-2.33587e-05
-4.63143e-05
-4.63553e-05
-3.81426e-05
-3.1525e-05
-4.67893e-05
-1.77051e-05
-4.81366e-05
-2.5657e-05
-8.27182e-05
-2.30754e-05
-8.79169e-05
-2.47432e-05
-5.2137e-05
-5.289e-05
-5.47405e-05
-4.39059e-05
-3.45852e-05
-4.52346e-05
2.35846e-06
-0.000112002
2.79998e-07
-0.000107885
-5.77615e-06
-0.000108413
-3.61645e-05
-0.000107317
-4.52015e-05
-0.000111986
-5.96538e-05
-9.5331e-05
-7.7236e-05
-0.000157662
-0.000111404
-0.000142757
-0.000134607
-8.3241e-05
-0.000146706
-7.2068e-05
-0.000143608
-8.34213e-05
-0.000131198
-2.47685e-05
-7.7385e-05
-5.74904e-05
-5.84392e-05
-4.23045e-05
-7.70159e-05
-2.77786e-05
-7.53848e-05
-3.31562e-05
-5.13976e-05
-4.16924e-05
-5.73677e-05
-1.96868e-05
-5.20557e-05
-2.83874e-05
-4.58898e-05
-3.0909e-05
-7.45908e-05
-2.41889e-05
-7.48109e-05
-4.36858e-05
-3.38268e-05
-7.55692e-05
-7.64977e-06
-0.000104352
-1.04571e-05
-0.000105077
-2.37203e-05
-9.51498e-05
-2.67668e-05
-0.00010427
-4.64063e-05
-9.23471e-05
-7.22598e-06
-0.000134511
-6.53537e-05
-9.95346e-05
-5.85704e-05
-0.000149541
-8.42441e-05
-5.75672e-05
-9.10853e-05
-6.52268e-05
-0.000113635
-6.08712e-05
-7.58931e-05
-6.25106e-05
-9.96767e-05
-3.37068e-05
-8.56995e-05
-5.62817e-05
-8.28614e-05
-3.06167e-05
-7.68356e-05
-3.9182e-05
-8.90217e-05
-2.95063e-05
-5.62933e-05
-5.24152e-05
-5.71199e-05
-2.75608e-05
-5.09943e-05
-3.70345e-05
-3.94671e-05
-3.57162e-05
-4.01895e-05
-4.29635e-05
-2.55373e-05
-4.84789e-05
-5.5494e-06
-9.88031e-05
-1.03847e-05
-0.000100242
-7.76358e-06
-9.7771e-05
-2.2028e-05
-9.0006e-05
-2.37557e-05
-9.06194e-05
-1.19834e-05
-0.000146284
-1.6657e-05
-9.48611e-05
-7.47856e-05
-9.14121e-05
-5.80133e-05
-7.43395e-05
-5.58128e-05
-6.74271e-05
-5.2728e-05
-6.39559e-05
-5.51193e-05
-6.01192e-05
-4.64841e-05
-4.23419e-05
-6.70768e-05
-3.5689e-05
-4.30556e-05
-5.46379e-05
-3.9275e-05
-4.29625e-05
-3.90037e-05
-2.97776e-05
-5.46249e-05
-3.67939e-05
-5.25092e-05
-2.96765e-05
-4.90871e-05
-4.04566e-05
-4.59843e-05
-3.8819e-05
-4.74244e-05
-4.15233e-05
-2.63807e-05
-4.65811e-05
-6.8049e-06
-9.19983e-05
-1.93603e-05
-8.76869e-05
-2.88831e-05
-8.82482e-05
1.19824e-05
-0.000130871
4.04367e-06
-8.26808e-05
-4.36108e-05
-9.86292e-05
-5.17015e-05
-8.67704e-05
-5.44234e-05
-8.86901e-05
-4.17137e-05
-8.70492e-05
-4.05662e-05
-6.85745e-05
-4.40491e-05
-6.04729e-05
-4.96814e-05
-5.44869e-05
-5.58932e-05
-3.613e-05
-5.35189e-05
-3.80633e-05
-3.99468e-05
-6.821e-05
-4.9423e-05
-3.34863e-05
-4.88618e-05
-3.03388e-05
-4.85975e-05
-3.70581e-05
-4.19023e-05
-3.63718e-05
-4.21837e-05
-4.01752e-05
-4.13293e-05
-3.96735e-05
-3.94219e-05
-4.34307e-05
-2.66156e-05
-3.9187e-05
-2.50494e-05
-6.69489e-05
-3.93944e-06
-0.000108797
7.186e-06
-9.93737e-05
-1.48792e-05
-0.000108806
8.72487e-07
-9.84325e-05
-1.49094e-05
-8.28474e-05
-3.26793e-05
-6.90005e-05
-4.17994e-05
-7.95699e-05
-5.76317e-05
-7.12168e-05
-6.31008e-05
-6.31053e-05
-6.37146e-05
-5.9859e-05
-6.35896e-05
-5.46118e-05
-5.73552e-05
-4.23643e-05
-5.33821e-05
-4.20364e-05
-7.72769e-05
-4.43153e-05
-4.16908e-05
-6.90723e-05
-4.00292e-05
-3.20004e-05
-4.20993e-05
-3.4988e-05
-3.97076e-05
-3.87635e-05
-4.92545e-05
-3.06284e-05
-4.98453e-05
-3.90826e-05
-5.0626e-05
-4.265e-05
-3.66093e-05
-4.06323e-05
1.6481e-05
-8.34298e-05
6.98923e-07
-9.30149e-05
-1.32029e-05
-8.54719e-05
-2.56646e-05
-9.63446e-05
-3.49573e-05
-8.91398e-05
-2.59881e-05
-9.18166e-05
-6.5008e-06
-8.84877e-05
-2.36341e-05
-6.24365e-05
-3.96551e-05
-5.51957e-05
-4.71424e-05
-5.56179e-05
-5.28685e-05
-5.41328e-05
-5.43775e-05
-5.31027e-05
-4.59402e-05
-5.08016e-05
-3.56635e-05
-5.2313e-05
-2.9631e-05
-5.03478e-05
-4.93795e-05
-4.93238e-05
-4.65825e-05
-3.47974e-05
-3.33698e-05
-4.82008e-05
-4.12582e-05
-3.08751e-05
-4.33211e-05
-2.85656e-05
-4.16317e-05
-4.0772e-05
-4.27596e-05
-4.15222e-05
-3.30617e-05
-4.63072e-05
-3.18825e-06
-8.02416e-05
-7.54556e-06
-8.86576e-05
-5.22076e-06
-8.77967e-05
-1.53293e-05
-8.6236e-05
-2.01608e-05
-8.43083e-05
-3.23978e-05
-7.95796e-05
-4.21414e-05
-7.8744e-05
-3.24557e-05
-7.21222e-05
-4.54564e-05
-4.2195e-05
-5.98444e-05
-4.12299e-05
-4.93359e-05
-6.46412e-05
-3.72145e-05
-6.52241e-05
-2.63804e-05
-6.16357e-05
-3.4673e-05
-4.40204e-05
-4.53952e-05
-3.96256e-05
-4.86825e-05
-4.60365e-05
-2.5587e-05
-5.78929e-05
-3.94508e-05
-3.4337e-05
-3.99005e-05
-3.04254e-05
-3.91257e-05
-2.93404e-05
-4.14413e-05
-3.84563e-05
-4.23908e-05
-4.05727e-05
-3.45313e-05
-4.09211e-05
-1.36704e-07
-8.01049e-05
-5.4286e-06
-8.33657e-05
-9.82258e-06
-8.34027e-05
-1.47403e-05
-8.13182e-05
-1.92591e-05
-7.97895e-05
-2.14982e-05
-7.73405e-05
-2.54451e-05
-7.47971e-05
-2.79296e-05
-6.96377e-05
-3.235e-05
-3.77745e-05
-3.75735e-05
-3.60064e-05
-4.33716e-05
-5.8843e-05
-5.01088e-05
-5.84869e-05
-5.23193e-05
-5.94252e-05
-3.85433e-05
-5.77964e-05
-4.1621e-05
-3.65479e-05
-3.26994e-05
-5.49581e-05
-5.32585e-05
-3.73338e-05
-3.06621e-05
-5.69335e-05
-3.39091e-05
-2.71783e-05
-3.52787e-05
-2.79709e-05
-3.7528e-05
-3.6207e-05
-4.03631e-05
-3.77375e-05
-2.99122e-05
-4.49821e-05
-3.60848e-06
-7.64964e-05
-7.24319e-06
-7.97309e-05
-9.83597e-06
-8.08099e-05
-1.31207e-05
-7.80335e-05
-1.65739e-05
-7.63362e-05
-2.13419e-05
-7.25726e-05
-2.69109e-05
-6.9228e-05
-2.8443e-05
-6.81056e-05
-3.17642e-05
-3.44532e-05
-3.4786e-05
-3.29845e-05
-3.73206e-05
-5.63084e-05
-4.14149e-05
-5.43925e-05
-4.11172e-05
-5.97228e-05
-4.11428e-05
-5.77707e-05
-4.30986e-05
-3.45922e-05
-4.10183e-05
-5.70384e-05
-4.37498e-05
-3.46023e-05
-5.33901e-05
-4.72931e-05
-3.09735e-05
-4.95949e-05
-2.61587e-05
-3.27858e-05
-3.64089e-05
-2.59567e-05
-4.32886e-05
-3.08578e-05
-3.19625e-05
-4.12383e-05
-1.17607e-06
-7.53203e-05
-2.82685e-06
-7.808e-05
-6.67548e-06
-7.69612e-05
-9.32775e-06
-7.53812e-05
-1.22382e-05
-7.34257e-05
-1.59543e-05
-6.88565e-05
-2.04105e-05
-6.47717e-05
-2.11828e-05
-6.73333e-05
-1.92076e-05
-3.64283e-05
-1.68408e-05
-3.53513e-05
-3.80177e-05
-3.51315e-05
-3.02183e-05
-6.21919e-05
-2.96103e-05
-6.03308e-05
-3.65401e-05
-5.0841e-05
-1.59458e-05
-5.51865e-05
-3.70761e-05
-3.59081e-05
-2.06891e-05
-5.09893e-05
-3.66988e-05
-3.12834e-05
-3.14557e-05
-5.4838e-05
-3.20539e-05
-3.21876e-05
-3.40379e-05
-2.39727e-05
-3.72593e-05
-2.76364e-05
-2.80837e-05
-4.1138e-05
-1.69519e-06
-7.36251e-05
-3.15086e-06
-7.66243e-05
-7.31615e-06
-7.27958e-05
-1.0514e-05
-7.21832e-05
-1.39052e-05
-7.00345e-05
-1.58137e-05
-6.69479e-05
-1.95716e-05
-6.10137e-05
-2.14096e-05
-6.54953e-05
-2.36686e-05
-3.41693e-05
-2.2844e-05
-3.61759e-05
-2.51222e-05
-3.28532e-05
-2.05936e-05
-6.67205e-05
-2.27083e-05
-5.82161e-05
-2.26013e-05
-5.0948e-05
-2.28572e-05
-5.49306e-05
-3.08992e-05
-2.78661e-05
-3.20631e-05
-4.98253e-05
-3.27367e-05
-3.06097e-05
-4.128e-05
-4.62947e-05
-2.85336e-05
-4.49339e-05
-2.72305e-05
-2.52757e-05
-3.44345e-05
-2.04323e-05
-2.26868e-05
-3.98314e-05
-1.06243e-06
-7.25626e-05
-2.11011e-06
-7.55765e-05
-2.38141e-06
-7.25245e-05
-2.91274e-07
-7.42733e-05
3.19484e-06
-7.35205e-05
-1.66154e-05
-4.71377e-05
-3.42274e-05
-4.34017e-05
-2.83707e-05
-7.13521e-05
-2.32298e-05
-3.93102e-05
-2.02297e-05
-3.91759e-05
-1.55848e-05
-3.74981e-05
-2.02961e-05
-6.20093e-05
-2.46545e-05
-5.38577e-05
-2.31184e-05
-5.24841e-05
-3.48001e-05
-4.32489e-05
-1.59899e-05
-4.66762e-05
-2.20416e-05
-4.37735e-05
-2.49243e-05
-2.77269e-05
-3.00909e-05
-4.1128e-05
-2.45072e-05
-5.05175e-05
-3.33174e-05
-1.64654e-05
-3.51714e-05
-1.85782e-05
-2.3118e-05
-3.47401e-05
-1.69082e-06
-7.08717e-05
-3.62468e-06
-7.36425e-05
-5.25373e-06
-7.08953e-05
-8.60032e-06
-7.09267e-05
-1.15576e-05
-7.05632e-05
-1.25395e-05
-4.61557e-05
-1.37546e-05
-4.21866e-05
-1.3413e-05
-7.16937e-05
-1.13822e-05
-4.13411e-05
-1.2142e-05
-3.84161e-05
-1.03333e-05
-3.93069e-05
-1.44306e-05
-5.79121e-05
-1.86314e-05
-4.96568e-05
-1.96532e-05
-5.14624e-05
-1.8192e-05
-4.471e-05
-1.73684e-05
-4.74998e-05
-3.43554e-05
-2.67864e-05
-1.92367e-05
-4.28456e-05
-3.20718e-05
-2.82929e-05
-4.2603e-05
-3.99864e-05
-2.44703e-05
-3.45981e-05
-2.60074e-05
-1.70411e-05
-1.20297e-05
-3.70956e-05
-6.3041e-07
-7.02413e-05
-1.45943e-06
-7.28134e-05
-2.27117e-06
-7.00835e-05
-4.49491e-06
-6.87029e-05
-5.31251e-06
-6.97456e-05
-1.13141e-05
-4.01541e-05
-1.56431e-05
-3.78576e-05
-2.85234e-05
-5.88134e-05
-1.61852e-05
-5.36794e-05
-3.5794e-06
-5.10219e-05
-1.182e-05
-3.10664e-05
-2.02618e-05
-4.94702e-05
-1.87312e-05
-5.11875e-05
-2.18586e-05
-4.83349e-05
-2.13154e-05
-4.52532e-05
-3.1075e-05
-3.77401e-05
-1.7988e-05
-3.98733e-05
-2.10255e-05
-3.9808e-05
-2.35216e-05
-2.57967e-05
-2.94202e-05
-3.40878e-05
-2.44694e-05
-3.95488e-05
-3.12852e-05
-1.02253e-05
-1.03078e-05
-3.30071e-05
-5.11883e-07
-6.97293e-05
-1.22148e-06
-7.21037e-05
-2.48776e-06
-6.88172e-05
-7.11517e-06
-6.40754e-05
-1.65694e-05
-6.02913e-05
-1.75806e-07
-5.65477e-05
-4.1588e-06
-3.38746e-05
-8.53201e-06
-5.44403e-05
-9.99265e-06
-5.22188e-05
-6.78952e-06
-5.42251e-05
-6.59499e-06
-3.12609e-05
-2.49635e-05
-3.11018e-05
-1.83018e-05
-5.78491e-05
-1.76168e-05
-4.902e-05
-1.70414e-05
-4.58286e-05
-1.69425e-05
-3.7839e-05
-1.81615e-05
-3.86542e-05
-2.43084e-05
-3.36611e-05
-1.53379e-05
-3.47672e-05
-2.99707e-05
-1.9455e-05
-4.87828e-05
-2.07367e-05
-2.92028e-05
-2.98054e-05
-7.65922e-06
-3.18514e-05
-2.31705e-07
-6.94975e-05
-1.14201e-06
-7.11933e-05
-7.23928e-07
-6.92352e-05
-4.1764e-06
-6.06228e-05
-3.92671e-06
-6.0541e-05
-1.89696e-06
-5.85774e-05
-2.40238e-06
-3.33692e-05
-2.13265e-05
-3.55162e-05
-1.216e-05
-6.13854e-05
-9.60648e-06
-5.67786e-05
-7.2012e-06
-3.36662e-05
-8.07761e-06
-3.02254e-05
-1.3386e-05
-5.25408e-05
-1.53682e-05
-4.70377e-05
-1.70557e-05
-4.41411e-05
-1.58192e-05
-3.90755e-05
-2.10197e-05
-3.34537e-05
-2.19824e-05
-3.26983e-05
-2.6859e-05
-2.98905e-05
-2.74044e-05
-1.89096e-05
-2.36686e-05
-2.44725e-05
-3.65514e-05
-1.69226e-05
-1.96257e-05
-2.4585e-05
3.10649e-08
-6.95286e-05
-2.61882e-07
-7.09003e-05
1.95435e-06
-7.14513e-05
2.49356e-06
-6.1162e-05
-1.60962e-05
-4.19512e-05
-8.29943e-06
-6.63741e-05
-5.83571e-06
-3.5833e-05
-8.10023e-06
-3.32517e-05
-5.53243e-06
-6.39532e-05
-8.052e-06
-5.42591e-05
-8.00375e-06
-3.37145e-05
-9.61842e-06
-2.86107e-05
-1.24854e-05
-4.96738e-05
-1.27673e-05
-4.67558e-05
-1.28611e-05
-4.40474e-05
-1.30559e-05
-3.88807e-05
-1.36057e-05
-3.29039e-05
-1.16032e-05
-3.47008e-05
-1.57535e-05
-2.57403e-05
-1.91406e-05
-1.55224e-05
-2.09891e-05
-2.2624e-05
-2.54417e-05
-1.24698e-05
-1.70771e-05
-2.79902e-05
-9.57787e-07
-6.85707e-05
-1.02575e-06
-7.08322e-05
-2.08e-06
-7.0397e-05
-2.30433e-06
-6.09376e-05
-5.66344e-06
-3.85921e-05
-3.94945e-06
-6.80881e-05
-4.94803e-06
-3.48344e-05
-7.46197e-06
-3.07378e-05
-9.7924e-06
-6.16228e-05
-1.40093e-05
-5.00423e-05
3.79584e-06
-5.15196e-05
2.86753e-06
-2.76825e-05
-1.80364e-05
-2.87699e-05
-1.30544e-05
-5.17379e-05
-1.21816e-05
-4.49202e-05
-1.21636e-05
-3.88988e-05
-1.09613e-05
-3.41062e-05
-1.75337e-05
-2.81284e-05
-1.80238e-05
-2.525e-05
-1.43834e-05
-1.91627e-05
-1.46381e-05
-2.23692e-05
-1.90901e-05
-8.01769e-06
-1.77489e-05
-1.84181e-05
-1.01427e-06
-6.75564e-05
-1.63896e-06
-7.02075e-05
-2.45318e-06
-6.95827e-05
-2.12789e-06
-6.12629e-05
-6.22283e-06
-3.44971e-05
-6.26382e-06
-6.80472e-05
-2.65852e-06
-3.84398e-05
-3.19739e-07
-3.30766e-05
1.46548e-06
-6.34081e-05
-1.27113e-05
-3.58655e-05
-9.26082e-06
-5.49702e-05
-8.1027e-06
-2.88406e-05
-8.19183e-06
-2.86808e-05
-8.14528e-06
-5.17845e-05
-8.09266e-06
-4.49729e-05
-8.92504e-06
-3.80664e-05
-9.82132e-06
-3.32099e-05
-1.46353e-05
-2.33143e-05
-1.29353e-05
-2.69499e-05
-1.44605e-05
-1.76375e-05
-1.68083e-05
-2.00214e-05
-1.74172e-05
-7.40876e-06
-2.19153e-05
-1.32508e-05
-1.09779e-06
-6.64586e-05
-2.2653e-06
-6.90399e-05
-1.53637e-06
-7.03116e-05
-4.0584e-06
-5.87408e-05
-5.43096e-06
-3.31245e-05
-5.40318e-06
-6.80749e-05
-6.81956e-06
-3.70234e-05
-4.88159e-06
-3.50146e-05
-5.07641e-06
-6.32134e-05
-6.56872e-06
-3.43733e-05
-3.43701e-06
-5.81019e-05
-3.98654e-06
-2.82911e-05
-5.63607e-06
-2.70313e-05
-6.99134e-06
-5.04292e-05
-7.42217e-06
-4.4542e-05
-7.4358e-06
-3.80527e-05
-7.40347e-06
-3.32422e-05
-5.9898e-06
-2.4728e-05
-8.22774e-06
-2.47119e-05
-7.94889e-06
-1.79163e-05
-1.70366e-05
-1.09336e-05
-1.31807e-05
-1.12647e-05
-1.1031e-05
-2.4065e-05
-2.56411e-06
-6.38944e-05
-6.85917e-06
-6.47448e-05
-7.93373e-06
-6.9237e-05
-3.29291e-06
-6.33816e-05
-4.5685e-06
-3.18489e-05
-9.64734e-06
-6.29961e-05
4.53063e-06
-5.12014e-05
3.50334e-06
-3.39874e-05
-8.48643e-07
-5.88614e-05
-2.55416e-06
-3.26678e-05
-4.31049e-06
-5.63456e-05
-4.19188e-06
-2.84097e-05
-3.76667e-06
-2.74565e-05
-4.46385e-06
-4.9732e-05
-5.20548e-06
-4.38003e-05
-5.94802e-06
-3.73102e-05
-7.68413e-06
-3.15061e-05
-6.81763e-06
-2.55945e-05
-9.53065e-06
-2.19989e-05
-1.00015e-05
-1.74455e-05
-1.14433e-05
-9.49179e-06
-1.05669e-05
-1.21412e-05
-3.34267e-06
-1.82552e-05
-3.2921e-07
-6.35652e-05
9.44182e-07
-6.60181e-05
4.36685e-06
-7.26596e-05
-1.43402e-05
-4.46745e-05
-8.6051e-06
-3.7584e-05
-6.83372e-06
-6.47675e-05
-2.12221e-06
-5.59129e-05
-4.12345e-06
-3.19862e-05
-2.77293e-06
-6.0212e-05
-4.90195e-06
-3.05388e-05
-3.85e-06
-5.73976e-05
-4.63156e-06
-2.76282e-05
-3.96697e-06
-2.8121e-05
-5.53104e-06
-4.81678e-05
-4.20251e-06
-4.51288e-05
-4.62477e-06
-3.68879e-05
-4.36579e-06
-3.17651e-05
-4.67683e-06
-2.52835e-05
-3.56008e-06
-2.31157e-05
-1.52373e-06
-1.94819e-05
-2.59509e-06
-8.42043e-06
-6.39614e-06
-8.34011e-06
-4.57389e-06
-5.16483e-06
-4.51901e-06
-1.07947e-05
-2.38857e-05
-4.63851e-06
1.21231e-05
-9.9561e-07
-7.01211e-06
2.55411e-06
-6.38648e-06
-1.22308e-06
-1.13546e-05
-1.99654e-06
1.14027e-05
1.96347e-06
-4.0119e-06
-8.06959e-06
-9.13123e-06
-9.85259e-06
-1.33111e-05
-1.44596e-05
-1.04956e-05
-5.1749e-06
-6.69848e-06
0.000210459
8.55226e-05
0.000121263
8.91966e-05
1.60957e-06
0.000119653
7.76985e-05
-7.60889e-05
0.000254027
5.6698e-05
0.000248836
9.43868e-05
0.000307505
6.09843e-05
5.36784e-05
0.000331525
0.000263301
2.48031e-05
0.000335881
2.18072e-05
0.000351981
4.48845e-05
4.48499e-05
0.000360809
0.000298145
1.56653e-05
0.000303429
1.65234e-05
0.000326208
2.21057e-05
3.14896e-05
0.000339568
0.000227972
1.64803e-06
0.00023782
6.67536e-06
0.000243328
1.65981e-05
2.61017e-05
0.000248715
0.000239518
1.56087e-05
0.000230035
1.61577e-05
0.000229441
1.71924e-05
2.18932e-05
0.00023365
0.000271512
2.35757e-05
0.000257432
3.02372e-05
0.000232896
4.17283e-05
4.83561e-05
0.000206433
0.000209653
2.36497e-05
0.000189465
5.04257e-05
0.000156047
7.51464e-05
6.5145e-05
0.000139258
0.000104064
1.75924e-05
8.54635e-05
6.90267e-05
8.17402e-05
7.88697e-05
3.944e-05
0.000107445
-3.5336e-05
5.02017e-05
-4.32266e-05
7.69172e-05
-3.02788e-05
6.5922e-05
2.42143e-05
-1.50531e-05
-4.89946e-05
3.50896e-05
-4.52172e-05
7.31399e-05
-1.27683e-05
3.34731e-05
1.52377e-05
-3.7917e-06
-5.00693e-05
1.80831e-05
-4.09765e-06
2.71682e-05
1.46389e-05
1.47365e-05
1.89827e-06
2.79784e-05
-3.02532e-05
4.8026e-06
-7.27346e-06
4.18854e-06
7.37811e-06
8.49912e-08
-5.04564e-06
1.43221e-05
-4.4522e-05
-8.99359e-06
-3.2959e-05
-7.37437e-06
-1.93112e-05
-1.35627e-05
-1.2619e-05
-1.17378e-05
-3.61756e-05
-1.73628e-05
-1.77581e-05
-2.57919e-05
-1.59203e-06
-2.97287e-05
-1.66603e-05
2.44924e-06
-3.36749e-05
-1.80556e-05
-3.22582e-05
-2.72085e-05
-3.01912e-05
-3.17957e-05
-1.97614e-05
-2.709e-05
-3.05297e-05
-1.17846e-05
-4.21239e-05
-1.56142e-05
-4.6323e-05
-2.75966e-05
-2.92638e-05
-3.68206e-05
-4.57291e-05
-1.2606e-05
-3.7014e-05
-2.43293e-05
-4.28554e-05
-2.17551e-05
-2.17572e-05
-5.0362e-05
-3.8484e-05
-1.93566e-05
-5.22439e-05
-1.05695e-05
-6.15966e-05
-1.24024e-05
-2.23849e-05
-6.09689e-05
-8.2273e-05
-1.26528e-05
-7.10617e-05
-2.17807e-05
-6.93797e-05
-1.40845e-05
-1.53449e-05
-7.64198e-05
-4.87978e-05
-1.2334e-05
-4.97466e-05
-2.08319e-05
-4.22087e-05
-2.16225e-05
-2.37503e-05
-3.38035e-05
-4.14118e-05
-1.75033e-05
-4.37032e-05
-1.85406e-05
-4.81618e-05
-1.71639e-05
-1.89872e-05
-5.29249e-05
-4.31289e-05
-1.35614e-05
-4.72019e-05
-1.44675e-05
-5.04187e-05
-1.39472e-05
-1.3383e-05
-5.6023e-05
-3.48066e-05
-1.9387e-05
-3.72107e-05
-1.20634e-05
-3.84082e-05
-1.27497e-05
-1.40535e-05
-3.77377e-05
-5.02195e-05
-1.54746e-05
-4.74089e-05
-1.4874e-05
-4.55731e-05
-1.45855e-05
-1.019e-05
-4.94366e-05
-4.22601e-05
-1.41355e-05
-4.96532e-05
-7.48089e-06
-5.2127e-05
-1.21116e-05
-1.19601e-05
-5.03568e-05
-5.04693e-05
-8.64813e-06
-4.57687e-05
-1.21815e-05
-5.06753e-05
-7.20499e-06
-1.05495e-05
-5.20859e-05
-3.84565e-05
-1.14299e-05
-4.4133e-05
-6.50488e-06
-4.49369e-05
-6.40112e-06
-9.85186e-06
-4.56344e-05
-4.24293e-05
-1.01385e-05
-3.93339e-05
-9.60026e-06
-4.05526e-05
-5.18234e-06
-5.12598e-06
-4.52785e-05
-4.34455e-05
-6.52439e-06
-4.41377e-05
-8.908e-06
-4.06312e-05
-8.6889e-06
-8.26617e-06
-3.7491e-05
-3.2987e-05
-8.27748e-06
-3.73663e-05
-4.52859e-06
-3.89819e-05
-7.0733e-06
-7.55856e-06
-3.96895e-05
-4.15789e-05
-3.79422e-06
-3.90405e-05
-7.06696e-06
-3.88916e-05
-7.22207e-06
-6.95214e-06
-3.9498e-05
-3.25556e-05
-4.24575e-06
-3.33381e-05
-6.28447e-06
-3.65792e-05
-3.98092e-06
-5.51821e-06
-3.80131e-05
-3.19742e-05
-4.12301e-06
-3.1973e-05
-6.28569e-06
-3.0361e-05
-5.59295e-06
-3.65008e-06
-3.2229e-05
-2.22922e-05
-6.41576e-06
-2.51815e-05
-3.39635e-06
-2.64098e-05
-4.36465e-06
-1.93762e-06
-2.81222e-05
-3.03032e-05
-4.10269e-06
-2.78775e-05
-5.82203e-06
-2.82913e-05
-3.95077e-06
-1.28886e-06
-2.894e-05
-1.84161e-05
-4.10464e-06
-1.98101e-05
-4.42794e-06
-2.14264e-05
-2.33443e-06
-6.52774e-07
-2.20624e-05
-1.69858e-05
-3.69578e-07
-1.9866e-05
-1.54774e-06
-2.16562e-05
-5.44182e-07
-4.83836e-07
-2.18252e-05
-1.92819e-05
-5.15259e-06
-1.75506e-05
-3.27911e-06
-1.74247e-05
-6.70175e-07
4.88261e-07
-1.83968e-05
-1.54633e-05
-7.94444e-06
-1.67428e-05
-1.99967e-06
-1.6398e-05
-1.01486e-06
1.74716e-07
-1.60844e-05
-8.06235e-06
-5.0468e-06
-8.81168e-06
-1.25024e-06
-9.5556e-06
-2.70858e-07
1.00698e-06
-1.03878e-05
-8.84723e-06
-1.02836e-05
-9.53154e-06
-1.16373e-05
0.000117609
-1.4408e-05
0.000185711
-2.91571e-05
0.000137428
-3.98574e-05
9.39518e-05
-6.28479e-05
0.000123389
-8.19892e-05
0.000146235
-9.94845e-05
0.000228981
-0.000118037
0.000249884
-0.000123891
0.000234126
-0.000135213
0.000264332
-0.000146131
0.00027085
-0.000145007
0.000260215
-7.03249e-05
0.000221679
-8.03693e-05
0.00020487
-4.71347e-05
0.000199995
-4.25643e-05
0.000205133
-2.63121e-05
0.000193775
1.87352e-05
0.000147583
0.000210976
0.000956929
0.000249333
6.77843e-05
0.000200683
1.94928e-05
0.000245597
-8.47717e-05
0.000333307
-0.000150557
0.000358918
-0.0001076
0.000372087
-0.000112654
0.00036195
-0.0001079
0.000356851
-0.000118792
0.00026966
-4.80227e-05
0.000269137
-0.000145608
0.000246635
-0.000122504
0.000208641
-3.23307e-05
0.000181785
-5.35131e-05
0.000167511
-3.28605e-05
0.000166993
-4.20461e-05
0.000151096
-1.04158e-05
0.000134533
3.52981e-05
0.000109856
0.000235653
0.00106678
0.000370742
5.78516e-05
0.000378096
1.21384e-05
0.000394998
-0.000101673
0.000275997
-3.1556e-05
0.000267214
-9.8817e-05
0.000266193
-0.000111634
0.000258581
-0.000100288
0.000258745
-0.000118956
0.000259884
-4.91613e-05
0.000242012
-0.000127736
0.000183154
-6.36465e-05
0.000217676
-6.68523e-05
0.000181917
-1.77549e-05
0.000161103
-1.20462e-05
9.46694e-05
2.43876e-05
3.58351e-05
4.84185e-05
-1.66155e-05
8.77487e-05
2.92682e-05
0.00018977
0.00109605
0.000348463
4.89564e-05
0.000350488
1.01131e-05
0.000260734
-1.19189e-05
0.000278512
-4.93333e-05
0.000269369
-8.96744e-05
0.000253738
-9.60028e-05
0.00023046
-7.70107e-05
0.000190623
-7.91188e-05
0.000249782
-0.000108321
0.00015679
-3.4744e-05
0.000141335
-4.81916e-05
0.000138582
-6.40988e-05
0.000146219
-2.53916e-05
0.00016562
-3.14476e-05
0.000181218
8.78994e-06
0.000177367
5.22688e-05
0.000128491
0.000136625
6.90364e-05
0.000249224
0.00116509
0.000270323
2.73492e-05
0.000285509
-5.07295e-06
0.000226317
4.72731e-05
0.000231845
-5.4862e-05
0.000225458
-8.32874e-05
0.000247196
-0.00011774
0.000232302
-6.21173e-05
0.000207724
-5.45404e-05
0.000170147
-7.07439e-05
0.00017397
-3.85667e-05
0.000173969
-4.8191e-05
0.00016127
-5.14001e-05
0.000159645
-2.37664e-05
0.00016618
-3.79825e-05
0.000166655
8.31485e-06
0.000156187
6.27373e-05
0.000127695
0.000165116
6.50968e-05
0.000311823
0.00123019
0.00022601
3.49887e-05
0.000263597
-4.26598e-05
0.000304287
6.58247e-06
0.000295444
-4.60185e-05
0.000318399
-0.000106243
0.000209549
-8.88987e-06
0.000214021
-6.65893e-05
0.000202879
-4.33984e-05
0.00016441
-3.22741e-05
0.000161208
-3.53652e-05
0.000149222
-3.62046e-05
0.000125824
-2.80027e-05
0.000121992
-1.9934e-05
0.000145651
-6.16419e-05
0.000159274
-5.3078e-06
0.000219273
2.73759e-06
0.0002033
0.00018109
7.72498e-05
0.000437873
0.00130744
0.000207098
3.43247e-05
0.000225061
-6.06235e-05
0.000245305
-1.36613e-05
0.000264517
-6.52301e-05
0.000176861
-1.8587e-05
0.000165095
2.87578e-06
0.000118375
-1.98688e-05
0.000105839
-3.08626e-05
0.000110644
-3.70789e-05
0.000113915
-3.8637e-05
0.00012083
-4.31187e-05
0.000130657
-3.78306e-05
0.00015538
-4.46562e-05
0.000162836
-6.90983e-05
0.000152309
5.21888e-06
0.000153672
1.37446e-06
0.000142975
0.000191787
6.24622e-05
0.000518386
0.0013699
0.00013961
3.39725e-05
8.1928e-05
-2.94157e-06
0.000111733
-4.34667e-05
0.000150644
-0.000104141
0.000180205
-4.81476e-05
0.000125734
5.73462e-05
0.000105191
6.7427e-07
0.000101158
-2.6829e-05
0.00013588
-7.18017e-05
0.000180267
-8.30233e-05
0.000207406
-7.02579e-05
0.000210443
-4.08681e-05
0.000207841
-4.20542e-05
0.000207441
-6.86978e-05
0.000289095
-7.64353e-05
0.000192582
9.7887e-05
0.000155621
0.000228748
6.65623e-05
0.000607445
0.00143646
8.68894e-05
5.45283e-05
7.7265e-05
6.68287e-06
5.24304e-05
-1.86321e-05
5.90343e-05
-0.000110745
9.10589e-05
-8.01723e-05
0.000121726
2.66794e-05
0.000115767
6.63254e-06
0.000127529
-3.85907e-05
0.000167133
-0.000111406
0.00019706
-0.00011295
0.000212191
-8.53892e-05
0.000202417
-3.10938e-05
0.000171521
-1.11581e-05
0.000143526
-4.07031e-05
0.00012372
-5.66296e-05
0.000160448
6.11599e-05
0.000155679
0.000233517
6.2983e-05
0.00070014
0.00149944
2.06739e-05
1.88013e-05
5.99336e-05
-3.25768e-05
8.58765e-05
-4.45749e-05
8.50489e-05
-0.000109917
0.000103806
-9.89296e-05
0.000239193
-0.000108707
0.000265674
-1.98484e-05
0.000270425
-4.3342e-05
0.000200658
-4.1639e-05
0.000206119
-0.000118411
0.000211434
-9.0705e-05
0.000204467
-2.41267e-05
0.000171684
2.1625e-05
0.000124966
6.01485e-06
0.000109152
-4.08154e-05
0.000153455
1.68572e-05
0.000166088
0.000220884
5.59795e-05
0.000810249
0.00155542
2.8057e-05
-1.30473e-05
3.76233e-05
-4.21429e-05
6.66978e-05
-7.36495e-05
3.96835e-05
-8.29029e-05
6.885e-05
-0.000128096
5.01011e-05
-8.99582e-05
0.000159905
-0.000129652
0.000209513
-9.295e-05
0.000317101
-0.000149227
0.000312964
-0.000114274
0.000349739
-0.000127479
0.000342435
-1.68228e-05
0.000300976
6.30836e-05
0.000245519
6.14726e-05
0.000207465
-2.76237e-06
0.000219402
4.92089e-06
0.000169674
0.000270611
3.96501e-05
0.000940273
0.00159507
4.64712e-05
-3.154e-05
5.2851e-05
-4.85227e-05
4.21575e-05
-6.2956e-05
6.56856e-05
-0.000106431
4.62933e-05
-0.000108704
9.22548e-05
-0.00013592
0.00012454
-0.000161937
0.000262775
-0.000231185
0.000302658
-0.00018911
0.000323005
-0.000134621
0.000284027
-8.85011e-05
0.000233249
3.39552e-05
0.000223243
7.3089e-05
0.000219267
6.54493e-05
0.000201938
1.45665e-05
0.000185297
2.15615e-05
0.000116276
0.000339633
6.98219e-06
0.00104957
0.00160206
1.80792e-05
-3.52971e-05
2.88739e-05
-5.93174e-05
3.58468e-05
-6.99289e-05
4.93323e-05
-0.000119916
5.19138e-05
-0.000111285
7.00158e-05
-0.000154021
7.87595e-05
-0.000170681
7.51983e-05
-0.000227624
0.000117652
-0.000231564
0.000169127
-0.000186096
0.000136843
-5.62162e-05
0.000108073
6.27243e-05
0.000109723
7.14397e-05
0.000125661
4.95112e-05
0.000103064
3.71639e-05
9.50535e-05
2.95718e-05
1.51853e-05
0.000419501
-7.17243e-05
0.00113648
0.00153033
-5.3812e-06
-4.16536e-05
1.32683e-06
-6.60254e-05
1.57315e-05
-8.43336e-05
1.32412e-05
-0.000117426
2.2119e-05
-0.000120163
5.31446e-05
-0.000185047
7.01146e-05
-0.000187651
0.000111013
-0.000268523
0.000119189
-0.00023974
7.33487e-05
-0.000140256
8.69071e-05
-6.97745e-05
9.30962e-05
5.65352e-05
8.9755e-05
7.47809e-05
5.44619e-05
8.48043e-05
1.43317e-05
7.72942e-05
-1.45581e-05
5.84613e-05
-7.52595e-05
0.000480202
-6.69912e-05
0.00112821
0.00146334
1.48949e-07
-3.93533e-05
-8.16356e-06
-5.77129e-05
-2.03916e-05
-7.21056e-05
-3.75135e-06
-0.000134066
1.08319e-05
-0.000134746
2.38366e-05
-0.000198052
5.45457e-05
-0.00021836
-1.21082e-05
-0.000201869
-4.37998e-05
-0.000208048
2.466e-05
-0.000208715
5.32284e-05
-9.83429e-05
5.27493e-05
5.70143e-05
3.1123e-05
9.64071e-05
-2.31835e-05
0.000139111
-4.89845e-05
0.000103095
-0.000134725
0.000144201
-0.000146159
0.000491637
-7.24866e-05
0.00105454
0.00139085
-2.09132e-05
-4.55301e-05
-1.44984e-05
-6.41278e-05
-1.51533e-05
-7.14507e-05
-1.68107e-05
-0.000132409
-1.43647e-05
-0.000137192
-2.31433e-05
-0.000189273
-7.46355e-05
-0.000166868
-9.72632e-05
-0.000179241
-4.76694e-05
-0.000257642
-7.50569e-05
-0.000181328
-6.10002e-05
-0.0001124
-4.87427e-05
4.47567e-05
-0.0001021
0.000149765
-0.000165031
0.000202042
-0.000242345
0.000180409
-0.000293705
0.000195562
-0.000258753
0.000456685
-0.000169408
0.000965191
0.00122144
-3.85577e-05
-4.3793e-05
-4.02457e-05
-6.24398e-05
-2.21183e-05
-8.95781e-05
-2.0734e-05
-0.000133793
-6.389e-05
-9.4036e-05
-8.59084e-05
-0.000167255
-0.000114878
-0.000137898
-0.000106636
-0.000187482
-0.000189653
-0.000174625
-0.000264091
-0.000106891
-0.000299192
-7.72983e-05
-0.000193244
-6.11914e-05
-0.00017613
0.000132651
-0.000162157
0.000188068
-0.000201989
0.000220242
-0.000350464
0.000344036
-0.00036561
0.000471831
-0.000257126
0.000856707
0.000964319
-4.32058e-05
-5.09493e-05
-2.46077e-05
-8.1038e-05
-7.12469e-05
-4.29389e-05
-0.000115112
-8.99281e-05
-7.20128e-05
-0.000137135
-0.000100167
-0.000139101
-0.000100395
-0.00013767
-0.00021006
-7.78179e-05
-0.000291888
-9.27964e-05
-0.000220851
-0.000177928
-0.000229462
-6.86874e-05
-0.000332573
4.19196e-05
-0.00034032
0.000140399
-0.000329249
0.000176997
-0.000353836
0.000244829
-0.0003751
0.0003653
-0.000359431
0.000456162
-0.000225856
0.000723132
0.000738463
-8.45673e-05
-2.7351e-05
-0.000116362
-4.92434e-05
-7.40965e-05
-8.52044e-05
-5.7678e-05
-0.000106347
-0.000124809
-7.00041e-05
-0.000177439
-8.64723e-05
-0.000189885
-0.000125224
-0.000198783
-6.89193e-05
-0.000130895
-0.000160685
-0.000213323
-9.54995e-05
-0.000230281
-5.17301e-05
-0.000233597
4.52362e-05
-0.000222906
0.000129708
-0.000292331
0.000246421
-0.000301518
0.000254017
-0.000216475
0.000280256
-0.000200768
0.000440456
-0.000106596
0.00062896
0.000631866
-3.53201e-05
-6.84507e-05
-3.97792e-05
-4.47844e-05
-6.97745e-05
-5.5209e-05
-0.000134853
-4.12683e-05
-0.000141901
-6.29558e-05
-8.61338e-05
-0.00014224
-9.64517e-05
-0.000114906
-0.000114478
-5.08931e-05
-0.000172876
-0.000102287
-0.000212603
-5.57731e-05
-0.000333251
6.8918e-05
-0.000363703
7.56886e-05
-0.000347323
0.000113328
-0.000312811
0.000211909
-0.000295293
0.000236499
-0.000280998
0.000265962
-0.000256663
0.000416121
-0.000124984
0.000497281
0.000506882
-5.87891e-05
-4.34651e-05
-5.61104e-05
-4.74631e-05
-6.63476e-05
-4.49719e-05
-6.51895e-05
-4.24265e-05
-6.58924e-05
-6.22529e-05
-0.000160676
-4.74558e-05
-0.000214795
-6.07866e-05
-0.000145958
-0.00011973
-0.000149171
-9.90734e-05
-0.000173018
-3.19266e-05
-0.000183192
7.90937e-05
-0.000180991
7.34867e-05
-0.000176214
0.000108552
-0.000168688
0.000204383
-0.000158635
0.000226445
-0.000204742
0.000312068
-0.000163255
0.000374634
-8.3973e-05
0.000418
0.000422909
-4.80492e-05
-4.83408e-05
-5.00235e-05
-4.54889e-05
-6.01813e-05
-3.48142e-05
-7.26459e-05
-2.99621e-05
-8.53746e-05
-4.95244e-05
-8.67956e-05
-4.60347e-05
-0.000108011
-3.95714e-05
-0.00013985
-8.78916e-05
-0.000233325
-5.59777e-06
-0.000256134
-9.11838e-06
-0.000181276
4.23636e-06
-0.000190095
8.23053e-05
-0.00025826
0.000176717
-0.000254052
0.000200175
-0.000229796
0.00020219
-0.000187339
0.000269611
-0.000135003
0.000322298
-6.58349e-05
0.000348832
0.000357074
-5.94306e-05
-4.49332e-05
-6.02092e-05
-4.47102e-05
-6.35055e-05
-3.15179e-05
-6.51898e-05
-2.82779e-05
-8.39742e-05
-3.07401e-05
-9.90242e-05
-3.09849e-05
-0.000109171
-2.94244e-05
-0.000194582
-2.48116e-06
-0.000216872
1.66923e-05
-0.000238396
1.24057e-05
-0.000250662
1.65028e-05
-0.000257621
8.92637e-05
-0.000234257
0.000153354
-0.000147039
0.000112957
-0.000130113
0.000185264
-0.000133152
0.000272649
-0.000101116
0.000290263
-5.46258e-05
0.000302341
0.000302449
-5.16479e-05
-3.1023e-05
-6.60666e-05
-3.02914e-05
-6.99501e-05
-2.76343e-05
-6.76368e-05
-3.05911e-05
-7.44468e-05
-2.39299e-05
-8.958e-05
-1.58515e-05
-0.000103368
-1.56366e-05
-0.000108097
2.24836e-06
-0.000117712
2.63069e-05
-0.000127841
2.25356e-05
-0.000200799
8.94609e-05
-0.000196201
8.46657e-05
-0.0001382
9.53535e-05
-0.000128354
0.000103111
-0.000158862
0.000215773
-0.000120128
0.000233914
-8.93844e-05
0.000259519
-4.34387e-05
0.000256396
0.00025901
-5.44403e-05
-2.60194e-05
-5.70125e-05
-2.77193e-05
-6.34592e-05
-2.11875e-05
-7.54396e-05
-1.86106e-05
-8.35745e-05
-1.57949e-05
-8.9091e-05
-1.03348e-05
-9.5796e-05
-8.93158e-06
-9.05289e-05
-3.01849e-06
-0.000104093
3.98709e-05
-0.000111865
3.03075e-05
-0.000111933
8.95292e-05
-0.000109187
8.19201e-05
-0.000111246
9.74119e-05
-0.000163903
0.000155768
-0.000137017
0.000188887
-0.000110056
0.000206954
-4.8811e-05
0.000198274
-2.38629e-05
0.000231448
0.000235147
-5.01586e-05
-2.62176e-05
-5.91561e-05
-1.87219e-05
-6.5352e-05
-1.49917e-05
-6.93109e-05
-1.46517e-05
-7.53217e-05
-9.78405e-06
-8.09222e-05
-4.73433e-06
-8.98931e-05
3.92632e-08
-9.00251e-05
-2.88648e-06
-0.000101073
5.09189e-05
-0.000101801
3.10353e-05
-0.000101288
8.90161e-05
-9.6799e-05
7.74311e-05
-0.000103674
0.000104287
-9.38745e-05
0.000145969
-6.98917e-05
0.000164904
-5.44742e-05
0.000191536
-3.50473e-05
0.000178847
-1.86261e-05
0.000215026
0.000216521
-5.43138e-05
-2.39895e-05
-5.50675e-05
-1.79682e-05
-6.02871e-05
-9.77217e-06
-6.81686e-05
-6.7703e-06
-7.44391e-05
-3.51364e-06
-8.22558e-05
3.08231e-06
-8.97327e-05
7.51594e-06
-0.000130672
3.80531e-05
-0.000100729
2.09752e-05
-9.88552e-05
2.91615e-05
-9.81821e-05
8.8343e-05
-9.02035e-05
6.94525e-05
-9.55301e-05
0.000109613
-8.58542e-05
0.000136293
-6.2282e-05
0.000141332
-5.14938e-05
0.000180748
-3.4177e-05
0.00016153
-1.5991e-05
0.00019684
0.00020053
-5.05374e-05
-1.90863e-05
-5.40409e-05
-1.44647e-05
-5.63145e-05
-7.49848e-06
-6.15955e-05
-1.48942e-06
-6.89447e-05
3.83552e-06
-7.52341e-05
9.37173e-06
-8.44237e-05
1.67054e-05
-8.08992e-05
3.45286e-05
-8.99158e-05
2.99918e-05
-0.000132022
7.1268e-05
-9.46523e-05
5.09728e-05
-8.74572e-05
6.22574e-05
-8.52254e-05
0.000107381
-7.37698e-05
0.000124837
-7.97936e-05
0.000147356
-5.20056e-05
0.00015296
-3.4962e-05
0.000144487
-2.22611e-05
0.000184139
0.000178269
-4.79773e-05
-1.63873e-05
-4.96492e-05
-1.27927e-05
-5.37664e-05
-3.38111e-06
-5.81184e-05
2.86259e-06
-6.15308e-05
7.24798e-06
-6.52624e-05
1.31033e-05
-7.81705e-05
2.96135e-05
-8.37146e-05
4.00727e-05
-8.98834e-05
3.61606e-05
-7.66957e-05
5.80802e-05
-8.35896e-05
5.78664e-05
-0.000121044
9.97114e-05
-7.99187e-05
6.62561e-05
-6.949e-05
0.000114408
-5.27386e-05
0.000130604
-4.50122e-05
0.000145233
-4.05479e-05
0.000140022
-1.5479e-05
0.00015907
0.00016279
-4.30222e-05
-1.08561e-05
-4.67418e-05
-9.07311e-06
-4.65385e-05
-3.58439e-06
-4.83863e-05
4.71044e-06
-5.30044e-05
1.18661e-05
-5.51646e-05
1.52634e-05
-6.31104e-05
3.75593e-05
-7.10663e-05
4.80284e-05
-8.19545e-05
4.70487e-05
-8.76672e-05
6.37929e-05
-8.60183e-05
5.62173e-05
-6.63283e-05
8.00213e-05
-0.000105951
0.000105879
-5.70263e-05
6.54833e-05
-7.03156e-05
0.000143893
-4.37624e-05
0.00011868
-4.00846e-05
0.000136345
-1.87842e-05
0.00013777
0.000144006
-4.06349e-05
-9.91081e-06
-4.28685e-05
-6.83954e-06
-4.62897e-05
-1.63099e-07
-5.10431e-05
9.46379e-06
-4.81346e-05
8.95753e-06
-7.65207e-05
4.36495e-05
-6.04915e-05
2.153e-05
-6.64214e-05
5.39583e-05
-7.05221e-05
5.11493e-05
-7.11276e-05
6.43984e-05
-8.01143e-05
6.5204e-05
-8.42895e-05
8.41965e-05
-6.66127e-05
8.82021e-05
-0.000100112
9.89829e-05
-5.41791e-05
9.79604e-05
-4.00984e-05
0.000104599
-2.13212e-05
0.000117568
8.68793e-06
0.000107761
0.000152694
-4.12638e-05
-8.14503e-06
-4.51541e-05
-2.94922e-06
-4.95151e-05
4.198e-06
-4.58833e-05
5.83206e-06
-7.52345e-05
3.83088e-05
-6.89456e-05
3.73607e-05
-8.07485e-05
3.33329e-05
-6.38392e-05
3.70491e-05
-6.48328e-05
5.21431e-05
-6.36842e-05
6.32499e-05
-6.15252e-05
6.30451e-05
-5.40346e-05
7.67059e-05
-5.0331e-05
8.44985e-05
-4.47384e-05
9.33904e-05
-3.96584e-05
9.28804e-05
-3.82892e-05
0.00010323
-3.55511e-05
0.00011483
-4.5328e-05
0.000117538
0.000107366
-3.7428e-05
-8.72995e-06
-3.9432e-05
-9.45137e-07
-4.17713e-05
6.53738e-06
-4.48938e-05
8.95476e-06
-4.35032e-05
3.69183e-05
-5.7959e-05
5.18166e-05
-5.91637e-05
3.45378e-05
-8.01263e-05
5.80117e-05
-5.97018e-05
3.17186e-05
-5.94771e-05
6.30252e-05
-5.92009e-05
6.27689e-05
-5.51502e-05
7.26553e-05
-4.82337e-05
7.75819e-05
-4.08465e-05
8.60032e-05
-3.4957e-05
8.69909e-05
-2.88706e-05
9.71439e-05
-1.79645e-05
0.000103923
-6.85842e-06
0.000106432
0.000100507
-3.73254e-05
-3.63354e-06
-4.0784e-05
2.51363e-06
-3.9756e-05
5.50946e-06
-6.15075e-05
3.07063e-05
-3.63909e-05
1.18016e-05
-3.54996e-05
5.09253e-05
-5.24673e-05
5.15055e-05
-4.0451e-05
4.59954e-05
-7.30665e-05
6.43341e-05
-5.29729e-05
4.29315e-05
-5.22698e-05
6.20656e-05
-4.61228e-05
6.65082e-05
-4.13921e-05
7.2851e-05
-3.52191e-05
7.98302e-05
-3.11834e-05
8.29551e-05
-2.66796e-05
9.26401e-05
-1.93406e-05
9.65844e-05
-9.92532e-06
9.70167e-05
9.05818e-05
-3.08631e-05
-8.92647e-07
-3.15886e-05
3.23911e-06
-3.40225e-05
7.94344e-06
-3.51884e-05
3.18722e-05
-3.36701e-05
1.02832e-05
-3.20287e-05
4.92839e-05
-3.25172e-05
5.19939e-05
-4.98778e-05
6.33558e-05
-4.90861e-05
6.35423e-05
-7.02527e-05
6.40981e-05
-5.22979e-05
4.41107e-05
-4.78e-05
6.20102e-05
-3.95902e-05
6.46411e-05
-3.33447e-05
7.35847e-05
-2.81552e-05
7.77656e-05
-2.20859e-05
8.65707e-05
-1.43645e-05
8.88631e-05
-6.01246e-06
8.86646e-05
8.45693e-05
-3.12868e-05
1.45414e-06
-3.24694e-05
4.42166e-06
-3.28007e-05
8.27476e-06
-3.09108e-05
2.99822e-05
-5.62209e-05
3.55932e-05
-2.87725e-05
2.18354e-05
-3.86307e-05
6.18521e-05
-2.79057e-05
5.26308e-05
-2.8267e-05
6.39035e-05
-3.04397e-05
6.62708e-05
-3.29346e-05
4.66055e-05
-3.34158e-05
6.24914e-05
-2.92925e-05
6.05179e-05
-2.60062e-05
7.02984e-05
-2.23963e-05
7.41558e-05
-1.74003e-05
8.15748e-05
-1.1429e-05
8.28917e-05
-4.70267e-06
8.19383e-05
7.98667e-05
-2.48966e-05
4.28832e-06
-2.61042e-05
5.62916e-06
-2.87601e-05
1.09306e-05
-2.81012e-05
2.93233e-05
-3.8746e-05
4.6238e-05
-3.5853e-05
1.89424e-05
-2.45869e-05
5.05861e-05
-2.08961e-05
4.894e-05
-2.81481e-05
7.11555e-05
-1.89973e-05
5.712e-05
-5.53917e-05
8.30001e-05
-3.6617e-05
4.37168e-05
-3.08301e-05
5.4731e-05
-2.44785e-05
6.39468e-05
-1.99694e-05
6.96467e-05
-1.42907e-05
7.58962e-05
-8.91154e-06
7.75125e-05
-3.87865e-06
7.69054e-05
7.5988e-05
-2.4329e-05
6.79206e-06
-2.45791e-05
5.87932e-06
-2.31344e-05
9.48584e-06
-2.30047e-05
2.91937e-05
-2.21538e-05
4.53872e-05
-2.16675e-05
1.84562e-05
-1.92131e-05
4.81317e-05
-2.06149e-05
5.03419e-05
-2.07445e-05
7.12851e-05
-3.19047e-05
6.82803e-05
-3.02688e-05
8.13642e-05
-2.25209e-05
3.59689e-05
-2.25416e-05
5.47518e-05
-1.85731e-05
5.99783e-05
-1.5657e-05
6.67307e-05
-1.08548e-05
7.1094e-05
-6.47916e-06
7.31369e-05
-2.90941e-06
7.33357e-05
7.30786e-05
-1.85587e-05
6.954e-06
-1.9734e-05
7.0546e-06
-1.96767e-05
9.42862e-06
-2.2217e-05
3.1734e-05
-2.29391e-05
4.61093e-05
-3.35298e-05
2.9047e-05
-1.31843e-05
2.77862e-05
-2.08148e-05
5.79724e-05
-1.4918e-05
6.53882e-05
-1.57808e-05
6.91431e-05
-1.53264e-05
8.09098e-05
-1.83515e-05
3.8994e-05
-1.7718e-05
5.41183e-05
-1.4614e-05
5.68743e-05
-1.18404e-05
6.39571e-05
-8.22496e-06
6.74786e-05
-5.25325e-06
7.01653e-05
-2.65937e-06
7.07418e-05
7.04193e-05
-1.84698e-05
9.33935e-06
-1.97593e-05
8.34414e-06
-2.89794e-05
1.86488e-05
-1.46984e-05
1.74531e-05
-1.70178e-05
4.84287e-05
-1.75292e-05
2.95584e-05
-2.42505e-05
3.45074e-05
-2.38153e-05
5.75371e-05
-1.39368e-05
5.55096e-05
-1.08338e-05
6.60401e-05
-5.50332e-06
7.55793e-05
-1.03589e-05
4.38496e-05
-8.61709e-06
5.23765e-05
-8.2274e-06
5.64846e-05
-6.85535e-06
6.2585e-05
-5.09601e-06
6.57193e-05
-3.41088e-06
6.84802e-05
-1.84385e-06
6.91749e-05
6.85755e-05
-1.16951e-05
1.06467e-05
-1.30193e-05
9.66834e-06
-1.63758e-05
2.20054e-05
-1.92981e-05
2.03753e-05
-1.40009e-05
4.31315e-05
-1.25938e-05
2.81512e-05
-1.11617e-05
3.30752e-05
-1.42132e-05
6.05885e-05
-1.13788e-05
5.26752e-05
-1.0899e-05
6.55602e-05
-9.48743e-06
7.41678e-05
-1.11428e-05
4.55049e-05
-9.00578e-06
5.02395e-05
-8.17223e-06
5.56511e-05
-6.45495e-06
6.08678e-05
-4.81584e-06
6.40802e-05
-3.15876e-06
6.68232e-05
-1.71729e-06
6.77335e-05
6.68582e-05
-4.45831e-06
-1.03643e-05
-1.17116e-05
-2.20749e-05
-8.72649e-06
-2.20606e-05
-3.11423e-05
-1.58035e-05
-1.33173e-05
5.22843e-07
1.89542e-05
1.0069e-05
4.06213e-06
9.68589e-07
-6.93678e-07
-1.39898e-06
-1.50984e-06
-1.22194e-06
)
;

boundaryField
{
    leftWall
    {
        type            calculated;
        value           uniform 0;
    }
    rightWall
    {
        type            calculated;
        value           uniform 0;
    }
    lowerWall
    {
        type            calculated;
        value           uniform 0;
    }
    atmosphere
    {
        type            calculated;
        value           nonuniform List<scalar> 
46
(
-5.90461e-05
-5.97424e-05
-5.95686e-05
-6.39217e-05
-5.43456e-05
-5.16488e-05
-4.98965e-05
-4.15524e-05
-5.12714e-05
-3.57022e-05
-4.7266e-05
-3.69862e-05
-4.15202e-05
-3.87286e-05
-3.91535e-05
-3.28302e-05
-3.07035e-05
-2.45622e-05
-1.96573e-05
-1.83334e-05
-1.23843e-05
-1.36607e-05
-3.05012e-06
-2.89793e-06
1.86271e-07
-1.0229e-06
3.11271e-06
3.46774e-06
1.55743e-05
2.33527e-05
3.07385e-05
2.9783e-05
4.14853e-05
4.21569e-05
4.52496e-05
5.0189e-05
5.172e-05
5.57363e-05
5.43902e-05
5.62463e-05
5.87446e-05
6.25301e-05
6.47856e-05
6.69341e-05
6.74456e-05
6.56363e-05
)
;
    }
    defaultFaces
    {
        type            empty;
    }
}


// ************************************************************************* //
