/*--------------------------------*- C++ -*----------------------------------*\
| =========                 |                                                 |
| \\      /  F ield         | foam-extend: Open Source CFD                    |
|  \\    /   O peration     | Version:     4.1                                |
|   \\  /    A nd           | Web:         http://www.foam-extend.org         |
|    \\/     M anipulation  |                                                 |
\*---------------------------------------------------------------------------*/
FoamFile
{
    version     2.0;
    format      ascii;
    class       surfaceScalarField;
    location    "0.35";
    object      phi_0;
}
// * * * * * * * * * * * * * * * * * * * * * * * * * * * * * * * * * * * * * //

dimensions      [0 3 -1 0 0 0 0];

internalField   nonuniform List<scalar> 
4432
(
1.46383e-06
-1.46383e-06
4.45523e-06
-2.9914e-06
9.00791e-06
-4.55268e-06
1.5641e-05
-6.63308e-06
2.40501e-05
-8.40908e-06
3.31153e-05
-9.06526e-06
3.75302e-05
-4.41492e-06
5.13402e-05
-1.38099e-05
5.81217e-05
-6.78152e-06
9.05618e-05
-3.24401e-05
8.8668e-05
1.8938e-06
9.20914e-05
-3.42341e-06
9.31591e-05
-1.06774e-06
9.46165e-05
-1.45737e-06
6.16309e-05
3.29856e-05
6.46181e-05
-2.9872e-06
5.77337e-05
6.88438e-06
5.05397e-05
7.194e-06
4.78668e-05
2.6729e-06
7.69456e-05
-2.90788e-05
7.05962e-05
6.3494e-06
-6.23305e-06
7.68292e-05
-6.23305e-06
1.61266e-06
-3.07649e-06
4.53665e-06
-5.91539e-06
8.91561e-06
-8.93165e-06
1.5467e-05
-1.31844e-05
2.42287e-05
-1.71708e-05
3.30472e-05
-1.78838e-05
3.75778e-05
-8.94552e-06
5.24051e-05
-2.86372e-05
5.85174e-05
-1.28939e-05
8.73587e-05
-6.12813e-05
8.84395e-05
8.12967e-07
9.20058e-05
-6.98975e-06
9.63557e-05
-5.41763e-06
9.62759e-05
-1.37757e-06
0.000100254
2.90076e-05
6.11445e-05
3.61222e-05
5.86282e-05
9.40074e-06
9.00644e-05
-2.42422e-05
8.31961e-05
9.54114e-06
7.95943e-05
-2.5477e-05
7.57686e-05
1.01752e-05
6.66554e-05
8.59424e-05
6.04224e-05
1.46637e-06
-4.54286e-06
4.40283e-06
-8.85185e-06
8.55104e-06
-1.30799e-05
1.48343e-05
-1.94677e-05
2.31077e-05
-2.54442e-05
3.26031e-05
-2.73791e-05
3.96827e-05
-1.60251e-05
5.15595e-05
-4.05141e-05
5.52053e-05
-1.65396e-05
4.96698e-05
-5.57458e-05
8.19194e-05
-3.14366e-05
8.25445e-05
-7.61486e-06
8.25004e-05
-5.37357e-06
5.02479e-05
3.08749e-05
5.73328e-05
2.19227e-05
6.24398e-05
3.10152e-05
5.71333e-05
1.47073e-05
4.65749e-05
-1.36838e-05
6.80858e-05
-1.19697e-05
4.12106e-05
1.39818e-06
4.0415e-05
1.09707e-05
2.95315e-05
9.68259e-05
8.99539e-05
1.99973e-06
-6.54258e-06
4.72191e-06
-1.1574e-05
8.12777e-06
-1.64857e-05
1.42536e-05
-2.55935e-05
2.4099e-05
-3.52896e-05
3.40225e-05
-3.73027e-05
4.10678e-05
-2.30704e-05
5.02477e-05
-4.9694e-05
5.00624e-05
-1.63543e-05
4.62621e-05
-5.19455e-05
4.17049e-05
-2.68794e-05
7.87138e-05
-4.46238e-05
5.11103e-05
2.223e-05
9.73727e-05
-1.53875e-05
0.00010153
1.77655e-05
0.000104064
2.84815e-05
0.000100047
1.87238e-05
7.7468e-05
8.89526e-06
5.37877e-05
1.17107e-05
1.2514e-05
4.26719e-05
3.50834e-06
1.99763e-05
1.99385e-05
8.03957e-05
0.000109892
1.54115e-06
-8.08373e-06
4.1704e-06
-1.42033e-05
7.33944e-06
-1.96548e-05
1.36127e-05
-3.18668e-05
2.46881e-05
-4.63649e-05
3.29644e-05
-4.55791e-05
3.65007e-05
-2.66067e-05
4.65022e-05
-5.96955e-05
4.55276e-05
-1.53797e-05
4.46304e-05
-5.10483e-05
8.06023e-05
-6.28513e-05
4.92798e-05
-1.33013e-05
8.89554e-05
-1.74457e-05
0.000101112
-2.75442e-05
9.73268e-05
2.1551e-05
8.87462e-05
3.7062e-05
8.59462e-05
2.15238e-05
7.85806e-05
1.62609e-05
6.04198e-05
2.98714e-05
2.94548e-05
7.36369e-05
4.9426e-06
4.44885e-05
1.32189e-05
7.21195e-05
0.000123111
2.33164e-06
-1.04154e-05
4.34914e-06
-1.62208e-05
6.89061e-06
-2.21962e-05
1.34567e-05
-3.84329e-05
2.30628e-05
-5.5971e-05
3.00141e-05
-5.25304e-05
6.48869e-05
-6.14795e-05
4.51573e-05
-3.99659e-05
8.11467e-05
-5.1369e-05
8.35645e-05
-5.34662e-05
8.48394e-05
-6.41261e-05
8.64408e-05
-1.49027e-05
9.01423e-05
-2.11472e-05
6.40442e-05
-1.44614e-06
0.000112306
-2.67106e-05
9.49364e-05
5.44314e-05
9.37439e-05
2.27162e-05
8.79102e-05
2.20946e-05
7.8547e-05
3.92346e-05
6.62499e-05
8.5934e-05
3.70453e-05
7.36932e-05
1.44396e-05
9.47251e-05
0.000137551
1.57263e-06
-1.1988e-05
3.47552e-06
-1.81237e-05
6.34963e-06
-2.50703e-05
1.38935e-05
-4.59768e-05
2.20839e-05
-6.41614e-05
2.6898e-05
-5.73445e-05
3.44826e-05
-6.90641e-05
4.90794e-05
-5.45627e-05
7.8881e-05
-8.11707e-05
8.32575e-05
-5.78427e-05
5.22353e-05
-3.31039e-05
9.51041e-05
-5.77715e-05
5.72187e-05
1.67382e-05
6.84953e-05
-1.27227e-05
7.17665e-05
-2.99818e-05
0.000102791
2.34067e-05
8.93132e-05
3.61943e-05
8.64111e-05
2.49968e-05
9.13291e-05
3.43166e-05
8.59081e-05
9.13549e-05
6.9027e-05
9.05743e-05
4.76835e-05
0.000116069
0.000185234
2.5627e-06
-1.45507e-05
3.24254e-06
-1.88035e-05
6.58469e-06
-2.84125e-05
1.42379e-05
-5.36299e-05
2.13156e-05
-7.12392e-05
2.77216e-05
-6.37504e-05
6.10078e-05
-0.00010235
7.91616e-05
-7.27165e-05
8.19822e-05
-8.39913e-05
8.84753e-05
-6.43358e-05
9.62834e-05
-4.0912e-05
5.88928e-05
-2.03809e-05
9.32925e-05
-1.76615e-05
0.000112057
-3.1487e-05
6.72652e-05
1.48097e-05
5.02469e-05
4.0425e-05
8.13726e-05
5.0685e-06
7.62673e-05
3.01021e-05
4.48826e-05
6.57014e-05
8.89276e-05
4.73099e-05
8.42854e-05
9.52165e-05
5.83054e-05
0.000142049
0.00024354
-0.000175658
0.000175658
-0.000246905
7.12472e-05
-0.000220104
-2.68011e-05
-0.000181495
-3.86092e-05
-0.000161402
-2.00929e-05
-0.000139017
-2.23853e-05
-0.000113679
-2.53373e-05
-5.2898e-05
-6.07812e-05
-4.43005e-05
-8.59748e-06
-6.47736e-05
2.0473e-05
-3.99943e-05
-2.47793e-05
-5.25092e-05
1.25149e-05
1.92837e-05
-7.17928e-05
0.000117501
-9.82176e-05
0.000185514
-6.80127e-05
0.000136462
4.90519e-05
0.000148782
-1.232e-05
0.000135799
1.29832e-05
0.000135799
-0.00012212
0.000297778
-0.000143442
9.25691e-05
-0.000101423
-6.88206e-05
-8.81113e-05
-5.19205e-05
-7.14936e-05
-3.67109e-05
-2.39714e-05
-6.99074e-05
3.66207e-05
-8.59296e-05
3.27164e-05
-5.68769e-05
-7.74278e-06
3.18616e-05
5.44142e-06
7.28884e-06
3.80761e-05
-5.74139e-05
7.15893e-05
-2.09984e-05
0.000112166
-0.000112369
0.000163061
-0.000149113
0.00011101
-1.59612e-05
0.000138508
2.15539e-05
0.000139658
-1.34706e-05
0.000128319
2.43224e-05
0.000264118
-4.90928e-05
0.00034687
-6.02375e-05
0.000103714
-4.15723e-05
-8.74861e-05
-8.26164e-05
-1.08763e-05
-4.02703e-05
-7.90575e-05
-4.55785e-06
-0.00010562
5.22889e-05
-0.000142777
2.06115e-05
-2.51995e-05
-1.75236e-05
6.99966e-05
3.81158e-05
-4.83506e-05
6.6283e-05
-8.55811e-05
0.000120924
-7.56396e-05
0.000140259
-0.000131704
9.69811e-05
-0.000105835
0.000108975
-2.79554e-05
0.000126476
4.05326e-06
0.000123092
-1.00862e-05
0.0001057
4.17136e-05
0.000369818
-8.39658e-06
0.000355267
2.22775e-05
7.30397e-05
4.24372e-05
-0.000107646
1.88722e-05
1.26888e-05
3.47346e-06
-6.36591e-05
1.86208e-05
-0.000120767
1.0746e-05
-0.000134902
-2.87915e-05
1.4338e-05
-1.8339e-05
5.95441e-05
5.72152e-05
-0.000123905
0.000147268
-0.000175634
0.000154435
-8.28068e-05
0.000157792
-0.000135061
0.000101371
-4.94143e-05
0.000112293
-3.88778e-05
0.000121918
-5.57143e-06
0.000117531
-5.69936e-06
9.70272e-05
6.22176e-05
0.000466846
6.89174e-05
0.00028635
9.24243e-05
4.95326e-05
4.53583e-05
-6.05805e-05
6.43863e-05
-6.33906e-06
5.72683e-05
-5.65413e-05
5.76343e-05
-0.000121133
3.16727e-05
-0.00010894
6.88062e-06
3.91301e-05
8.66911e-05
-2.02664e-05
0.000139537
-0.000176751
9.33979e-05
-0.000129494
9.58655e-05
-8.52744e-05
9.7989e-05
-0.000137184
0.000109271
-6.06968e-05
0.000114589
-4.41951e-05
0.000122005
-1.29881e-05
0.000120609
-4.30314e-06
9.49725e-05
8.78543e-05
0.000561818
6.97977e-05
0.000216552
7.00992e-05
4.9231e-05
4.57911e-05
-3.62728e-05
5.11124e-05
-1.16603e-05
9.08379e-05
-9.62669e-05
5.14572e-05
-8.17525e-05
4.83184e-06
-6.23149e-05
2.58958e-05
1.80661e-05
0.000176187
-0.000170557
0.000102693
-0.000103257
0.000107276
-0.000134078
0.000106919
-8.49176e-05
0.000105149
-0.000135415
0.000111918
-6.74655e-05
0.000114706
-4.69831e-05
0.000118509
-1.67907e-05
0.000118687
-4.48207e-06
9.51957e-05
0.000111346
0.000657014
2.83524e-05
0.000188199
2.22962e-05
5.52871e-05
3.27193e-05
-4.66959e-05
0.000101786
-8.07267e-05
5.6715e-05
-5.11962e-05
5.55221e-05
-8.05597e-05
6.81792e-05
-7.4972e-05
0.000111857
-2.56117e-05
0.000105077
-0.000163778
0.000111002
-0.000109182
0.000113486
-0.000136562
0.000114398
-8.58295e-05
0.000109856
-0.000130873
0.000110021
-6.76302e-05
0.000110647
-4.76092e-05
0.000112609
-1.87524e-05
0.000108501
-3.74409e-07
8.48296e-05
0.000135018
0.000741843
3.55193e-07
0.000187844
9.72646e-06
4.59159e-05
6.07976e-05
-9.77671e-05
8.85024e-05
-0.000108431
9.59481e-05
-5.8642e-05
9.5723e-05
-8.03345e-05
5.41935e-05
-3.34426e-05
0.000125534
-9.69522e-05
0.000111786
-0.00015003
0.000121224
-0.000118619
0.000124586
-0.000139924
0.000120306
-8.15495e-05
0.000108627
-0.000119193
0.000105256
-6.42592e-05
0.000106545
-4.88987e-05
0.000110745
-2.29523e-05
0.000105008
5.36253e-06
7.73401e-05
0.000162686
0.000819183
6.86537e-06
-2.14161e-05
1.66365e-05
-2.85746e-05
3.12145e-05
-4.29905e-05
6.0387e-05
-8.28024e-05
7.84996e-05
-8.93519e-05
0.000101831
-8.70821e-05
0.00013039
-0.000130909
0.000176173
-0.0001185
0.000195365
-0.000103184
0.000201414
-7.03844e-05
0.000211812
-5.13104e-05
0.000207953
-1.65212e-05
0.000212956
-2.26647e-05
0.00017557
5.89902e-06
0.00018434
6.03927e-06
0.000228406
-3.64106e-06
0.000206625
2.68495e-05
0.000204392
3.23352e-05
0.000205396
6.4698e-05
0.000188202
6.4504e-05
0.00022641
5.70081e-05
0.000217319
0.000151139
0.000163525
0.000297334
-1.69428e-06
-1.97218e-05
1.61763e-05
-4.64452e-05
3.13966e-05
-5.82107e-05
4.89875e-05
-0.000100393
4.27998e-05
-8.31641e-05
6.06307e-05
-0.000104913
7.65815e-05
-0.00014686
8.80034e-05
-0.000129921
9.82498e-05
-0.00011343
0.000108363
-8.04978e-05
0.000125497
-6.84447e-05
0.000202357
-9.33808e-05
0.000213532
-3.38396e-05
0.000237228
-1.77973e-05
0.000254777
-1.15099e-05
0.000231077
2.00592e-05
0.000227348
3.05783e-05
0.000221427
3.82571e-05
0.000209803
7.63219e-05
0.000229727
4.45795e-05
0.000161028
0.000125707
0.000190321
0.000121847
0.000129477
0.000224369
1.25353e-05
-3.22571e-05
6.16967e-06
-4.00796e-05
2.94887e-05
-8.15297e-05
3.07523e-05
-0.000101657
3.8428e-05
-9.08398e-05
4.94407e-05
-0.000115926
4.94809e-05
-0.0001469
2.26965e-05
-0.000103137
2.69641e-05
-0.000117698
4.18229e-05
-9.53566e-05
0.0001071
-0.000133722
0.000101723
-8.80039e-05
0.000185391
-0.000117507
0.000225776
-5.81821e-05
0.000222124
-7.85821e-06
0.000187915
5.42679e-05
0.00016473
5.37633e-05
0.000148433
5.45544e-05
0.000169701
5.5054e-05
0.000117673
9.66074e-05
0.000165951
7.74294e-05
0.000225256
6.25417e-05
0.000122395
0.000232338
8.35872e-06
-4.06158e-05
3.74405e-05
-6.91614e-05
1.89619e-05
-6.30511e-05
4.15624e-05
-0.000124257
2.62493e-05
-7.55267e-05
4.79382e-05
-0.000137615
4.38038e-05
-0.000142766
1.59903e-05
-7.53235e-05
3.98062e-05
-0.000141514
6.24851e-05
-0.000118036
6.18264e-05
-0.000133063
0.000129952
-0.000156129
8.20247e-05
-6.958e-05
0.000127016
-0.000103173
0.000150372
-3.12137e-05
0.000226152
-2.1512e-05
0.000226312
5.36032e-05
0.000202154
7.87116e-05
0.000112074
0.000145135
0.000136616
7.20652e-05
0.000162905
5.11403e-05
0.000184425
4.10213e-05
1.8136e-05
0.000288684
7.55045e-06
-4.81662e-05
3.95759e-05
-0.000101187
6.13843e-05
-8.48595e-05
4.07396e-05
-0.000103613
9.32749e-05
-0.000128062
7.95836e-05
-0.000123923
3.66923e-05
-9.98743e-05
8.12322e-05
-0.000119863
8.73999e-05
-0.000147681
0.000111203
-0.000141839
8.98654e-05
-0.000111726
8.80019e-05
-0.000154266
0.000167121
-0.000148699
0.000186296
-0.000122349
0.000217974
-6.2891e-05
0.000220128
-2.36663e-05
0.000260923
1.28082e-05
0.000265496
7.41383e-05
0.000267009
0.000143622
0.000262155
7.69183e-05
0.000224265
8.90308e-05
0.00021017
5.51167e-05
1.37327e-05
0.000214573
6.45054e-06
-5.46168e-05
1.12224e-05
-0.000105959
1.98744e-05
-9.35115e-05
3.84757e-05
-0.000122214
5.01473e-05
-0.000139734
4.82178e-05
-0.000121994
6.12231e-05
-0.00011288
0.000127535
-0.000186176
0.000108018
-0.000128164
0.000100024
-0.000133845
0.000148255
-0.000159957
0.000153682
-0.000159693
0.000163086
-0.000158103
0.000165664
-0.000124926
0.000173852
-7.10796e-05
0.0002021
-5.19143e-05
0.000157624
5.72842e-05
0.00017116
6.06022e-05
0.000286045
2.87373e-05
0.000267093
9.58703e-05
0.000269845
8.6279e-05
0.000274155
5.08072e-05
3.36391e-05
0.000254248
-1.46581e-05
-3.99587e-05
-1.4842e-05
-0.000105775
1.49395e-05
-0.000123293
5.80005e-05
-0.000165275
7.29402e-05
-0.000154673
6.01764e-05
-0.00010923
6.89739e-05
-0.000121677
0.000118151
-0.000235352
0.000133661
-0.000143674
0.000125722
-0.000125906
0.000141146
-0.000175381
0.000153216
-0.000171763
0.000148583
-0.00015347
0.000108136
-8.44791e-05
9.17046e-05
-5.46484e-05
8.32066e-05
-4.34163e-05
0.00013718
3.31052e-06
0.00021741
-1.96274e-05
0.000224856
2.12914e-05
0.000234867
8.58592e-05
0.000266937
5.42083e-05
0.000280275
3.74694e-05
3.9226e-05
0.000274688
-1.2273e-05
-2.76857e-05
-1.6185e-05
-0.000101863
4.25026e-05
-0.000181981
9.04982e-05
-0.000213271
7.77028e-05
-0.000141878
0.000142377
-0.000173904
0.000150998
-0.000130298
4.28614e-05
-0.000127216
3.58437e-05
-0.000136656
6.19391e-05
-0.000152001
0.000101281
-0.000214723
0.000141418
-0.0002119
0.000109978
-0.000122029
1.04107e-05
1.5088e-05
1.53901e-05
-5.96278e-05
6.70761e-05
-9.51024e-05
0.000173879
-0.000103492
0.000188394
-3.41426e-05
0.000186575
2.31101e-05
0.000185883
8.65518e-05
0.000131914
0.000108176
0.000141064
2.83194e-05
-2.68324e-05
0.000207123
2.04694e-05
-4.81551e-05
2.10235e-05
-0.000102417
5.24217e-05
-0.000213379
5.75282e-05
-0.000218377
0.000137444
-0.000221794
5.66314e-05
-9.30914e-05
4.21514e-05
-0.000115819
4.66542e-05
-0.000131718
1.24832e-05
-0.000102485
3.87647e-05
-0.000178283
4.88401e-05
-0.000224798
2.82117e-05
-0.000191272
-4.99119e-05
-4.39057e-05
-1.65243e-05
-1.82995e-05
2.64366e-05
-0.000102589
5.62324e-05
-0.000124898
0.000100501
-0.000147761
0.000134124
-6.77657e-05
8.17236e-05
7.55107e-05
8.49589e-05
8.33165e-05
0.000137471
5.56639e-05
0.000125208
4.05826e-05
2.49825e-06
9.58776e-05
4.54939e-05
-9.3649e-05
5.67396e-05
-0.000113662
6.06092e-05
-0.000217248
4.55678e-05
-0.000203336
4.36657e-05
-0.000219892
5.82585e-05
-0.000107684
4.0398e-05
-9.7958e-05
-5.13145e-06
-8.6189e-05
-7.43613e-06
-0.000100181
-4.81129e-06
-0.000180908
-3.31505e-05
-0.000196459
-7.50086e-05
-0.000149414
-3.29956e-05
-8.59187e-05
6.6301e-06
-5.79252e-05
3.30453e-05
-0.000129004
4.02116e-05
-0.000132065
4.36914e-05
-0.00015124
4.00011e-06
-2.80744e-05
1.98489e-06
7.7526e-05
3.15977e-05
5.37037e-05
4.57937e-05
4.1468e-05
3.97817e-05
4.65946e-05
4.65143e-05
-4.23435e-06
2.10595e-05
-0.000114709
3.31672e-05
-0.00012577
4.28323e-05
-0.000226914
1.9345e-05
-0.000179848
2.18704e-05
-0.000222417
-7.23303e-06
-7.85808e-05
-1.9083e-05
-8.6108e-05
-2.37971e-05
-8.1475e-05
-2.97639e-06
-0.000121001
-1.2387e-05
-0.000171497
-3.3381e-05
-0.000175465
-4.16195e-05
-0.000141175
-1.23561e-05
-0.000115182
-4.63097e-05
-2.39716e-05
-3.33074e-05
-0.000142006
-1.75691e-05
-0.000147803
-7.52353e-05
-9.35741e-05
-6.20442e-05
-4.12655e-05
-4.65245e-05
6.20063e-05
-2.0808e-05
2.79872e-05
-3.3814e-05
5.44741e-05
-5.63911e-05
6.91717e-05
5.52878e-05
-6.51646e-05
-5.51138e-06
-0.000109197
6.93424e-06
-0.000138216
9.73096e-06
-0.00022971
-1.00097e-05
-0.000160108
-4.41631e-05
-0.000188264
-3.24242e-05
-9.03197e-05
-3.64464e-05
-8.20858e-05
-3.90057e-05
-7.89157e-05
-2.07525e-05
-0.000139254
-3.78755e-05
-0.000154374
-5.68294e-05
-0.000156511
-5.88561e-05
-0.000139149
-8.69936e-05
-8.70446e-05
-0.000104346
-6.61913e-06
-8.16344e-05
-0.000164718
-7.78045e-05
-0.000151633
-0.000108289
-6.30897e-05
-0.000120897
-2.86577e-05
-6.78659e-05
8.9755e-06
-6.86015e-05
2.87228e-05
-7.93525e-05
6.52251e-05
-9.31091e-05
8.29283e-05
2.72846e-05
-6.51059e-05
-3.5021e-05
-7.41762e-05
2.47842e-05
-0.000198021
-3.12823e-05
-0.000173644
-3.9688e-06
-0.000187421
-4.74918e-05
-0.000144741
-3.30751e-05
-0.000104736
-2.87055e-05
-8.64555e-05
-2.01148e-05
-8.75063e-05
-1.69235e-05
-0.000142446
-3.18164e-05
-0.000139481
-4.49387e-05
-0.000143389
-0.000107043
-7.70441e-05
-9.64767e-05
-9.76111e-05
-7.43132e-05
-2.87827e-05
-8.85678e-05
-0.000150463
-8.57576e-05
-0.000154443
-0.000104638
-4.42093e-05
-9.67359e-05
-3.65598e-05
-9.44653e-05
6.70487e-06
-9.71956e-05
3.14532e-05
-0.000105172
7.32014e-05
-5.3317e-05
3.10734e-05
1.55962e-05
-4.16286e-05
-6.29664e-06
-6.78796e-05
-2.96553e-05
-0.000174662
1.55974e-06
-0.000204859
-1.91099e-05
-0.000166751
-3.38335e-05
-0.000130017
-2.48421e-05
-0.000113728
3.86765e-06
-0.000115165
2.94263e-05
-0.000113065
-2.20727e-05
-9.09467e-05
-2.82301e-05
-0.000133324
-5.68823e-05
-0.000114737
-8.39962e-05
-4.99303e-05
-6.28599e-05
-0.000118747
-6.38224e-05
-2.78202e-05
-9.94748e-05
-0.000114811
-0.000104324
-0.000149594
-0.000112059
-3.64745e-05
-0.000109369
-3.92493e-05
-0.000106877
4.21285e-06
-0.000108821
3.33973e-05
-9.27097e-05
5.70899e-05
-7.76728e-05
1.60365e-05
-5.09488e-06
-5.69817e-05
-7.13417e-06
-6.07454e-05
-1.42951e-05
-0.000167501
-6.79888e-06
-0.000212355
-1.24871e-05
-0.000161063
-1.68075e-05
-0.000125697
-1.47117e-05
-0.000115824
6.02435e-07
-0.000130479
6.44073e-05
-0.00017687
5.93662e-05
-8.59057e-05
2.65178e-05
-0.000100475
-1.00911e-05
-7.81276e-05
-7.84307e-05
1.84093e-05
-0.000108597
-8.85807e-05
-8.57952e-05
-5.06224e-05
-8.80592e-05
-0.000112547
-0.000153125
-8.45284e-05
-0.000148403
-4.11957e-05
-0.000128969
-5.86833e-05
-0.000112676
-1.20802e-05
-9.30327e-05
1.37536e-05
-6.00571e-05
2.41143e-05
-4.51433e-05
1.12255e-06
-6.77396e-06
-4.34642e-05
-1.43055e-05
-4.64399e-05
-1.64462e-05
-0.000165361
-1.49427e-05
-0.000213858
-1.81647e-05
-0.000157841
-1.15744e-05
-0.000132287
-9.78214e-06
-0.000117616
-1.5397e-05
-0.000124864
5.19402e-05
-0.000244207
8.42172e-05
-0.000118183
6.25837e-05
-7.88418e-05
1.10897e-05
-2.66337e-05
-4.27631e-05
7.22621e-05
-7.92791e-05
-5.20646e-05
-5.08722e-05
-7.90293e-05
-0.000101343
-6.20759e-05
-0.000113359
-7.25125e-05
-0.00011662
-3.79343e-05
-0.000120382
-5.49211e-05
-0.000109828
-2.26342e-05
-9.19051e-05
-4.16935e-06
-6.57003e-05
-2.09049e-06
-3.71736e-05
-2.74042e-05
-1.00465e-05
-3.3901e-05
-1.74414e-05
-2.89984e-05
-8.11042e-06
-0.000174692
-2.52153e-05
-0.000196754
-3.77031e-05
-0.000145354
-1.8744e-05
-0.000151246
-2.04392e-05
-0.000115921
2.51779e-05
-0.000170481
-5.63526e-05
-0.000162677
-4.33107e-05
-0.000131224
-3.1254e-05
-9.08985e-05
-2.64611e-05
-3.14266e-05
1.70745e-05
2.87266e-05
4.20062e-06
-3.91908e-05
-2.71873e-05
-4.76414e-05
-4.57272e-05
-4.35359e-05
-7.80099e-05
-4.02298e-05
-8.27552e-05
-3.31889e-05
-8.72e-05
-5.04763e-05
-9.12457e-05
-1.85885e-05
-6.00539e-05
-3.53611e-05
-4.99258e-05
-1.22186e-05
-3.47711e-05
-4.25588e-05
-2.08578e-05
-2.39598e-05
4.62123e-05
-7.52107e-05
-1.17016e-05
-0.000116778
-2.42346e-05
-0.000184221
-4.47975e-05
-0.000124791
-1.81778e-05
-0.000177866
-2.61417e-05
-0.000107957
-2.02048e-05
-0.000176418
-4.73581e-05
-0.000135523
-5.59036e-05
-0.000122679
-6.21469e-05
-8.46551e-05
-4.26772e-05
-5.08964e-05
1.2117e-05
-2.60676e-05
-9.67401e-06
-1.73998e-05
-3.92814e-05
-1.8034e-05
-4.2698e-05
-4.01192e-05
-5.99415e-05
-2.29864e-05
-6.71217e-05
-2.60086e-05
-9.0974e-05
-2.66241e-05
-5.23422e-05
-5.72203e-05
-5.81963e-05
-2.95069e-05
-5.37542e-05
-1.66607e-05
-5.03422e-05
-4.59708e-05
-2.48245e-05
-4.63755e-05
3.44753e-05
-0.000109686
2.78868e-05
-0.000110189
-4.1664e-05
-0.00011467
-2.88741e-05
-0.00013758
-8.56096e-05
-0.00012113
-8.36262e-05
-0.00010994
-8.47656e-05
-0.000175279
-4.34161e-05
-0.000176873
-5.97241e-05
-0.000106371
-6.00756e-05
-8.43036e-05
-3.01849e-05
-8.07871e-05
-4.37557e-05
-1.24968e-05
-5.76431e-05
-3.51237e-06
-5.25831e-05
-2.30939e-05
-4.65329e-05
-4.61693e-05
-3.83316e-05
-3.11877e-05
-4.69346e-05
-1.74056e-05
-4.83379e-05
-2.52207e-05
-8.283e-05
-2.27282e-05
-8.79791e-05
-2.43578e-05
-5.22263e-05
-5.24136e-05
-5.4739e-05
-4.3458e-05
-3.42783e-05
-4.52852e-05
2.56822e-06
-0.000112254
3.39908e-07
-0.000107961
-5.90212e-06
-0.000108428
-3.61832e-05
-0.000107299
-4.52228e-05
-0.000112091
-5.97942e-05
-9.53688e-05
-7.73415e-05
-0.000157732
-0.000111466
-0.000142748
-0.000134693
-8.31436e-05
-0.000146886
-7.21109e-05
-0.000144035
-8.36375e-05
-0.000131741
-2.4791e-05
-7.77934e-05
-5.74601e-05
-5.87396e-05
-4.21477e-05
-7.7331e-05
-2.7578e-05
-7.56207e-05
-3.28979e-05
-5.15867e-05
-4.14396e-05
-5.7506e-05
-1.93013e-05
-5.22229e-05
-2.80113e-05
-4.6058e-05
-3.05226e-05
-7.46207e-05
-2.38508e-05
-7.47823e-05
-4.32965e-05
-3.35444e-05
-7.55161e-05
-7.75892e-06
-0.000104495
-1.05557e-05
-0.000105164
-2.38853e-05
-9.50982e-05
-2.68961e-05
-0.000104289
-4.65688e-05
-9.2418e-05
-7.33267e-06
-0.000134605
-6.5528e-05
-9.95363e-05
-5.86903e-05
-0.000149586
-8.43185e-05
-5.75155e-05
-9.12076e-05
-6.52218e-05
-0.000113909
-6.09358e-05
-7.61467e-05
-6.25536e-05
-9.99569e-05
-3.36499e-05
-8.59954e-05
-5.61092e-05
-8.32146e-05
-3.03587e-05
-7.71655e-05
-3.8947e-05
-8.92909e-05
-2.93141e-05
-5.64633e-05
-5.21289e-05
-5.71689e-05
-2.73056e-05
-5.0989e-05
-3.67025e-05
-3.95153e-05
-3.53244e-05
-4.02166e-05
-4.25952e-05
-2.53183e-05
-4.84426e-05
-5.6405e-06
-9.88548e-05
-1.05195e-05
-0.000100285
-7.78987e-06
-9.78278e-05
-2.20478e-05
-9.00307e-05
-2.38068e-05
-9.06591e-05
-1.2061e-05
-0.000146351
-1.67272e-05
-9.48701e-05
-7.48906e-05
-9.14227e-05
-5.81094e-05
-7.42967e-05
-5.59198e-05
-6.74114e-05
-5.2882e-05
-6.39736e-05
-5.53243e-05
-6.01113e-05
-4.66874e-05
-4.22868e-05
-6.72528e-05
-3.55437e-05
-4.31952e-05
-5.44163e-05
-3.94365e-05
-4.27056e-05
-3.91628e-05
-2.95878e-05
-5.47127e-05
-3.6579e-05
-5.25835e-05
-2.94347e-05
-4.91462e-05
-4.01397e-05
-4.59931e-05
-3.84776e-05
-4.74092e-05
-4.1179e-05
-2.61467e-05
-4.65808e-05
-6.83989e-06
-9.20149e-05
-1.94119e-05
-8.77131e-05
-2.89584e-05
-8.82813e-05
1.19443e-05
-0.000130933
3.9929e-06
-8.27077e-05
-4.37155e-05
-9.86422e-05
-5.18065e-05
-8.6779e-05
-5.45416e-05
-8.86876e-05
-4.17911e-05
-8.70472e-05
-4.06456e-05
-6.85568e-05
-4.41622e-05
-6.0457e-05
-4.9834e-05
-5.44395e-05
-5.60758e-05
-3.6045e-05
-5.36808e-05
-3.79386e-05
-4.00822e-05
-6.80149e-05
-4.95085e-05
-3.32793e-05
-4.89395e-05
-3.01567e-05
-4.86794e-05
-3.68391e-05
-4.19992e-05
-3.6115e-05
-4.22519e-05
-3.98869e-05
-4.13785e-05
-3.93509e-05
-3.94764e-05
-4.30811e-05
-2.63613e-05
-3.92617e-05
-2.50481e-05
-6.69669e-05
-3.94965e-06
-0.000108812
7.16736e-06
-9.93984e-05
-1.4953e-05
-0.000108813
8.01889e-07
-9.84626e-05
-1.49905e-05
-8.28499e-05
-3.27886e-05
-6.89809e-05
-4.19208e-05
-7.95554e-05
-5.77553e-05
-7.12128e-05
-6.3239e-05
-6.3073e-05
-6.38723e-05
-5.98237e-05
-6.37708e-05
-5.4541e-05
-5.75429e-05
-4.22729e-05
-5.35583e-05
-4.19232e-05
-7.74213e-05
-4.4152e-05
-4.18183e-05
-6.88823e-05
-4.01558e-05
-3.18192e-05
-4.22007e-05
-3.47942e-05
-3.98026e-05
-3.85131e-05
-4.92819e-05
-3.04077e-05
-4.98607e-05
-3.87721e-05
-5.06303e-05
-4.23114e-05
-3.63005e-05
-4.0691e-05
1.64764e-05
-8.34433e-05
6.8312e-07
-9.30182e-05
-1.32431e-05
-8.54721e-05
-2.57105e-05
-9.63458e-05
-3.50324e-05
-8.91406e-05
-2.60794e-05
-9.1803e-05
-6.56292e-06
-8.84973e-05
-2.3721e-05
-6.23973e-05
-3.97793e-05
-5.51545e-05
-4.72836e-05
-5.55687e-05
-5.30346e-05
-5.40727e-05
-5.4555e-05
-5.30205e-05
-4.61121e-05
-5.07158e-05
-3.5842e-05
-5.21932e-05
-2.97612e-05
-5.02327e-05
-4.94671e-05
-4.91764e-05
-4.66707e-05
-3.46156e-05
-3.34904e-05
-4.79744e-05
-4.13238e-05
-3.06797e-05
-4.33725e-05
-2.83589e-05
-4.1677e-05
-4.04675e-05
-4.27825e-05
-4.1206e-05
-3.27857e-05
-4.62972e-05
-3.19776e-06
-8.02455e-05
-7.56806e-06
-8.86479e-05
-5.24193e-06
-8.77982e-05
-1.5368e-05
-8.62197e-05
-2.02159e-05
-8.42927e-05
-3.24804e-05
-7.95385e-05
-4.22477e-05
-7.873e-05
-3.25788e-05
-7.20661e-05
-4.55849e-05
-4.21484e-05
-5.99762e-05
-4.11774e-05
-4.94722e-05
-6.45767e-05
-3.73615e-05
-6.51312e-05
-2.65565e-05
-6.15208e-05
-3.48376e-05
-4.3912e-05
-4.5537e-05
-3.95334e-05
-4.88178e-05
-4.58955e-05
-2.5714e-05
-5.77194e-05
-3.95332e-05
-3.41552e-05
-3.99677e-05
-3.02451e-05
-3.91851e-05
-2.91415e-05
-4.1469e-05
-3.81835e-05
-4.23852e-05
-4.02898e-05
-3.42709e-05
-4.08999e-05
-1.41303e-07
-8.01042e-05
-5.44195e-06
-8.33473e-05
-9.85495e-06
-8.33852e-05
-1.47834e-05
-8.12912e-05
-1.93145e-05
-7.97616e-05
-2.15627e-05
-7.72903e-05
-2.55341e-05
-7.47586e-05
-2.80195e-05
-6.95808e-05
-3.24393e-05
-3.77286e-05
-3.76663e-05
-3.59503e-05
-4.34761e-05
-5.87669e-05
-5.02243e-05
-5.83831e-05
-5.2437e-05
-5.93081e-05
-3.86642e-05
-5.76848e-05
-4.17594e-05
-3.64381e-05
-3.28311e-05
-5.48238e-05
-5.33419e-05
-3.72086e-05
-3.07476e-05
-5.67495e-05
-3.39811e-05
-2.70116e-05
-3.53272e-05
-2.77953e-05
-3.75484e-05
-3.59623e-05
-4.03571e-05
-3.7481e-05
-2.96697e-05
-4.49583e-05
-3.62512e-06
-7.64791e-05
-7.27179e-06
-7.97006e-05
-9.87125e-06
-8.07857e-05
-1.31649e-05
-7.79976e-05
-1.66303e-05
-7.62962e-05
-2.14071e-05
-7.25134e-05
-2.69908e-05
-6.91749e-05
-2.85271e-05
-6.80445e-05
-3.18491e-05
-3.44066e-05
-3.48702e-05
-3.29293e-05
-3.74068e-05
-5.62302e-05
-4.15099e-05
-5.428e-05
-4.12136e-05
-5.96045e-05
-4.12452e-05
-5.76531e-05
-4.32035e-05
-3.44798e-05
-4.11059e-05
-5.69214e-05
-4.38257e-05
-3.44888e-05
-5.34488e-05
-4.71263e-05
-3.10378e-05
-4.94226e-05
-2.62538e-05
-3.25792e-05
-3.64338e-05
-2.57824e-05
-4.32811e-05
-3.06338e-05
-3.17041e-05
-4.12466e-05
-1.18046e-06
-7.52986e-05
-2.84216e-06
-7.80389e-05
-6.70419e-06
-7.69237e-05
-9.35631e-06
-7.53454e-05
-1.22786e-05
-7.3374e-05
-1.60013e-05
-6.87907e-05
-2.04644e-05
-6.47118e-05
-2.12449e-05
-6.7264e-05
-1.92803e-05
-3.63712e-05
-1.69204e-05
-3.52892e-05
-3.80921e-05
-3.50585e-05
-3.02819e-05
-6.20902e-05
-2.96714e-05
-6.0215e-05
-3.66223e-05
-5.07021e-05
-1.60231e-05
-5.5079e-05
-3.71576e-05
-3.57869e-05
-2.07878e-05
-5.08585e-05
-3.67647e-05
-3.11494e-05
-3.1497e-05
-5.46902e-05
-3.21046e-05
-3.19716e-05
-3.40627e-05
-2.38242e-05
-3.72651e-05
-2.74313e-05
-2.78609e-05
-4.11083e-05
-1.70254e-06
-7.35961e-05
-3.16738e-06
-7.65741e-05
-7.34872e-06
-7.27424e-05
-1.05529e-05
-7.21412e-05
-1.39563e-05
-6.99706e-05
-1.58598e-05
-6.68872e-05
-1.96173e-05
-6.09542e-05
-2.14635e-05
-6.54178e-05
-2.37294e-05
-3.41053e-05
-2.29073e-05
-3.61112e-05
-2.51891e-05
-3.27768e-05
-2.064e-05
-6.66392e-05
-2.27536e-05
-5.81015e-05
-2.26456e-05
-5.081e-05
-2.29081e-05
-5.48166e-05
-3.09555e-05
-2.77395e-05
-3.21181e-05
-4.96959e-05
-3.278e-05
-3.04875e-05
-4.13307e-05
-4.61395e-05
-2.85704e-05
-4.47319e-05
-2.72859e-05
-2.51086e-05
-3.4439e-05
-2.02783e-05
-2.24968e-05
-3.98031e-05
-1.07796e-06
-7.25181e-05
-2.13778e-06
-7.55142e-05
-2.41446e-06
-7.24657e-05
-3.32276e-07
-7.42234e-05
3.14631e-06
-7.34492e-05
-1.66581e-05
-4.70828e-05
-3.42703e-05
-4.3342e-05
-2.8416e-05
-7.12721e-05
-2.32702e-05
-3.92511e-05
-2.02744e-05
-3.91071e-05
-1.56201e-05
-3.74311e-05
-2.03383e-05
-6.1921e-05
-2.46956e-05
-5.37442e-05
-2.31464e-05
-5.23592e-05
-3.48454e-05
-4.31176e-05
-1.6034e-05
-4.65509e-05
-2.21028e-05
-4.36271e-05
-2.49706e-05
-2.76197e-05
-3.01606e-05
-4.09495e-05
-2.45429e-05
-5.03495e-05
-3.33187e-05
-1.63329e-05
-3.51499e-05
-1.8447e-05
-2.29297e-05
-3.47169e-05
-1.70492e-06
-7.08132e-05
-3.64733e-06
-7.35718e-05
-5.28296e-06
-7.08301e-05
-8.63239e-06
-7.0874e-05
-1.15895e-05
-7.04921e-05
-1.25708e-05
-4.61015e-05
-1.3781e-05
-4.21318e-05
-1.34427e-05
-7.16104e-05
-1.14134e-05
-4.12804e-05
-1.21759e-05
-3.83445e-05
-1.03619e-05
-3.92451e-05
-1.44587e-05
-5.78241e-05
-1.86677e-05
-4.95352e-05
-1.96819e-05
-5.13451e-05
-1.82232e-05
-4.45762e-05
-1.74001e-05
-4.73739e-05
-3.43679e-05
-2.66593e-05
-1.92851e-05
-4.27024e-05
-3.20705e-05
-2.81641e-05
-4.25861e-05
-3.98339e-05
-2.44727e-05
-3.44463e-05
-2.60227e-05
-1.6897e-05
-1.19106e-05
-3.70418e-05
-6.38604e-07
-7.01746e-05
-1.47035e-06
-7.27401e-05
-2.28975e-06
-7.00107e-05
-4.51317e-06
-6.86506e-05
-5.32625e-06
-6.96791e-05
-1.13313e-05
-4.00964e-05
-1.56641e-05
-3.77991e-05
-2.85383e-05
-5.87361e-05
-1.62194e-05
-5.35993e-05
-3.61546e-06
-5.09485e-05
-1.18662e-05
-3.09943e-05
-2.03027e-05
-4.93876e-05
-1.87587e-05
-5.10792e-05
-2.18869e-05
-4.8217e-05
-2.13363e-05
-4.51268e-05
-3.11099e-05
-3.76003e-05
-1.80286e-05
-3.97406e-05
-2.10512e-05
-3.96799e-05
-2.35271e-05
-2.56881e-05
-2.94241e-05
-3.39369e-05
-2.4461e-05
-3.94094e-05
-3.12539e-05
-1.01041e-05
-1.01837e-05
-3.29808e-05
-5.16263e-07
-6.96583e-05
-1.22885e-06
-7.20275e-05
-2.4991e-06
-6.87404e-05
-7.12737e-06
-6.40223e-05
-1.65852e-05
-6.02213e-05
-2.03366e-07
-5.64782e-05
-4.19306e-06
-3.38094e-05
-8.55404e-06
-5.43751e-05
-1.00277e-05
-5.21257e-05
-6.82467e-06
-5.41515e-05
-6.63113e-06
-3.11879e-05
-2.49924e-05
-3.10263e-05
-1.83259e-05
-5.77458e-05
-1.76416e-05
-4.89012e-05
-1.70643e-05
-4.5704e-05
-1.69577e-05
-3.77069e-05
-1.81632e-05
-3.85351e-05
-2.43159e-05
-3.35272e-05
-1.53667e-05
-3.46373e-05
-2.99547e-05
-1.93489e-05
-4.8746e-05
-2.06181e-05
-2.92048e-05
-2.96452e-05
-7.54064e-06
-3.18478e-05
-2.34634e-07
-6.94237e-05
-1.14814e-06
-7.1114e-05
-7.27456e-07
-6.91611e-05
-4.19042e-06
-6.05593e-05
-3.93699e-06
-6.04747e-05
-1.91833e-06
-5.84969e-05
-2.41635e-06
-3.33114e-05
-2.13366e-05
-3.54548e-05
-1.21762e-05
-6.12861e-05
-9.62932e-06
-5.66984e-05
-7.22181e-06
-3.35954e-05
-8.09208e-06
-3.0156e-05
-1.34013e-05
-5.24366e-05
-1.53879e-05
-4.69146e-05
-1.70765e-05
-4.40154e-05
-1.5834e-05
-3.89494e-05
-2.10463e-05
-3.33227e-05
-2.20017e-05
-3.25718e-05
-2.68747e-05
-2.97643e-05
-2.74125e-05
-1.88111e-05
-2.37035e-05
-2.43271e-05
-3.65252e-05
-1.68235e-05
-1.94698e-05
-2.45959e-05
3.35627e-08
-6.94573e-05
-2.60394e-07
-7.082e-05
1.94962e-06
-7.13711e-05
2.47595e-06
-6.10857e-05
-1.6107e-05
-4.18918e-05
-8.31399e-06
-6.62899e-05
-5.85053e-06
-3.57748e-05
-8.11301e-06
-3.31924e-05
-5.54224e-06
-6.38569e-05
-8.0692e-06
-5.41714e-05
-8.02524e-06
-3.36393e-05
-9.63662e-06
-2.85446e-05
-1.25032e-05
-4.957e-05
-1.27859e-05
-4.66319e-05
-1.28784e-05
-4.39229e-05
-1.30683e-05
-3.87595e-05
-1.36155e-05
-3.27756e-05
-1.16076e-05
-3.45797e-05
-1.57647e-05
-2.56073e-05
-1.91459e-05
-1.54298e-05
-2.09971e-05
-2.24759e-05
-2.54558e-05
-1.23648e-05
-1.69769e-05
-2.79487e-05
-9.57611e-07
-6.84997e-05
-1.02349e-06
-7.07542e-05
-2.08463e-06
-7.031e-05
-2.31701e-06
-6.08533e-05
-5.67219e-06
-3.85366e-05
-3.95602e-06
-6.8006e-05
-4.95766e-06
-3.47732e-05
-7.47223e-06
-3.06778e-05
-9.80463e-06
-6.15245e-05
-1.4022e-05
-4.9954e-05
3.75715e-06
-5.14185e-05
2.82457e-06
-2.76121e-05
-1.80561e-05
-2.86893e-05
-1.30689e-05
-5.16191e-05
-1.21981e-05
-4.47937e-05
-1.21757e-05
-3.8782e-05
-1.0968e-05
-3.39832e-05
-1.75365e-05
-2.80112e-05
-1.80213e-05
-2.51224e-05
-1.43998e-05
-1.90513e-05
-1.4644e-05
-2.22318e-05
-1.90752e-05
-7.9336e-06
-1.76528e-05
-1.83992e-05
-1.01536e-06
-6.74843e-05
-1.63788e-06
-7.01316e-05
-2.45282e-06
-6.9495e-05
-2.13561e-06
-6.11705e-05
-6.22866e-06
-3.44435e-05
-6.27819e-06
-6.79565e-05
-2.67135e-06
-3.838e-05
-3.37309e-07
-3.30118e-05
1.44484e-06
-6.33066e-05
-1.27182e-05
-3.5791e-05
-9.26918e-06
-5.48676e-05
-8.11021e-06
-2.8771e-05
-8.19462e-06
-2.86049e-05
-8.14785e-06
-5.16659e-05
-8.09524e-06
-4.48463e-05
-8.93025e-06
-3.79469e-05
-9.82371e-06
-3.30897e-05
-1.46371e-05
-2.31978e-05
-1.2934e-05
-2.68255e-05
-1.44592e-05
-1.75261e-05
-1.67933e-05
-1.98977e-05
-1.74029e-05
-7.324e-06
-2.18029e-05
-1.32528e-05
-1.09969e-06
-6.63846e-05
-2.26944e-06
-6.89619e-05
-1.53607e-06
-7.02284e-05
-4.05631e-06
-5.86502e-05
-5.43411e-06
-3.30657e-05
-5.40381e-06
-6.79868e-05
-6.82562e-06
-3.69582e-05
-4.88797e-06
-3.49495e-05
-5.08252e-06
-6.31121e-05
-6.56994e-06
-3.43035e-05
-3.44123e-06
-5.79963e-05
-3.99108e-06
-2.82212e-05
-5.63951e-06
-2.69565e-05
-6.99335e-06
-5.0312e-05
-7.42346e-06
-4.44162e-05
-7.43503e-06
-3.79354e-05
-7.40323e-06
-3.31215e-05
-5.99043e-06
-2.46106e-05
-8.22983e-06
-2.45861e-05
-7.94576e-06
-1.78102e-05
-1.69864e-05
-1.0857e-05
-1.3144e-05
-1.11664e-05
-1.09322e-05
-2.40147e-05
-2.5661e-06
-6.38185e-05
-6.86485e-06
-6.46631e-05
-7.93941e-06
-6.91538e-05
-3.28912e-06
-6.33005e-05
-4.56525e-06
-3.17896e-05
-9.64137e-06
-6.29107e-05
4.51756e-06
-5.11172e-05
3.49501e-06
-3.39269e-05
-8.54594e-07
-5.87625e-05
-2.55826e-06
-3.25999e-05
-4.31606e-06
-5.62385e-05
-4.19845e-06
-2.83388e-05
-3.77199e-06
-2.7383e-05
-4.46599e-06
-4.9618e-05
-5.20403e-06
-4.36781e-05
-5.94362e-06
-3.71958e-05
-7.67463e-06
-3.13905e-05
-6.80852e-06
-2.54767e-05
-9.52077e-06
-2.18739e-05
-9.99326e-06
-1.73377e-05
-1.14346e-05
-9.41571e-06
-1.05596e-05
-1.20414e-05
-3.2685e-06
-1.82233e-05
-3.28308e-07
-6.34902e-05
9.48363e-07
-6.59398e-05
4.36434e-06
-7.25698e-05
-1.43337e-05
-4.46025e-05
-8.60413e-06
-3.75192e-05
-6.8347e-06
-6.46801e-05
-2.12321e-06
-5.58287e-05
-4.12832e-06
-3.19218e-05
-2.77439e-06
-6.01164e-05
-4.90578e-06
-3.04685e-05
-3.85227e-06
-5.7292e-05
-4.63575e-06
-2.75553e-05
-3.97287e-06
-2.80458e-05
-5.53856e-06
-4.80523e-05
-4.20316e-06
-4.50135e-05
-4.6222e-06
-3.67767e-05
-4.35968e-06
-3.1653e-05
-4.66894e-06
-2.51674e-05
-3.54905e-06
-2.29938e-05
-1.52438e-06
-1.93623e-05
-2.59319e-06
-8.3469e-06
-6.37253e-06
-8.26201e-06
-4.48212e-06
-5.15892e-06
-4.51275e-06
-1.07853e-05
-2.3872e-05
-4.63601e-06
1.21138e-05
-9.98407e-07
-7.01142e-06
2.54305e-06
-6.38609e-06
-1.22844e-06
-1.13476e-05
-1.99939e-06
1.13788e-05
1.95502e-06
-4.0124e-06
-8.06336e-06
-9.12071e-06
-9.83774e-06
-1.32815e-05
-1.44204e-05
-1.04739e-05
-5.17977e-06
-6.67292e-06
0.000211307
8.6027e-05
0.00012145
8.98565e-05
1.77026e-06
0.00011968
7.7002e-05
-7.52317e-05
0.0002531
5.72953e-05
0.000247909
9.5048e-05
0.000305816
6.17725e-05
5.4572e-05
0.000328246
0.000264561
2.50724e-05
0.000337021
2.25877e-05
0.000352673
4.61205e-05
4.6256e-05
0.000360989
0.000297399
1.63572e-05
0.000302433
1.75537e-05
0.000325334
2.32199e-05
3.24975e-05
0.000339093
0.000228587
2.34347e-06
0.000237885
8.25505e-06
0.000243203
1.79017e-05
2.69985e-05
0.000248702
0.000240213
1.63789e-05
0.000231016
1.74519e-05
0.000229951
1.89666e-05
2.33739e-05
0.000233576
0.000266463
2.46046e-05
0.000251867
3.20479e-05
0.000227113
4.37208e-05
4.95703e-05
0.000200916
0.000205633
2.60941e-05
0.000184911
5.27701e-05
0.000152239
7.63924e-05
6.27909e-05
0.000139019
0.000102458
1.95135e-05
8.35837e-05
7.16446e-05
8.22391e-05
7.77369e-05
3.81127e-05
0.000106917
-3.70901e-05
5.23692e-05
-4.41974e-05
7.87519e-05
-3.14037e-05
6.49432e-05
2.34061e-05
-1.6697e-05
-4.76226e-05
3.48273e-05
-4.27296e-05
7.38589e-05
-1.09375e-05
3.31512e-05
1.44168e-05
-1.94814e-06
-4.83141e-05
1.80355e-05
-1.2368e-06
2.67816e-05
1.76817e-05
1.42327e-05
1.47175e-06
3.06267e-05
-2.84373e-05
4.84422e-06
-5.56849e-06
3.91277e-06
8.7114e-06
-4.72328e-08
-5.41849e-06
1.56016e-05
-4.32283e-05
-8.90916e-06
-3.19251e-05
-7.39052e-06
-1.82197e-05
-1.37526e-05
-1.29153e-05
-1.0723e-05
-3.51444e-05
-1.72289e-05
-1.67587e-05
-2.57763e-05
-6.76249e-07
-2.9835e-05
-1.67607e-05
3.16915e-06
-3.31986e-05
-1.79314e-05
-3.18004e-05
-2.71745e-05
-2.97778e-05
-3.18576e-05
-1.98152e-05
-2.67233e-05
-3.01987e-05
-1.16925e-05
-4.18223e-05
-1.55509e-05
-4.61259e-05
-2.75539e-05
-2.92595e-05
-3.66816e-05
-4.55654e-05
-1.25026e-05
-3.68844e-05
-2.42319e-05
-4.27529e-05
-2.16854e-05
-2.17068e-05
-5.03056e-05
-3.85663e-05
-1.92215e-05
-5.23152e-05
-1.04829e-05
-6.16657e-05
-1.23349e-05
-2.232e-05
-6.10526e-05
-8.21837e-05
-1.25539e-05
-7.10361e-05
-2.16305e-05
-6.93861e-05
-1.39849e-05
-1.5259e-05
-7.6447e-05
-4.87564e-05
-1.22401e-05
-4.96898e-05
-2.06971e-05
-4.21948e-05
-2.14799e-05
-2.36045e-05
-3.38493e-05
-4.14574e-05
-1.73635e-05
-4.37536e-05
-1.84008e-05
-4.82043e-05
-1.70292e-05
-1.88576e-05
-5.29512e-05
-4.31864e-05
-1.34388e-05
-4.72388e-05
-1.43484e-05
-5.04355e-05
-1.38325e-05
-1.32767e-05
-5.60163e-05
-3.48926e-05
-1.92372e-05
-3.72814e-05
-1.19596e-05
-3.84755e-05
-1.26382e-05
-1.39255e-05
-3.78267e-05
-5.01852e-05
-1.53492e-05
-4.73992e-05
-1.47455e-05
-4.55913e-05
-1.44461e-05
-1.00717e-05
-4.94451e-05
-4.22324e-05
-1.40167e-05
-4.9583e-05
-7.39491e-06
-5.20511e-05
-1.19779e-05
-1.1815e-05
-5.03078e-05
-5.04174e-05
-8.55755e-06
-4.57677e-05
-1.20445e-05
-5.06291e-05
-7.11652e-06
-1.04223e-05
-5.20218e-05
-3.84936e-05
-1.13106e-05
-4.41127e-05
-6.42536e-06
-4.49074e-05
-6.32177e-06
-9.73426e-06
-4.55954e-05
-4.23847e-05
-1.00341e-05
-3.93212e-05
-9.48884e-06
-4.05378e-05
-5.10514e-06
-5.04528e-06
-4.52267e-05
-4.33787e-05
-6.45849e-06
-4.40671e-05
-8.80042e-06
-4.06073e-05
-8.56488e-06
-8.14062e-06
-3.75119e-05
-3.29817e-05
-8.19373e-06
-3.73242e-05
-4.45789e-06
-3.89288e-05
-6.96023e-06
-7.43728e-06
-3.96321e-05
-4.15052e-05
-3.73035e-06
-3.90134e-05
-6.9496e-06
-3.88729e-05
-7.10073e-06
-6.83928e-06
-3.94709e-05
-3.25351e-05
-4.17602e-06
-3.33089e-05
-6.17579e-06
-3.6499e-05
-3.91063e-06
-5.42929e-06
-3.7909e-05
-3.19563e-05
-4.06747e-06
-3.19406e-05
-6.19149e-06
-3.03417e-05
-5.50956e-06
-3.5831e-06
-3.21879e-05
-2.23146e-05
-6.3488e-06
-2.51592e-05
-3.34687e-06
-2.63804e-05
-4.28833e-06
-1.88696e-06
-2.80766e-05
-3.02376e-05
-4.05988e-06
-2.78301e-05
-5.75438e-06
-2.82389e-05
-3.87952e-06
-1.24499e-06
-2.88809e-05
-1.841e-05
-4.04913e-06
-1.97952e-05
-4.36919e-06
-2.13969e-05
-2.27774e-06
-6.16298e-07
-2.20256e-05
-1.69673e-05
-3.34597e-07
-1.98249e-05
-1.51164e-06
-2.15933e-05
-5.09302e-07
-4.3214e-07
-2.17775e-05
-1.92535e-05
-5.09584e-06
-1.75334e-05
-3.23172e-06
-1.73988e-05
-6.43914e-07
5.27756e-07
-1.83587e-05
-1.54298e-05
-7.88933e-06
-1.66946e-05
-1.9669e-06
-1.63638e-05
-9.7468e-07
2.19885e-07
-1.6056e-05
-8.05388e-06
-4.99437e-06
-8.8197e-06
-1.20108e-06
-9.54814e-06
-2.46232e-07
1.03148e-06
-1.03597e-05
-8.81211e-06
-1.02316e-05
-9.49672e-06
-1.16081e-05
0.000117371
-4.75824e-06
0.000186841
-2.3555e-05
0.000136441
-4.73662e-05
9.44136e-05
-6.64045e-05
0.000123711
-8.79399e-05
0.000145072
-0.000101695
0.000228494
-0.000116864
0.00025366
-0.000122118
0.000236765
-0.000133135
0.000264522
-0.000146376
0.000270486
-0.000145888
0.000259574
-7.06382e-05
0.00022111
-8.07288e-05
0.000204722
-4.78708e-05
0.00020005
-4.42269e-05
0.000204682
-2.75849e-05
0.000193494
1.65505e-05
0.000147248
0.000208932
0.000966431
0.000252536
7.09519e-05
0.000207109
2.18719e-05
0.000247215
-8.7472e-05
0.000332822
-0.000152011
0.000352672
-0.00010779
0.000363752
-0.000112775
0.000356003
-0.000109116
0.000353777
-0.000119892
0.000268962
-4.83197e-05
0.000268626
-0.00014604
0.000245407
-0.000122669
0.000207811
-3.3042e-05
0.000181946
-5.48639e-05
0.000167882
-3.38066e-05
0.000167731
-4.40756e-05
0.000151624
-1.14779e-05
0.000134366
3.38079e-05
0.000109411
0.000233888
0.00107584
0.000371571
6.03704e-05
0.000380695
1.27475e-05
0.00039683
-0.000103607
0.000276995
-3.21759e-05
0.000268012
-9.88068e-05
0.000266964
-0.000111727
0.000258731
-0.000100883
0.00025873
-0.000119891
0.000260393
-4.9983e-05
0.000241118
-0.000126765
0.000180863
-6.24138e-05
0.000215657
-6.78363e-05
0.000181036
-2.02421e-05
0.000161041
-1.38118e-05
9.48943e-05
2.2071e-05
3.58972e-05
4.75193e-05
-1.80105e-05
8.77155e-05
2.68975e-05
0.00018898
0.00110274
0.000349204
5.02592e-05
0.000352104
9.84731e-06
0.000261695
-1.31979e-05
0.000279524
-5.00049e-05
0.000269647
-8.89302e-05
0.000253697
-9.5777e-05
0.000229576
-7.6762e-05
0.000188556
-7.88712e-05
0.000246794
-0.000108221
0.000154804
-3.4775e-05
0.000140784
-4.83933e-05
0.00013879
-6.58426e-05
0.000146518
-2.79698e-05
0.000167366
-3.46597e-05
0.000183003
6.43341e-06
0.000180305
5.0218e-05
0.000131882
0.000136138
6.97457e-05
0.000251116
0.00117249
0.000272183
2.6779e-05
0.000287334
-5.3044e-06
0.000227747
4.639e-05
0.000233583
-5.58415e-05
0.000225948
-8.12946e-05
0.000247423
-0.000117252
0.000231642
-6.09814e-05
0.000206244
-5.34734e-05
0.000169129
-7.11065e-05
0.000173478
-3.91231e-05
0.00017341
-4.83255e-05
0.000160831
-5.32639e-05
0.0001607
-2.78386e-05
0.000167624
-4.15842e-05
0.000168631
5.42664e-06
0.000157598
6.1251e-05
0.000129567
0.000164169
6.54791e-05
0.000315204
0.00123796
0.000225765
3.459e-05
0.000265535
-4.5075e-05
0.00030737
4.555e-06
0.000299011
-4.74822e-05
0.000321866
-0.00010415
0.000211897
-7.28303e-06
0.000214637
-6.37208e-05
0.000201762
-4.05988e-05
0.00016416
-3.35043e-05
0.000161256
-3.6219e-05
0.000147972
-3.50418e-05
0.000125017
-3.0309e-05
0.000122473
-2.52941e-05
0.000147232
-6.63436e-05
0.000161941
-9.28227e-06
0.000222152
1.04022e-06
0.000206135
0.000180187
7.84587e-05
0.00044288
0.00131642
0.000207976
2.75304e-05
0.000226215
-6.33138e-05
0.00024714
-1.63699e-05
0.000265811
-6.61536e-05
0.000176995
-1.53337e-05
0.000163955
5.75689e-06
0.000118017
-1.77832e-05
0.000106494
-2.90756e-05
0.000110597
-3.76074e-05
0.000113505
-3.91263e-05
0.000121036
-4.25736e-05
0.000131521
-4.07933e-05
0.000156737
-5.051e-05
0.000165005
-7.46115e-05
0.000153759
1.96383e-06
0.000156192
-1.39285e-06
0.000146503
0.000189876
6.45035e-05
0.000524879
0.00138093
0.000138994
2.75556e-05
7.96968e-05
-4.01695e-06
0.000111847
-4.85204e-05
0.000155709
-0.000110015
0.000183228
-4.2853e-05
0.000126011
6.29746e-05
0.000105456
2.77122e-06
0.000101939
-2.55585e-05
0.000137199
-7.28673e-05
0.000181403
-8.33307e-05
0.00020832
-6.94904e-05
0.000210331
-4.28034e-05
0.000207
-4.71796e-05
0.000207239
-7.48495e-05
0.000290513
-8.13106e-05
0.000196809
9.2311e-05
0.000160949
0.000225735
6.87119e-05
0.000617117
0.00144964
8.47128e-05
4.976e-05
7.60466e-05
4.64927e-06
5.12641e-05
-2.37378e-05
5.69436e-05
-0.000115695
9.07606e-05
-7.66699e-05
0.00012287
3.08651e-05
0.00011715
8.49179e-06
0.000129628
-3.80374e-05
0.000169958
-0.000113197
0.000199169
-0.000112541
0.000213596
-8.3917e-05
0.000201752
-3.09598e-05
0.000169933
-1.53607e-05
0.000142742
-4.76581e-05
0.000124558
-6.3127e-05
0.000163723
5.31465e-05
0.000160011
0.000229447
6.33129e-05
0.000713815
0.00151295
1.7295e-05
1.5768e-05
5.84233e-05
-3.64791e-05
8.40663e-05
-4.93809e-05
8.26845e-05
-0.000114313
0.000105769
-9.97542e-05
0.000240264
-0.00010363
0.000268473
-1.97175e-05
0.000275399
-4.49636e-05
0.000203583
-4.1381e-05
0.000207416
-0.000116375
0.000212327
-8.88272e-05
0.000204306
-2.29387e-05
0.000169446
1.94989e-05
0.000122066
-2.78088e-07
0.000109627
-5.06878e-05
0.000158778
3.99498e-06
0.00016768
0.000220545
5.2214e-05
0.000829281
0.00156517
3.0187e-05
-1.63672e-05
3.8363e-05
-4.46551e-05
6.64401e-05
-7.7458e-05
3.81972e-05
-8.60704e-05
6.81625e-05
-0.00012972
5.47062e-05
-9.01735e-05
0.000163628
-0.000128639
0.000213148
-9.44834e-05
0.000320957
-0.000149191
0.000316624
-0.000112041
0.000349913
-0.000122116
0.00033898
-1.20055e-05
0.000294993
6.34854e-05
0.000238185
5.65296e-05
0.000197967
-1.04694e-05
0.00021429
-1.23281e-05
0.000159835
0.000274999
3.15583e-05
0.000957558
0.00159672
4.78768e-05
-3.36173e-05
5.3504e-05
-5.02824e-05
4.16824e-05
-6.56365e-05
6.40214e-05
-0.000108409
4.45941e-05
-0.000110292
9.07971e-05
-0.000136376
0.000123897
-0.000161739
0.000263034
-0.00023362
0.000301258
-0.000187414
0.000320793
-0.000131576
0.000279635
-8.09585e-05
0.00023009
3.75401e-05
0.000220543
7.30321e-05
0.00021487
6.22025e-05
0.000192778
1.16229e-05
0.000166983
1.34673e-05
9.51167e-05
0.000346865
-1.56224e-05
0.0010683
0.0015811
1.87176e-05
-3.67333e-05
2.91048e-05
-6.06696e-05
3.52614e-05
-7.17932e-05
4.82042e-05
-0.000121352
5.06323e-05
-0.000112721
6.84158e-05
-0.00015416
7.74285e-05
-0.000170752
7.31128e-05
-0.000229304
0.000115939
-0.00023024
0.000166817
-0.000182454
0.000135034
-4.91758e-05
0.000107335
6.52394e-05
0.00010767
7.26966e-05
0.00011798
5.18923e-05
8.90736e-05
4.05298e-05
7.01734e-05
3.2368e-05
-2.09584e-06
0.000419135
-7.42012e-05
0.0011404
0.0015069
-4.96634e-06
-4.24899e-05
1.35308e-06
-6.69891e-05
1.49868e-05
-8.5427e-05
1.2329e-05
-0.000118695
2.10033e-05
-0.000121395
5.14831e-05
-0.00018464
6.82353e-05
-0.000187504
0.000107594
-0.000268663
0.000116569
-0.000239215
7.24353e-05
-0.000138321
8.77148e-05
-6.44553e-05
9.33501e-05
5.9604e-05
8.84329e-05
7.76137e-05
4.98323e-05
9.04928e-05
2.94216e-06
8.74198e-05
-2.73253e-05
6.26355e-05
-8.77444e-05
0.000479553
-5.55415e-05
0.0011082
0.00145136
3.52884e-07
-3.96737e-05
-8.44528e-06
-5.8191e-05
-2.11477e-05
-7.27246e-05
-5.02807e-06
-0.000134814
9.14404e-06
-0.000135567
2.272e-05
-0.000198216
5.28087e-05
-0.000217593
-1.50305e-05
-0.000200824
-4.66857e-05
-0.000207559
2.20055e-05
-0.000207012
5.21592e-05
-9.46091e-05
5.16141e-05
6.01491e-05
2.87647e-05
0.000100463
-2.90479e-05
0.000148306
-6.14053e-05
0.000119776
-0.00016067
0.000161901
-0.00016086
0.000479742
-8.33931e-05
0.00103073
0.00136796
-2.06723e-05
-4.57247e-05
-1.44969e-05
-6.43664e-05
-1.53656e-05
-7.18558e-05
-1.73233e-05
-0.000132857
-1.56338e-05
-0.000137257
-2.40908e-05
-0.000189759
-7.55758e-05
-0.000166108
-9.81615e-05
-0.000178238
-5.02136e-05
-0.000255507
-7.95927e-05
-0.000177633
-6.40671e-05
-0.000110135
-5.22675e-05
4.83495e-05
-0.000107607
0.000155803
-0.000173723
0.000214422
-0.000255891
0.000201944
-0.000311964
0.000217974
-0.000291664
0.000459442
-0.000202654
0.000941723
0.00116531
-3.85456e-05
-4.38607e-05
-4.0395e-05
-6.25171e-05
-2.23619e-05
-8.9889e-05
-2.11157e-05
-0.000134103
-6.42233e-05
-9.4149e-05
-8.69924e-05
-0.00016699
-0.000115933
-0.000137167
-0.000107739
-0.000186432
-0.000191391
-0.000171856
-0.000264721
-0.000104304
-0.000300349
-7.45065e-05
-0.000194476
-5.7524e-05
-0.000178865
0.000140192
-0.000164245
0.000199803
-0.000202068
0.000239767
-0.000344509
0.000360414
-0.000365424
0.000480358
-0.000254288
0.000830586
0.000911023
-4.32606e-05
-5.09057e-05
-2.47728e-05
-8.1005e-05
-7.17661e-05
-4.28957e-05
-0.000115906
-8.9963e-05
-7.27547e-05
-0.0001373
-0.000101528
-0.000138216
-0.000102092
-0.000136604
-0.000212424
-7.61006e-05
-0.000294137
-9.01421e-05
-0.00022307
-0.000175371
-0.00023121
-6.63667e-05
-0.000334596
4.58619e-05
-0.000340557
0.000146153
-0.000327426
0.000186671
-0.000347106
0.000259448
-0.000361585
0.000374893
-0.000343785
0.000462557
-0.000209373
0.000696174
0.00070165
-8.47127e-05
-2.72456e-05
-0.000116618
-4.90995e-05
-7.4464e-05
-8.50499e-05
-5.83569e-05
-0.00010607
-0.000126327
-6.93305e-05
-0.000179112
-8.54314e-05
-0.00019175
-0.000123965
-0.000200455
-6.73954e-05
-0.000131847
-0.00015875
-0.00021341
-9.38087e-05
-0.000231027
-4.87502e-05
-0.000233652
4.84874e-05
-0.0002224
0.000134901
-0.00028985
0.000254121
-0.000293631
0.000263228
-0.000206498
0.00028776
-0.000184397
0.000440456
-9.55408e-05
0.000607318
0.00060611
-3.5481e-05
-6.82116e-05
-4.00377e-05
-4.45427e-05
-7.00945e-05
-5.49931e-05
-0.00013539
-4.07746e-05
-0.000142481
-6.22391e-05
-8.66402e-05
-0.000141273
-9.70667e-05
-0.000113539
-0.000114717
-4.97455e-05
-0.000172671
-0.000100797
-0.000212443
-5.4036e-05
-0.000332659
7.14658e-05
-0.000363033
7.88608e-05
-0.000345254
0.000117122
-0.000307873
0.000216739
-0.000285791
0.000241146
-0.00026791
0.000269879
-0.000239386
0.000411933
-0.000114769
0.0004827
0.00049134
-5.88431e-05
-4.32178e-05
-5.62643e-05
-4.71216e-05
-6.65808e-05
-4.46766e-05
-6.55117e-05
-4.18437e-05
-6.62132e-05
-6.15376e-05
-0.000160656
-4.68303e-05
-0.000214371
-5.98233e-05
-0.000145798
-0.000118318
-0.000149118
-9.74768e-05
-0.000173171
-2.99836e-05
-0.000182727
8.10215e-05
-0.000179999
7.61328e-05
-0.000174505
0.000111628
-0.000165696
0.00020793
-0.000153458
0.000228909
-0.000195494
0.000311916
-0.000153631
0.00037007
-7.88677e-05
0.000407936
0.000412473
-4.81723e-05
-4.79967e-05
-5.01903e-05
-4.51036e-05
-6.03389e-05
-3.4528e-05
-7.2624e-05
-2.95586e-05
-8.53668e-05
-4.87947e-05
-8.70042e-05
-4.5193e-05
-0.00010813
-3.86979e-05
-0.000139977
-8.64709e-05
-0.000233102
-4.35219e-06
-0.000255324
-7.76142e-06
-0.000179872
5.56956e-06
-0.000188377
8.46376e-05
-0.000255211
0.000178462
-0.000249459
0.000202177
-0.00022382
0.00020327
-0.000180329
0.000268424
-0.000128646
0.000318386
-6.27299e-05
0.00034202
0.000349743
-5.94648e-05
-4.45482e-05
-6.02912e-05
-4.42772e-05
-6.36361e-05
-3.11831e-05
-6.53125e-05
-2.78822e-05
-8.38486e-05
-3.02586e-05
-9.8721e-05
-3.03206e-05
-0.000108882
-2.85364e-05
-0.000193706
-1.64704e-06
-0.000215865
1.78067e-05
-0.000237385
1.37587e-05
-0.000249631
1.78148e-05
-0.000255578
9.05845e-05
-0.000231552
0.000154435
-0.000144141
0.000114766
-0.000126761
0.00018589
-0.000128637
0.000270299
-9.72246e-05
0.000286974
-5.25612e-05
0.000297357
0.000297182
-5.16839e-05
-3.06909e-05
-6.60211e-05
-2.994e-05
-6.99044e-05
-2.72997e-05
-6.76898e-05
-3.00969e-05
-7.44555e-05
-2.34929e-05
-8.94037e-05
-1.53724e-05
-0.000103202
-1.47383e-05
-0.000107757
2.90814e-06
-0.000117107
2.7157e-05
-0.000126977
2.36282e-05
-0.000199316
9.01539e-05
-0.000194415
8.5684e-05
-0.000136511
9.65311e-05
-0.000126022
0.000104277
-0.00015514
0.000215009
-0.000116848
0.000232008
-8.65584e-05
0.000256684
-4.19535e-05
0.000252752
0.000255228
-5.44298e-05
-2.57062e-05
-5.70129e-05
-2.7357e-05
-6.34467e-05
-2.08658e-05
-7.53142e-05
-1.82295e-05
-8.3392e-05
-1.54151e-05
-8.88203e-05
-9.94413e-06
-9.56041e-05
-7.95449e-06
-9.02862e-05
-2.40975e-06
-0.000103714
4.05848e-05
-0.000111164
3.10786e-05
-0.000111129
9.01183e-05
-0.000108182
8.27379e-05
-0.000109812
9.81608e-05
-0.000161247
0.000155711
-0.000134191
0.000187954
-0.000107591
0.000205408
-4.73498e-05
0.000196443
-2.31289e-05
0.000228532
0.000232099
-5.01339e-05
-2.58801e-05
-5.90606e-05
-1.84302e-05
-6.52699e-05
-1.46565e-05
-6.9242e-05
-1.42574e-05
-7.5234e-05
-9.42315e-06
-8.07958e-05
-4.38243e-06
-8.95108e-05
7.60462e-07
-8.96698e-05
-2.2509e-06
-0.000100531
5.14457e-05
-0.00010115
3.1698e-05
-0.000100556
8.95239e-05
-9.58623e-05
7.80445e-05
-0.000102333
0.000104631
-9.24049e-05
0.000145784
-6.85359e-05
0.000164085
-5.32926e-05
0.000190165
-3.41415e-05
0.000177292
-1.81971e-05
0.000212587
0.000213902
-5.42405e-05
-2.36613e-05
-5.50663e-05
-1.76043e-05
-6.0242e-05
-9.48076e-06
-6.80222e-05
-6.47721e-06
-7.43109e-05
-3.13442e-06
-8.2113e-05
3.4196e-06
-8.92627e-05
7.91004e-06
-0.000130049
3.85352e-05
-0.000100126
2.15226e-05
-9.82086e-05
2.97805e-05
-9.74127e-05
8.87278e-05
-8.92631e-05
6.98948e-05
-9.42912e-05
0.000109659
-8.45649e-05
0.000136057
-6.1181e-05
0.000140701
-5.0457e-05
0.000179441
-3.33874e-05
0.000160222
-1.56097e-05
0.00019481
0.000198292
-5.04537e-05
-1.88029e-05
-5.39394e-05
-1.41185e-05
-5.62495e-05
-7.17064e-06
-6.15054e-05
-1.22123e-06
-6.87908e-05
4.15101e-06
-7.50614e-05
9.69019e-06
-8.41855e-05
1.70341e-05
-8.0469e-05
3.48185e-05
-8.9355e-05
3.04084e-05
-0.000131167
7.15921e-05
-9.38604e-05
5.14211e-05
-8.66123e-05
6.26465e-05
-8.41885e-05
0.000107235
-7.26655e-05
0.000124534
-7.8545e-05
0.00014658
-5.10711e-05
0.000151967
-3.42781e-05
0.000143429
-2.18125e-05
0.000182344
0.00017648
-4.79157e-05
-1.61139e-05
-4.95417e-05
-1.24925e-05
-5.36344e-05
-3.07783e-06
-5.79956e-05
3.14002e-06
-6.14147e-05
7.57017e-06
-6.507e-05
1.33455e-05
-7.78901e-05
2.98542e-05
-8.33994e-05
4.03278e-05
-8.93915e-05
3.64005e-05
-7.60701e-05
5.82705e-05
-8.28132e-05
5.81639e-05
-0.000119776
9.96092e-05
-7.90089e-05
6.6468e-05
-6.85525e-05
0.000114077
-5.19228e-05
0.00012995
-4.42647e-05
0.000144309
-3.98216e-05
0.000138985
-1.51432e-05
0.000157665
0.000161336
-4.29568e-05
-1.0669e-05
-4.66154e-05
-8.83379e-06
-4.64214e-05
-3.27178e-06
-4.82098e-05
4.92849e-06
-5.28886e-05
1.22491e-05
-5.50069e-05
1.54639e-05
-6.28869e-05
3.77342e-05
-7.07105e-05
4.81514e-05
-8.15137e-05
4.72037e-05
-8.71596e-05
6.39163e-05
-8.53056e-05
5.63097e-05
-6.56191e-05
7.99225e-05
-0.000104845
0.000105694
-5.61663e-05
6.53987e-05
-6.93196e-05
0.000143103
-4.30472e-05
0.000118036
-3.94965e-05
0.000135435
-1.8515e-05
0.000136684
0.000142821
-4.05712e-05
-9.72995e-06
-4.27658e-05
-6.63913e-06
-4.60886e-05
5.10837e-08
-5.07639e-05
9.6038e-06
-4.81001e-05
9.58548e-06
-7.63686e-05
4.37324e-05
-6.02869e-05
2.16526e-05
-6.6136e-05
5.40006e-05
-7.01348e-05
5.12026e-05
-7.06258e-05
6.44073e-05
-7.95227e-05
6.52066e-05
-8.36583e-05
8.4058e-05
-6.59648e-05
8.79999e-05
-9.91544e-05
9.85881e-05
-5.35444e-05
9.7493e-05
-3.95336e-05
0.000104025
-2.08393e-05
0.00011674
8.85731e-06
0.000106987
0.000151679
-4.12078e-05
-7.99301e-06
-4.50428e-05
-2.80409e-06
-4.94108e-05
4.41918e-06
-4.5836e-05
6.02901e-06
-7.47772e-05
3.85268e-05
-6.85863e-05
3.75416e-05
-8.04186e-05
3.34851e-05
-6.3539e-05
3.71211e-05
-6.44962e-05
5.21599e-05
-6.32866e-05
6.31977e-05
-6.10578e-05
6.29778e-05
-5.35436e-05
7.65438e-05
-4.98319e-05
8.42882e-05
-4.42255e-05
9.29816e-05
-3.9165e-05
9.24324e-05
-3.7882e-05
0.000102742
-3.52603e-05
0.000114118
-4.50646e-05
0.000116791
0.000106614
-3.73514e-05
-8.55062e-06
-3.93622e-05
-7.93186e-07
-4.16644e-05
6.72137e-06
-4.47672e-05
9.13189e-06
-4.33289e-05
3.70885e-05
-5.76773e-05
5.18902e-05
-5.88399e-05
3.46478e-05
-7.97542e-05
5.80355e-05
-5.93863e-05
3.17922e-05
-5.91266e-05
6.29381e-05
-5.87979e-05
6.26491e-05
-5.47477e-05
7.24937e-05
-4.78189e-05
7.73594e-05
-4.04538e-05
8.56166e-05
-3.45887e-05
8.65673e-05
-2.85784e-05
9.67319e-05
-1.77462e-05
0.000103286
-6.74596e-06
0.000105791
9.98681e-05
-3.72651e-05
-3.4734e-06
-4.0685e-05
2.62675e-06
-3.96441e-05
5.68049e-06
-6.13585e-05
3.08464e-05
-3.6204e-05
1.19341e-05
-3.52888e-05
5.0975e-05
-5.21797e-05
5.15388e-05
-4.01871e-05
4.6043e-05
-7.27348e-05
6.43401e-05
-5.26811e-05
4.28845e-05
-5.19425e-05
6.19106e-05
-4.57798e-05
6.63311e-05
-4.10384e-05
7.2618e-05
-3.48983e-05
7.94766e-05
-3.09206e-05
8.25896e-05
-2.64315e-05
9.22428e-05
-1.91665e-05
9.6021e-05
-9.831e-06
9.64553e-05
9.00371e-05
-3.07911e-05
-7.58836e-07
-3.15109e-05
3.34662e-06
-3.39185e-05
8.08809e-06
-3.50588e-05
3.19867e-05
-3.35062e-05
1.03815e-05
-3.1848e-05
4.93169e-05
-3.23293e-05
5.20201e-05
-4.95895e-05
6.33032e-05
-4.87423e-05
6.3493e-05
-6.98496e-05
6.39919e-05
-5.19837e-05
4.40449e-05
-4.7485e-05
6.18326e-05
-3.92759e-05
6.4409e-05
-3.30642e-05
7.3265e-05
-2.79094e-05
7.74349e-05
-2.18419e-05
8.61754e-05
-1.42177e-05
8.83969e-05
-5.93454e-06
8.81722e-05
8.41026e-05
-3.12432e-05
1.60355e-06
-3.2403e-05
4.5064e-06
-3.26795e-05
8.36462e-06
-3.07773e-05
3.00845e-05
-5.6036e-05
3.56403e-05
-2.86054e-05
2.18863e-05
-3.83876e-05
6.18023e-05
-2.77202e-05
5.26359e-05
-2.80761e-05
6.3849e-05
-3.02518e-05
6.61678e-05
-3.27358e-05
4.6529e-05
-3.31812e-05
6.22781e-05
-2.90637e-05
6.02916e-05
-2.5804e-05
7.00054e-05
-2.22083e-05
7.38394e-05
-1.7229e-05
8.11961e-05
-1.13091e-05
8.24771e-05
-4.64523e-06
8.15085e-05
7.94575e-05
-2.48382e-05
4.41611e-06
-2.60288e-05
5.69709e-06
-2.86677e-05
1.10035e-05
-2.7993e-05
2.94099e-05
-3.85926e-05
4.62398e-05
-3.56777e-05
1.89715e-05
-2.44351e-05
5.05598e-05
-2.07455e-05
4.89463e-05
-2.79223e-05
7.10258e-05
-1.88256e-05
5.70712e-05
-5.51055e-05
8.2809e-05
-3.63951e-05
4.35678e-05
-3.06251e-05
5.45217e-05
-2.43096e-05
6.369e-05
-1.98177e-05
6.93476e-05
-1.41664e-05
7.55449e-05
-8.82316e-06
7.7134e-05
-3.83827e-06
7.65237e-05
7.56192e-05
-2.42735e-05
6.9122e-06
-2.45207e-05
5.94426e-06
-2.30593e-05
9.54212e-06
-2.29113e-05
2.92619e-05
-2.20592e-05
4.53877e-05
-2.15621e-05
1.84743e-05
-1.91e-05
4.80978e-05
-2.04916e-05
5.0338e-05
-2.06091e-05
7.11434e-05
-3.16967e-05
6.81588e-05
-3.00417e-05
8.11541e-05
-2.23525e-05
3.58787e-05
-2.23829e-05
5.45521e-05
-1.84397e-05
5.97469e-05
-1.55352e-05
6.64432e-05
-1.07616e-05
7.07713e-05
-6.41933e-06
7.27919e-05
-2.88466e-06
7.29891e-05
7.27346e-05
-1.85183e-05
7.07186e-06
-1.96833e-05
7.10925e-06
-1.96182e-05
9.47702e-06
-2.21363e-05
3.178e-05
-2.28611e-05
4.61126e-05
-3.34174e-05
2.90307e-05
-1.30932e-05
2.77736e-05
-2.06828e-05
5.79275e-05
-1.48131e-05
6.52738e-05
-1.56688e-05
6.90145e-05
-1.52107e-05
8.0696e-05
-1.82253e-05
3.88934e-05
-1.75913e-05
5.39182e-05
-1.45004e-05
5.6656e-05
-1.17412e-05
6.3684e-05
-8.15181e-06
6.71821e-05
-5.20502e-06
6.98451e-05
-2.63884e-06
7.0423e-05
7.00958e-05
-1.8419e-05
9.43493e-06
-1.97123e-05
8.40252e-06
-2.89155e-05
1.86802e-05
-1.46325e-05
1.7497e-05
-1.69278e-05
4.84079e-05
-1.74447e-05
2.95476e-05
-2.41452e-05
3.44742e-05
-2.36986e-05
5.74809e-05
-1.38519e-05
5.54271e-05
-1.07417e-05
6.59043e-05
-5.42256e-06
7.53769e-05
-1.02474e-05
4.37183e-05
-8.53019e-06
5.2201e-05
-8.14886e-06
5.62747e-05
-6.78988e-06
6.23251e-05
-5.04901e-06
6.54412e-05
-3.38039e-06
6.81766e-05
-1.82993e-06
6.88726e-05
6.82659e-05
-1.16694e-05
1.07446e-05
-1.29828e-05
9.71588e-06
-1.63198e-05
2.20172e-05
-1.92244e-05
2.04017e-05
-1.39457e-05
4.31291e-05
-1.25382e-05
2.81401e-05
-1.10978e-05
3.30338e-05
-1.41348e-05
6.0518e-05
-1.13083e-05
5.26006e-05
-1.08272e-05
6.54232e-05
-9.41606e-06
7.39658e-05
-1.10618e-05
4.53641e-05
-8.93713e-06
5.00764e-05
-8.11153e-06
5.54492e-05
-6.40836e-06
6.0622e-05
-4.78248e-06
6.38154e-05
-3.13749e-06
6.65316e-05
-1.70596e-06
6.74411e-05
6.65599e-05
-4.4297e-06
-1.03126e-05
-1.16765e-05
-2.20091e-05
-8.67674e-06
-2.1985e-05
-3.10698e-05
-1.5751e-05
-1.3241e-05
5.60933e-07
1.89652e-05
1.0073e-05
4.07328e-06
9.7804e-07
-6.79248e-07
-1.38679e-06
-1.4991e-06
-1.215e-06
)
;

boundaryField
{
    leftWall
    {
        type            calculated;
        value           uniform 0;
    }
    rightWall
    {
        type            calculated;
        value           uniform 0;
    }
    lowerWall
    {
        type            calculated;
        value           uniform 0;
    }
    atmosphere
    {
        type            calculated;
        value           nonuniform List<scalar> 
46
(
-5.89775e-05
-5.96673e-05
-5.94831e-05
-6.38386e-05
-5.4269e-05
-5.15679e-05
-4.98156e-05
-4.14763e-05
-5.11873e-05
-3.56261e-05
-4.71728e-05
-3.69036e-05
-4.1424e-05
-3.86286e-05
-3.90461e-05
-3.27258e-05
-3.05957e-05
-2.44504e-05
-1.955e-05
-1.82235e-05
-1.22934e-05
-1.35561e-05
-2.98896e-06
-2.85518e-06
2.18435e-07
-9.81137e-07
3.1429e-06
3.56619e-06
1.55988e-05
2.3381e-05
3.07343e-05
2.97968e-05
4.14484e-05
4.21185e-05
4.51992e-05
5.00907e-05
5.16212e-05
5.55615e-05
5.42563e-05
5.60761e-05
5.85444e-05
6.22793e-05
6.45229e-05
6.66439e-05
6.7157e-05
6.53449e-05
)
;
    }
    defaultFaces
    {
        type            empty;
    }
}


// ************************************************************************* //
