/*--------------------------------*- C++ -*----------------------------------*\
| =========                 |                                                 |
| \\      /  F ield         | foam-extend: Open Source CFD                    |
|  \\    /   O peration     | Version:     4.1                                |
|   \\  /    A nd           | Web:         http://www.foam-extend.org         |
|    \\/     M anipulation  |                                                 |
\*---------------------------------------------------------------------------*/
FoamFile
{
    version     2.0;
    format      ascii;
    class       volVectorField;
    location    "0.35";
    object      U;
}
// * * * * * * * * * * * * * * * * * * * * * * * * * * * * * * * * * * * * * //

dimensions      [0 1 -1 0 0 0 0];

internalField   nonuniform List<vector> 
2268
(
(-0.0134149 -0.0122294 0)
(0.0581572 -0.00749682 0)
(0.0758416 -0.0101523 0)
(0.199668 -0.0139044 0)
(0.271925 -0.0142439 0)
(0.463121 -0.0181892 0)
(0.533729 -0.00253417 0)
(0.620315 -0.0229944 0)
(0.907854 -0.0131431 0)
(0.817261 -0.0585501 0)
(0.659946 0.00839511 0)
(0.703601 -0.00892107 0)
(0.746476 0.00615847 0)
(0.724923 0.0412781 0)
(0.817669 0.146297 0)
(0.980952 -0.0365797 0)
(0.96118 0.00924765 0)
(0.765515 0.103651 0)
(0.771017 0.0116767 0)
(0.626382 -0.120698 0)
(0.613893 -0.00614778 0)
(0.446347 0.196114 0)
(-0.524798 -0.323718 0)
(-0.0104427 -0.00839844 0)
(0.0596914 -0.0137961 0)
(0.0768003 -0.0223595 0)
(0.195871 -0.0337161 0)
(0.270732 -0.0464365 0)
(0.469057 -0.0488043 0)
(0.526282 -0.0620906 0)
(0.627961 -0.0751232 0)
(0.933577 -0.036616 0)
(0.790477 -0.203318 0)
(0.675164 0.0239652 0)
(0.718075 -0.0434101 0)
(0.761637 -0.0206333 0)
(0.782109 -0.0705668 0)
(0.793829 0.089236 0)
(0.838417 0.0287542 0)
(0.969547 0.0311591 0)
(0.790048 -0.0625997 0)
(0.652699 0.040081 0)
(0.631475 -0.0902172 0)
(0.65001 0.0342303 0)
(0.540739 0.330268 0)
(0.532705 0.227365 0)
(-0.0126921 -0.0362225 0)
(0.0576534 -0.0285723 0)
(0.074595 -0.0417791 0)
(0.187086 -0.0609491 0)
(0.259921 -0.0777997 0)
(0.446138 -0.0765848 0)
(0.535871 -0.066321 0)
(0.674616 -0.140659 0)
(0.863145 -0.0603988 0)
(0.796294 -0.242595 0)
(0.676306 -0.0326103 0)
(0.624951 0.00725122 0)
(0.659416 -0.0636876 0)
(0.674319 0.0852544 0)
(0.821613 0.142254 0)
(0.905485 0.225728 0)
(0.949687 0.109303 0)
(0.766251 -0.10264 0)
(0.634449 0.00316625 0)
(0.433957 -0.0849656 0)
(0.211264 0.11919 0)
(0.433673 0.339889 0)
(0.463457 0.252589 0)
(-0.00513925 -0.0273643 0)
(0.0659835 -0.034497 0)
(0.0758924 -0.0516055 0)
(0.172873 -0.078579 0)
(0.257557 -0.105579 0)
(0.470687 -0.124982 0)
(0.553583 -0.0449724 0)
(0.68905 -0.156643 0)
(0.794933 -0.0578359 0)
(0.722597 -0.182679 0)
(0.668221 -0.175735 0)
(0.592664 -0.135038 0)
(0.666563 0.0470278 0)
(0.807154 0.0806259 0)
(0.780957 0.17249 0)
(0.83097 0.197977 0)
(0.834245 0.0944304 0)
(0.72169 0.0058108 0)
(0.493657 -0.0623163 0)
(0.331196 0.0843296 0)
(-0.125082 0.0389017 0)
(0.192071 0.365122 0)
(0.428188 0.392117 0)
(-0.0128611 -0.0679302 0)
(0.0598544 -0.0491079 0)
(0.0648894 -0.0667731 0)
(0.160016 -0.105517 0)
(0.251069 -0.149361 0)
(0.491185 -0.147638 0)
(0.488638 -0.13703 0)
(0.622143 -0.207721 0)
(0.7312 -0.0697827 0)
(0.66529 -0.19917 0)
(0.642357 -0.213827 0)
(0.683166 -0.16777 0)
(0.726808 0.0696683 0)
(0.749425 -0.147847 0)
(0.835465 0.0880454 0)
(0.717784 0.228811 0)
(0.690539 0.101896 0)
(0.645733 0.0661982 0)
(0.576585 0.12175 0)
(0.370511 0.237127 0)
(0.0601016 0.105786 0)
(0.0139385 0.252141 0)
(0.398269 0.417302 0)
(0.00135479 -0.0455916 0)
(0.0692019 -0.0523892 0)
(0.0606268 -0.0736286 0)
(0.1507 -0.122588 0)
(0.255534 -0.185497 0)
(0.444573 -0.184469 0)
(0.449053 -0.23563 0)
(0.601945 -0.266263 0)
(0.703689 -0.132974 0)
(0.641353 -0.185456 0)
(0.689081 -0.269799 0)
(0.698262 -0.0325731 0)
(0.692919 -0.170074 0)
(0.789022 -0.0887143 0)
(1.04095 0.0329981 0)
(0.821021 0.26242 0)
(0.733943 0.161837 0)
(0.700295 0.145811 0)
(0.666302 0.107817 0)
(0.556595 0.299907 0)
(0.473647 0.224079 0)
(0.0940326 0.29672 0)
(0.344731 0.478489 0)
(-0.0106231 -0.0303513 0)
(0.0581901 -0.0661981 0)
(0.0455309 -0.0861971 0)
(0.149113 -0.156813 0)
(0.271283 -0.216976 0)
(0.398258 -0.196192 0)
(0.410067 -0.208005 0)
(0.646322 -0.201884 0)
(0.72803 -0.281624 0)
(0.614883 -0.216605 0)
(0.713473 -0.183176 0)
(0.805001 -0.202702 0)
(0.769029 0.0446954 0)
(0.924465 0.05718 0)
(1.10492 -0.201056 0)
(0.996528 0.137822 0)
(0.680352 0.177953 0)
(0.678432 0.186818 0)
(0.721059 0.197853 0)
(0.70994 0.329895 0)
(0.680731 0.318452 0)
(0.366188 0.399325 0)
(0.388349 0.564598 0)
(-0.0143732 -0.0546965 0)
(0.0546229 -0.0619388 0)
(0.0411951 -0.0922565 0)
(0.163608 -0.169552 0)
(0.261167 -0.244734 0)
(0.386781 -0.216205 0)
(0.43767 -0.329513 0)
(0.544044 -0.221083 0)
(0.695026 -0.320654 0)
(0.671726 -0.236526 0)
(0.726195 -0.11768 0)
(0.850365 -0.191058 0)
(0.807804 0.0266534 0)
(0.795416 -0.125948 0)
(1.0066 0.0056259 0)
(0.914964 0.195932 0)
(0.644081 0.0536517 0)
(0.592228 0.136443 0)
(0.618052 0.26841 0)
(0.706869 0.373606 0)
(0.716323 0.369908 0)
(0.598921 0.489282 0)
(0.346871 0.826172 0)
(-1.23944 0.46379 0)
(-1.90029 0.0543888 0)
(-1.83401 -0.301234 0)
(-1.46974 -0.329235 0)
(-1.29158 -0.140636 0)
(-1.18198 -0.129932 0)
(-0.926346 -0.184276 0)
(-0.799363 -0.190011 0)
(-0.765572 -0.0834096 0)
(-0.610477 0.0220745 0)
(-0.365667 -0.0690157 0)
(-0.842335 0.0583104 0)
(0.019433 -0.281197 0)
(0.596453 -0.24149 0)
(1.17735 -0.251185 0)
(1.58142 0.0425463 0)
(2.30948 -0.0950064 0)
(2.14809 -0.0615366 0)
(1.91773 0.243596 0)
(-1.00444 0.957007 0)
(-1.30547 0.351655 0)
(-0.782227 -0.0765447 0)
(-0.738304 -0.132393 0)
(-0.734347 -0.0718139 0)
(-0.503364 -0.151603 0)
(0.124623 -0.132853 0)
(0.387685 -0.276747 0)
(0.248524 0.0589781 0)
(-0.536471 0.115225 0)
(0.716533 -0.247018 0)
(0.42618 0.10748 0)
(0.664669 -0.235204 0)
(1.09786 -0.497686 0)
(1.44167 -0.194212 0)
(1.86788 0.234017 0)
(2.18195 0.0284094 0)
(1.95742 0.159664 0)
(1.93377 0.634085 0)
(-0.762544 2.21989 0)
(-0.863319 0.694112 0)
(-0.538469 -0.331284 0)
(-0.710085 -0.177522 0)
(-0.70755 -0.127934 0)
(-0.498101 -0.315089 0)
(0.366706 -0.471696 0)
(0.534698 -0.357955 0)
(-0.352833 0.340763 0)
(0.150244 0.00139906 0)
(0.942896 -0.480637 0)
(0.970639 -0.38446 0)
(1.01394 -0.462865 0)
(1.26646 -0.473408 0)
(1.55483 -0.0369489 0)
(1.76234 0.0683075 0)
(1.95835 -0.0893622 0)
(1.66863 0.117751 0)
(1.58775 1.03503 0)
(-0.425092 2.36948 0)
(0.0502012 0.547782 0)
(0.524823 -0.3686 0)
(0.14068 0.190205 0)
(0.143121 -0.321471 0)
(-0.0017629 -0.364748 0)
(0.485145 -0.70075 0)
(-0.13243 0.166153 0)
(-0.840928 0.401914 0)
(0.668292 -0.299056 0)
(1.0546 -0.631626 0)
(1.1875 -0.583445 0)
(1.19755 -0.469603 0)
(1.28886 -0.224544 0)
(1.67853 -0.118462 0)
(1.76198 -0.00751252 0)
(1.85543 -0.0343013 0)
(1.59537 0.207158 0)
(1.40392 1.39773 0)
(0.210938 2.19423 0)
(0.670765 0.43406 0)
(0.913337 -0.294422 0)
(0.436141 -0.10177 0)
(0.634614 -0.379186 0)
(0.39236 -0.469845 0)
(0.617791 -0.522455 0)
(-0.0863629 0.0168763 0)
(0.315693 0.34957 0)
(0.996828 -0.530199 0)
(1.29166 -0.463251 0)
(1.45189 -0.495426 0)
(1.44874 -0.428881 0)
(1.48849 -0.157063 0)
(1.71508 -0.127028 0)
(1.7751 -0.057952 0)
(1.8767 -0.0160153 0)
(1.66741 0.262162 0)
(1.26537 1.68526 0)
(0.488341 1.44947 0)
(0.683839 0.119398 0)
(0.501026 -0.127564 0)
(0.481636 0.117744 0)
(0.843819 -0.341034 0)
(0.734963 -0.316431 0)
(0.756412 -0.288697 0)
(-0.639263 0.146692 0)
(1.16095 -0.617188 0)
(1.56579 -0.512647 0)
(1.56216 -0.43255 0)
(1.59735 -0.54362 0)
(1.58585 -0.488395 0)
(1.55974 -0.245359 0)
(1.74512 -0.155511 0)
(1.74077 -0.0951193 0)
(1.79813 -0.0249217 0)
(1.69071 0.358768 0)
(1.26971 1.98901 0)
(0.227167 0.809549 0)
(0.352197 0.412767 0)
(0.232446 -0.256807 0)
(0.764959 -0.306209 0)
(0.831124 -0.174098 0)
(0.809913 -0.260843 0)
(0.81132 -0.353673 0)
(0.505951 -0.0550608 0)
(1.29253 -0.569549 0)
(1.71639 -0.291524 0)
(1.64122 -0.443941 0)
(1.713 -0.540353 0)
(1.68264 -0.455959 0)
(1.59762 -0.223106 0)
(1.67314 -0.152037 0)
(1.64262 -0.108149 0)
(1.67142 -0.00654142 0)
(1.49874 0.43611 0)
(1.17018 2.32257 0)
(0.0405352 0.93513 0)
(0.042665 0.294356 0)
(0.26262 -0.306087 0)
(0.643734 -0.370683 0)
(0.749745 -0.164272 0)
(0.783968 -0.260247 0)
(0.760453 -0.182347 0)
(0.796394 -0.335669 0)
(1.28898 -0.571245 0)
(1.87824 -0.388399 0)
(1.76938 -0.48747 0)
(1.80099 -0.516139 0)
(1.71792 -0.423883 0)
(1.56635 -0.205537 0)
(1.61702 -0.1352 0)
(1.61574 -0.119194 0)
(1.65371 0.0202111 0)
(1.38959 0.500902 0)
(1.03935 2.65724 0)
(-0.00945404 -0.0477048 0)
(0.0585483 -0.0834847 0)
(0.0596607 -0.123193 0)
(0.169756 -0.245234 0)
(0.257784 -0.31638 0)
(0.321424 -0.276983 0)
(0.429225 -0.454103 0)
(0.540872 -0.401358 0)
(0.740123 -0.355602 0)
(0.718013 -0.256896 0)
(0.769751 -0.226391 0)
(0.800591 -0.0738796 0)
(0.758184 -0.187537 0)
(0.917616 -0.106891 0)
(1.42286 0.083398 0)
(1.16498 0.0418871 0)
(0.678375 0.0430726 0)
(0.785457 0.0791891 0)
(0.774357 0.20931 0)
(0.718887 0.244666 0)
(0.738752 0.359032 0)
(0.883514 0.581116 0)
(0.818227 1.11371 0)
(-0.037712 -0.102838 0)
(0.0275082 -0.116418 0)
(0.087381 -0.18422 0)
(0.136722 -0.360442 0)
(0.236319 -0.323474 0)
(0.359253 -0.354507 0)
(0.497524 -0.534181 0)
(0.569694 -0.481299 0)
(0.674667 -0.416027 0)
(0.690403 -0.266498 0)
(0.873885 -0.143193 0)
(0.820843 -0.166031 0)
(0.728156 -0.0982373 0)
(0.838002 0.125732 0)
(0.944365 0.0264967 0)
(0.920682 -0.055497 0)
(0.831244 0.120295 0)
(0.829173 0.174798 0)
(0.797285 0.273136 0)
(0.81532 0.274909 0)
(0.933299 0.397921 0)
(1.33078 0.512636 0)
(1.38883 1.16379 0)
(0.0457238 -0.181982 0)
(0.0423118 -0.224199 0)
(0.0474961 -0.232265 0)
(0.166164 -0.386144 0)
(0.262483 -0.318304 0)
(0.271018 -0.44306 0)
(0.429827 -0.577259 0)
(0.242866 -0.466882 0)
(0.0923568 -0.41556 0)
(0.266116 -0.326713 0)
(0.342124 -0.404419 0)
(0.400391 -0.546821 0)
(0.469349 -0.40034 0)
(0.829548 -0.383559 0)
(0.84787 -0.212496 0)
(0.760088 0.185473 0)
(0.621424 0.333641 0)
(0.561793 0.349363 0)
(0.575069 0.322278 0)
(0.705879 0.337256 0)
(0.934233 0.579066 0)
(1.43491 0.419257 0)
(1.63099 0.668972 0)
(-0.0347266 -0.272928 0)
(0.103809 -0.342827 0)
(0.150123 -0.354368 0)
(0.135968 -0.33486 0)
(0.148855 -0.324472 0)
(0.24223 -0.362603 0)
(0.42281 -0.491543 0)
(0.168928 -0.278327 0)
(0.088317 -0.482549 0)
(0.234163 -0.365088 0)
(0.29174 -0.54992 0)
(0.5138 -0.632092 0)
(0.50796 -0.448746 0)
(0.64905 -0.373288 0)
(1.11247 0.0469377 0)
(0.96119 0.151902 0)
(0.811864 0.425676 0)
(0.803449 0.430785 0)
(0.722684 0.461977 0)
(0.873116 0.394947 0)
(1.01794 0.466578 0)
(1.2897 0.426383 0)
(1.26103 0.28914 0)
(-0.0101894 -0.311988 0)
(0.0687712 -0.656993 0)
(0.216883 -0.550326 0)
(0.226412 -0.630739 0)
(0.359853 -0.785055 0)
(0.320911 -0.759719 0)
(0.296428 -0.61438 0)
(0.198543 -0.299038 0)
(0.445455 -0.585279 0)
(0.669049 -0.537199 0)
(0.517851 -0.411128 0)
(0.60887 -0.564328 0)
(0.635001 -0.537646 0)
(0.618902 -0.436766 0)
(0.754235 -0.263349 0)
(0.800861 -0.267299 0)
(0.900986 0.00464172 0)
(0.977591 0.174206 0)
(1.02092 0.618864 0)
(1.04626 0.595795 0)
(0.928558 0.308523 0)
(0.75802 0.183415 0)
(0.786293 -0.0261249 0)
(-0.0031462 -0.377546 0)
(0.0441558 -0.772931 0)
(0.0314427 -0.649491 0)
(0.122818 -0.822427 0)
(0.395755 -0.99103 0)
(0.308468 -0.925365 0)
(0.395482 -0.794663 0)
(0.445181 -0.576887 0)
(0.551017 -0.481258 0)
(0.818452 -0.502296 0)
(0.613932 -0.473761 0)
(0.529293 -0.58571 0)
(0.620315 -0.586613 0)
(0.608736 -0.505803 0)
(0.605705 -0.237939 0)
(0.620756 -0.0966061 0)
(0.868171 0.177459 0)
(1.22796 0.352261 0)
(1.16378 0.428342 0)
(1.03684 0.484925 0)
(1.00679 0.371697 0)
(0.994913 0.220069 0)
(0.950815 0.112333 0)
(-0.00436509 -0.378718 0)
(-0.116265 -0.730515 0)
(0.00635171 -0.698302 0)
(0.21863 -0.934394 0)
(0.551781 -0.996047 0)
(0.44637 -0.836296 0)
(0.455871 -0.842107 0)
(0.482791 -0.842646 0)
(0.43726 -0.517475 0)
(0.467774 -0.469162 0)
(0.475776 -0.666835 0)
(0.534393 -0.623329 0)
(0.594462 -0.583889 0)
(0.49236 -0.416328 0)
(0.285678 -0.270131 0)
(0.357367 -0.293814 0)
(0.829743 0.217241 0)
(0.973163 0.121265 0)
(0.782602 0.0377585 0)
(0.872859 0.23842 0)
(0.946262 0.29626 0)
(1.01666 0.18213 0)
(1.09596 0.158278 0)
(-0.0172972 -0.205673 0)
(-0.151962 -0.757833 0)
(0.048516 -1.07639 0)
(0.259943 -1.4361 0)
(0.458144 -1.11652 0)
(0.54249 -0.674428 0)
(0.580201 -0.878727 0)
(0.505975 -0.944767 0)
(0.117917 -0.527052 0)
(0.127677 -0.451244 0)
(0.290084 -0.654609 0)
(0.432888 -0.644717 0)
(0.556748 -0.552298 0)
(0.24855 -0.214584 0)
(-0.0760128 -0.121102 0)
(0.26417 -0.29146 0)
(0.652471 -0.176041 0)
(0.669073 -0.269073 0)
(0.706148 0.0307359 0)
(0.671917 0.336119 0)
(0.753631 0.392723 0)
(1.08519 0.105657 0)
(0.864557 0.0774884 0)
(0.0959169 -0.181373 0)
(0.0745409 -0.712094 0)
(0.0962983 -1.50852 0)
(0.310297 -1.57383 0)
(0.49172 -0.906299 0)
(0.455332 -0.613382 0)
(0.36453 -0.962618 0)
(0.232226 -0.8092 0)
(0.0672406 -0.448117 0)
(0.0619773 -0.633353 0)
(0.200406 -0.913988 0)
(0.165649 -0.898209 0)
(-0.00233372 -0.31881 0)
(-0.352015 0.297184 0)
(0.117428 -0.246423 0)
(0.196701 -0.420009 0)
(0.244999 -0.553449 0)
(0.553547 -0.273069 0)
(0.410513 0.30437 0)
(0.233041 0.312557 0)
(0.413946 0.447954 0)
(0.606697 0.153845 0)
(0.360297 -0.252129 0)
(0.0838326 -0.500802 0)
(0.238717 -0.728842 0)
(0.187585 -1.47928 0)
(0.244212 -1.52616 0)
(0.13842 -0.822049 0)
(0.169959 -0.725382 0)
(0.230689 -0.698079 0)
(0.0525767 -0.262246 0)
(-0.0936194 -0.294195 0)
(0.0336026 -0.682966 0)
(-0.108229 -0.75815 0)
(-0.14705 -0.578874 0)
(-0.368059 -0.293029 0)
(-0.0461974 -0.404417 0)
(0.102946 -0.448704 0)
(0.259236 -0.493266 0)
(0.301898 -0.571308 0)
(-0.00366529 -0.277071 0)
(0.070289 0.190815 0)
(-0.0314239 0.286066 0)
(0.241186 0.337968 0)
(0.422409 0.13339 0)
(0.163337 0.211668 0)
(-0.039533 -0.831871 0)
(0.164428 -0.877616 0)
(0.105182 -1.55843 0)
(0.172872 -1.33773 0)
(0.13554 -0.756988 0)
(-0.00729797 -0.789571 0)
(-0.0209444 -0.682994 0)
(-0.146937 -0.34326 0)
(-0.0191899 -0.427975 0)
(-0.0329263 -0.639946 0)
(-0.149976 -0.66648 0)
(-0.092762 -0.579179 0)
(-0.187802 -0.412921 0)
(0.00689213 -0.206794 0)
(-0.309113 -0.484161 0)
(-0.171642 -0.545199 0)
(-0.0902176 -0.687769 0)
(-0.458554 -0.135593 0)
(-0.409225 0.31438 0)
(-0.2183 0.346005 0)
(-0.102932 0.244721 0)
(-0.119305 0.192414 0)
(-0.284987 0.1494 0)
(-0.196756 -0.845684 0)
(0.10793 -0.9633 0)
(-0.000437627 -1.71431 0)
(0.0468686 -1.28376 0)
(-0.137288 -1.09861 0)
(-0.241241 -0.36932 0)
(-0.0922083 -0.574591 0)
(-0.199364 -0.281358 0)
(-0.105248 -0.484437 0)
(-0.055741 -0.612885 0)
(-0.223635 -0.59959 0)
(-0.2013 -0.496687 0)
(-0.283336 -0.475985 0)
(-0.308277 -0.0817129 0)
(-0.537896 -0.581322 0)
(-0.614293 -0.542273 0)
(-0.439049 -0.594317 0)
(-0.354682 -0.183633 0)
(-0.555489 0.088174 0)
(-0.330399 0.0763277 0)
(-0.219028 0.17116 0)
(-0.366108 0.286456 0)
(-0.316182 0.202327 0)
(-0.370585 -0.698892 0)
(0.159979 -0.877794 0)
(-0.0237394 -1.52416 0)
(-0.169153 -0.936479 0)
(0.0809811 -1.51695 0)
(-0.401322 -0.750585 0)
(-0.0931205 -0.553093 0)
(-0.150978 -0.298974 0)
(-0.103197 -0.522328 0)
(-0.0251519 -0.538155 0)
(-0.241134 -0.561091 0)
(-0.380663 -0.583189 0)
(-0.428157 -0.765537 0)
(-0.320262 -0.0341157 0)
(-0.664129 -0.58448 0)
(-0.666352 -0.580949 0)
(-0.47066 -0.329881 0)
(-0.309889 -0.256649 0)
(-0.380195 -0.0509351 0)
(-0.329578 0.267042 0)
(-0.377047 0.274821 0)
(-0.431277 0.292954 0)
(-0.273991 0.181519 0)
(-0.0988055 -0.334886 0)
(-0.0115057 -0.694667 0)
(-0.160454 -0.883844 0)
(0.146921 -0.556982 0)
(-0.217277 -0.524838 0)
(-0.236549 -0.736025 0)
(-0.137534 -0.6972 0)
(0.222859 -0.336004 0)
(-0.0419936 -0.52773 0)
(-0.0933631 -0.503992 0)
(-0.100431 -0.475841 0)
(-0.301561 -0.504964 0)
(-0.308773 -0.585991 0)
(-0.212449 -0.165884 0)
(-0.668891 -0.63684 0)
(-0.759265 -0.578443 0)
(-0.553378 -0.279722 0)
(-0.347051 -0.27782 0)
(-0.430061 0.0758034 0)
(-0.377899 0.182006 0)
(-0.416778 0.241374 0)
(-0.280864 0.152083 0)
(-0.291374 0.0197299 0)
(-0.192626 -0.201591 0)
(0.0680927 -0.595712 0)
(-0.153973 -0.741368 0)
(0.0453668 -0.6779 0)
(-0.105707 -0.556865 0)
(-0.124726 -0.858944 0)
(-0.0999118 -0.928468 0)
(0.156015 -0.486439 0)
(0.288663 -0.215277 0)
(0.135057 -0.470372 0)
(0.118826 -0.35998 0)
(-0.266479 -0.210672 0)
(-0.313607 -0.321222 0)
(-0.469828 -0.233898 0)
(-0.752897 -0.952621 0)
(-0.501054 -0.541646 0)
(-0.620273 -0.270901 0)
(-0.476985 -0.265639 0)
(-0.458153 -0.0262418 0)
(-0.358073 0.0566842 0)
(-0.317478 0.161232 0)
(-0.135892 0.0563758 0)
(-0.192119 -0.058727 0)
(-0.290894 -0.241025 0)
(0.0692593 -0.694396 0)
(-0.173373 -0.863105 0)
(-0.0582654 -0.568282 0)
(-0.050898 -0.428065 0)
(-0.127289 -0.798344 0)
(-0.0101863 -0.965168 0)
(-0.0670385 -0.811378 0)
(0.458028 -0.714893 0)
(0.268836 -0.386125 0)
(0.17423 -0.25879 0)
(-0.100423 0.463584 0)
(-0.201382 -0.345707 0)
(-0.337529 -0.201948 0)
(-0.403809 -0.610252 0)
(-0.379432 -0.653251 0)
(-0.427369 -0.299162 0)
(-0.421948 -0.19407 0)
(-0.425443 -0.0755273 0)
(-0.385268 0.0264151 0)
(-0.263316 -0.00124352 0)
(-0.236662 -0.0593171 0)
(-0.283111 -0.0435936 0)
(-0.327555 -0.114492 0)
(0.0692202 -0.551468 0)
(-0.174095 -0.715351 0)
(-0.190238 -0.583112 0)
(-0.0574947 -0.550397 0)
(-0.23393 -0.842569 0)
(0.143888 -0.72159 0)
(-0.0120908 -1.07763 0)
(-0.356518 -0.973458 0)
(-0.26574 -0.721394 0)
(-0.164968 0.0967877 0)
(-0.0216253 0.554927 0)
(0.137369 -0.0104329 0)
(-0.0745337 -0.545063 0)
(-0.312416 -0.293182 0)
(-0.314136 -0.371541 0)
(-0.260821 -0.249447 0)
(-0.341081 -0.199072 0)
(-0.287174 -0.0913316 0)
(-0.401734 -0.0844891 0)
(-0.432946 -0.0355139 0)
(-0.288149 -0.145347 0)
(-0.198898 -0.101611 0)
(0.221112 -0.302331 0)
(0.0936184 -0.787842 0)
(-0.165372 -0.678987 0)
(-0.194317 -0.497315 0)
(-0.111965 -0.535198 0)
(-0.160034 -0.771086 0)
(-0.168341 -0.619012 0)
(-0.134711 -1.15873 0)
(-0.18788 -0.880394 0)
(-0.224606 -0.576026 0)
(-0.229223 -0.317298 0)
(-0.0646387 -0.111211 0)
(0.125213 -0.231951 0)
(-0.256546 -0.142555 0)
(-0.304476 -0.330783 0)
(-0.270988 -0.208082 0)
(-0.17485 -0.227005 0)
(-0.313392 -0.194929 0)
(-0.339091 -0.188988 0)
(-0.411095 -0.189408 0)
(-0.399452 -0.0636298 0)
(-0.375412 -0.175552 0)
(-0.32681 -0.200096 0)
(0.0304549 -0.760679 0)
(0.224429 -0.826018 0)
(-0.0542494 -0.696305 0)
(-0.192127 -0.407992 0)
(-0.262739 -0.805063 0)
(-0.348614 -0.770721 0)
(-0.275063 -0.712004 0)
(-0.369752 -0.748128 0)
(-0.233454 -0.850944 0)
(-0.219133 -0.619733 0)
(-0.239347 -0.366508 0)
(-0.117819 -0.0915993 0)
(-0.506303 0.0896584 0)
(-0.334003 -0.133833 0)
(-0.390961 -0.234515 0)
(-0.263196 -0.128357 0)
(-0.287176 -0.14719 0)
(-0.374465 -0.179323 0)
(-0.309649 -0.232333 0)
(-0.294626 -0.224183 0)
(-0.344186 -0.178722 0)
(-0.403042 -0.169512 0)
(-0.36045 -0.153562 0)
(0.0258296 -0.813122 0)
(-0.0123359 -0.745429 0)
(0.0212668 -0.888159 0)
(-0.114665 -0.692653 0)
(-0.39722 -0.896708 0)
(-0.233363 -0.781209 0)
(-0.197722 -0.58722 0)
(-0.387234 -0.576189 0)
(-0.456866 -0.681415 0)
(-0.524949 -0.552028 0)
(-0.558104 -0.246798 0)
(-0.484251 -0.0629429 0)
(-0.525512 -0.158205 0)
(-0.537661 -0.17255 0)
(-0.300154 -0.113518 0)
(-0.253831 -0.0979088 0)
(-0.30343 -0.104745 0)
(-0.429146 -0.0125467 0)
(-0.383486 -0.0849682 0)
(-0.363763 -0.128625 0)
(-0.28572 -0.209 0)
(-0.265235 -0.152392 0)
(-0.270396 -0.0976315 0)
(-0.0266983 -0.778845 0)
(-0.032549 -0.77559 0)
(-0.0393736 -0.656116 0)
(-0.140471 -0.78763 0)
(-0.24978 -0.691488 0)
(-0.0571978 -0.555484 0)
(-0.0701959 -0.641576 0)
(-0.402349 -0.520976 0)
(-0.375886 -0.450805 0)
(-0.284309 -0.479659 0)
(-0.365239 -0.396505 0)
(-0.52564 -0.330203 0)
(-0.478423 -0.230843 0)
(-0.285763 -0.155446 0)
(-0.331912 -0.0886591 0)
(-0.278168 -0.157675 0)
(-0.279523 -0.201786 0)
(-0.376061 -0.13127 0)
(-0.421839 -0.131487 0)
(-0.39505 -0.102994 0)
(-0.320698 -0.131087 0)
(-0.243733 -0.169476 0)
(-0.331514 -0.167349 0)
(-0.0127584 -0.70353 0)
(-0.0296423 -0.706529 0)
(-0.0402035 -0.693319 0)
(-0.0842597 -0.721867 0)
(-0.0610289 -0.618414 0)
(-0.10317 -0.445053 0)
(-0.0760815 -0.727336 0)
(-0.163436 -0.602431 0)
(-0.387552 -0.396944 0)
(-0.426726 -0.450119 0)
(-0.358355 -0.4677 0)
(-0.389912 -0.487815 0)
(-0.397721 -0.273703 0)
(-0.244154 -0.249941 0)
(-0.259686 -0.145661 0)
(-0.341815 -0.121808 0)
(-0.211013 -0.214295 0)
(-0.355543 -0.261092 0)
(-0.405771 -0.2591 0)
(-0.345507 -0.168177 0)
(-0.343126 -0.137715 0)
(-0.309792 -0.150676 0)
(-0.364551 -0.183967 0)
(-0.0285775 -0.71477 0)
(-0.0252448 -0.738541 0)
(-0.126819 -0.724423 0)
(-0.0616544 -0.548368 0)
(0.132475 -0.702191 0)
(-0.072545 -0.663412 0)
(-0.240532 -0.63526 0)
(-0.136463 -0.685864 0)
(-0.274315 -0.659346 0)
(-0.31378 -0.515429 0)
(-0.255037 -0.443178 0)
(-0.389368 -0.391844 0)
(-0.283849 -0.304024 0)
(-0.139528 -0.26895 0)
(-0.24204 -0.24709 0)
(-0.339571 -0.214277 0)
(-0.347393 -0.213983 0)
(-0.359219 -0.255038 0)
(-0.316873 -0.157426 0)
(-0.286478 -0.121943 0)
(-0.30827 -0.146822 0)
(-0.281198 -0.156829 0)
(-0.275056 -0.197089 0)
(-0.0855713 -0.591399 0)
(-0.0916212 -0.473625 0)
(0.0692797 -0.472524 0)
(-0.0316357 -0.416933 0)
(-0.0534235 -0.430373 0)
(0.0438264 -0.736797 0)
(-0.13472 -0.598419 0)
(-0.109962 -0.576315 0)
(-0.193677 -0.576952 0)
(-0.221845 -0.455167 0)
(-0.234348 -0.406357 0)
(-0.231635 -0.356784 0)
(-0.238251 -0.217272 0)
(-0.169292 -0.258517 0)
(-0.232853 -0.255644 0)
(-0.319855 -0.233595 0)
(-0.272807 -0.211954 0)
(-0.304597 -0.280273 0)
(-0.268729 -0.107786 0)
(-0.314091 -0.190933 0)
(-0.363947 -0.146684 0)
(-0.350456 -0.16518 0)
(-0.358532 -0.172801 0)
(0.0729549 -0.35375 0)
(0.0422975 -0.347379 0)
(-0.0303012 -0.290704 0)
(-0.068445 -0.375576 0)
(-0.119817 -0.325631 0)
(-0.133289 -0.412388 0)
(-0.0551815 -0.374233 0)
(-0.0450095 -0.560852 0)
(-0.119476 -0.45117 0)
(-0.168428 -0.453277 0)
(-0.177103 -0.463651 0)
(-0.205409 -0.443814 0)
(-0.18977 -0.398836 0)
(-0.139863 -0.35265 0)
(-0.118726 -0.379354 0)
(-0.309937 -0.295055 0)
(-0.388435 -0.253411 0)
(-0.251216 -0.189866 0)
(-0.241815 -0.193333 0)
(-0.329361 -0.228391 0)
(-0.286725 -0.143503 0)
(-0.303447 -0.149434 0)
(-0.297776 -0.103668 0)
(-0.0029128 -0.276791 0)
(-0.0200268 -0.338297 0)
(-0.0346863 -0.334457 0)
(-0.0408549 -0.323749 0)
(-0.067571 -0.325681 0)
(-0.0814917 -0.285496 0)
(-0.161547 -0.290876 0)
(-0.136296 -0.308726 0)
(-0.108393 -0.332063 0)
(-0.221901 -0.327984 0)
(-0.208253 -0.282003 0)
(-0.151885 -0.28993 0)
(-0.111766 -0.292759 0)
(-0.0915186 -0.387138 0)
(-0.153508 -0.330593 0)
(-0.189183 -0.39962 0)
(-0.146751 -0.214173 0)
(-0.235978 -0.194668 0)
(-0.307117 -0.231438 0)
(-0.264536 -0.183381 0)
(-0.289698 -0.15741 0)
(-0.300163 -0.156752 0)
(-0.302315 -0.139232 0)
(0.00479401 -0.308913 0)
(-0.00725212 -0.311336 0)
(-0.0316555 -0.30495 0)
(-0.038684 -0.301324 0)
(-0.0684654 -0.293217 0)
(-0.0699553 -0.301354 0)
(-0.0885202 -0.289418 0)
(-0.0982667 -0.242436 0)
(-0.104899 -0.279404 0)
(-0.127712 -0.266648 0)
(-0.144549 -0.208594 0)
(-0.166734 -0.20698 0)
(-0.212626 -0.191314 0)
(-0.154548 -0.228309 0)
(-0.156188 -0.241956 0)
(-0.125661 -0.239999 0)
(-0.145904 -0.23168 0)
(-0.224248 -0.271059 0)
(-0.21988 -0.207501 0)
(-0.257581 -0.235486 0)
(-0.242689 -0.121274 0)
(-0.291934 -0.142843 0)
(-0.271703 -0.111983 0)
(-0.00469831 -0.281918 0)
(-0.0212616 -0.296495 0)
(-0.0316729 -0.296385 0)
(-0.0384664 -0.28849 0)
(-0.0566511 -0.283326 0)
(-0.0627181 -0.266723 0)
(-0.0946896 -0.258927 0)
(-0.100805 -0.263117 0)
(-0.105686 -0.253113 0)
(-0.12499 -0.241904 0)
(-0.12258 -0.203888 0)
(-0.147883 -0.213767 0)
(-0.15768 -0.236624 0)
(-0.14506 -0.214091 0)
(-0.15748 -0.274752 0)
(-0.154003 -0.1758 0)
(-0.153131 -0.290195 0)
(-0.161176 -0.153214 0)
(-0.238575 -0.173696 0)
(-0.187832 -0.152745 0)
(-0.197387 -0.149469 0)
(-0.308801 -0.134396 0)
(-0.311463 -0.114854 0)
(-0.000993631 -0.28007 0)
(-0.015935 -0.287307 0)
(-0.0243319 -0.289091 0)
(-0.0238322 -0.284657 0)
(-0.0444348 -0.278315 0)
(-0.0446072 -0.275102 0)
(-0.07264 -0.256585 0)
(-0.0746737 -0.245323 0)
(-0.0824509 -0.247079 0)
(-0.0523552 -0.23434 0)
(-0.0763729 -0.222302 0)
(-0.192861 -0.196847 0)
(-0.24016 -0.212438 0)
(-0.17358 -0.203423 0)
(-0.0904391 -0.208205 0)
(-0.148106 -0.252506 0)
(-0.104191 -0.194635 0)
(-0.0612966 -0.20496 0)
(-0.203476 -0.195695 0)
(-0.238172 -0.0952405 0)
(-0.223116 -0.220051 0)
(-0.256464 -0.091088 0)
(-0.272621 -0.117621 0)
(-0.00657284 -0.26955 0)
(-0.0176006 -0.283121 0)
(-0.0268324 -0.270797 0)
(-0.0265718 -0.265716 0)
(-0.0520269 -0.256577 0)
(-0.045178 -0.216686 0)
(-0.0719504 -0.205941 0)
(-0.0733445 -0.245028 0)
(-0.0805911 -0.265769 0)
(-0.0933681 -0.26843 0)
(-0.067687 -0.263267 0)
(-0.120048 -0.257912 0)
(-0.170482 -0.22508 0)
(-0.150539 -0.176288 0)
(-0.176076 -0.212281 0)
(-0.136668 -0.247881 0)
(-0.0974482 -0.190973 0)
(-0.130269 -0.231011 0)
(-0.109935 -0.202477 0)
(-0.196563 -0.140143 0)
(-0.196951 -0.108836 0)
(-0.202398 -0.115971 0)
(-0.277042 -0.0874697 0)
(-0.00344417 -0.265711 0)
(-0.00427272 -0.27751 0)
(-0.0103213 -0.266463 0)
(-0.0082987 -0.270356 0)
(0.00763907 -0.26544 0)
(0.0122202 -0.296872 0)
(-0.133136 -0.262869 0)
(-0.112383 -0.242303 0)
(-0.0966783 -0.222595 0)
(-0.0699323 -0.245016 0)
(-0.0825891 -0.21394 0)
(-0.133472 -0.227923 0)
(-0.159512 -0.199682 0)
(-0.190434 -0.19612 0)
(-0.133739 -0.178066 0)
(-0.123954 -0.153848 0)
(-0.0965748 -0.161334 0)
(-0.0719587 -0.212145 0)
(-0.101305 -0.134451 0)
(-0.122496 -0.190379 0)
(-0.22685 -0.0920391 0)
(-0.243533 -0.173336 0)
(-0.259742 -0.0816885 0)
(-0.00744094 -0.260584 0)
(-0.0050303 -0.27168 0)
(-0.0207432 -0.265147 0)
(-0.0179883 -0.272076 0)
(-0.0445587 -0.270007 0)
(-0.0384774 -0.356953 0)
(-0.0525756 -0.339805 0)
(-0.0468111 -0.281932 0)
(-0.0562974 -0.347064 0)
(-0.100743 -0.32216 0)
(-0.0728278 -0.321375 0)
(-0.0751081 -0.230693 0)
(-0.128204 -0.190004 0)
(-0.137114 -0.191303 0)
(-0.143589 -0.149668 0)
(-0.108873 -0.190259 0)
(-0.147478 -0.179432 0)
(-0.0871274 -0.174287 0)
(-0.073341 -0.175107 0)
(-0.149893 -0.177769 0)
(-0.164749 -0.134226 0)
(-0.178384 -0.0852068 0)
(-0.196527 -0.086093 0)
(-0.00666849 -0.256585 0)
(0.00207602 -0.267941 0)
(-0.0127802 -0.257813 0)
(-0.00321461 -0.252194 0)
(-0.0289069 -0.254981 0)
(-0.0508514 -0.319667 0)
(-0.104919 -0.270153 0)
(-0.11839 -0.24793 0)
(-0.0874915 -0.230597 0)
(-0.0271533 -0.210446 0)
(-0.0291111 -0.235866 0)
(-0.0492675 -0.179705 0)
(-0.10433 -0.172401 0)
(-0.158736 -0.182788 0)
(-0.154384 -0.172102 0)
(-0.147432 -0.154175 0)
(-0.0755475 -0.177493 0)
(-0.0604544 -0.147303 0)
(-0.0917256 -0.223237 0)
(-0.0756901 -0.114993 0)
(-0.140837 -0.120018 0)
(-0.207681 -0.0479315 0)
(-0.236776 -0.0856042 0)
(-0.00754382 -0.256258 0)
(8.18372e-05 -0.265876 0)
(-0.0170001 -0.256358 0)
(-0.0185245 -0.249354 0)
(-0.0842917 -0.255828 0)
(-0.0292105 -0.238579 0)
(0.0234192 -0.265678 0)
(-0.0483592 -0.174332 0)
(-0.018359 -0.168704 0)
(-0.0548355 -0.177272 0)
(-0.0391846 -0.213587 0)
(-0.0570409 -0.193829 0)
(-0.123019 -0.207619 0)
(-0.134718 -0.171204 0)
(-0.119284 -0.161093 0)
(-0.120093 -0.12602 0)
(-0.125891 -0.130277 0)
(-0.12623 -0.14093 0)
(-0.0499933 -0.143413 0)
(-0.0631042 -0.137256 0)
(-0.155364 -0.172616 0)
(-0.193753 -0.093873 0)
(-0.224867 -0.0615077 0)
(-0.0071564 -0.254493 0)
(0.00551245 -0.261093 0)
(-0.0135987 -0.247804 0)
(0.00207419 -0.217725 0)
(-0.0280929 -0.177911 0)
(-0.0319995 -0.185313 0)
(0.0211461 -0.220101 0)
(-0.0588266 -0.232892 0)
(-0.0926529 -0.213702 0)
(-0.0778071 -0.210888 0)
(-0.061636 -0.229136 0)
(-0.0385886 -0.239764 0)
(-0.0784039 -0.213039 0)
(-0.110446 -0.183684 0)
(-0.108508 -0.168075 0)
(-0.135316 -0.148284 0)
(-0.0872797 -0.142847 0)
(-0.0673448 -0.106141 0)
(-0.0911039 -0.112833 0)
(-0.10468 -0.13796 0)
(-0.090816 -0.115561 0)
(-0.0826865 -0.124307 0)
(-0.184096 -0.0470676 0)
(-0.00560345 -0.256718 0)
(0.00635997 -0.258954 0)
(-0.0109797 -0.260295 0)
(0.041674 -0.224641 0)
(-0.028943 -0.276026 0)
(-0.0801203 -0.240646 0)
(-0.0416841 -0.259006 0)
(-0.0376987 -0.267109 0)
(-0.0236328 -0.238874 0)
(-0.054622 -0.215783 0)
(-0.0608254 -0.260433 0)
(-0.0518682 -0.199373 0)
(-0.084601 -0.172818 0)
(-0.0921559 -0.15871 0)
(-0.0918239 -0.156731 0)
(-0.089538 -0.13714 0)
(-0.0977026 -0.108446 0)
(-0.0954146 -0.134262 0)
(-0.0687243 -0.10431 0)
(-0.0455094 -0.134074 0)
(-0.0947746 -0.0700955 0)
(-0.0513539 -0.11637 0)
(-0.137918 -0.0974019 0)
(-0.00217833 -0.252877 0)
(-0.00485338 -0.258524 0)
(-0.00997566 -0.262792 0)
(-0.00477032 -0.224739 0)
(-0.0120281 -0.314003 0)
(-0.029658 -0.246144 0)
(-0.025276 -0.252434 0)
(-0.0466676 -0.211 0)
(-0.0596259 -0.227692 0)
(-0.0751157 -0.167239 0)
(-0.0285025 -0.208539 0)
(0.0565683 -0.20316 0)
(-0.0373748 -0.191684 0)
(-0.091148 -0.181802 0)
(-0.0950842 -0.16262 0)
(-0.0778318 -0.143157 0)
(-0.0964237 -0.128018 0)
(-0.0584724 -0.115923 0)
(-0.0709198 -0.0836983 0)
(-0.0554065 -0.0837865 0)
(-0.0534863 -0.0929018 0)
(-0.0474687 -0.0616456 0)
(-0.0971262 -0.146485 0)
(-0.00550368 -0.252866 0)
(-0.00868003 -0.26116 0)
(-0.0147621 -0.255002 0)
(-0.0023057 -0.221072 0)
(-0.0178539 -0.239958 0)
(-0.0257281 -0.247373 0)
(-0.0201847 -0.245715 0)
(-0.017565 -0.227782 0)
(0.0162423 -0.228091 0)
(-0.00917262 -0.216281 0)
(-0.077616 -0.179208 0)
(-0.0554723 -0.198591 0)
(-0.0599097 -0.219548 0)
(-0.0564479 -0.196029 0)
(-0.059724 -0.167431 0)
(-0.0549472 -0.142362 0)
(-0.0735054 -0.123052 0)
(-0.0647322 -0.0909915 0)
(-0.0423633 -0.101217 0)
(-0.0501551 -0.0603284 0)
(-0.0544108 -0.0703749 0)
(-0.0672868 -0.0556292 0)
(-0.0574212 -0.106693 0)
(-0.00257299 -0.239151 0)
(-0.00573099 -0.252707 0)
(-0.0110003 -0.256116 0)
(-0.0108402 -0.231293 0)
(-0.0186746 -0.25391 0)
(-0.0198436 -0.252538 0)
(-0.0224728 -0.309446 0)
(-0.0251616 -0.246476 0)
(-0.0439468 -0.234949 0)
(-0.0270525 -0.281 0)
(-0.0221573 -0.217237 0)
(-0.0258133 -0.208489 0)
(-0.0321464 -0.188509 0)
(-0.0468632 -0.179512 0)
(-0.0529485 -0.157438 0)
(-0.0521287 -0.131215 0)
(-0.0542107 -0.114521 0)
(-0.0503485 -0.0758217 0)
(-0.0365399 -0.0926996 0)
(-0.0204192 -0.0645429 0)
(-0.0402071 -0.0756301 0)
(-0.0805197 -0.0465508 0)
(-0.0130918 -0.0518338 0)
(-0.0109721 -0.25797 0)
(-0.0243224 -0.260496 0)
(-0.0282823 -0.263894 0)
(-0.0250975 -0.18985 0)
(-0.025013 -0.216683 0)
(-0.0399865 -0.247461 0)
(-0.0264592 -0.214467 0)
(0.0560744 -0.253042 0)
(-0.00469116 -0.233039 0)
(-0.00812474 -0.217922 0)
(-0.0274717 -0.215064 0)
(-0.0333636 -0.200847 0)
(-0.0270225 -0.202334 0)
(-0.0264257 -0.194873 0)
(-0.0369015 -0.173384 0)
(-0.0372639 -0.152589 0)
(-0.0474862 -0.13417 0)
(-0.062236 -0.109973 0)
(-0.0335814 -0.0883048 0)
(-0.0365885 -0.0700711 0)
(-0.0341259 -0.0805904 0)
(-0.0500646 -0.0380635 0)
(-0.0230469 -0.0298931 0)
(0.00253268 -0.192931 0)
(-0.00701419 -0.200497 0)
(0.021849 -0.236245 0)
(0.00378066 -0.283938 0)
(-0.102857 -0.241973 0)
(-0.0175171 -0.210968 0)
(-0.0322026 -0.157695 0)
(-0.00137435 -0.233115 0)
(-0.023617 -0.188924 0)
(-0.0199051 -0.245084 0)
(-0.0117482 -0.187966 0)
(-0.0209325 -0.200915 0)
(-0.0128504 -0.186273 0)
(-0.0137818 -0.159923 0)
(-0.0275058 -0.137231 0)
(-0.0320107 -0.109903 0)
(-0.0339543 -0.0861826 0)
(-0.0277237 -0.0684408 0)
(-0.00756446 -0.0686109 0)
(-0.0169969 -0.052243 0)
(0.00532402 -0.0548494 0)
(-0.0242514 -0.0482317 0)
(-0.0205288 -0.0171099 0)
(-0.0117909 -0.310109 0)
(-0.0527913 -0.31481 0)
(-0.10106 -0.316332 0)
(-0.0682822 -0.346229 0)
(0.0344436 -0.293467 0)
(0.0503468 -0.275446 0)
(-0.065912 -0.265164 0)
(0.0225796 -0.224297 0)
(-0.0114202 -0.271538 0)
(-0.0248478 -0.192709 0)
(0.00176141 -0.250409 0)
(-0.0764044 -0.19856 0)
(0.0454665 -0.222357 0)
(0.0367304 -0.205587 0)
(-0.00952286 -0.207362 0)
(-0.0180367 -0.173541 0)
(-0.0416246 -0.161747 0)
(-0.0881952 -0.129351 0)
(-0.0501622 -0.104689 0)
(-0.048894 -0.0969784 0)
(-0.0526083 -0.0665819 0)
(-0.0255105 -0.0730952 0)
(-0.00941476 -0.0164754 0)
(1.248 1.22795 0)
(1.22446 1.38281 0)
(0.589636 1.73888 0)
(-0.534269 0.0307241 0)
(1.67203 1.19646 0)
(1.81529 1.13722 0)
(1.49844 1.4092 0)
(1.23722 1.19945 0)
(1.63205 0.586048 0)
(1.58811 0.564769 0)
(1.42539 0.50836 0)
(1.47035 0.495878 0)
(1.11491 0.173937 0)
(1.16452 0.11497 0)
(1.20923 0.137982 0)
(1.31643 0.217188 0)
(0.818661 0.0199642 0)
(0.873524 0.0884687 0)
(0.86152 0.175121 0)
(0.943678 0.27514 0)
(0.86769 0.0477851 0)
(0.860245 0.053432 0)
(0.863001 0.0865599 0)
(0.930189 0.151471 0)
(1.10829 0.164741 0)
(1.02343 0.179577 0)
(0.930036 0.195038 0)
(0.826635 0.247975 0)
(0.765988 0.238714 0)
(0.728144 0.303156 0)
(0.692017 0.428821 0)
(0.512823 0.489187 0)
(0.349698 0.0799746 0)
(0.406258 0.432509 0)
(0.285509 0.707568 0)
(0.38103 0.645683 0)
(-0.122458 0.475261 0)
(-0.111155 0.607448 0)
(-0.18059 0.536636 0)
(-0.0316845 0.386891 0)
(-0.210614 0.40519 0)
(-0.179289 0.609189 0)
(-0.160683 0.547897 0)
(0.0139795 0.34749 0)
(-0.241124 0.382994 0)
(-0.117014 0.546772 0)
(0.0565836 0.42019 0)
(0.0675199 0.110252 0)
(-0.130287 0.157564 0)
(-0.0907642 0.163515 0)
(0.000351544 0.0355279 0)
(0.0466499 -0.0466723 0)
(-0.178248 -0.0161845 0)
(-0.146519 -0.0412783 0)
(-0.0980827 -0.0396184 0)
(-0.0442995 -0.0356451 0)
(-0.155394 -0.125937 0)
(-0.104891 -0.18519 0)
(-0.0327641 -0.1698 0)
(0.0176014 -0.160194 0)
(-0.2296 -0.140701 0)
(-0.235077 -0.203538 0)
(-0.229761 -0.280747 0)
(-0.195468 -0.335766 0)
(-0.161279 -0.141765 0)
(-0.26711 -0.229186 0)
(-0.336887 -0.225081 0)
(-0.292432 -0.260772 0)
(-0.341194 -0.214817 0)
(-0.280551 -0.230649 0)
(-0.251024 -0.196522 0)
(-0.34986 -0.199405 0)
(-0.310822 -0.153118 0)
(-0.209964 -0.15027 0)
(-0.205721 -0.152532 0)
(-0.236555 -0.143207 0)
(-0.29781 -0.158166 0)
(-0.291519 -0.168536 0)
(-0.238532 -0.217011 0)
(-0.273222 -0.224184 0)
(-0.341735 -0.220557 0)
(-0.350705 -0.180998 0)
(-0.350293 -0.208035 0)
(-0.217546 -0.220974 0)
(-0.303354 -0.12926 0)
(-0.290745 -0.133835 0)
(-0.322232 -0.119519 0)
(-0.368999 -0.159071 0)
(-0.281593 -0.169661 0)
(-0.329601 -0.173325 0)
(-0.336615 -0.157821 0)
(-0.384364 -0.147382 0)
(-0.250549 -0.210702 0)
(-0.246624 -0.245466 0)
(-0.277628 -0.249306 0)
(-0.260821 -0.24236 0)
(-0.345009 -0.113571 0)
(-0.352429 -0.119402 0)
(-0.313599 -0.133686 0)
(-0.339785 -0.189895 0)
(-0.278325 -0.119382 0)
(-0.328195 -0.117765 0)
(-0.368253 -0.0970929 0)
(-0.363205 -0.112815 0)
(-0.350331 -0.117215 0)
(-0.333851 -0.0991408 0)
(-0.328454 -0.0979213 0)
(-0.369998 -0.0797564 0)
(-0.271187 -0.124524 0)
(-0.286941 -0.100069 0)
(-0.325113 -0.112196 0)
(-0.312913 -0.0855308 0)
(-0.30136 -0.0632098 0)
(-0.292014 -0.088223 0)
(-0.26493 -0.0800373 0)
(-0.312246 -0.0713861 0)
(-0.28913 -0.0983673 0)
(-0.322395 -0.06593 0)
(-0.303722 -0.0760168 0)
(-0.268085 -0.0768859 0)
(-0.23317 -0.0889603 0)
(-0.244484 -0.0730189 0)
(-0.276996 -0.0601875 0)
(-0.27549 -0.0578855 0)
(-0.29539 -0.0488999 0)
(-0.285106 -0.0608075 0)
(-0.270777 -0.0510872 0)
(-0.280835 -0.0583835 0)
(-0.233868 -0.0610146 0)
(-0.226822 -0.0512814 0)
(-0.249577 -0.0638979 0)
(-0.270891 -0.0507457 0)
(-0.225411 -0.0676792 0)
(-0.229074 -0.0472659 0)
(-0.21929 -0.0526887 0)
(-0.214822 -0.0334568 0)
(-0.164643 -0.0520384 0)
(-0.159668 -0.0521653 0)
(-0.191248 -0.035681 0)
(-0.18892 -0.0252889 0)
(-0.226774 -0.0540057 0)
(-0.200199 -0.0486345 0)
(-0.197823 -0.0326421 0)
(-0.205073 -0.0311771 0)
(-0.141747 -0.0637622 0)
(-0.124286 -0.0422645 0)
(-0.155826 -0.0279012 0)
(-0.150664 -0.00842936 0)
(-0.111766 -0.00208802 0)
(-0.130258 -0.0274376 0)
(-0.15234 -0.00971169 0)
(-0.154594 -0.0108447 0)
(-0.126406 -0.00890431 0)
(-0.141049 -0.0169012 0)
(-0.112098 -0.00528987 0)
(-0.134266 0.00258702 0)
(-0.0893492 -0.0718889 0)
(-0.127762 -0.0364304 0)
(-0.11277 -0.015516 0)
(-0.119157 0.00451887 0)
(-0.0458021 -0.0483411 0)
(-0.0672851 -0.0221155 0)
(-0.0598012 0.000921593 0)
(-0.0765609 -0.00255519 0)
(-0.0348671 -0.0323593 0)
(-0.0242252 0.00200001 0)
(-0.0608897 -0.0106851 0)
(-0.0602197 0.0348258 0)
(0.00724285 -0.725149 0)
(0.76367 -0.362093 0)
(0.560657 -0.222398 0)
(0.550157 -0.315991 0)
(0.761957 -0.153828 0)
(1.01167 -0.245441 0)
(0.971723 -0.32329 0)
(0.80156 -0.38385 0)
(1.16137 -0.488161 0)
(1.92439 -0.438443 0)
(1.82223 -0.489934 0)
(1.85179 -0.495816 0)
(1.71988 -0.44807 0)
(1.46526 -0.21914 0)
(1.40929 -0.203387 0)
(1.41027 -0.151684 0)
(1.43973 0.0960875 0)
(1.23957 0.731011 0)
(0.93209 3.24072 0)
(1.18655 0.695736 0)
(0.726924 0.197226 0)
(0.701174 -0.142944 0)
(1.06007 -0.580599 0)
(1.3546 -0.414145 0)
(1.39279 -0.419895 0)
(1.437 -0.450566 0)
(1.39876 -0.485524 0)
(1.52835 -0.389524 0)
(1.96148 -0.553761 0)
(1.84351 -0.514047 0)
(1.58701 -0.339846 0)
(1.33587 -0.525439 0)
(1.24778 -0.398214 0)
(1.11629 -0.358363 0)
(1.18935 -0.223732 0)
(0.968605 0.0145178 0)
(0.849897 0.68622 0)
(0.792722 3.37919 0)
(1.45659 0.271616 0)
(1.37158 0.11221 0)
(1.42621 -0.372639 0)
(1.67529 -0.322489 0)
(2.00196 -0.338548 0)
(1.83817 -0.319484 0)
(1.83806 -0.28729 0)
(1.73788 -0.36227 0)
(1.81115 -0.258779 0)
(1.7384 -0.445838 0)
(1.58751 -0.355034 0)
(0.98898 -0.119448 0)
(0.662234 -0.14525 0)
(0.649131 -0.0204706 0)
(0.573434 0.121121 0)
(0.688683 0.201061 0)
(-0.140815 0.40548 0)
(-0.145845 0.896869 0)
(0.643361 3.75339 0)
(1.40813 0.11169 0)
(1.30603 0.0265982 0)
(1.48737 -0.279515 0)
(1.9688 -0.14262 0)
(1.97149 -0.29289 0)
(1.80944 -0.510093 0)
(1.71446 -0.429766 0)
(1.52833 -0.481807 0)
(1.1009 -0.358023 0)
(0.858863 -0.382557 0)
(1.07987 -0.389421 0)
(0.936753 -0.282762 0)
(0.985806 -0.125765 0)
(1.08966 -0.143971 0)
(1.27566 0.0168642 0)
(1.29866 0.0786654 0)
(1.24097 0.281883 0)
(0.551721 0.694852 0)
(0.470157 3.80317 0)
(1.03214 0.206769 0)
(0.969779 0.0539266 0)
(1.24573 0.180332 0)
(1.74972 -0.171578 0)
(1.56328 -0.320476 0)
(1.64107 -0.575125 0)
(1.69629 -0.510623 0)
(1.59048 -0.50709 0)
(1.26445 -0.361211 0)
(1.14208 -0.107969 0)
(1.23951 -0.217912 0)
(1.17325 -0.196704 0)
(1.09839 -0.167373 0)
(1.11106 -0.0669052 0)
(1.26334 0.0916387 0)
(1.08095 0.278937 0)
(1.1444 0.613724 0)
(0.639885 0.956131 0)
(0.307097 4.1009 0)
(0.855677 0.10398 0)
(0.87087 -0.109067 0)
(1.11607 0.120443 0)
(1.15775 -0.146957 0)
(1.10276 -0.470469 0)
(1.29602 -0.235263 0)
(1.57505 -0.279307 0)
(1.52073 -0.17557 0)
(1.25687 -0.113636 0)
(1.10147 -0.129167 0)
(1.12272 -0.118964 0)
(0.9452 -0.122005 0)
(0.80946 0.0247311 0)
(0.874929 -0.155561 0)
(1.19142 -0.0399503 0)
(0.987999 0.108112 0)
(0.712808 0.518382 0)
(0.751338 1.1765 0)
(0.352645 4.21808 0)
(0.754252 0.173985 0)
(0.771996 -0.196629 0)
(0.942835 -0.0746854 0)
(0.905594 -0.300076 0)
(1.16086 -0.271354 0)
(1.27583 0.0980597 0)
(1.06541 -0.141203 0)
(0.643617 -0.119226 0)
(0.765642 -0.104593 0)
(0.768461 -0.10628 0)
(0.80654 -0.12696 0)
(0.898743 -0.0815926 0)
(0.986453 -0.132627 0)
(1.15542 -0.236461 0)
(1.2017 0.0477228 0)
(0.853179 -0.0582036 0)
(0.347762 0.662568 0)
(0.660523 1.61078 0)
(0.287497 4.34812 0)
(0.54883 0.0736759 0)
(0.476179 -0.159828 0)
(0.553152 -0.127087 0)
(0.461504 -0.441335 0)
(0.614542 0.0368481 0)
(0.80164 -0.0192337 0)
(0.925284 -0.103847 0)
(0.617345 -0.0936073 0)
(0.772921 -0.135603 0)
(1.16444 -0.156586 0)
(1.40768 -0.177463 0)
(1.5225 -0.143531 0)
(1.42477 -0.147953 0)
(1.44927 -0.227436 0)
(1.30176 -0.0693487 0)
(0.929159 0.0870628 0)
(0.447489 0.667896 0)
(0.700123 1.79037 0)
(0.295842 4.56037 0)
(0.331562 0.189321 0)
(0.313482 0.0999191 0)
(0.319656 -0.0842688 0)
(0.385064 -0.343084 0)
(0.394485 -0.378781 0)
(0.852985 0.32049 0)
(0.892095 0.118834 0)
(0.774161 -0.10205 0)
(1.00055 -0.368992 0)
(1.36922 -0.396482 0)
(1.45879 -0.297742 0)
(1.51746 -0.138539 0)
(1.34676 -0.113093 0)
(1.06885 -0.184996 0)
(0.94596 -0.332933 0)
(0.792108 0.496324 0)
(0.465337 0.899575 0)
(0.660038 2.10632 0)
(0.291818 4.74786 0)
(-0.145785 0.184735 0)
(0.282975 -0.00476558 0)
(0.241578 -0.227667 0)
(0.469473 -0.40985 0)
(0.241026 -0.429073 0)
(0.790659 0.0676766 0)
(0.983709 -0.00837891 0)
(0.933857 -0.132779 0)
(1.1103 -0.323092 0)
(1.56247 -0.355656 0)
(1.41765 -0.264372 0)
(1.50389 -0.0492701 0)
(1.40383 0.0613892 0)
(1.00228 -0.0833477 0)
(0.756236 -0.0965008 0)
(0.696334 0.194392 0)
(0.590807 0.791743 0)
(0.542412 2.41258 0)
(0.293468 4.96969 0)
(-0.0780739 -0.0208994 0)
(0.248724 -0.200064 0)
(0.289943 -0.273059 0)
(0.211488 -0.311318 0)
(0.360922 -0.804337 0)
(0.164802 -0.669407 0)
(0.580547 -0.297782 0)
(0.637182 -0.437142 0)
(1.04919 -0.239553 0)
(1.2469 -0.476893 0)
(1.24416 -0.364724 0)
(1.29639 -0.141756 0)
(1.20189 0.159825 0)
(1.04298 0.152104 0)
(0.790976 -0.123043 0)
(0.902457 0.0193492 0)
(0.865694 0.780744 0)
(0.313188 2.77636 0)
(0.278575 5.16466 0)
(0.164207 -0.0492997 0)
(0.152779 -0.07452 0)
(0.263529 -0.184222 0)
(0.264332 -0.273673 0)
(0.251844 -0.317555 0)
(0.402491 -0.544867 0)
(0.865723 -0.54785 0)
(0.898043 -0.75232 0)
(1.02196 -0.950535 0)
(1.22392 -0.959394 0)
(1.22294 -0.548157 0)
(0.892075 0.0195557 0)
(0.817404 0.264896 0)
(0.86616 0.274606 0)
(0.793891 0.124273 0)
(0.759882 -0.0124726 0)
(0.762793 0.99754 0)
(0.0431376 3.17676 0)
(0.108381 5.29791 0)
(0.0460883 -0.143658 0)
(0.0835176 -0.232649 0)
(0.128566 -0.233727 0)
(0.124726 -0.403294 0)
(0.276024 -0.377978 0)
(0.41516 -0.3958 0)
(0.571968 -0.532409 0)
(0.491973 -0.793111 0)
(0.580454 -0.988302 0)
(1.09414 -0.666547 0)
(1.21338 -0.137477 0)
(0.777191 0.16911 0)
(0.769322 0.216712 0)
(0.736671 0.147409 0)
(0.332366 0.042778 0)
(0.514025 0.225281 0)
(0.248145 1.29214 0)
(-0.147674 3.59521 0)
(-0.218453 5.71419 0)
(-0.0524557 -0.0762236 0)
(-0.0150869 -0.139786 0)
(0.0363464 -0.19402 0)
(0.0746923 -0.367321 0)
(0.116377 -0.355335 0)
(0.193028 -0.611283 0)
(0.521781 -0.650477 0)
(0.472378 -0.737361 0)
(0.456892 -0.68559 0)
(0.396006 -0.713256 0)
(0.629584 -0.32984 0)
(0.646619 0.250658 0)
(0.680323 0.255132 0)
(0.578665 0.20402 0)
(0.199876 0.200423 0)
(-0.0282285 -0.0282733 0)
(-0.282669 1.42306 0)
(-0.178947 3.98037 0)
(-0.320658 5.99144 0)
(-0.017718 -0.204047 0)
(0.0218606 -0.30527 0)
(-0.0791807 -0.369321 0)
(-0.0655795 -0.416483 0)
(0.042938 -0.451805 0)
(0.0475056 -0.621234 0)
(0.321889 -0.537075 0)
(0.0336989 -1.19061 0)
(-0.184562 -1.34375 0)
(-0.0796985 -0.923498 0)
(0.255273 -0.454477 0)
(0.457359 0.0899299 0)
(0.325663 0.22698 0)
(0.0997376 0.323371 0)
(-0.414384 0.25551 0)
(-0.329971 0.361491 0)
(-0.683759 1.68842 0)
(-0.290479 4.15462 0)
(-0.315943 5.89156 0)
(-0.170323 -0.287465 0)
(-0.125336 -0.423584 0)
(-0.0900979 -0.56154 0)
(-0.116772 -0.465127 0)
(-0.0857932 -0.392028 0)
(0.00656547 -0.663017 0)
(-0.375107 -1.03204 0)
(-0.688249 -1.3723 0)
(-0.518246 -1.13735 0)
(-0.207528 -0.513075 0)
(-0.335261 -0.255661 0)
(-0.103353 0.298774 0)
(-0.212544 0.387493 0)
(-0.483495 0.564179 0)
(-0.659438 0.41361 0)
(-1.01551 0.536999 0)
(-1.20435 1.67276 0)
(-0.631699 3.94463 0)
(-0.554069 5.02668 0)
(-0.21235 -0.316134 0)
(-0.338267 -0.423278 0)
(-0.209617 -0.327986 0)
(-0.0968603 -0.398689 0)
(-0.223519 -0.581745 0)
(-0.566119 -0.629206 0)
(-0.701347 -1.05119 0)
(-0.830294 -0.785246 0)
(-0.617588 -0.664301 0)
(-0.908922 -0.69983 0)
(-0.966213 -0.454542 0)
(-1.31482 -0.0824717 0)
(-1.30775 0.546574 0)
(-1.13317 0.687298 0)
(-1.26974 0.617981 0)
(-1.45517 0.779334 0)
(-1.49419 1.65039 0)
(-1.15239 3.20761 0)
(-0.80288 3.80774 0)
(-0.366436 -0.223489 0)
(-0.227382 -0.323449 0)
(-0.130758 -0.284948 0)
(-0.417816 -0.568269 0)
(-0.398952 -0.549977 0)
(-0.645262 -0.484087 0)
(-0.739074 -0.586703 0)
(-0.693545 -0.518321 0)
(-0.807947 -0.576953 0)
(-1.42649 -0.62079 0)
(-1.72089 -0.54861 0)
(-1.30186 -0.183936 0)
(-1.3214 0.461677 0)
(-1.18326 0.544003 0)
(-1.28431 0.792752 0)
(-1.44997 1.31388 0)
(-1.51374 1.66885 0)
(-1.18557 2.61314 0)
(-0.573593 2.78271 0)
(-0.23206 -0.125589 0)
(-0.373228 -0.253201 0)
(-0.508507 -0.256493 0)
(-0.499325 -0.468144 0)
(-0.335831 -0.398489 0)
(-0.605143 -0.48879 0)
(-0.695008 -0.420889 0)
(-0.693126 -0.488122 0)
(-0.68751 -0.540216 0)
(-1.2626 -0.662262 0)
(-1.66041 -0.330389 0)
(-1.5926 0.327303 0)
(-1.67192 0.406277 0)
(-1.22505 0.707717 0)
(-1.08796 0.855564 0)
(-1.40388 1.1618 0)
(-1.4617 1.49593 0)
(-1.08919 2.19181 0)
(-0.376629 2.18364 0)
(-0.307821 -0.20957 0)
(-0.165984 -0.366886 0)
(-0.426334 -0.333409 0)
(-0.528659 -0.28767 0)
(-0.480165 -0.495874 0)
(-0.554445 -0.566227 0)
(-0.68121 -0.392342 0)
(-0.64492 -0.297041 0)
(-0.99152 -0.641276 0)
(-1.49426 -0.535628 0)
(-1.27847 0.0613608 0)
(-1.27517 0.323459 0)
(-1.44773 0.509717 0)
(-1.23266 0.836442 0)
(-1.13263 0.807682 0)
(-1.08628 0.81796 0)
(-1.16904 1.49483 0)
(-0.702554 1.9108 0)
(-0.246715 1.92168 0)
(-0.347116 -0.27316 0)
(-0.409817 -0.197555 0)
(-0.41412 -0.346669 0)
(-0.496861 -0.185331 0)
(-0.44742 -0.276274 0)
(-0.483236 -0.379942 0)
(-0.67449 -0.385484 0)
(-0.962057 -0.39155 0)
(-1.0161 -0.577984 0)
(-1.12728 -0.106326 0)
(-1.28108 0.313386 0)
(-1.27098 0.190962 0)
(-1.26137 0.241305 0)
(-1.19536 0.682457 0)
(-1.16862 0.754108 0)
(-0.930745 0.954574 0)
(-0.681645 1.28131 0)
(-0.490528 1.46594 0)
(-0.163747 1.51299 0)
(-0.364603 -0.231772 0)
(-0.320961 -0.136311 0)
(-0.3917 -0.229047 0)
(-0.460949 -0.124049 0)
(-0.580122 -0.143624 0)
(-0.616226 -0.225266 0)
(-0.62087 -0.380315 0)
(-0.929293 -0.431694 0)
(-0.941905 -0.109867 0)
(-0.798873 -0.103767 0)
(-1.17268 0.181081 0)
(-1.38231 0.228656 0)
(-1.12228 0.513037 0)
(-0.961184 0.721585 0)
(-0.982134 0.766112 0)
(-0.739138 1.01156 0)
(-0.634257 1.14196 0)
(-0.35566 1.2619 0)
(-0.135941 1.27185 0)
(-0.416415 -0.110944 0)
(-0.41851 -0.152899 0)
(-0.449915 -0.219541 0)
(-0.433419 -0.243327 0)
(-0.513952 -0.188477 0)
(-0.654097 -0.0920883 0)
(-0.77448 -0.126859 0)
(-0.728203 -0.104413 0)
(-0.742669 0.0360981 0)
(-0.880809 -0.0170553 0)
(-0.886659 -0.0983804 0)
(-1.02822 0.384512 0)
(-0.887369 0.634283 0)
(-0.947022 0.59241 0)
(-1.05075 0.606548 0)
(-0.636721 0.872539 0)
(-0.411317 0.984692 0)
(-0.308177 1.05181 0)
(-0.105718 1.08438 0)
(-0.296374 -0.181908 0)
(-0.437804 -0.159772 0)
(-0.497188 -0.185144 0)
(-0.480503 -0.118287 0)
(-0.487295 -0.193312 0)
(-0.567731 -0.115687 0)
(-0.714035 -0.0642141 0)
(-0.756788 0.0516658 0)
(-0.762282 0.0706791 0)
(-0.94068 0.0768648 0)
(-0.80924 0.204956 0)
(-0.704998 0.252075 0)
(-0.86845 0.406107 0)
(-1.00751 0.219887 0)
(-0.769211 0.709098 0)
(-0.458631 0.864753 0)
(-0.41125 0.918345 0)
(-0.240589 0.923524 0)
(-0.0785548 0.902358 0)
(-0.376361 -0.218727 0)
(-0.399796 -0.216822 0)
(-0.412067 -0.161224 0)
(-0.494534 -0.0976652 0)
(-0.579315 -0.118365 0)
(-0.59845 -0.0809224 0)
(-0.686001 -0.0429135 0)
(-0.641716 -0.00792155 0)
(-0.667224 0.0969335 0)
(-0.786566 0.0913124 0)
(-0.790725 0.352645 0)
(-0.750103 0.287491 0)
(-0.806085 0.258299 0)
(-0.716895 0.465757 0)
(-0.544866 0.692187 0)
(-0.440088 0.733835 0)
(-0.395342 0.766276 0)
(-0.270089 0.777051 0)
(-0.069009 0.799959 0)
(-0.335636 -0.108626 0)
(-0.383667 -0.14508 0)
(-0.457099 -0.114266 0)
(-0.470654 -0.128328 0)
(-0.52494 -0.080292 0)
(-0.538479 -0.0523782 0)
(-0.625331 -0.0233107 0)
(-0.618507 -0.0414394 0)
(-0.67191 0.174535 0)
(-0.725104 0.109631 0)
(-0.716882 0.277858 0)
(-0.678186 0.265501 0)
(-0.709247 0.366201 0)
(-0.742645 0.534584 0)
(-0.559724 0.598473 0)
(-0.431833 0.637969 0)
(-0.310667 0.585532 0)
(-0.195562 0.747589 0)
(-0.0548511 0.731777 0)
(-0.371228 -0.0744598 0)
(-0.393136 -0.0883671 0)
(-0.398117 -0.0772228 0)
(-0.460803 -0.0628745 0)
(-0.517375 -0.0441952 0)
(-0.53104 -0.00683384 0)
(-0.668486 0.0196874 0)
(-0.474179 0.034821 0)
(-0.596783 0.145046 0)
(-0.737916 0.0833332 0)
(-0.680117 0.322488 0)
(-0.665203 0.245834 0)
(-0.630073 0.331864 0)
(-0.705977 0.464151 0)
(-0.487008 0.475834 0)
(-0.399615 0.658082 0)
(-0.302523 0.595666 0)
(-0.169621 0.671042 0)
(-0.0594623 0.688348 0)
(-0.350432 -0.0798758 0)
(-0.368945 -0.0380955 0)
(-0.398555 -0.0452571 0)
(-0.402217 -0.0215972 0)
(-0.483445 0.0144301 0)
(-0.483695 0.047428 0)
(-0.605486 0.082838 0)
(-0.545574 0.191047 0)
(-0.638335 0.0206012 0)
(-0.520775 0.155453 0)
(-0.567459 0.25638 0)
(-0.685169 0.20278 0)
(-0.560053 0.397885 0)
(-0.645793 0.430226 0)
(-0.350845 0.485538 0)
(-0.326218 0.558855 0)
(-0.345143 0.504842 0)
(-0.140517 0.614518 0)
(-0.0262859 0.618369 0)
(-0.336167 -0.0475567 0)
(-0.344329 -0.0557961 0)
(-0.367226 -0.00813939 0)
(-0.393571 0.00509637 0)
(-0.442232 0.0348603 0)
(-0.414531 0.0776782 0)
(-0.531957 0.133137 0)
(-0.55205 0.253341 0)
(-0.658791 0.166017 0)
(-0.549807 0.307293 0)
(-0.575857 0.101502 0)
(-0.507144 0.247842 0)
(-0.473951 0.297557 0)
(-0.611773 0.407435 0)
(-0.370031 0.487688 0)
(-0.36685 0.52037 0)
(-0.24755 0.495686 0)
(-0.071266 0.600889 0)
(-0.0337317 0.555516 0)
(-0.278281 -0.0635995 0)
(-0.330569 -0.0296997 0)
(-0.33953 -0.0136415 0)
(-0.321703 0.0118812 0)
(-0.371482 0.0632127 0)
(-0.378732 0.0791176 0)
(-0.414432 0.255333 0)
(-0.473242 0.266264 0)
(-0.547829 0.30725 0)
(-0.60054 0.415604 0)
(-0.645641 0.273866 0)
(-0.543521 0.407823 0)
(-0.378501 0.213034 0)
(-0.447721 0.345378 0)
(-0.294288 0.430147 0)
(-0.296362 0.414845 0)
(-0.253545 0.427213 0)
(-0.0684101 0.456359 0)
(-0.0656851 0.508928 0)
(-0.291142 -0.0719356 0)
(-0.287387 -0.0298409 0)
(-0.325661 -0.0141023 0)
(-0.327999 0.0193168 0)
(-0.404723 0.0113135 0)
(-0.244463 0.133524 0)
(-0.351263 0.204873 0)
(-0.475549 0.352676 0)
(-0.473072 0.29495 0)
(-0.513798 0.416047 0)
(-0.502062 0.442138 0)
(-0.637508 0.58713 0)
(-0.532994 0.477821 0)
(-0.401922 0.52015 0)
(-0.362407 0.548371 0)
(-0.378833 0.477565 0)
(-0.18267 0.555107 0)
(0.0248011 0.529683 0)
(0.0282684 0.462097 0)
(-0.286918 -0.0574121 0)
(-0.303101 -0.0169356 0)
(-0.341015 0.0126084 0)
(-0.364597 0.0388123 0)
(-0.287391 0.102829 0)
(-0.270019 0.134011 0)
(-0.217599 0.0945827 0)
(-0.403363 0.311624 0)
(-0.474798 0.364122 0)
(-0.44667 0.405685 0)
(-0.452278 0.405899 0)
(-0.4174 0.513021 0)
(-0.357447 0.622372 0)
(-0.344754 0.683326 0)
(-0.282737 0.669818 0)
(-0.278236 0.745353 0)
(-0.267577 0.837628 0)
(-0.228657 0.780583 0)
(-0.0918148 0.584321 0)
(-0.268502 -0.0448232 0)
(-0.267353 -0.0183931 0)
(-0.295159 0.0152865 0)
(-0.294353 -0.000283935 0)
(-0.353072 0.143123 0)
(-0.243199 0.138248 0)
(-0.195356 0.103077 0)
(-0.215894 0.191443 0)
(-0.392915 0.274538 0)
(-0.434118 0.409825 0)
(-0.411729 0.391904 0)
(-0.422529 0.469443 0)
(-0.357693 0.484495 0)
(-0.322483 0.542486 0)
(-0.254839 0.545131 0)
(-0.237427 0.610584 0)
(-0.165726 0.674065 0)
(-0.0927822 0.729075 0)
(-0.005574 0.734878 0)
(-0.2634 -0.015142 0)
(-0.266947 0.010977 0)
(-0.320258 0.0238893 0)
(-0.232927 0.0692685 0)
(-0.220801 0.102081 0)
(-0.29789 0.187807 0)
(-0.175893 0.146764 0)
(-0.243833 0.162054 0)
(-0.262139 0.161483 0)
(-0.312051 0.382666 0)
(-0.410082 0.422298 0)
(-0.33461 0.460383 0)
(-0.315339 0.495796 0)
(-0.270506 0.544533 0)
(-0.226884 0.551776 0)
(-0.215816 0.61586 0)
(-0.160171 0.647546 0)
(-0.11693 0.639616 0)
(-0.0217432 0.582906 0)
(-0.223201 -0.00866858 0)
(-0.216438 0.0213504 0)
(-0.233488 0.014526 0)
(-0.250913 0.122012 0)
(-0.247576 0.0501329 0)
(-0.229096 0.161887 0)
(-0.231442 0.173629 0)
(-0.214357 0.175044 0)
(-0.164592 0.236099 0)
(-0.184978 0.183695 0)
(-0.350514 0.345431 0)
(-0.375273 0.389924 0)
(-0.302495 0.440496 0)
(-0.260297 0.48644 0)
(-0.212229 0.517539 0)
(-0.18918 0.579944 0)
(-0.123094 0.602285 0)
(-0.082665 0.607976 0)
(-0.00300418 0.570942 0)
(-0.21267 -0.000948181 0)
(-0.234564 0.0212909 0)
(-0.228655 0.0361582 0)
(-0.238891 0.0925205 0)
(-0.192887 0.0848486 0)
(-0.228633 0.152346 0)
(-0.155608 0.19251 0)
(-0.154649 0.219667 0)
(-0.21726 0.197847 0)
(-0.190163 0.235208 0)
(-0.231972 0.24556 0)
(-0.243411 0.41105 0)
(-0.222412 0.393975 0)
(-0.196334 0.461936 0)
(-0.172354 0.484495 0)
(-0.148783 0.53493 0)
(-0.0980368 0.544228 0)
(-0.0658064 0.537858 0)
(-0.000967199 0.520687 0)
(-0.173514 0.00979702 0)
(-0.183433 0.0360709 0)
(-0.187314 0.0710355 0)
(-0.22577 0.100975 0)
(-0.169637 0.145605 0)
(-0.111286 0.136194 0)
(-0.15838 0.20051 0)
(-0.180143 0.146742 0)
(-0.115591 0.223725 0)
(-0.0965763 0.194285 0)
(-0.165814 0.319572 0)
(-0.250411 0.36987 0)
(-0.256596 0.376722 0)
(-0.184812 0.443865 0)
(-0.161855 0.473246 0)
(-0.123923 0.520047 0)
(-0.0786737 0.52776 0)
(-0.0490376 0.521475 0)
(-0.00577663 0.509671 0)
(-0.16027 0.0168368 0)
(-0.187328 0.0371021 0)
(-0.161294 0.0712588 0)
(-0.171077 0.0919421 0)
(-0.154384 0.15665 0)
(-0.163343 0.100624 0)
(-0.138882 0.147861 0)
(-0.138595 0.166291 0)
(-0.153772 0.248306 0)
(-0.133437 0.200698 0)
(-0.102268 0.253171 0)
(-0.126588 0.203946 0)
(-0.188431 0.330449 0)
(-0.133892 0.381933 0)
(-0.128378 0.423458 0)
(-0.0953845 0.457446 0)
(-0.0583985 0.468085 0)
(-0.0338573 0.466741 0)
(-0.00726827 0.465209 0)
(-0.123411 0.0276923 0)
(-0.14244 0.0390999 0)
(-0.1381 0.0501843 0)
(-0.143304 0.0970706 0)
(-0.174873 0.139162 0)
(-0.14489 0.143821 0)
(-0.104879 0.159072 0)
(-0.0721459 0.168954 0)
(-0.0871293 0.220613 0)
(-0.12106 0.23822 0)
(-0.101069 0.276713 0)
(-0.115753 0.251675 0)
(-0.145263 0.37172 0)
(-0.106639 0.393118 0)
(-0.100214 0.437732 0)
(-0.0686984 0.463382 0)
(-0.0471521 0.475225 0)
(-0.0278444 0.479026 0)
(-0.00927684 0.477375 0)
(-0.106224 0.0157674 0)
(-0.157855 0.0523406 0)
(-0.121654 0.0737157 0)
(-0.0886705 0.108627 0)
(-0.117622 0.16793 0)
(-0.128861 0.22271 0)
(-0.113356 0.206577 0)
(-0.0691411 0.205025 0)
(-0.102459 0.219634 0)
(-0.0947172 0.229647 0)
(-0.0591195 0.264687 0)
(-0.0181274 0.251359 0)
(-0.0593833 0.32207 0)
(-0.0613517 0.334344 0)
(-0.0553029 0.376076 0)
(-0.0420163 0.395244 0)
(-0.0296614 0.412579 0)
(-0.0188392 0.41581 0)
(-0.00705788 0.41266 0)
(-0.0657393 0.0472217 0)
(-0.103301 0.0542334 0)
(-0.0805566 0.166023 0)
(-0.0374322 0.116516 0)
(-0.105033 0.144592 0)
(-0.0893166 0.162891 0)
(-0.0949663 0.229524 0)
(-0.054992 0.178467 0)
(-0.0566293 0.135319 0)
(-0.10184 0.197309 0)
(-0.0512247 0.226791 0)
(-0.0190645 0.312887 0)
(-0.062201 0.356734 0)
(-0.0647762 0.400578 0)
(-0.0510498 0.43974 0)
(-0.0405369 0.462573 0)
(-0.0274073 0.481818 0)
(-0.0175199 0.488208 0)
(-0.00664432 0.48417 0)
(-0.0137415 0.0179925 0)
(-0.0141452 0.0743685 0)
(-0.0667245 0.114667 0)
(-0.0950829 0.148334 0)
(-0.0663354 0.143268 0)
(-0.0575223 0.200611 0)
(-0.102456 0.203316 0)
(-0.128179 0.219689 0)
(-0.0843085 0.237155 0)
(-0.0209726 0.247664 0)
(0.0303863 0.268162 0)
(0.10326 0.266125 0)
(0.0423116 0.276537 0)
(0.0141063 0.29128 0)
(7.65263e-05 0.311216 0)
(-0.00524961 0.323372 0)
(-0.00497425 0.33466 0)
(-0.00603562 0.337584 0)
(-0.0028315 0.329007 0)
)
;

boundaryField
{
    leftWall
    {
        type            fixedValue;
        value           uniform (0 0 0);
    }
    rightWall
    {
        type            fixedValue;
        value           uniform (0 0 0);
    }
    lowerWall
    {
        type            fixedValue;
        value           uniform (0 0 0);
    }
    atmosphere
    {
        type            pressureInletOutletVelocity;
        value           nonuniform List<vector> 
46
(
(0 -0.310109 0)
(0 -0.31481 0)
(0 -0.316332 0)
(0 -0.346229 0)
(0 -0.293467 0)
(0 -0.275446 0)
(0 -0.265164 0)
(0 -0.224297 0)
(0 -0.271538 0)
(0 -0.192709 0)
(0 -0.250409 0)
(0 -0.19856 0)
(0 -0.222357 0)
(0 -0.205587 0)
(0 -0.207362 0)
(0 -0.173541 0)
(0 -0.161747 0)
(0 -0.129351 0)
(0 -0.104689 0)
(0 -0.0969784 0)
(0 -0.0665819 0)
(0 -0.0730952 0)
(0 -0.0164754 0)
(0 -0.0323593 0)
(-0.0242252 0.00200001 0)
(0 -0.0106851 0)
(-0.0602197 0.0348258 0)
(-0.0137415 0.0179925 0)
(-0.0141452 0.0743685 0)
(-0.0667245 0.114667 0)
(-0.0950829 0.148334 0)
(-0.0663354 0.143268 0)
(-0.0575223 0.200611 0)
(-0.102456 0.203316 0)
(-0.128179 0.219689 0)
(-0.0843085 0.237155 0)
(-0.0209726 0.247664 0)
(0.0303863 0.268162 0)
(0.10326 0.266125 0)
(0.0423116 0.276537 0)
(0.0141063 0.29128 0)
(7.65263e-05 0.311216 0)
(-0.00524961 0.323372 0)
(-0.00497425 0.33466 0)
(-0.00603562 0.337584 0)
(-0.0028315 0.329007 0)
)
;
    }
    defaultFaces
    {
        type            empty;
    }
}


// ************************************************************************* //
