/*--------------------------------*- C++ -*----------------------------------*\
| =========                 |                                                 |
| \\      /  F ield         | foam-extend: Open Source CFD                    |
|  \\    /   O peration     | Version:     4.1                                |
|   \\  /    A nd           | Web:         http://www.foam-extend.org         |
|    \\/     M anipulation  |                                                 |
\*---------------------------------------------------------------------------*/
FoamFile
{
    version     2.0;
    format      ascii;
    class       volVectorField;
    location    "0.65";
    object      U;
}
// * * * * * * * * * * * * * * * * * * * * * * * * * * * * * * * * * * * * * //

dimensions      [0 1 -1 0 0 0 0];

internalField   nonuniform List<vector> 
2268
(
(0.0172719 -0.00105086 0)
(-0.00373644 0.00351541 0)
(-0.0169187 0.00240959 0)
(-0.0200487 -0.00184858 0)
(-0.0371314 0.00526115 0)
(-0.063451 0.000484436 0)
(-0.0910036 -0.000575071 0)
(-0.0788911 -0.00211587 0)
(-0.0732503 -0.00458901 0)
(-0.049081 -0.0031852 0)
(-0.0281598 -0.00437709 0)
(-0.0127271 -0.00381257 0)
(0.000457767 0.00218613 0)
(0.00930671 0.00634141 0)
(0.0212584 -0.00129136 0)
(0.025486 0.000640856 0)
(0.0351512 -0.00456886 0)
(0.0440777 0.000120116 0)
(0.0456347 -0.000352826 0)
(0.0461822 0.0021959 0)
(0.0388211 0.0059556 0)
(0.0236039 0.0021562 0)
(0.014437 0.00488182 0)
(0.0135825 -0.00190758 0)
(-0.00310147 0.00875587 0)
(-0.00989608 0.00457397 0)
(-0.0177304 -0.000769367 0)
(-0.0360989 0.00435977 0)
(-0.065045 0.013784 0)
(-0.0912906 0.00756758 0)
(-0.0791783 -0.00336383 0)
(-0.0653144 -0.00258499 0)
(-0.0284183 0.0102387 0)
(-0.0316388 -0.0127677 0)
(-0.0244524 -0.0124245 0)
(-0.0127606 -0.00930134 0)
(-0.0126221 -0.0179293 0)
(-0.00248083 -0.0117146 0)
(0.00471153 -0.00754635 0)
(0.0160658 -0.013143 0)
(0.0315226 -0.00496644 0)
(0.0358928 -0.000890967 0)
(0.038397 0.00114864 0)
(0.0328612 0.00445988 0)
(0.0202957 0.00956936 0)
(0.00264538 0.0133327 0)
(0.00463542 -0.00339583 0)
(-0.0059507 0.0101349 0)
(-0.0010627 0.00701451 0)
(-0.0203813 0.00548423 0)
(-0.0342642 0.0170982 0)
(-0.0658177 0.0110249 0)
(-0.0986636 0.00635166 0)
(-0.0801045 -0.0182434 0)
(-0.0590355 0.0099945 0)
(-0.0337993 -0.0327386 0)
(-0.0325872 -0.0157474 0)
(-0.0231416 -0.01512 0)
(-0.028932 -0.0168583 0)
(-0.0282491 -0.0156908 0)
(-0.0190827 -0.0152024 0)
(-0.0183134 -0.00689539 0)
(-0.00869651 -0.00883841 0)
(0.0100058 -0.00840069 0)
(0.0183301 -0.00871019 0)
(0.0264361 0.00448036 0)
(0.0276751 0.0143682 0)
(0.0218662 0.0162563 0)
(0.00679254 0.0149053 0)
(-0.00206163 -0.00114695 0)
(-0.00609048 0.00991256 0)
(0.00922435 0.0102106 0)
(-0.0197611 0.0138219 0)
(-0.0329223 0.0240589 0)
(-0.0699813 0.0113186 0)
(-0.107143 0.0124148 0)
(-0.0790189 -0.000461465 0)
(-0.0695636 0.00122639 0)
(-0.0734399 -0.0413812 0)
(-0.0533538 -0.00475116 0)
(-0.0779491 -0.000975687 0)
(-0.0841865 -0.0043009 0)
(-0.0924464 0.00191705 0)
(-0.0879482 -0.00839006 0)
(-0.0829715 -0.00500282 0)
(-0.075039 -0.0269212 0)
(-0.0536668 -0.0183767 0)
(-0.0378917 -0.00365552 0)
(-0.0048799 -0.00376225 0)
(0.0115975 0.00619142 0)
(0.0168723 0.0199573 0)
(0.00675253 0.0282498 0)
(-0.00299338 -4.63916e-05 0)
(-0.000129229 0.00686032 0)
(0.0155338 0.0117683 0)
(-0.013077 0.0173662 0)
(-0.024486 0.0292781 0)
(-0.076335 0.0251672 0)
(-0.116971 0.013732 0)
(-0.0983654 0.00124284 0)
(-0.117494 -0.0342243 0)
(-0.0939887 0.0157725 0)
(-0.0897505 -0.00993297 0)
(-0.102299 -0.00180996 0)
(-0.106162 -0.0119894 0)
(-0.11238 -0.010124 0)
(-0.113442 -0.0232184 0)
(-0.127154 -0.0125419 0)
(-0.116222 -0.0218841 0)
(-0.0955864 -0.0239215 0)
(-0.0932707 -0.0337389 0)
(-0.0645468 -0.0170838 0)
(-0.0255889 0.00419795 0)
(0.0127959 0.0185134 0)
(0.00957909 0.0240468 0)
(0.00418499 0.000210843 0)
(0.0136091 0.00491485 0)
(0.0249827 0.0132878 0)
(-0.00839826 0.0284742 0)
(-0.0279795 0.032597 0)
(-0.0924189 0.0344407 0)
(-0.133279 0.0175682 0)
(-0.116757 0.00777716 0)
(-0.118935 0.0133044 0)
(-0.110153 0.0237304 0)
(-0.126241 7.11563e-05 0)
(-0.137202 0.00526618 0)
(-0.139605 -0.00494696 0)
(-0.146401 -0.00293403 0)
(-0.136471 -0.0104383 0)
(-0.133176 -0.00133836 0)
(-0.135709 -0.0447067 0)
(-0.124508 -0.031248 0)
(-0.112761 -0.0669335 0)
(-0.0924656 -0.0382963 0)
(-0.0894296 -0.0312927 0)
(-0.0134302 0.00288372 0)
(0.00647896 0.041686 0)
(0.0111453 -0.00423704 0)
(0.0205013 0.00202495 0)
(0.0265722 0.0176583 0)
(-0.00765953 0.0363855 0)
(-0.0274185 0.0432501 0)
(-0.0995048 0.0506203 0)
(-0.15034 0.0323241 0)
(-0.146175 -0.0130523 0)
(-0.155366 0.0168763 0)
(-0.144516 0.021018 0)
(-0.145322 0.00376303 0)
(-0.150303 0.00415905 0)
(-0.141922 -0.00526396 0)
(-0.147225 -0.0113605 0)
(-0.13898 -0.0226071 0)
(-0.157201 -0.0164723 0)
(-0.147164 -0.0941358 0)
(-0.124081 -0.031878 0)
(-0.121993 -0.0654098 0)
(-0.103053 -0.022445 0)
(-0.0969381 -0.0567279 0)
(-0.011318 -0.00252405 0)
(0.0142963 0.0188873 0)
(0.00962234 -0.0076149 0)
(0.0173207 0.00045278 0)
(0.0215563 0.0193083 0)
(-0.0126114 0.042202 0)
(-0.0313445 0.0543387 0)
(-0.100155 0.0621786 0)
(-0.184615 0.0625443 0)
(-0.178453 0.0221552 0)
(-0.154486 0.016273 0)
(-0.167578 0.0147559 0)
(-0.166841 0.0042567 0)
(-0.160092 0.0032418 0)
(-0.155094 -0.00577303 0)
(-0.162608 -0.00655683 0)
(-0.144658 -0.0251527 0)
(-0.17066 0.00816333 0)
(-0.15021 -0.0759068 0)
(-0.108023 -0.0447566 0)
(-0.113327 -0.0878635 0)
(-0.102046 -0.0592435 0)
(-0.111484 -0.0754328 0)
(-0.0247519 -0.0548826 0)
(-0.00527382 0.0470093 0)
(-0.755307 0.250937 0)
(-1.11492 0.019887 0)
(-1.27186 -0.03828 0)
(-1.27703 -0.0752442 0)
(-1.17218 -0.0793361 0)
(-1.12665 -0.0686356 0)
(-1.12495 -0.0426371 0)
(-1.19186 0.00873089 0)
(-1.23691 -0.0353077 0)
(-1.26798 -0.0582567 0)
(-1.31106 -0.0319397 0)
(-1.24339 -0.101568 0)
(-1.1086 -0.033252 0)
(-1.06561 -0.016514 0)
(-1.0056 -0.164244 0)
(-0.972626 -0.00581567 0)
(-0.392124 -0.118969 0)
(-0.135288 -0.238309 0)
(0.0420628 -0.0393327 0)
(-0.672852 0.522308 0)
(-0.947486 0.185577 0)
(-1.06289 0.125056 0)
(-1.02416 0.00664736 0)
(-0.991298 -0.0180909 0)
(-0.932157 0.0363766 0)
(-0.991059 0.113659 0)
(-1.09478 0.0940504 0)
(-1.1275 0.0552112 0)
(-1.16163 0.0778949 0)
(-1.23094 0.0578678 0)
(-1.19475 -0.0874356 0)
(-1.04547 -0.0406227 0)
(-1.04092 -0.095613 0)
(-0.97591 -0.264613 0)
(-0.785241 -0.139337 0)
(-0.757299 -0.0413498 0)
(-0.273751 -0.116958 0)
(0.0493261 0.0015542 0)
(-0.719864 0.864204 0)
(-0.745335 0.241079 0)
(-0.761489 0.0701244 0)
(-0.829397 -0.0823225 0)
(-0.582666 -0.0710376 0)
(-0.49207 -0.0651145 0)
(-0.635651 -0.0297417 0)
(-0.964309 0.0131741 0)
(-1.01802 0.0822268 0)
(-1.08726 -0.0351851 0)
(-1.25391 -0.0394592 0)
(-1.10246 -0.0678161 0)
(-0.845842 -0.252176 0)
(-0.925698 -0.390415 0)
(-0.923128 -0.231009 0)
(-0.685849 -0.19556 0)
(-0.635613 -0.131817 0)
(-0.488851 -0.242403 0)
(-0.230378 -0.0959942 0)
(-0.651774 0.917766 0)
(-0.58269 0.45123 0)
(-0.907429 0.0561044 0)
(-0.797422 -0.0417371 0)
(-0.475198 -0.145128 0)
(-0.33674 0.040675 0)
(-0.354521 0.0145318 0)
(-0.793798 0.199704 0)
(-0.845999 0.387288 0)
(-0.860786 0.135609 0)
(-0.866493 -0.315372 0)
(-0.922102 0.124514 0)
(-0.0977154 -0.148993 0)
(-0.623378 -0.404145 0)
(-0.941292 -0.21116 0)
(-0.725345 -0.081389 0)
(-0.655022 -0.150134 0)
(-0.558286 -0.270071 0)
(-0.45704 -0.294315 0)
(-0.633885 1.05445 0)
(-0.315382 0.607151 0)
(-0.780951 -0.0864117 0)
(-0.708789 0.0345487 0)
(-0.434819 -0.268592 0)
(-0.267627 -0.155443 0)
(-0.089838 0.146918 0)
(-0.279923 0.183847 0)
(-0.326221 0.101364 0)
(-0.256304 0.186283 0)
(0.227405 -0.260944 0)
(0.237625 -0.289462 0)
(0.420148 -0.39399 0)
(-0.101694 -0.200388 0)
(-0.716703 0.00710194 0)
(-0.618832 -0.0209161 0)
(-0.648355 -0.199141 0)
(-0.495485 -0.333761 0)
(-0.318976 -0.548945 0)
(-0.575263 1.13944 0)
(-0.109761 0.716986 0)
(-0.738208 0.135553 0)
(-0.490994 -0.272892 0)
(-0.182712 -0.32732 0)
(-0.185413 -0.125247 0)
(-0.0168464 0.105932 0)
(0.282197 0.160738 0)
(0.275146 0.239423 0)
(0.42682 0.0816444 0)
(0.528241 -0.130101 0)
(0.411705 -0.171782 0)
(0.486013 -0.277884 0)
(0.0660028 -0.0932308 0)
(-0.648006 0.160548 0)
(-0.56803 -0.121755 0)
(-0.56825 -0.20473 0)
(-0.518725 -0.411114 0)
(-0.153889 -0.63045 0)
(-0.516771 1.17869 0)
(0.108497 0.897256 0)
(-0.549254 0.100544 0)
(-0.32569 -0.368961 0)
(0.00345012 -0.419551 0)
(-0.0757666 -0.316431 0)
(-0.113989 0.0491248 0)
(0.265965 0.126838 0)
(0.460027 0.136494 0)
(0.562043 -0.0962608 0)
(0.549744 -0.244102 0)
(0.402466 -0.228689 0)
(0.425699 -0.177204 0)
(-0.20378 0.159971 0)
(-0.607648 0.36774 0)
(-0.623574 0.0406276 0)
(-0.5513 -0.225782 0)
(-0.242057 -0.650877 0)
(0.00562435 -0.70059 0)
(-0.477854 1.27698 0)
(0.458501 0.830112 0)
(-0.175713 0.197257 0)
(-0.0215217 -0.351215 0)
(0.105119 -0.410293 0)
(-0.00536264 -0.415969 0)
(0.0763316 -0.0320089 0)
(0.249079 0.0630328 0)
(0.385272 -0.00440137 0)
(0.365294 -0.161911 0)
(0.476704 -0.261977 0)
(0.362359 -0.133047 0)
(0.332772 0.0875965 0)
(-0.258173 0.179785 0)
(-0.534035 0.316561 0)
(-0.200146 0.0904633 0)
(-0.484509 -0.34568 0)
(-0.000793444 -0.708015 0)
(0.143267 -0.704191 0)
(-0.0112311 -0.0106027 0)
(-0.0119913 -0.000818653 0)
(-0.0162683 0.0304674 0)
(-0.0850011 0.0638976 0)
(-0.130011 0.100422 0)
(-0.169063 0.0609071 0)
(-0.202956 0.0612873 0)
(-0.19847 0.0493159 0)
(-0.196328 0.0076003 0)
(-0.182418 0.00130792 0)
(-0.164215 -0.00162669 0)
(-0.158854 -0.00537118 0)
(-0.146695 -0.0046306 0)
(-0.152172 -0.00689489 0)
(-0.121449 0.0129851 0)
(-0.191244 -0.0291242 0)
(-0.178103 -0.0308153 0)
(-0.11722 -0.0402683 0)
(-0.127308 -0.0684295 0)
(-0.0818452 -0.0909893 0)
(-0.0861456 -0.103567 0)
(0.00153809 -0.0363266 0)
(0.0269323 -0.0235193 0)
(-0.0618614 0.00843896 0)
(-0.097158 0.00901623 0)
(-0.163546 0.121393 0)
(-0.570872 0.10982 0)
(-0.662561 0.214886 0)
(-0.379784 0.141747 0)
(-0.30337 0.0849903 0)
(-0.258789 0.0178634 0)
(-0.216676 0.00741844 0)
(-0.181714 -0.0109296 0)
(-0.155636 -0.0163259 0)
(-0.135977 -0.0117461 0)
(-0.127073 -0.0234288 0)
(-0.0988696 -0.0251614 0)
(-0.12538 -0.01067 0)
(-0.181519 -0.0850267 0)
(-0.102329 -0.013864 0)
(-0.111172 -0.0931837 0)
(-0.135847 -0.05512 0)
(-0.108994 -0.110937 0)
(-0.0468054 -0.105004 0)
(-0.0586841 -0.153119 0)
(0.00254402 -0.148774 0)
(-0.128032 0.0681251 0)
(-0.154372 0.120221 0)
(-0.51056 0.308266 0)
(-0.691847 0.285397 0)
(-0.426761 0.266545 0)
(-0.61254 0.178089 0)
(-0.637114 -0.0118847 0)
(-0.348082 -0.0443743 0)
(-0.273326 -0.0677668 0)
(-0.267981 -0.0632683 0)
(-0.20819 -0.0475789 0)
(-0.165316 -0.0358964 0)
(-0.148546 -0.0262277 0)
(-0.140785 -0.0155906 0)
(-0.155607 -0.0515555 0)
(-0.172692 -0.0434393 0)
(-0.141668 -0.0492192 0)
(-0.12433 -0.118055 0)
(-0.122136 -0.0716175 0)
(-0.139542 -0.125179 0)
(-0.169188 -0.136753 0)
(-0.0826096 -0.219803 0)
(-0.0286619 -0.22471 0)
(-0.25188 0.353038 0)
(-0.251782 0.436111 0)
(-0.507361 0.509634 0)
(-0.576523 0.198519 0)
(-0.596104 -0.069691 0)
(-0.562236 -0.197076 0)
(-0.50747 -0.0796955 0)
(-0.482634 0.125405 0)
(-0.430434 -0.19036 0)
(-0.505865 -0.212541 0)
(-0.490971 -0.120652 0)
(-0.472376 -0.07969 0)
(-0.425927 -0.045516 0)
(-0.355785 -0.0107946 0)
(-0.534128 -0.0222496 0)
(-0.588351 -0.0925294 0)
(-0.488003 -0.0670605 0)
(-0.348845 -0.0100625 0)
(-0.296758 -0.0383784 0)
(-0.304106 -0.0731473 0)
(-0.229689 -0.142815 0)
(-0.178459 -0.133232 0)
(-0.12279 -0.234361 0)
(-0.13812 0.526787 0)
(0.01569 0.752123 0)
(-0.255561 0.711768 0)
(-0.417987 0.688197 0)
(-0.368991 0.187773 0)
(-0.511691 -0.048135 0)
(-0.564799 -0.246563 0)
(-0.574995 -0.100382 0)
(-0.461378 -0.0747581 0)
(-0.610906 -0.322195 0)
(-0.66344 -0.0751209 0)
(-0.659827 -0.0291057 0)
(-0.653975 0.277256 0)
(-0.513514 0.0432995 0)
(-0.493525 -0.273705 0)
(-0.772444 -0.27281 0)
(-0.60941 -0.137964 0)
(-0.483418 0.0863405 0)
(-0.542876 -0.116815 0)
(-0.487536 -0.197824 0)
(-0.567043 -0.27625 0)
(-0.464342 -0.32023 0)
(-0.436841 -0.216622 0)
(-0.0768988 0.544216 0)
(-0.032389 0.717587 0)
(0.0434716 0.483051 0)
(0.0673981 0.654709 0)
(-0.291744 0.381743 0)
(-0.320576 0.127057 0)
(-0.459977 0.00779556 0)
(-0.603518 -0.0821273 0)
(-0.612231 -0.0666658 0)
(-0.673054 -0.194821 0)
(-0.722831 -0.138081 0)
(-0.735751 -0.186214 0)
(-0.708426 -0.0735461 0)
(-0.531415 -0.112441 0)
(-0.864527 -0.103068 0)
(-0.812219 -0.283094 0)
(-0.625159 0.229712 0)
(-0.462977 -0.00118182 0)
(-0.408873 -0.10813 0)
(-0.148556 -0.315893 0)
(-0.0913698 -0.60834 0)
(-0.177858 0.233461 0)
(-0.439824 -0.275102 0)
(0.0656965 0.583187 0)
(-0.059042 0.521058 0)
(-0.124308 0.481601 0)
(0.0264035 0.439792 0)
(0.00554766 0.342322 0)
(-0.0449132 0.340792 0)
(-0.38206 0.187973 0)
(-0.428099 0.188593 0)
(-0.50151 -0.0238495 0)
(-0.637608 -0.105948 0)
(-0.71332 0.00687597 0)
(-0.854131 -0.0490562 0)
(-0.955027 -0.0127437 0)
(-1.02112 -0.16844 0)
(-1.08148 -0.30981 0)
(-1.127 -0.144307 0)
(-0.966806 -0.336511 0)
(-0.743151 -0.255177 0)
(-0.526332 -0.642128 0)
(-0.399101 -0.259465 0)
(0.0213243 -0.499285 0)
(0.528759 -0.289846 0)
(0.625616 0.280064 0)
(0.0116026 0.561143 0)
(-0.0335286 0.38227 0)
(-0.0301494 0.424765 0)
(0.0294607 0.450631 0)
(-0.000773252 0.421112 0)
(-0.0700997 0.326293 0)
(-0.192531 0.231952 0)
(-0.420168 0.288194 0)
(-0.653231 0.172336 0)
(-0.602475 0.203996 0)
(-0.654588 0.18344 0)
(-0.802497 0.131264 0)
(-0.894907 0.209984 0)
(-1.20718 -0.0731029 0)
(-1.24774 -0.248008 0)
(-1.25798 -0.182261 0)
(-1.25534 -0.388077 0)
(-1.34008 -0.699875 0)
(-1.17728 -0.866188 0)
(-1.09176 -0.807351 0)
(-1.41833 -1.29164 0)
(-0.883823 -0.788604 0)
(-0.457046 0.830165 0)
(-0.0127982 0.587954 0)
(-0.0524407 0.478211 0)
(-0.074945 0.420761 0)
(0.00361993 0.442825 0)
(-0.0749146 0.460554 0)
(-0.143076 0.405531 0)
(-0.231032 0.365533 0)
(-0.373746 0.476975 0)
(-0.483663 0.38019 0)
(-0.584192 0.397796 0)
(-0.683765 0.160685 0)
(-0.626564 0.151823 0)
(-1.05987 0.286412 0)
(-1.45179 0.244833 0)
(-1.12261 0.0385131 0)
(-1.0533 -0.0636862 0)
(-1.47561 -0.110014 0)
(-1.60514 -0.513954 0)
(-1.79737 -0.508734 0)
(-2.79319 -0.89044 0)
(-2.77209 -1.14309 0)
(-2.29899 -0.953382 0)
(-3.51587 -0.341424 0)
(-0.019516 0.595222 0)
(-0.0405626 0.500564 0)
(-0.0644653 0.380493 0)
(-0.0120335 0.371698 0)
(-0.10228 0.50243 0)
(-0.151903 0.541805 0)
(-0.143172 0.466235 0)
(-0.367513 0.492279 0)
(-0.510989 0.560309 0)
(-0.707221 0.354552 0)
(-0.820256 0.350753 0)
(-0.636601 0.438074 0)
(-0.879533 0.256091 0)
(-1.25106 0.338693 0)
(-1.37725 0.358115 0)
(-1.36576 0.282399 0)
(-2.03264 0.210288 0)
(-2.34326 0.259083 0)
(-2.75498 -0.310091 0)
(-3.70585 -0.505144 0)
(-4.01384 -0.483838 0)
(-4.27699 -0.351158 0)
(-4.70316 -0.154393 0)
(-0.024898 0.621666 0)
(-0.0853654 0.547165 0)
(-0.173977 0.403116 0)
(-0.0246165 0.463977 0)
(-0.0338441 0.564873 0)
(-0.225162 0.611863 0)
(-0.25023 0.575868 0)
(-0.240893 0.5416 0)
(-0.496541 0.610525 0)
(-0.640146 0.498903 0)
(-0.658673 0.749619 0)
(-0.868161 0.616093 0)
(-1.03761 0.501967 0)
(-1.17382 0.452311 0)
(-1.12723 0.428562 0)
(-1.12062 0.551832 0)
(-1.50491 0.468793 0)
(-2.01877 0.992069 0)
(-2.72499 0.633328 0)
(-3.03267 0.485231 0)
(-2.78127 0.287984 0)
(-2.83439 -0.317294 0)
(-3.1966 -0.40833 0)
(0.0119477 0.652732 0)
(-0.0682571 0.570618 0)
(-0.0744327 0.445804 0)
(-0.0581044 0.687674 0)
(-0.0970924 0.591695 0)
(-0.185136 0.655736 0)
(-0.229343 0.666745 0)
(-0.314091 0.603148 0)
(-0.479105 0.565912 0)
(-0.430991 0.545339 0)
(-0.697531 0.615045 0)
(-0.808202 0.41744 0)
(-0.877035 0.55172 0)
(-1.23247 0.447518 0)
(-1.20293 0.543037 0)
(-1.16285 0.569911 0)
(-1.39179 0.55377 0)
(-1.73639 0.603509 0)
(-2.05455 0.709609 0)
(-2.06558 0.741269 0)
(-2.34497 0.665773 0)
(-2.04483 -0.0969158 0)
(-1.97865 0.119383 0)
(0.00711833 0.667495 0)
(-0.0586702 0.580335 0)
(-0.069783 0.440875 0)
(-0.125132 0.63877 0)
(-0.15004 0.699848 0)
(-0.218675 0.745391 0)
(-0.26231 0.775177 0)
(-0.394333 0.804847 0)
(-0.538486 0.788766 0)
(-0.453878 0.678402 0)
(-0.737916 0.632182 0)
(-0.788024 0.64615 0)
(-0.997943 0.753828 0)
(-1.18632 0.786076 0)
(-0.995645 1.0531 0)
(-1.12214 0.872012 0)
(-1.51542 0.87459 0)
(-1.6762 0.718979 0)
(-1.58354 0.487688 0)
(-1.54316 0.35377 0)
(-1.46638 -0.533046 0)
(-1.12946 -0.638456 0)
(-1.34687 -0.498773 0)
(0.000818997 0.703947 0)
(-0.0592968 0.645016 0)
(-0.0710689 0.508472 0)
(-0.106824 0.838024 0)
(-0.159955 0.655034 0)
(-0.19757 0.760556 0)
(-0.190009 0.79535 0)
(-0.217109 0.828697 0)
(-0.421416 0.924251 0)
(-0.551699 1.0334 0)
(-0.622298 1.04786 0)
(-0.681818 1.11525 0)
(-0.778304 1.01049 0)
(-0.668389 1.29288 0)
(-1.0657 1.34822 0)
(-1.29284 1.02328 0)
(-1.35944 0.992184 0)
(-1.46929 0.90698 0)
(-1.17664 0.857029 0)
(-1.40196 -0.133325 0)
(-1.63664 -0.209649 0)
(-1.2518 -0.373308 0)
(-1.22295 -0.429857 0)
(0.0301446 0.727778 0)
(-0.068929 0.657831 0)
(0.0509219 0.474706 0)
(-0.270676 0.776988 0)
(-0.299058 0.894743 0)
(-0.099584 0.820585 0)
(-0.180943 0.842287 0)
(-0.236184 0.774266 0)
(-0.290486 0.800203 0)
(-0.375097 0.915433 0)
(-0.581668 0.908975 0)
(-0.693443 0.961813 0)
(-0.672209 0.895002 0)
(-0.592362 1.12182 0)
(-1.09628 1.00916 0)
(-1.21516 0.939291 0)
(-1.19957 0.978812 0)
(-1.27568 0.831268 0)
(-1.41759 0.630994 0)
(-1.1545 -0.0537173 0)
(-1.16701 -0.127709 0)
(-1.184 -0.171049 0)
(-1.18184 -0.195575 0)
(0.0101674 0.750545 0)
(-0.130971 0.688031 0)
(-0.0442645 0.608594 0)
(0.0530584 0.694707 0)
(-0.157062 0.857544 0)
(-0.242764 0.847482 0)
(-0.234482 0.886938 0)
(-0.281858 0.893413 0)
(-0.291079 0.911253 0)
(-0.444512 0.917286 0)
(-0.541736 0.913375 0)
(-0.657676 1.26681 0)
(-0.492514 1.34545 0)
(-0.642363 1.16441 0)
(-0.965236 1.01247 0)
(-1.02456 1.19404 0)
(-1.01918 1.2003 0)
(-1.12835 0.772935 0)
(-1.00657 0.688116 0)
(-0.797608 0.363592 0)
(-0.73262 -0.0854207 0)
(-0.824549 -0.163289 0)
(-1.04338 -0.123479 0)
(0.0112 0.828305 0)
(-0.0749962 0.711981 0)
(-0.134466 1.01636 0)
(-0.24126 0.701472 0)
(-0.198333 0.767939 0)
(-0.0935648 0.852962 0)
(-0.104372 0.77768 0)
(-0.204972 0.976384 0)
(-0.319721 1.02284 0)
(-0.454754 1.06885 0)
(-0.0973221 1.09919 0)
(-0.109111 1.36963 0)
(-0.596815 1.52802 0)
(-0.718713 1.48434 0)
(-0.618499 1.70976 0)
(-0.965776 1.64635 0)
(-1.40414 1.48512 0)
(-1.03691 0.870006 0)
(-0.670129 0.583011 0)
(-0.280549 -0.0927118 0)
(-0.142523 -0.238303 0)
(-0.199671 0.139908 0)
(-0.591654 0.638194 0)
(-0.0524745 0.837674 0)
(0.0885131 0.747709 0)
(-0.255699 0.852943 0)
(-0.259826 1.09144 0)
(-0.0657769 1.29774 0)
(-0.234843 0.864296 0)
(-0.150041 1.00053 0)
(0.0197271 0.958013 0)
(-0.207003 1.06106 0)
(-0.335606 1.11606 0)
(-0.189514 1.6409 0)
(-0.237759 0.995785 0)
(-0.351882 1.65693 0)
(-0.323331 1.4184 0)
(-0.58041 1.68927 0)
(-1.11239 1.40632 0)
(-1.49752 1.55658 0)
(-1.32689 0.82832 0)
(-1.17693 0.135208 0)
(-1.13896 0.0540963 0)
(-1.1927 0.0247279 0)
(-1.18631 0.206904 0)
(-1.12917 0.666349 0)
(-0.0417862 0.826383 0)
(0.0537902 0.769465 0)
(0.0729534 0.681529 0)
(0.0657819 1.05541 0)
(-0.414938 1.10191 0)
(-0.21367 1.00237 0)
(0.0540205 1.50358 0)
(-0.0726087 1.0583 0)
(-0.145465 1.11396 0)
(0.0986384 1.07294 0)
(-0.319906 1.40608 0)
(-0.134525 1.10634 0)
(0.0294306 1.54516 0)
(-0.521916 1.3461 0)
(-0.633842 1.61678 0)
(-1.02441 1.57244 0)
(-1.3991 1.62025 0)
(-1.47079 0.494891 0)
(-1.48017 0.107753 0)
(-1.53667 -0.0198943 0)
(-1.55642 -0.0937094 0)
(-1.51434 -0.0158644 0)
(-1.3275 0.667245 0)
(-0.0493151 0.822213 0)
(0.0293779 0.730861 0)
(-0.0341213 0.690485 0)
(0.0353991 0.761363 0)
(-0.150921 0.848193 0)
(0.169468 1.09461 0)
(-0.0459885 1.1256 0)
(-0.199096 1.01073 0)
(-0.1257 1.07765 0)
(0.0126512 1.10867 0)
(-0.0864293 0.971225 0)
(-0.024889 1.49822 0)
(-0.0429972 1.21477 0)
(-0.232132 1.39315 0)
(-0.390054 1.78776 0)
(-0.54443 2.13071 0)
(-0.681015 2.05669 0)
(-1.25635 0.826217 0)
(-1.04571 0.326214 0)
(-1.70903 0.0466359 0)
(-2.03733 0.033061 0)
(-1.97353 0.0127439 0)
(-1.39932 0.700502 0)
(-0.0625355 0.830782 0)
(0.0202373 0.715021 0)
(-0.0176136 0.693379 0)
(0.0288444 0.8546 0)
(-0.13694 0.874101 0)
(-0.0527807 0.898256 0)
(-0.0446843 0.742585 0)
(-0.0279784 0.947655 0)
(-0.035048 0.993473 0)
(0.0618289 1.11532 0)
(-0.0355116 1.10666 0)
(0.0268235 1.40495 0)
(0.0381466 1.33213 0)
(-0.0866367 1.52852 0)
(-0.0308604 1.65542 0)
(-0.0351993 2.15656 0)
(0.184326 2.30743 0)
(-0.620927 1.29675 0)
(-1.05655 0.164802 0)
(-1.30035 -0.301535 0)
(-1.71873 0.251676 0)
(-1.71712 0.516857 0)
(-1.74229 0.460271 0)
(-0.0553209 0.857027 0)
(0.0218308 0.719762 0)
(-0.030299 0.697889 0)
(0.0249016 0.881408 0)
(-0.0721631 0.909853 0)
(0.016425 1.09513 0)
(-0.0592165 0.903982 0)
(0.0101597 0.980289 0)
(0.08548 0.98071 0)
(0.163088 1.05557 0)
(0.0309561 1.08845 0)
(0.12231 1.33443 0)
(0.087338 1.31131 0)
(0.0595467 1.52142 0)
(0.296814 1.57349 0)
(0.316696 1.91729 0)
(0.84206 2.19412 0)
(0.715712 1.98856 0)
(-0.0741157 1.01574 0)
(-0.827323 0.541818 0)
(-1.10349 0.264459 0)
(-1.19195 0.392724 0)
(-1.33217 0.712913 0)
(-0.0407467 0.850843 0)
(0.028433 0.70387 0)
(-0.0199247 0.688709 0)
(0.0352614 0.879452 0)
(0.137638 0.842382 0)
(0.0369111 0.893441 0)
(-0.161366 0.831491 0)
(0.0341147 0.806586 0)
(0.0953873 0.96305 0)
(0.205504 1.03044 0)
(0.120864 1.11942 0)
(0.174707 1.49261 0)
(0.208359 1.30129 0)
(0.180731 1.47217 0)
(0.421437 1.54845 0)
(0.582254 1.87965 0)
(0.984321 2.00735 0)
(1.40968 1.82702 0)
(1.32607 1.3177 0)
(0.681797 0.445341 0)
(0.530944 0.335833 0)
(-0.16116 0.709226 0)
(-0.748891 0.340747 0)
(-0.00743909 0.880214 0)
(0.0469192 0.719634 0)
(-0.00664483 0.700818 0)
(0.00137098 0.847313 0)
(0.0240835 0.837945 0)
(0.105316 0.63884 0)
(-0.139736 0.824471 0)
(0.0749178 0.884059 0)
(0.277124 1.02838 0)
(0.312564 1.0202 0)
(0.425758 1.01058 0)
(0.252061 1.33124 0)
(0.112303 1.18058 0)
(0.286135 1.39099 0)
(0.721903 1.56837 0)
(0.748024 1.6355 0)
(0.893795 1.70907 0)
(1.32318 1.77736 0)
(1.47323 1.49236 0)
(1.2874 0.826281 0)
(1.76647 1.03335 0)
(1.48934 0.83828 0)
(0.0462267 0.688545 0)
(0.00512372 0.779904 0)
(0.0457851 0.702324 0)
(-0.0205676 0.698251 0)
(0.0209984 0.831941 0)
(0.0905276 0.760976 0)
(0.109866 0.793773 0)
(0.0120611 0.854646 0)
(0.217807 1.11926 0)
(0.176612 1.03692 0)
(0.21802 0.982395 0)
(0.344446 0.860824 0)
(0.278306 0.905545 0)
(0.272552 1.14017 0)
(0.62249 1.31269 0)
(0.718207 1.39721 0)
(0.709614 1.26786 0)
(0.917262 1.44481 0)
(1.28469 1.34864 0)
(1.37027 1.4664 0)
(1.58887 1.41374 0)
(2.32992 1.57324 0)
(2.49031 1.13902 0)
(1.35839 1.24463 0)
(0.134757 0.927799 0)
(0.173007 0.799769 0)
(0.0327505 0.746912 0)
(-0.0735408 0.727895 0)
(0.082467 0.840578 0)
(0.254697 0.839675 0)
(0.0810176 0.73336 0)
(0.265985 1.14393 0)
(0.227759 0.951338 0)
(0.129236 1.05613 0)
(0.358931 0.979669 0)
(0.449238 0.947863 0)
(0.381656 1.06745 0)
(0.532291 1.24591 0)
(0.618542 1.12486 0)
(0.976422 1.1522 0)
(0.965393 1.30978 0)
(1.27602 1.36674 0)
(1.64458 1.37641 0)
(1.66325 1.43677 0)
(1.91226 1.34743 0)
(2.52379 1.15615 0)
(2.19009 0.478372 0)
(-0.071935 1.4518 0)
(0.0550613 0.761342 0)
(-0.118071 0.897405 0)
(-0.00915649 0.857614 0)
(0.269113 1.28463 0)
(0.149648 0.786533 0)
(0.33851 0.808764 0)
(0.373031 1.06059 0)
(0.128294 0.919861 0)
(0.205787 1.05862 0)
(0.188557 1.31508 0)
(0.332892 1.02868 0)
(0.567901 1.13206 0)
(0.592596 1.18174 0)
(0.578275 1.47551 0)
(0.994051 1.47601 0)
(1.20673 1.35938 0)
(1.35123 1.46107 0)
(1.38333 1.29954 0)
(1.51752 1.14927 0)
(2.04452 1.28175 0)
(2.03849 1.04543 0)
(2.27197 0.633902 0)
(-0.364331 1.06328 0)
(-0.0970042 0.869103 0)
(0.094294 0.86888 0)
(0.233625 1.08996 0)
(-0.0569741 1.06273 0)
(-0.0483134 0.898565 0)
(0.383884 1.05116 0)
(0.335299 0.784639 0)
(0.238967 0.845782 0)
(0.303021 1.00132 0)
(0.308515 1.33356 0)
(0.451343 1.32002 0)
(0.551989 1.21638 0)
(0.777104 1.26974 0)
(0.862199 1.51653 0)
(0.85606 1.50789 0)
(1.05637 1.29757 0)
(1.26026 1.3346 0)
(1.37044 1.12947 0)
(1.77137 0.929085 0)
(1.97236 0.900011 0)
(1.95261 0.335093 0)
(2.15216 0.5584 0)
(-0.146198 0.899598 0)
(0.0200667 1.0579 0)
(-0.027855 0.783748 0)
(0.0973446 0.914237 0)
(0.0954865 0.637586 0)
(0.124269 1.05405 0)
(0.179149 0.912245 0)
(0.151911 0.749217 0)
(0.282841 0.948871 0)
(0.579299 0.93931 0)
(0.370758 1.07393 0)
(0.332079 1.38321 0)
(0.580815 1.17826 0)
(0.940893 1.13528 0)
(0.746308 1.19944 0)
(0.79304 1.29046 0)
(0.934513 1.06363 0)
(1.09596 1.00169 0)
(1.21668 1.07145 0)
(1.57724 0.842369 0)
(1.4115 0.553898 0)
(1.66163 0.07963 0)
(2.49739 0.214442 0)
(-0.133182 0.967564 0)
(-0.0292805 0.913107 0)
(0.00850643 0.696694 0)
(-0.0511357 1.0085 0)
(0.0466499 0.814153 0)
(0.264643 0.960142 0)
(0.101617 1.00438 0)
(0.322174 0.915639 0)
(0.390734 1.11045 0)
(0.429316 0.990047 0)
(0.713399 0.904471 0)
(0.688734 1.04046 0)
(0.465003 1.04971 0)
(0.699663 0.973824 0)
(0.920328 0.812106 0)
(0.943508 0.878431 0)
(0.885421 0.681582 0)
(1.11866 0.827498 0)
(1.14666 0.747636 0)
(1.30114 0.591249 0)
(1.26852 0.404932 0)
(1.62126 0.548094 0)
(2.38405 0.0312099 0)
(-0.0678604 1.0044 0)
(-0.12498 0.942982 0)
(0.0589395 0.810839 0)
(0.267922 0.954486 0)
(0.168778 1.15955 0)
(0.227024 1.01543 0)
(0.211108 1.07169 0)
(0.286461 1.11612 0)
(0.296692 1.04553 0)
(0.401128 0.993631 0)
(0.484278 1.05694 0)
(0.508608 0.699302 0)
(0.606482 0.696668 0)
(0.710856 0.920714 0)
(0.802801 0.844032 0)
(0.843392 0.513187 0)
(1.11577 0.573869 0)
(1.14299 0.80444 0)
(0.847851 0.590928 0)
(1.06215 0.609065 0)
(1.40455 0.424526 0)
(1.4419 0.542105 0)
(1.74529 0.28185 0)
(0.0220735 1.00044 0)
(0.0385174 0.909568 0)
(0.0707919 1.0652 0)
(0.166017 0.889579 0)
(0.141139 0.986012 0)
(0.176528 0.915522 0)
(0.198093 0.927925 0)
(0.280215 0.900993 0)
(0.285202 0.856874 0)
(0.434217 0.874293 0)
(0.338334 0.871771 0)
(0.255785 0.79261 0)
(0.661749 0.792523 0)
(0.763176 0.710025 0)
(0.567431 0.720185 0)
(0.829191 0.551626 0)
(1.39809 0.628229 0)
(1.26834 0.41885 0)
(0.993929 0.423256 0)
(1.05586 0.480556 0)
(1.20841 0.348587 0)
(1.36947 0.235966 0)
(1.60206 0.321758 0)
(0.0742141 0.990502 0)
(0.0911056 0.887494 0)
(0.113182 0.93231 0)
(0.158359 0.876097 0)
(0.150916 0.869544 0)
(0.204976 0.880078 0)
(0.203658 0.884174 0)
(0.264238 0.873872 0)
(0.262691 0.824957 0)
(0.359717 0.862987 0)
(0.415158 0.71598 0)
(0.418499 0.796947 0)
(0.509845 0.849267 0)
(0.554347 0.477556 0)
(0.564755 0.647999 0)
(0.692823 0.641376 0)
(1.12129 0.52666 0)
(1.0379 0.297538 0)
(1.02139 0.407958 0)
(1.07758 0.280681 0)
(1.20142 0.191435 0)
(1.29924 0.127001 0)
(1.5062 -0.151941 0)
(0.0864571 0.82224 0)
(0.101672 0.815784 0)
(0.106665 0.835972 0)
(0.146051 0.824245 0)
(0.137893 0.845157 0)
(0.178573 0.830607 0)
(0.183447 0.807894 0)
(0.239206 0.776942 0)
(0.235806 0.688982 0)
(0.310276 0.702016 0)
(0.366724 0.729193 0)
(0.372507 0.699177 0)
(0.350301 0.663382 0)
(0.49961 0.567555 0)
(0.615634 0.608143 0)
(0.690645 0.51342 0)
(0.805343 0.258125 0)
(1.20785 0.154315 0)
(1.1223 0.176288 0)
(0.938129 0.062821 0)
(1.12572 -0.0609917 0)
(1.15394 -0.0506753 0)
(1.48246 -0.0369413 0)
(0.215546 0.916952 0)
(0.271706 0.893851 0)
(0.16567 0.873438 0)
(0.175249 0.838232 0)
(0.141902 0.82307 0)
(0.159305 0.809929 0)
(0.137663 0.79045 0)
(0.15743 0.785918 0)
(0.109247 0.739886 0)
(0.309902 0.761713 0)
(0.441764 0.715148 0)
(0.40247 0.718251 0)
(0.408645 0.662291 0)
(0.427961 0.711938 0)
(0.416703 0.568316 0)
(0.55944 0.612737 0)
(0.766879 0.331474 0)
(0.762668 0.269597 0)
(0.770239 -0.145863 0)
(0.846571 -0.0791769 0)
(0.950689 -0.182925 0)
(1.22554 -0.189206 0)
(1.5606 0.127289 0)
(0.0853576 1.12554 0)
(0.0846227 0.928047 0)
(0.0779138 0.91127 0)
(0.117472 0.8519 0)
(0.115574 0.829117 0)
(0.140871 0.812674 0)
(0.145102 0.787742 0)
(0.177657 0.784598 0)
(0.194934 0.755129 0)
(0.22632 0.806545 0)
(0.319203 0.661209 0)
(0.320899 0.752021 0)
(0.352594 0.601629 0)
(0.372292 0.626507 0)
(0.468665 0.520938 0)
(0.441877 0.555903 0)
(0.427603 0.400046 0)
(0.545366 -0.0278677 0)
(0.928506 -0.105523 0)
(0.818992 -0.229507 0)
(0.908893 -0.394025 0)
(1.30894 -0.611323 0)
(1.26157 -0.230812 0)
(0.050764 0.917445 0)
(0.0650876 0.833668 0)
(0.0835257 0.848113 0)
(0.107995 0.812428 0)
(0.108254 0.797664 0)
(0.128533 0.776754 0)
(0.119041 0.748233 0)
(0.135953 0.731811 0)
(0.126604 0.685178 0)
(0.142409 0.673457 0)
(0.414183 0.640612 0)
(0.383979 0.621011 0)
(0.23609 0.570673 0)
(0.345113 0.485392 0)
(0.314606 0.457225 0)
(0.389648 0.256269 0)
(0.484019 0.308584 0)
(0.406109 0.031389 0)
(0.711412 -0.406884 0)
(0.597695 -0.715526 0)
(0.617099 -0.847598 0)
(1.32382 -1.05593 0)
(1.75933 -0.581882 0)
(0.02427 0.851111 0)
(0.0343936 0.819868 0)
(0.0510125 0.811022 0)
(0.070343 0.790217 0)
(0.0765327 0.780764 0)
(0.0964747 0.770315 0)
(0.104662 0.763324 0)
(0.120913 0.740365 0)
(0.140271 0.720167 0)
(0.147734 0.696415 0)
(0.203329 0.690733 0)
(0.252269 0.430203 0)
(0.233827 0.461049 0)
(0.257869 0.405249 0)
(0.315515 0.484859 0)
(0.348931 0.377914 0)
(0.210291 0.205623 0)
(0.121073 -0.269663 0)
(0.487891 -0.453754 0)
(0.508918 -0.88153 0)
(0.646034 -0.889114 0)
(1.08937 -0.769448 0)
(1.87109 -0.985072 0)
(0.0152005 0.833991 0)
(0.0300331 0.811725 0)
(0.0480393 0.800014 0)
(0.065278 0.781552 0)
(0.0762356 0.760416 0)
(0.104194 0.73531 0)
(0.0808796 0.701808 0)
(0.0880868 0.681933 0)
(0.0865282 0.642413 0)
(0.0614055 0.597899 0)
(0.0909264 0.543644 0)
(0.189743 0.481345 0)
(0.270241 0.354403 0)
(0.383354 0.375069 0)
(0.299141 0.402486 0)
(0.163971 0.314334 0)
(0.204134 0.0693511 0)
(0.334327 -0.277211 0)
(0.350174 -0.450756 0)
(0.527026 -0.588754 0)
(0.708955 -0.835145 0)
(1.01745 -0.759346 0)
(1.06002 -0.949857 0)
(0.00787243 0.72878 0)
(0.01553 0.72256 0)
(0.0245133 0.710824 0)
(0.0306411 0.713736 0)
(0.0362439 0.686878 0)
(0.0463748 0.752552 0)
(0.0532129 0.825928 0)
(0.0632345 0.701306 0)
(0.0657751 0.797287 0)
(0.0762645 0.664903 0)
(0.0719801 0.674089 0)
(0.0591524 0.73741 0)
(0.14952 0.547526 0)
(0.296692 0.462642 0)
(0.288909 0.450082 0)
(0.12681 0.472263 0)
(0.286984 0.0739438 0)
(0.403878 -0.387048 0)
(0.530231 -0.593694 0)
(0.576147 -0.777654 0)
(0.641323 -1.12374 0)
(0.769857 -1.61698 0)
(0.590191 -1.38232 0)
(0.00867361 0.826216 0)
(0.0179453 0.816743 0)
(0.042379 0.801292 0)
(0.0434129 0.781879 0)
(0.108865 0.738803 0)
(0.238194 0.702727 0)
(0.0685685 0.578623 0)
(0.0644404 0.669676 0)
(0.080433 0.51734 0)
(-0.0676823 0.586726 0)
(0.161772 0.557129 0)
(0.0798008 0.481911 0)
(0.0041883 0.53183 0)
(0.274725 0.428459 0)
(0.319271 0.418891 0)
(0.114761 0.523743 0)
(0.157123 0.0970973 0)
(0.424757 -0.441759 0)
(0.328031 -0.496935 0)
(0.337373 -0.939484 0)
(0.155898 -1.10226 0)
(0.269498 -1.83944 0)
(0.36179 -1.08433 0)
(-0.000585971 0.578614 0)
(-0.00649087 0.570545 0)
(-0.0100047 0.568452 0)
(-0.038263 0.55075 0)
(-0.0563174 0.561583 0)
(-0.171714 0.504104 0)
(0.0191022 0.538628 0)
(0.0244052 0.494407 0)
(-0.00363951 0.490234 0)
(0.157967 0.483605 0)
(-0.0813945 0.432544 0)
(0.0615716 0.459192 0)
(0.0932971 0.383215 0)
(0.13109 0.41263 0)
(0.444166 0.411695 0)
(0.483014 0.263596 0)
(0.368403 -0.00200767 0)
(0.602406 -0.399638 0)
(0.492483 -0.83892 0)
(0.252159 -1.1153 0)
(-0.0363116 -1.37257 0)
(0.00215069 -1.451 0)
(0.0733145 -0.788683 0)
(0.172788 0.0539732 0)
(0.360497 -0.0474899 0)
(0.371739 -0.0189493 0)
(0.384502 0.142695 0)
(0.114454 -0.14852 0)
(0.14109 -0.179727 0)
(0.0947635 0.0316526 0)
(0.146831 0.702326 0)
(0.00680765 -0.279822 0)
(0.112669 -0.277064 0)
(0.147314 0.0712972 0)
(-0.20739 1.02148 0)
(-0.179765 -0.218214 0)
(-0.281647 -0.0191833 0)
(-0.380355 0.456263 0)
(-0.374292 0.890225 0)
(-0.386322 -0.100249 0)
(-0.485616 0.106634 0)
(-0.432262 0.44785 0)
(-0.372428 0.738533 0)
(-0.571365 -0.00342047 0)
(-0.369909 0.154685 0)
(-0.3192 0.412804 0)
(-0.182274 0.675387 0)
(0.25227 -0.118373 0)
(-0.0783051 -0.46823 0)
(-0.180065 -0.0932221 0)
(-0.168151 0.375988 0)
(-0.554052 0.695738 0)
(-0.834636 0.423569 0)
(-1.12148 0.376873 0)
(-1.24529 0.436071 0)
(-3.56447 0.399463 0)
(-3.22783 0.798971 0)
(-3.24151 1.13863 0)
(-3.56085 1.58432 0)
(-4.7888 0.912839 0)
(-4.59104 1.22599 0)
(-4.50113 1.55722 0)
(-3.88862 1.49593 0)
(-2.96448 -0.670245 0)
(-2.53307 -0.418635 0)
(-2.20503 -0.364738 0)
(-1.8319 -0.533072 0)
(-1.7734 -0.41553 0)
(-1.7104 -0.399164 0)
(-1.64922 -0.363604 0)
(-1.48772 -0.425341 0)
(-1.4287 -0.489044 0)
(-1.36652 -0.436226 0)
(-1.33253 -0.377094 0)
(-1.28377 -0.398461 0)
(-1.42457 -0.372385 0)
(-1.70898 -0.323404 0)
(-1.8315 -0.363816 0)
(-1.99035 -0.482441 0)
(-1.485 0.281611 0)
(-1.45978 0.229551 0)
(-1.4202 -0.309768 0)
(-1.42704 -0.583841 0)
(-1.31665 0.0470627 0)
(-1.19814 -0.229537 0)
(-1.15139 -0.44474 0)
(-1.07224 -0.475882 0)
(-1.0685 0.185146 0)
(-1.07676 -0.283919 0)
(-1.04803 -0.421273 0)
(-0.98089 -0.467754 0)
(-1.18873 0.133359 0)
(-1.18445 -0.169537 0)
(-1.16498 -0.32956 0)
(-1.12548 -0.51769 0)
(-1.15738 0.297343 0)
(-1.10041 -0.194611 0)
(-1.25636 -0.42579 0)
(-1.41722 -0.671737 0)
(-1.77822 0.523382 0)
(-1.71454 0.0939222 0)
(-1.74869 -0.0751249 0)
(-1.81806 -0.270074 0)
(-1.59455 0.378669 0)
(-1.56054 0.199162 0)
(-1.66979 0.0954506 0)
(-1.74367 -0.122256 0)
(-1.08071 0.74985 0)
(-1.13325 0.473182 0)
(-1.4698 0.3975 0)
(-1.50145 -0.0523546 0)
(-0.299078 1.30558 0)
(-0.218799 1.26973 0)
(-0.121311 1.11386 0)
(-0.0174405 0.430572 0)
(0.298715 0.645221 0)
(0.343141 0.668392 0)
(0.571575 0.61217 0)
(0.573079 0.572054 0)
(1.24004 0.938157 0)
(1.48407 0.694942 0)
(1.61283 0.462758 0)
(1.51617 0.482285 0)
(1.96495 0.553367 0)
(2.10642 0.538693 0)
(2.9162 0.510847 0)
(2.85374 0.49281 0)
(2.8636 0.54992 0)
(3.0454 0.706686 0)
(3.2296 0.596402 0)
(3.17387 0.158586 0)
(2.34033 0.483511 0)
(2.37434 0.489373 0)
(2.48106 0.502905 0)
(2.51119 0.403997 0)
(2.67658 0.19954 0)
(2.95576 0.165592 0)
(2.76848 0.175418 0)
(2.23997 0.0710783 0)
(2.29988 -0.00250373 0)
(2.29285 -0.1011 0)
(2.25074 -0.412094 0)
(2.2894 -0.356327 0)
(2.34906 0.0498853 0)
(2.31482 -0.00011337 0)
(2.21374 -0.135394 0)
(2.29871 -0.230134 0)
(1.71827 0.193907 0)
(1.7269 0.0742232 0)
(1.71928 -0.0194168 0)
(1.82445 -0.152227 0)
(1.60667 -0.0980545 0)
(1.62401 -0.0492391 0)
(1.64348 -0.0128989 0)
(1.73954 0.0402651 0)
(2.0948 0.0102383 0)
(2.04635 0.0255125 0)
(1.995 0.0222336 0)
(2.07236 0.0291294 0)
(1.62856 0.054793 0)
(1.6001 0.0074999 0)
(1.61548 -0.0320598 0)
(1.72785 -0.0369273 0)
(1.37189 -0.166447 0)
(1.52934 -0.178459 0)
(1.61588 -0.156034 0)
(1.71367 -0.0425637 0)
(1.57926 -0.476197 0)
(1.54411 -0.301494 0)
(1.63885 -0.277121 0)
(1.70042 -0.143814 0)
(1.69289 -0.808251 0)
(1.19894 -0.568029 0)
(1.24916 -0.443478 0)
(1.1578 -0.206893 0)
(1.1149 -0.996042 0)
(1.01775 -0.862139 0)
(1.07148 -0.525198 0)
(0.950602 -0.295244 0)
(0.540449 -1.05328 0)
(0.974303 -0.71246 0)
(0.945805 -0.466299 0)
(0.621315 -0.0691135 0)
(0.309028 -0.573799 0)
(-0.254788 -0.734478 0)
(-0.130168 -1.00622 0)
(-0.221946 -0.42166 0)
(-0.6526 0.116698 0)
(-0.579692 -1.00513 0)
(-0.259592 -1.16705 0)
(-0.0556204 -1.05681 0)
(-0.375381 1.24084 0)
(0.4772 1.06638 0)
(0.122795 0.0520491 0)
(0.397933 -0.515908 0)
(0.244333 -0.535549 0)
(0.105361 -0.226996 0)
(0.189085 0.00108718 0)
(0.0996195 0.0589588 0)
(0.147129 -0.0735264 0)
(0.171226 -0.163553 0)
(0.355215 -0.217817 0)
(0.293633 -0.121391 0)
(0.280864 0.0896298 0)
(0.154589 0.378987 0)
(-0.215481 0.491819 0)
(-0.0846216 0.343255 0)
(-0.315211 -0.49444 0)
(0.122106 -0.849141 0)
(0.191122 -0.653934 0)
(-0.311368 1.34272 0)
(0.125971 1.64577 0)
(-0.0777665 0.0120569 0)
(0.343772 -0.455919 0)
(0.292082 -0.62678 0)
(0.18496 -0.158705 0)
(-0.0463477 0.00462556 0)
(-0.0329274 0.08763 0)
(-0.100623 -0.0315766 0)
(-0.00554121 -0.354009 0)
(0.185818 -0.130405 0)
(0.0969026 0.0175516 0)
(0.213944 0.218469 0)
(0.203374 0.518305 0)
(-0.0279553 0.373825 0)
(0.0936392 0.323584 0)
(-0.250914 -0.63493 0)
(0.122449 -0.905789 0)
(0.100467 -0.550449 0)
(-0.343753 1.32556 0)
(-0.0306542 1.08815 0)
(0.0620099 -0.147332 0)
(0.279404 -0.477115 0)
(-0.290851 -0.278143 0)
(-0.621479 0.138182 0)
(-0.591256 0.178086 0)
(-0.415282 0.109375 0)
(-0.319913 -0.259272 0)
(-0.0767319 -0.414699 0)
(0.0257795 -0.347452 0)
(0.0331105 -0.0770639 0)
(0.158092 0.174327 0)
(0.0781367 0.66298 0)
(-0.10675 0.533674 0)
(0.221822 0.39518 0)
(-0.134391 -0.538904 0)
(-0.166431 -0.97127 0)
(-0.0662234 -0.553589 0)
(-0.419517 1.02672 0)
(0.292824 0.267477 0)
(0.457789 -0.111674 0)
(0.383174 -0.283122 0)
(-0.700815 0.255642 0)
(-1.07368 0.42438 0)
(-0.617044 -0.0426259 0)
(-0.310643 -0.247099 0)
(0.146186 -0.555719 0)
(0.149797 -0.737271 0)
(-0.0439092 -0.647066 0)
(0.23229 -0.190874 0)
(0.0290977 0.132965 0)
(0.0841928 0.668634 0)
(-0.0841134 0.817377 0)
(-0.205946 0.406464 0)
(-0.17736 -0.504976 0)
(-0.6454 -0.840023 0)
(-0.110506 -0.778366 0)
(-0.191566 0.837452 0)
(0.450692 0.381233 0)
(0.339307 -0.171897 0)
(-0.369488 0.370369 0)
(-0.637322 0.436896 0)
(-0.604873 0.171476 0)
(-0.36641 0.119286 0)
(-0.605559 -0.419686 0)
(-0.476503 -0.625921 0)
(-0.370505 -0.992689 0)
(-0.258376 -0.579393 0)
(0.413296 0.00854279 0)
(-0.150115 0.273401 0)
(0.00390476 0.775391 0)
(-0.381171 1.15131 0)
(-0.137008 0.342518 0)
(-0.360523 -0.352232 0)
(-0.650352 -0.781497 0)
(-0.160744 -1.25891 0)
(0.0318534 0.922459 0)
(0.171411 0.228878 0)
(-0.417845 0.24942 0)
(-0.706117 0.624769 0)
(-0.56169 0.428484 0)
(-0.811088 0.242373 0)
(-1.30566 7.62257e-05 0)
(-1.36692 -0.612599 0)
(-1.27791 -0.685452 0)
(-1.23378 -0.523014 0)
(-1.26335 -0.843252 0)
(-1.0083 -0.932643 0)
(-0.652359 0.575947 0)
(-0.385316 0.868641 0)
(-0.575695 1.05646 0)
(-0.169709 0.217028 0)
(-0.433132 0.146759 0)
(-0.385281 -0.994207 0)
(0.0721461 -1.49533 0)
(-0.139634 0.428706 0)
(-0.518797 0.40951 0)
(-0.962743 0.645521 0)
(-0.922446 0.472216 0)
(-0.943546 0.505924 0)
(-1.23476 0.874594 0)
(-1.73955 0.0683772 0)
(-1.48156 -0.605033 0)
(-1.30782 -0.752717 0)
(-1.28684 -0.84059 0)
(-1.27029 -0.830227 0)
(-1.03516 -0.471711 0)
(-0.932833 0.472254 0)
(-0.405168 0.764353 0)
(-0.39015 0.829053 0)
(0.0315828 -0.170885 0)
(0.782273 0.30261 0)
(0.0203538 -1.33677 0)
(0.299054 -1.51882 0)
(-1.22433 0.647141 0)
(-1.85151 0.975406 0)
(-1.8958 0.674244 0)
(-1.50056 0.604434 0)
(-1.30657 0.803094 0)
(-0.721275 1.06602 0)
(-1.29541 0.316508 0)
(-1.1716 -0.493748 0)
(-0.980025 -0.861089 0)
(-0.876464 -0.977763 0)
(-0.83074 -0.889964 0)
(-0.780001 -0.404847 0)
(-0.627367 0.127613 0)
(-0.452139 0.254311 0)
(-0.428941 0.176258 0)
(0.487023 -0.545188 0)
(0.941502 -0.0143306 0)
(0.182401 -1.6637 0)
(0.560061 -1.4347 0)
(-3.36571 1.8698 0)
(-2.36051 0.982552 0)
(-1.86763 0.298168 0)
(-1.43991 -0.044436 0)
(-1.05365 -0.119178 0)
(-0.42568 -0.0715645 0)
(0.318343 0.596319 0)
(-0.560911 0.063919 0)
(-0.680377 -1.02309 0)
(-0.770619 -0.977067 0)
(-0.792798 -0.924963 0)
(-0.809504 -0.648677 0)
(-0.502627 0.101462 0)
(-0.342865 0.192442 0)
(-0.0328654 -0.004775 0)
(0.240446 -0.892756 0)
(0.655306 -0.0576211 0)
(0.674382 -0.606141 0)
(0.512895 -1.09484 0)
(-2.97955 1.13922 0)
(-2.01697 0.351811 0)
(-1.46183 -0.205919 0)
(-1.03003 -0.236059 0)
(-0.881009 -0.150353 0)
(-0.800026 -0.204253 0)
(-0.643683 -0.0390739 0)
(-0.42919 0.0669687 0)
(-0.261063 -0.805094 0)
(-0.655997 -0.929939 0)
(-0.700491 -0.800905 0)
(-0.812781 -0.685882 0)
(-0.613161 -0.243479 0)
(-0.537593 -0.11169 0)
(0.189463 -0.380524 0)
(-0.0823486 -1.10478 0)
(0.264685 -0.729786 0)
(0.222057 -0.713061 0)
(0.586174 -0.438903 0)
(-1.30952 -0.726863 0)
(-1.07612 -0.881898 0)
(-0.837992 -0.576147 0)
(-0.653415 -0.419413 0)
(-0.632932 -0.336491 0)
(-0.876515 -0.307983 0)
(-1.13754 -0.175559 0)
(-0.861223 0.166784 0)
(-0.851933 -0.743048 0)
(-0.556511 -1.00058 0)
(-0.525124 -0.816418 0)
(-0.633455 -0.765666 0)
(-0.581217 -0.664245 0)
(-0.397077 -0.42431 0)
(-0.182572 -0.519038 0)
(-0.404705 -0.9684 0)
(-0.260354 -0.17874 0)
(0.109749 -0.888381 0)
(0.29163 -0.251668 0)
(-1.33269 -0.519247 0)
(-1.03235 -0.700188 0)
(-0.880273 -0.580136 0)
(-0.94617 -0.473962 0)
(-1.11497 -0.553851 0)
(-1.18165 -0.160393 0)
(-0.978178 -0.232624 0)
(-0.573173 -0.10353 0)
(-0.835778 -0.639476 0)
(-0.461332 -0.607558 0)
(-0.300196 -0.639468 0)
(-0.488723 -0.694217 0)
(-0.449696 -0.613034 0)
(-0.391457 -0.578551 0)
(-0.581668 -0.716481 0)
(-0.528238 -0.975882 0)
(-0.301446 -0.768688 0)
(0.0453997 -1.017 0)
(0.369926 -0.163414 0)
(-1.45666 -0.384178 0)
(-1.27063 -0.329213 0)
(-1.21429 -0.319245 0)
(-1.43638 -0.165217 0)
(-1.38082 -0.777694 0)
(-1.06051 -0.46965 0)
(-0.939845 -0.463666 0)
(-0.221577 -0.862333 0)
(-0.253416 -0.635385 0)
(-0.192858 -0.547954 0)
(-0.128302 -0.489739 0)
(-0.118851 -0.613578 0)
(-0.607408 -0.132768 0)
(-0.568886 -0.272232 0)
(-0.967129 -0.799675 0)
(-0.479644 -1.14725 0)
(0.0556957 -1.12348 0)
(-0.163829 -1.65438 0)
(-0.593057 0.186638 0)
(-2.17522 -0.491707 0)
(-1.84702 -0.136487 0)
(-1.34804 -0.385414 0)
(-1.34551 -0.731152 0)
(-1.03939 -0.781941 0)
(-0.67947 -1.14069 0)
(-0.497094 -0.706584 0)
(-0.280544 -0.648348 0)
(-0.189554 -0.659432 0)
(-0.11934 -0.693338 0)
(-0.0524282 -0.892021 0)
(-0.328394 -0.556131 0)
(-0.415388 -0.313428 0)
(-0.161198 0.0403912 0)
(-0.523218 -1.10197 0)
(-0.499103 -1.35444 0)
(-0.489228 -1.60389 0)
(-1.08246 -1.80869 0)
(-0.317492 -0.828905 0)
(-1.28015 -0.592995 0)
(-0.971642 -0.652566 0)
(-1.01662 -0.745594 0)
(-0.927132 -0.856164 0)
(-0.806224 -0.712259 0)
(-0.563237 -0.805281 0)
(-0.332841 -0.744275 0)
(-0.289839 -0.637869 0)
(-0.130625 -0.762954 0)
(-0.0584315 -0.781413 0)
(-0.0223462 -0.819254 0)
(0.154585 -0.631337 0)
(-0.183339 -0.189881 0)
(0.253317 -0.178416 0)
(0.0947578 -0.49656 0)
(-0.581644 -1.13671 0)
(-1.55292 -1.26231 0)
(-1.17622 -1.14553 0)
(-0.0785435 -1.66634 0)
(-1.07874 -0.429626 0)
(-0.970647 -0.641983 0)
(-0.937707 -0.833931 0)
(-0.729974 -0.942261 0)
(-0.627708 -1.09462 0)
(-0.574914 -0.842719 0)
(-0.421942 -0.906888 0)
(-0.238914 -0.80641 0)
(-0.0792151 -0.863766 0)
(0.0468618 -0.811002 0)
(0.0476759 -0.392755 0)
(-0.170334 -0.388758 0)
(-0.335012 -0.0974591 0)
(0.137706 -0.178711 0)
(0.172595 -0.513151 0)
(-0.19027 -0.674043 0)
(-0.65796 -1.14925 0)
(-0.479321 -1.52142 0)
(0.249288 -1.76367 0)
(-1.05559 -0.560831 0)
(-1.04538 -0.736303 0)
(-0.787645 -1.00065 0)
(-0.746314 -1.07445 0)
(-0.6121 -1.3067 0)
(-0.485664 -0.975847 0)
(-0.474099 -0.992672 0)
(-0.483583 -0.943809 0)
(-0.572001 -0.997715 0)
(-0.347858 -0.90178 0)
(-0.241377 -0.525077 0)
(-0.240061 -0.267661 0)
(-0.404377 -0.561704 0)
(-0.324803 -0.493735 0)
(-0.0140595 -0.810833 0)
(-0.0960103 -0.714908 0)
(0.154766 -1.11579 0)
(-0.40564 -1.65261 0)
(0.349998 -1.77181 0)
(-1.0725 -0.864373 0)
(-0.988385 -0.951677 0)
(-1.19395 -1.08257 0)
(-1.41605 -1.04141 0)
(-1.26094 -0.594889 0)
(-1.41768 -0.990676 0)
(-1.41421 -0.972872 0)
(-1.05339 -0.847376 0)
(-1.00883 -1.20529 0)
(-0.836002 -1.17074 0)
(-1.03305 -0.571574 0)
(-1.08412 -0.545564 0)
(-0.607159 -0.609053 0)
(-0.433872 -0.780444 0)
(-0.185476 -0.648893 0)
(-0.33778 -0.838015 0)
(0.263645 -1.09568 0)
(-0.354186 -1.69099 0)
(0.374307 -1.76155 0)
(-1.44292 -0.961766 0)
(-1.4966 -0.828411 0)
(-1.79077 -1.01019 0)
(-1.89168 -1.09021 0)
(-1.66129 -0.983969 0)
(-1.55632 -1.00075 0)
(-1.57669 -1.1048 0)
(-1.30539 -1.49161 0)
(-1.13959 -1.69654 0)
(-0.881579 -1.36206 0)
(-1.03875 -0.916717 0)
(-0.851061 -0.79425 0)
(-0.741027 -0.478621 0)
(-0.651839 -0.931565 0)
(-0.172221 -0.796544 0)
(-0.54674 -0.989009 0)
(-0.617101 -1.13159 0)
(-0.218182 -1.40631 0)
(0.374413 -1.71932 0)
(-1.80927 -0.544795 0)
(-1.9889 -0.78501 0)
(-1.94639 -1.18496 0)
(-1.73594 -1.08521 0)
(-1.64136 -1.03563 0)
(-1.55321 -1.08069 0)
(-1.62671 -1.05321 0)
(-1.74816 -1.5042 0)
(-1.6681 -1.58952 0)
(-1.76001 -1.30107 0)
(-1.34204 -1.07728 0)
(-1.09025 -0.954595 0)
(-1.12148 -0.82119 0)
(-0.842949 -0.84682 0)
(-0.330818 -0.745202 0)
(-0.519093 -0.791352 0)
(-0.212463 -0.771601 0)
(-0.191384 -1.32258 0)
(0.263221 -1.70343 0)
(-1.72277 -0.34004 0)
(-2.1931 -0.949271 0)
(-2.14448 -1.43863 0)
(-1.56641 -1.4448 0)
(-1.29887 -1.06664 0)
(-1.02093 -1.00312 0)
(-1.47106 -1.12544 0)
(-1.77781 -1.51334 0)
(-1.6051 -1.65815 0)
(-1.7988 -1.62749 0)
(-1.18429 -1.59351 0)
(-0.81694 -1.19436 0)
(-0.996532 -1.22741 0)
(-0.691998 -0.854448 0)
(-0.179974 -0.760943 0)
(-0.440314 -0.810602 0)
(-0.208963 -0.746702 0)
(-0.208149 -1.49764 0)
(0.145608 -1.76203 0)
(-1.8133 -0.557465 0)
(-1.95998 -1.26193 0)
(-1.34961 -1.73789 0)
(-0.9587 -1.74238 0)
(-0.928132 -1.63591 0)
(-0.772205 -1.22643 0)
(-0.825158 -1.13296 0)
(-0.983798 -1.63036 0)
(-0.949591 -1.42915 0)
(-1.31414 -1.29707 0)
(-1.02092 -1.07944 0)
(-0.763999 -1.16613 0)
(-0.770735 -1.23224 0)
(-0.554935 -1.10567 0)
(-0.354558 -1.18699 0)
(-0.0127857 -1.29647 0)
(0.0818772 -1.43794 0)
(-0.291909 -1.49144 0)
(-0.0409988 -1.88219 0)
(-0.252988 -0.478693 0)
(-0.484326 -1.29975 0)
(-0.191337 -1.40391 0)
(-0.668412 -1.83312 0)
(-0.780797 -1.92026 0)
(-0.0931459 -1.5054 0)
(-0.536266 -1.23732 0)
(-0.488933 -1.12131 0)
(-0.587751 -1.45802 0)
(-0.956268 -1.53626 0)
(-0.931273 -1.14137 0)
(-0.825572 -1.28455 0)
(-0.668923 -1.35395 0)
(-0.507976 -1.29992 0)
(-0.402037 -1.37865 0)
(-0.375004 -1.30547 0)
(0.0407351 -1.73064 0)
(-0.183033 -1.49603 0)
(-0.0521994 -1.90995 0)
(0.387824 0.330679 0)
(0.767631 -0.879434 0)
(0.865026 -1.53012 0)
(0.360398 -1.73293 0)
(-0.292022 -1.82853 0)
(-0.176787 -1.81599 0)
(-0.197514 -1.46524 0)
(-0.102013 -0.896162 0)
(-0.554701 -1.13148 0)
(-0.633768 -1.39498 0)
(-0.590514 -1.21751 0)
(-0.728409 -1.15805 0)
(-0.553282 -1.48396 0)
(-0.423307 -1.4417 0)
(-0.427615 -1.66134 0)
(-0.471268 -1.6892 0)
(0.0777684 -1.81677 0)
(-0.155752 -1.50209 0)
(0.00563364 -1.91392 0)
(1.45385 0.248512 0)
(1.46898 -0.533333 0)
(1.37504 -1.17069 0)
(0.798105 -1.29222 0)
(-0.144159 -1.39125 0)
(0.0840899 -1.37935 0)
(0.178721 -1.33482 0)
(0.0596388 -0.83072 0)
(-0.0640307 -0.802356 0)
(-0.340813 -0.88645 0)
(-0.464058 -0.988765 0)
(-0.703908 -1.05044 0)
(-0.572878 -1.56039 0)
(-0.387125 -1.55363 0)
(-0.493438 -1.78481 0)
(-0.641972 -1.86928 0)
(0.199761 -1.47131 0)
(0.051117 -1.46823 0)
(0.201476 -1.93244 0)
(1.63185 0.159566 0)
(1.80517 -0.609537 0)
(2.01351 -1.34984 0)
(1.48843 -1.35639 0)
(0.862727 -1.30776 0)
(0.15372 -0.820437 0)
(0.287874 -1.09657 0)
(0.205368 -0.797292 0)
(0.109294 -0.771868 0)
(0.052349 -0.955023 0)
(-0.121436 -0.890989 0)
(-0.637652 -1.03251 0)
(-0.441309 -1.51423 0)
(-0.334783 -1.61059 0)
(-0.519582 -1.78512 0)
(-0.253531 -1.53415 0)
(0.313034 -1.32341 0)
(-0.0201448 -1.34461 0)
(0.331605 -1.91698 0)
(2.68796 0.190303 0)
(1.83259 0.0140896 0)
(1.99202 -0.343532 0)
(1.82597 -0.757129 0)
(1.23845 -1.23695 0)
(0.409042 -1.05494 0)
(0.486997 -0.755872 0)
(0.656505 -0.810076 0)
(0.366847 -0.665056 0)
(0.369659 -0.774903 0)
(0.278087 -0.68957 0)
(-0.109391 -0.829549 0)
(-0.151921 -1.32226 0)
(-0.105544 -1.58058 0)
(-0.207666 -1.67242 0)
(-0.167051 -1.47444 0)
(0.160471 -1.46542 0)
(0.0844345 -1.29436 0)
(0.390256 -1.79844 0)
(2.34629 -0.194432 0)
(2.21367 -0.191654 0)
(2.25606 -0.403713 0)
(1.98826 -0.752651 0)
(1.24704 -0.940924 0)
(1.30561 -0.789922 0)
(1.06997 -0.601228 0)
(1.03389 -0.654717 0)
(0.599346 -0.59765 0)
(0.491088 -0.588877 0)
(0.564649 -0.723289 0)
(0.378418 -0.887409 0)
(0.200769 -1.42741 0)
(0.25059 -1.57274 0)
(-0.0915008 -1.62237 0)
(-0.0380695 -1.66097 0)
(0.220981 -1.56361 0)
(0.131157 -1.2945 0)
(0.417991 -1.64116 0)
(1.92742 0.154035 0)
(1.91339 0.0354809 0)
(1.90709 -0.361168 0)
(1.70025 -0.472911 0)
(1.66071 -0.348048 0)
(1.48916 -0.234005 0)
(1.10178 -0.336264 0)
(1.00893 -0.377855 0)
(0.881854 -0.69756 0)
(0.786121 -0.455863 0)
(0.786659 -0.583333 0)
(0.666981 -0.629358 0)
(0.477517 -1.1515 0)
(0.657436 -1.56052 0)
(0.269547 -1.56738 0)
(0.0411701 -1.6009 0)
(0.252161 -1.65986 0)
(0.16641 -1.25681 0)
(0.421798 -1.49937 0)
(1.94571 0.117604 0)
(1.62729 -0.148139 0)
(1.79603 -0.140952 0)
(1.72542 -0.288672 0)
(1.58631 -0.171965 0)
(1.1884 -0.0430432 0)
(1.12916 -0.203248 0)
(0.926076 -0.22809 0)
(1.0019 -0.321327 0)
(0.923019 -0.551096 0)
(1.11061 -0.623543 0)
(0.865147 -0.687565 0)
(0.513354 -1.05574 0)
(0.73719 -1.29981 0)
(0.507014 -1.5591 0)
(0.12133 -1.59631 0)
(0.321106 -1.64938 0)
(0.0832217 -1.18483 0)
(0.4112 -1.36087 0)
(1.81869 -0.379402 0)
(1.42308 -0.357801 0)
(1.58412 -0.211798 0)
(1.57857 0.122207 0)
(1.78167 -0.0363685 0)
(1.30854 0.00296385 0)
(0.674774 -0.0950628 0)
(0.888882 -0.117996 0)
(0.859995 -0.229347 0)
(0.958489 -0.407337 0)
(1.30619 -0.632024 0)
(0.787843 -0.903533 0)
(0.64946 -0.999208 0)
(0.900403 -1.17132 0)
(0.476002 -1.45347 0)
(0.168707 -1.519 0)
(0.351951 -1.5828 0)
(-0.114614 -1.13031 0)
(0.375174 -1.26674 0)
(1.53029 -0.317304 0)
(1.54487 -0.257043 0)
(2.23588 0.0240316 0)
(1.78137 0.560091 0)
(1.31947 0.286518 0)
(1.22228 -0.164466 0)
(1.20472 -0.0861018 0)
(1.09886 -0.12487 0)
(1.08313 -0.438779 0)
(1.15347 -0.402549 0)
(1.08838 -0.509847 0)
(0.623605 -0.865435 0)
(0.658409 -0.689462 0)
(0.859917 -1.0991 0)
(0.479543 -1.43475 0)
(0.189612 -1.49903 0)
(0.288326 -1.44362 0)
(-0.138908 -1.13699 0)
(0.272357 -1.25989 0)
(1.49757 0.194279 0)
(1.59448 0.24382 0)
(2.22335 -0.232143 0)
(1.77989 -0.3903 0)
(1.19323 0.173782 0)
(1.24503 0.114331 0)
(1.21525 0.119796 0)
(1.05054 0.0379379 0)
(1.11605 -0.0255866 0)
(1.44025 -0.289099 0)
(1.10837 -0.581646 0)
(0.631077 -0.467395 0)
(0.548087 -0.622132 0)
(0.669376 -1.04439 0)
(0.469591 -1.3162 0)
(0.311988 -1.41374 0)
(0.260143 -1.26102 0)
(-0.0840604 -0.91855 0)
(0.17862 -1.32535 0)
(1.82557 -0.0234177 0)
(1.21748 0.307166 0)
(1.58883 0.204459 0)
(2.02459 -0.513723 0)
(1.41973 0.328942 0)
(0.865584 0.0939748 0)
(1.06585 -0.0323386 0)
(1.04388 0.0635534 0)
(1.01683 0.124387 0)
(0.930084 0.0552663 0)
(0.924473 -0.491461 0)
(0.697036 -0.483417 0)
(0.438868 -0.707363 0)
(0.623101 -1.03959 0)
(0.436165 -1.18086 0)
(0.40172 -1.23191 0)
(0.53237 -1.18797 0)
(0.030948 -1.42218 0)
(0.115175 -1.24345 0)
(1.67038 -0.144871 0)
(1.55798 0.123535 0)
(1.50268 0.415118 0)
(1.69048 0.247589 0)
(1.50605 -0.0563723 0)
(0.812419 0.136042 0)
(1.03317 0.0689139 0)
(1.26321 0.0543379 0)
(1.21969 0.0698291 0)
(0.998757 -0.282635 0)
(0.69564 -0.129623 0)
(0.562579 -0.440995 0)
(0.554275 -0.770754 0)
(0.621453 -0.997299 0)
(0.591164 -1.09564 0)
(0.387661 -1.53616 0)
(0.12947 -1.21683 0)
(0.00844531 -1.65902 0)
(0.235675 -1.17425 0)
(1.74244 0.0259891 0)
(1.62166 0.305556 0)
(1.52732 0.370324 0)
(1.49601 0.473583 0)
(1.36278 0.175636 0)
(1.07983 0.274399 0)
(1.07337 0.445623 0)
(1.10095 0.244861 0)
(0.898247 0.203359 0)
(0.938446 -0.0766508 0)
(0.728259 -0.0468636 0)
(0.373062 -0.335978 0)
(0.544859 -0.667684 0)
(0.700561 -0.948519 0)
(0.333344 -1.12142 0)
(0.361584 -1.65437 0)
(0.267081 -1.2303 0)
(0.144507 -1.46434 0)
(0.26422 -1.09838 0)
(1.7316 -0.0781945 0)
(1.73353 0.298386 0)
(1.52623 0.434203 0)
(1.42102 0.569509 0)
(1.39853 0.510231 0)
(1.22582 0.39402 0)
(1.11022 0.557338 0)
(1.02414 0.438361 0)
(0.905927 0.4943 0)
(0.963038 0.426041 0)
(0.694017 -0.165253 0)
(0.504701 -0.328375 0)
(0.607316 -0.631557 0)
(0.49128 -0.970876 0)
(0.300475 -1.16903 0)
(0.294279 -1.32593 0)
(0.142453 -1.25494 0)
(0.315075 -1.09989 0)
(0.460507 -1.18678 0)
(1.41314 -0.0523055 0)
(1.70949 0.46464 0)
(1.44446 0.659482 0)
(1.26975 0.52475 0)
(1.00363 0.646643 0)
(1.15023 0.600968 0)
(1.15031 0.67034 0)
(1.07338 0.594375 0)
(0.947431 0.628716 0)
(0.742584 0.518009 0)
(0.504434 0.150287 0)
(0.524585 -0.270772 0)
(0.53488 -0.650545 0)
(0.407756 -0.926605 0)
(0.1919 -1.00457 0)
(0.249871 -0.973867 0)
(0.408197 -1.06696 0)
(0.0766425 -0.897315 0)
(0.159432 -1.29488 0)
(1.23766 0.450966 0)
(1.57464 0.423478 0)
(1.27447 0.585076 0)
(1.11345 0.37918 0)
(1.0976 0.672612 0)
(1.12134 0.794758 0)
(1.02756 0.964434 0)
(1.00263 0.844873 0)
(0.730971 0.65392 0)
(0.565499 0.393734 0)
(0.496386 0.157433 0)
(0.495642 -0.289609 0)
(0.54836 -0.537875 0)
(0.373109 -0.709618 0)
(0.334688 -0.824485 0)
(0.254276 -0.737462 0)
(0.263476 -0.79809 0)
(-0.0358207 -0.927609 0)
(0.126588 -0.980505 0)
(0.851595 0.437009 0)
(0.910589 0.476747 0)
(0.72549 0.477073 0)
(0.969387 0.575054 0)
(1.293 0.691621 0)
(1.23104 0.721262 0)
(1.0171 0.875492 0)
(0.657914 0.944372 0)
(0.678249 0.921832 0)
(0.591791 0.543755 0)
(0.682773 0.0500339 0)
(0.43334 -0.308701 0)
(0.466352 -0.630254 0)
(0.25416 -0.746167 0)
(0.236915 -0.71749 0)
(0.30195 -0.916754 0)
(0.309821 -1.07526 0)
(-0.329068 -1.07993 0)
(-0.300781 -0.935264 0)
(0.462234 0.312115 0)
(0.744467 0.44523 0)
(0.694275 0.59099 0)
(0.877094 0.913741 0)
(0.959746 0.738346 0)
(1.07338 0.789786 0)
(1.08841 0.645085 0)
(0.847063 0.889423 0)
(0.520772 0.768437 0)
(0.421885 0.500183 0)
(0.31639 -0.201145 0)
(0.244955 -0.507527 0)
(0.327979 -0.511956 0)
(0.279892 -0.664757 0)
(0.19744 -0.623284 0)
(0.0171175 -0.864924 0)
(0.0478798 -1.2383 0)
(-0.0341429 -1.31573 0)
(0.0051063 -0.739622 0)
(0.164192 -0.286046 0)
(0.412185 -0.200066 0)
(0.703881 0.0576076 0)
(0.81637 0.314503 0)
(0.928478 0.320196 0)
(0.987282 0.46512 0)
(1.04655 1.36326 0)
(0.660797 1.68251 0)
(0.347823 1.70387 0)
(0.402863 0.838935 0)
(0.105025 -0.00838362 0)
(0.309121 -0.229757 0)
(0.373696 -0.436769 0)
(0.197988 -0.744835 0)
(0.170614 -0.892965 0)
(-0.10925 -1.0074 0)
(-0.152742 -1.03218 0)
(0.122463 -1.08155 0)
(0.120772 -1.04278 0)
)
;

boundaryField
{
    leftWall
    {
        type            fixedValue;
        value           uniform (0 0 0);
    }
    rightWall
    {
        type            fixedValue;
        value           uniform (0 0 0);
    }
    lowerWall
    {
        type            fixedValue;
        value           uniform (0 0 0);
    }
    atmosphere
    {
        type            pressureInletOutletVelocity;
        value           nonuniform List<vector> 
46
(
(-0.000585971 0.578614 0)
(-0.00649087 0.570545 0)
(-0.0100047 0.568452 0)
(-0.038263 0.55075 0)
(-0.0563174 0.561583 0)
(-0.171714 0.504104 0)
(0.0191022 0.538628 0)
(0.0244052 0.494407 0)
(-0.00363951 0.490234 0)
(0.157967 0.483605 0)
(-0.0813945 0.432544 0)
(0.0615716 0.459192 0)
(0.0932971 0.383215 0)
(0.13109 0.41263 0)
(0.444166 0.411695 0)
(0.483014 0.263596 0)
(0 -0.00200767 0)
(0 -0.399638 0)
(0 -0.83892 0)
(0 -1.1153 0)
(0 -1.37257 0)
(0 -1.451 0)
(0 -0.788683 0)
(-0.6526 0.116698 0)
(0 -1.00513 0)
(0 -1.16705 0)
(0 -1.05681 0)
(0 -0.286046 0)
(0 -0.200066 0)
(0.703881 0.0576076 0)
(0.81637 0.314503 0)
(0.928478 0.320196 0)
(0.987282 0.46512 0)
(1.04655 1.36326 0)
(0.660797 1.68251 0)
(0.347823 1.70387 0)
(0.402863 0.838935 0)
(0 -0.00838362 0)
(0 -0.229757 0)
(0 -0.436769 0)
(0 -0.744835 0)
(0 -0.892965 0)
(0 -1.0074 0)
(0 -1.03218 0)
(0 -1.08155 0)
(0 -1.04278 0)
)
;
    }
    defaultFaces
    {
        type            empty;
    }
}


// ************************************************************************* //
