/*--------------------------------*- C++ -*----------------------------------*\
| =========                 |                                                 |
| \\      /  F ield         | foam-extend: Open Source CFD                    |
|  \\    /   O peration     | Version:     4.1                                |
|   \\  /    A nd           | Web:         http://www.foam-extend.org         |
|    \\/     M anipulation  |                                                 |
\*---------------------------------------------------------------------------*/
FoamFile
{
    version     2.0;
    format      ascii;
    class       surfaceScalarField;
    location    "0.55";
    object      phi;
}
// * * * * * * * * * * * * * * * * * * * * * * * * * * * * * * * * * * * * * //

dimensions      [0 3 -1 0 0 0 0];

internalField   nonuniform List<scalar> 
4432
(
7.06425e-06
-7.06425e-06
1.90343e-05
-1.19701e-05
2.10293e-05
-1.99496e-06
2.48302e-05
-3.80098e-06
2.78679e-05
-3.03764e-06
2.87297e-05
-8.61805e-07
2.94783e-05
-7.48605e-07
3.36712e-05
-4.19296e-06
3.19711e-05
1.7001e-06
4.39658e-05
-1.19947e-05
3.82139e-05
5.75189e-06
3.58385e-05
2.37543e-06
3.37557e-05
2.08275e-06
3.22875e-05
1.46828e-06
1.94343e-05
1.28531e-05
2.10057e-05
-1.5714e-06
1.92302e-05
1.77553e-06
1.28758e-05
6.35442e-06
7.08441e-06
5.79139e-06
8.68867e-07
6.21554e-06
-2.7155e-07
1.14042e-06
-1.77837e-07
-9.37137e-08
-1.77836e-07
7.75985e-06
-1.48241e-05
2.00408e-05
-2.4251e-05
2.15432e-05
-3.49739e-06
2.51329e-05
-7.39069e-06
2.85852e-05
-6.48985e-06
2.93047e-05
-1.58131e-06
3.01455e-05
-1.58939e-06
3.51636e-05
-9.21106e-06
3.21292e-05
4.73447e-06
4.17485e-05
-2.16139e-05
3.74851e-05
1.00153e-05
3.51637e-05
4.69688e-06
3.42452e-05
3.00117e-06
3.30658e-05
2.64773e-06
3.39426e-05
1.19763e-05
1.8744e-05
1.36273e-05
1.7975e-05
2.54449e-06
2.76404e-05
-3.31094e-06
2.34615e-05
9.97024e-06
2.17065e-05
7.97054e-06
1.77278e-05
5.11918e-06
1.58701e-05
1.76394e-06
1.56923e-05
9.38811e-06
-2.42122e-05
2.19295e-05
-3.67924e-05
2.22159e-05
-3.78381e-06
2.52218e-05
-1.03966e-05
2.92483e-05
-1.05164e-05
3.00135e-05
-2.34653e-06
3.22084e-05
-3.78423e-06
3.69162e-05
-1.39189e-05
3.24676e-05
9.18299e-06
2.16792e-05
-1.08255e-05
2.89123e-05
2.78213e-06
2.26995e-05
1.09097e-05
2.17346e-05
3.96608e-06
1.21938e-05
1.21885e-05
1.60372e-05
8.13291e-06
1.86039e-05
1.10606e-05
1.70704e-05
4.07798e-06
1.19889e-05
1.7705e-06
1.90442e-05
2.91497e-06
1.63137e-05
1.07011e-05
1.33885e-05
8.0444e-06
6.8899e-06
8.26249e-06
2.25822e-05
1.17441e-05
-3.59563e-05
2.49598e-05
-5.00081e-05
2.34865e-05
-2.31049e-06
2.56565e-05
-1.25666e-05
3.14177e-05
-1.62776e-05
3.3037e-05
-3.96578e-06
3.59215e-05
-6.66875e-06
4.05045e-05
-1.85019e-05
3.25635e-05
1.7124e-05
2.03551e-05
1.38289e-06
1.38639e-05
9.27332e-06
2.07749e-05
3.9987e-06
1.13434e-05
1.33976e-05
2.37904e-05
-2.5846e-07
2.63099e-05
5.61334e-06
2.88515e-05
8.51901e-06
2.9679e-05
3.25053e-06
2.52303e-05
6.21921e-06
2.0831e-05
7.31425e-06
1.77618e-05
1.37702e-05
1.50336e-05
1.07726e-05
7.73711e-06
1.5559e-05
3.03193e-05
1.29222e-05
-4.88785e-05
2.76581e-05
-6.47439e-05
2.42446e-05
1.103e-06
2.69825e-05
-1.53045e-05
3.4107e-05
-2.34021e-05
3.57077e-05
-5.56647e-06
3.93397e-05
-1.03007e-05
4.45446e-05
-2.37068e-05
3.33566e-05
2.83121e-05
2.10054e-05
1.37341e-05
2.81353e-05
2.14342e-06
1.09996e-05
2.11344e-05
2.07803e-05
3.61685e-06
2.20208e-05
-1.49888e-06
2.11647e-05
6.46942e-06
1.92979e-05
1.03858e-05
1.93498e-05
3.19862e-06
1.72043e-05
8.36473e-06
1.71155e-05
7.40308e-06
1.65528e-05
1.43329e-05
1.56546e-05
1.16708e-05
8.55708e-06
2.26565e-05
3.88764e-05
1.29933e-05
-6.18718e-05
3.0362e-05
-8.21127e-05
2.54746e-05
5.99041e-06
2.75342e-05
-1.73641e-05
3.60384e-05
-3.19064e-05
3.64565e-05
-5.98456e-06
7.07278e-05
-4.4572e-05
4.61833e-05
8.37691e-07
7.02754e-05
4.21999e-06
5.42007e-05
2.98087e-05
4.3445e-05
1.28991e-05
2.8238e-05
3.63414e-05
2.55729e-05
6.28192e-06
1.47448e-05
9.32924e-06
2.83466e-05
-7.13241e-06
2.02754e-05
1.8457e-05
1.78878e-05
5.58619e-06
1.70209e-05
9.23168e-06
1.60521e-05
8.37185e-06
1.60585e-05
1.43265e-05
1.69012e-05
1.08281e-05
9.41759e-06
3.01401e-05
4.8294e-05
2.30941e-06
-6.41812e-05
2.68482e-05
-0.000106652
1.94603e-05
1.33784e-05
2.05279e-05
-1.84317e-05
3.18302e-05
-4.32086e-05
3.79475e-05
-1.21019e-05
3.98743e-05
-4.64988e-05
5.25387e-05
-1.18267e-05
7.13574e-05
-1.45987e-05
5.47122e-05
4.64539e-05
2.44259e-05
4.31855e-05
2.34981e-05
3.72692e-05
1.06586e-05
1.91214e-05
1.38573e-05
6.13052e-06
1.26907e-05
-5.96582e-06
1.92576e-05
1.18902e-05
1.76256e-05
7.21819e-06
1.55391e-05
1.13182e-05
1.47325e-05
9.17839e-06
1.74473e-05
1.16117e-05
2.05831e-05
7.69236e-06
2.17015e-05
2.90217e-05
6.99954e-05
-1.08996e-05
-5.32816e-05
1.70256e-05
-0.000134577
-1.18564e-07
3.05225e-05
-2.85902e-06
-1.56912e-05
1.46133e-05
-6.0681e-05
1.23869e-05
-9.87549e-06
6.92386e-05
-0.000103351
7.89156e-05
-2.15037e-05
5.21021e-05
1.22149e-05
2.88042e-05
6.97517e-05
2.67603e-05
4.52294e-05
5.50004e-06
5.85295e-05
8.59891e-06
1.60225e-05
1.86949e-05
-3.96542e-06
9.49603e-06
3.23301e-06
4.10226e-06
1.72839e-05
7.53199e-06
3.78846e-06
6.80553e-06
1.20447e-05
2.74767e-06
1.32362e-05
1.43519e-05
7.52301e-09
2.63719e-05
-4.32768e-06
2.68729e-05
2.85207e-05
9.68683e-05
-7.9023e-05
7.9023e-05
-9.99153e-05
2.08922e-05
-0.00011431
1.43952e-05
-0.000124973
1.06623e-05
-0.000115322
-9.65107e-06
-0.0001163
9.78248e-07
-0.000138693
2.2393e-05
-9.54578e-05
-4.32351e-05
-0.000108611
1.31529e-05
-0.000141664
3.30538e-05
-9.98818e-05
-4.17826e-05
-0.00014768
4.77987e-05
-0.000141443
-6.2376e-06
-0.000130622
-1.08214e-05
-9.12188e-05
-3.94028e-05
-4.69908e-05
-4.42279e-05
1.12865e-05
-5.82773e-05
2.09345e-05
-9.64804e-06
2.09345e-05
-2.72775e-05
0.000106301
-4.37054e-05
3.73201e-05
-3.50194e-05
5.70919e-06
-1.75707e-05
-6.78631e-06
-4.99211e-05
2.26994e-05
-7.59761e-05
2.70332e-05
-6.50755e-05
1.14924e-05
-8.90982e-05
-1.92123e-05
-0.00010026
2.43142e-05
-0.000142229
7.5023e-05
-0.000145104
-3.89074e-05
-6.86183e-05
-2.8687e-05
-8.49744e-05
1.01185e-05
-6.79955e-05
-2.78003e-05
-2.30584e-05
-8.43398e-05
-1.50465e-05
-5.22399e-05
2.72683e-06
-7.60506e-05
7.42749e-06
-1.43487e-05
2.8362e-05
-2.04145e-05
0.000126715
-3.06604e-05
4.7566e-05
-2.94092e-05
4.45807e-06
-3.77723e-05
1.57671e-06
-5.42425e-05
3.91697e-05
-6.83397e-05
4.11304e-05
-0.000102628
4.57802e-05
-0.000117262
-4.57749e-06
-0.000119679
2.67307e-05
-8.18737e-05
3.72179e-05
-6.46546e-05
-5.61266e-05
-4.30072e-05
-5.03344e-05
-6.06836e-05
2.7795e-05
-3.59278e-05
-5.25562e-05
-2.33634e-05
-9.69041e-05
-1.1988e-05
-6.36153e-05
-2.2567e-05
-6.54716e-05
-6.0239e-06
-3.08918e-05
2.23381e-05
-4.60891e-06
0.000131324
-6.20956e-06
4.91666e-05
-1.44432e-05
1.26917e-05
-1.9393e-05
6.52659e-06
1.13834e-06
1.86384e-05
-9.33499e-06
5.16038e-05
-8.48078e-07
3.72933e-05
-5.47858e-06
5.29827e-08
-4.55349e-05
6.67869e-05
-2.15425e-05
1.32254e-05
1.53747e-05
-9.30437e-05
-2.85062e-05
-6.45339e-06
-1.64952e-05
1.5784e-05
-3.33656e-06
-6.57149e-05
6.7166e-07
-0.000100912
2.97926e-06
-6.59229e-05
-1.08398e-05
-5.16525e-05
-4.27696e-06
-3.74546e-05
1.80612e-05
5.2079e-06
0.000126116
-3.59836e-06
5.79728e-05
-1.02097e-05
1.93031e-05
-3.18087e-06
-5.02154e-07
-1.02624e-06
1.64838e-05
8.70896e-06
4.18685e-05
2.8972e-05
1.70302e-05
7.1211e-05
-4.2186e-05
7.45459e-05
6.3452e-05
9.07939e-05
-3.02263e-06
3.28661e-05
-3.5116e-05
1.56132e-05
1.07995e-05
5.37997e-06
2.60173e-05
1.60429e-05
-7.63778e-05
1.78514e-05
-0.000102721
1.53691e-05
-6.34406e-05
7.03255e-06
-4.3316e-05
6.81241e-06
-3.72345e-05
2.48735e-05
6.8865e-06
0.00011923
3.31472e-06
6.15446e-05
6.25641e-06
1.63614e-05
2.65936e-05
-2.08393e-05
2.41201e-05
1.89573e-05
4.01259e-05
2.58628e-05
3.58608e-05
2.12953e-05
4.0999e-06
-1.0425e-05
7.8828e-05
-1.12761e-05
5.86993e-05
1.7106e-05
4.37946e-05
-2.02112e-05
2.31244e-05
3.14698e-05
2.0376e-05
2.87656e-05
2.81726e-05
-8.41744e-05
2.54811e-05
-0.000100029
2.47255e-05
-6.2685e-05
2.03375e-05
-3.8928e-05
8.26263e-06
-2.51596e-05
3.31362e-05
9.8524e-06
0.000109377
1.67263e-05
5.46707e-05
3.38739e-05
-7.86144e-07
3.87474e-05
-2.57128e-05
1.75374e-05
4.01674e-05
2.20436e-05
2.13567e-05
2.39231e-05
1.94158e-05
9.5768e-06
3.92126e-06
3.78383e-05
-3.95376e-05
4.82656e-05
6.67877e-06
3.69414e-05
-8.88704e-06
2.90427e-05
3.93685e-05
3.70028e-05
2.08055e-05
4.38137e-05
-9.09854e-05
4.01297e-05
-9.63453e-05
3.51538e-05
-5.7709e-05
2.75615e-05
-3.13357e-05
1.25569e-05
-1.0155e-05
4.56931e-05
-1.14337e-05
0.000120811
3.95083e-05
3.72873e-06
5.12139e-05
-1.24917e-05
1.99865e-05
5.51458e-06
3.28254e-05
2.73285e-05
3.57361e-05
1.8446e-05
8.62873e-05
-3.11354e-05
5.55086e-05
3.47e-05
4.14475e-05
-2.54764e-05
3.23672e-05
1.57589e-05
2.98102e-05
-6.33002e-06
3.67424e-05
3.24364e-05
5.18231e-05
5.72471e-06
5.68357e-05
-9.59979e-05
4.98367e-05
-8.93463e-05
4.20736e-05
-4.99459e-05
2.98228e-05
-1.90849e-05
1.39182e-05
5.74964e-06
5.96113e-05
-2.75058e-05
-2.57758e-05
-3.55285e-05
-0.000126554
-1.17987e-05
6.79273e-06
-4.01332e-05
1.26433e-05
-2.51237e-05
-7.56905e-05
2.35675e-05
-5.85667e-05
6.16543e-05
-0.000141437
0.000128953
-8.88023e-05
0.000135952
5.21585e-06
0.000109571
9.61327e-05
7.53146e-05
7.94857e-05
3.0537e-05
0.000103307
2.53022e-05
2.12573e-05
2.56714e-05
-4.33466e-06
3.62776e-05
-7.37313e-06
6.08931e-05
-7.33161e-06
5.91045e-05
5.57704e-06
6.37707e-05
7.37848e-06
7.36532e-05
3.35375e-06
7.89469e-05
-5.2862e-06
8.25889e-05
-7.96968e-06
8.5806e-05
2.53037e-05
6.31684e-05
0.000119506
3.29271e-05
-5.8703e-05
-4.4545e-05
-4.90818e-05
-1.22824e-05
-2.54698e-05
4.75549e-06
-4.39466e-06
1.33413e-06
-7.22691e-05
1.98059e-05
-7.70385e-05
5.31482e-06
-0.000126946
4.81356e-06
-8.8301e-05
5.03647e-05
-4.03354e-05
0.000106506
3.99913e-05
0.00011658
6.94119e-05
0.000139406
8.04813e-05
0.000105252
5.5411e-05
8.70648e-05
1.38527e-05
8.36945e-05
-4.00285e-06
7.53881e-05
9.74779e-07
8.53634e-05
-4.39824e-06
9.70061e-05
-4.26429e-06
0.000103473
-3.11336e-06
0.000105826
-7.63908e-06
7.24442e-05
2.54122e-05
8.05146e-05
1.72333e-05
4.89078e-05
9.47752e-05
-2.0005e-05
-3.86979e-05
4.96142e-06
-7.40483e-05
6.70561e-05
-8.75646e-05
4.67594e-05
1.5902e-05
2.44549e-05
-4.99646e-05
1.31416e-05
-6.57253e-05
-2.76594e-05
-8.61452e-05
-8.12131e-05
-3.47473e-05
-9.4961e-05
-2.65875e-05
1.54155e-05
-7.03851e-05
0.000113825
-2.89977e-05
0.000119995
7.43114e-05
0.000145802
2.96037e-05
0.000143969
1.56855e-05
0.000126098
1.38682e-05
8.96305e-05
3.74428e-05
7.94281e-05
5.80411e-06
7.20669e-05
3.09689e-06
7.36577e-05
-4.70413e-06
5.70506e-05
8.96807e-06
7.45322e-05
7.93057e-06
8.75811e-05
4.18449e-06
3.9235e-05
9.72539e-05
-3.61072e-05
-2.59076e-06
-5.46224e-06
-0.000104693
2.19682e-06
-9.52236e-05
2.66829e-06
1.54306e-05
-1.54089e-05
-3.18873e-05
-2.58384e-05
-5.52958e-05
-7.07066e-05
-4.1277e-05
-0.000129201
2.37465e-05
-0.000116983
-3.88047e-05
-0.000133655
-5.3714e-05
-4.58799e-06
-0.000158064
2.92466e-05
4.04767e-05
6.19385e-05
-3.08808e-06
0.000104824
-2.71999e-05
0.000147489
-2.8797e-05
0.000223278
-3.83465e-05
0.000181757
4.73258e-05
0.00013026
5.45934e-05
6.75734e-05
5.79827e-05
6.05913e-05
1.59501e-05
7.04133e-05
-1.89155e-06
7.75389e-05
-2.94104e-06
-1.70496e-06
0.000118479
-3.62412e-05
3.36505e-05
-1.60093e-05
-0.000124925
-4.54204e-05
-6.58125e-05
-2.65225e-05
-3.46731e-06
-2.96352e-05
-2.87747e-05
-5.95861e-05
-2.53449e-05
-9.87517e-05
-2.11141e-06
-9.96589e-05
2.46537e-05
-0.000148157
9.69346e-06
-7.24231e-05
-0.000129448
-6.58804e-07
-0.000229829
2.98165e-05
1.00012e-05
4.59523e-05
-1.92239e-05
4.56893e-05
-2.6937e-05
6.15458e-05
-4.46535e-05
7.2009e-05
-4.88097e-05
0.000132232
-1.28977e-05
0.000174791
1.20351e-05
0.000183457
4.9316e-05
0.000191059
8.34892e-06
0.000195345
-6.17751e-06
0.000190794
1.60941e-06
8.71482e-06
0.000180375
2.53257e-05
8.32479e-06
-2.05211e-05
-7.90784e-05
-4.11218e-05
-4.52117e-05
-2.9441e-05
-1.51482e-05
-3.46418e-05
-2.35739e-05
-3.56243e-05
-2.43624e-05
-5.22823e-05
1.45466e-05
-8.90542e-05
6.14256e-05
-0.000130784
5.14242e-05
-8.86297e-05
-0.000171603
-6.09708e-05
-0.000257488
1.20391e-05
-6.30084e-05
-2.13676e-05
1.41829e-05
-3.68651e-05
-1.14395e-05
-7.88552e-06
-7.36331e-05
2.08698e-05
-7.75651e-05
5.76653e-05
-4.96932e-05
0.000107029
-3.73286e-05
0.000179543
-2.31985e-05
0.000197972
-1.00792e-05
0.000216061
-2.42669e-05
0.000216237
1.43311e-06
2.19234e-05
0.000203029
1.13467e-05
-3.02188e-06
-1.59723e-05
-5.17595e-05
-1.44025e-05
-4.67815e-05
-2.01702e-05
-9.38054e-06
-2.93085e-05
-1.44356e-05
-7.64887e-05
2.28178e-05
-0.000126271
6.4329e-05
-9.73597e-05
3.25142e-05
-8.23399e-05
3.64044e-05
-6.77538e-05
-0.000186189
-6.61352e-05
-0.000259106
1.46332e-05
-0.000143777
2.67088e-05
2.10737e-06
6.12558e-06
9.14364e-06
-1.68099e-05
-5.06976e-05
-3.22309e-06
-9.11519e-05
2.65112e-05
-7.94275e-05
4.10857e-05
-5.19031e-05
8.4374e-05
-6.64867e-05
0.000139333
-6.50387e-05
0.00014871
-3.36432e-05
0.000146497
3.64572e-06
3.36215e-05
0.000134799
4.81505e-05
-5.11724e-05
5.78109e-05
-6.14199e-05
3.77162e-05
-2.66867e-05
1.06855e-05
1.76501e-05
-1.79076e-05
1.41575e-05
-3.815e-05
4.30602e-05
-3.99432e-05
6.61222e-05
-9.84519e-05
9.1023e-05
-8.08923e-05
1.88445e-05
-8.79848e-05
-0.000179096
-7.17857e-05
-0.000275305
3.70143e-06
-0.000219264
9.0277e-05
-8.44683e-05
7.76266e-05
2.1794e-05
2.91273e-05
-2.19834e-06
2.91617e-05
-9.11862e-05
1.23499e-05
-6.26157e-05
1.47982e-05
-5.43514e-05
1.76447e-05
-6.93333e-05
4.07486e-05
-8.81425e-05
2.39767e-05
-1.68713e-05
3.84221e-05
-1.07997e-05
1.13931e-05
6.06505e-05
1.2012e-05
-6.31843e-05
1.01567e-06
-5.04236e-05
-1.05023e-05
-1.51687e-05
-1.41541e-05
2.13018e-05
-1.92567e-05
1.92602e-05
-3.9214e-05
6.30175e-05
-2.4831e-05
5.17392e-05
1.16887e-05
5.45033e-05
3.8625e-05
-8.09178e-06
4.26371e-06
-0.000144735
-7.47329e-05
-0.000196309
4.72174e-05
-0.000341214
6.67355e-05
-0.000103987
6.81743e-05
2.03553e-05
6.11696e-05
4.80636e-06
1.61989e-05
-4.62156e-05
2.61536e-05
-7.25704e-05
1.30265e-05
-4.12243e-05
1.82192e-05
-7.4526e-05
-1.38893e-05
-5.60339e-05
-1.89463e-05
-1.18143e-05
-3.36866e-05
3.94055e-06
5.75999e-05
-7.98933e-05
5.45328e-07
-6.37297e-05
-7.70477e-06
-4.21736e-05
-1.45034e-06
-2.14232e-05
1.00724e-05
9.77905e-06
6.92348e-06
2.24091e-05
3.13437e-05
3.85973e-05
2.39782e-05
5.91046e-05
4.65193e-05
3.19622e-05
0.000109953
-7.15253e-05
7.4427e-05
-0.000109209
6.30216e-06
-0.000128184
5.50894e-06
-0.000340421
6.72015e-05
-0.000165679
7.11336e-05
1.64231e-05
5.28148e-05
2.31252e-05
3.14109e-05
-2.48117e-05
7.04544e-07
-4.18641e-05
-2.88804e-06
-3.76317e-05
-6.98596e-06
-7.04281e-05
-2.31379e-05
-3.9882e-05
-8.47498e-06
-2.64773e-05
-2.89488e-05
2.44143e-05
9.22089e-05
-6.35578e-05
-9.00321e-06
-5.47265e-05
-1.47625e-05
-3.64143e-05
-1.07091e-05
-2.54766e-05
1.78293e-06
-2.71304e-06
1.9361e-05
4.83103e-06
3.15594e-05
2.63988e-05
4.64684e-05
4.41956e-05
6.76818e-05
1.07489e-05
8.83862e-05
-9.22298e-05
5.56656e-05
-7.64884e-05
1.04064e-05
-8.29247e-05
1.6287e-05
-0.000346302
2.95653e-05
-0.000178958
3.38291e-05
1.21594e-05
2.37423e-05
3.3212e-05
1.61796e-06
-2.6874e-06
-7.80246e-06
-3.24437e-05
-1.04636e-06
-4.43878e-05
-1.91448e-05
-5.23296e-05
-3.66143e-05
-2.24125e-05
-4.95596e-05
-1.3532e-05
-6.13962e-05
3.6251e-05
0.000104906
-7.4093e-05
-1.04055e-05
-4.4321e-05
-1.97156e-05
-2.71042e-05
-1.208e-05
-3.31123e-05
-2.1988e-06
-1.25942e-05
1.83185e-05
-1.56863e-05
4.25994e-05
2.11789e-06
8.49907e-05
1.80423e-06
0.000113368
-1.76286e-05
9.05721e-05
-6.94339e-05
6.54874e-05
-5.14037e-05
4.36662e-06
-2.18039e-05
1.18867e-06
-0.000343124
-7.83381e-05
-9.94307e-05
-2.70391e-05
-3.91396e-05
-1.3969e-06
7.56983e-06
-1.01623e-05
6.07804e-06
-1.25756e-05
-3.00305e-05
-3.15014e-05
-2.5462e-05
-4.15618e-05
-4.22692e-05
-4.80446e-05
-1.59298e-05
-5.74846e-05
-4.09206e-06
-4.65822e-05
2.53487e-05
7.37751e-05
-1.54517e-05
-1.27611e-05
-3.15599e-05
-3.20651e-06
-3.66588e-05
-8.67547e-06
-2.76434e-05
9.94355e-06
-3.12133e-05
1.56207e-05
-2.13635e-05
3.37904e-05
-1.60518e-05
4.9073e-05
-1.34784e-05
7.60545e-05
-4.461e-05
5.70864e-05
-5.04659e-05
7.3514e-05
-6.78314e-05
9.16343e-05
-3.99242e-05
-4.9317e-05
-0.000202172
-1.98995e-05
-0.000128848
6.53025e-06
-6.55693e-05
8.77586e-06
5.32422e-06
-5.71275e-06
2.05666e-05
-2.36839e-05
-1.20594e-05
-2.97724e-05
-1.93734e-05
-5.11829e-05
-2.08588e-05
-5.6353e-05
-1.07596e-05
-5.49702e-05
-5.47495e-06
-3.65554e-05
6.93387e-06
3.02054e-05
7.01443e-06
-1.27906e-07
-3.1432e-05
-5.13169e-06
-3.1655e-05
-9.30512e-07
-3.18446e-05
3.85442e-06
-3.59982e-05
2.30568e-05
-4.05659e-05
2.63365e-05
-1.93315e-05
3.57406e-05
-2.28826e-05
6.32556e-05
-7.2125e-05
5.10372e-05
-3.82475e-05
4.03287e-05
-5.71228e-05
5.53311e-05
-5.49267e-05
-1.42459e-05
-0.000132595
-3.48236e-05
-0.00010827
-4.13066e-05
-5.90863e-05
-3.07598e-05
-5.22263e-06
-2.77596e-05
1.75665e-05
-2.70115e-05
-1.28074e-05
-4.21277e-05
-4.25726e-06
-5.05878e-05
-1.23988e-05
-5.62826e-05
-5.0647e-06
-5.5073e-05
-6.68463e-06
-4.9382e-05
1.24284e-06
1.30286e-06
-2.04794e-05
-6.53329e-06
-2.48988e-05
-4.47819e-06
-3.37102e-05
-1.49119e-06
-3.48316e-05
3.83113e-06
-4.13206e-05
9.69543e-06
-4.64302e-05
1.55957e-05
-2.52318e-05
2.90619e-05
-3.63488e-05
4.23487e-05
-8.54119e-05
5.35404e-05
-4.94392e-05
3.37863e-05
-3.73687e-05
4.79494e-05
-6.90898e-05
-9.9992e-06
-7.46467e-05
-3.24166e-05
-8.5853e-05
-4.98512e-05
-4.16517e-05
-4.87106e-05
-6.36328e-06
-2.50119e-05
-6.13226e-06
-3.2378e-05
-5.44131e-06
-2.39171e-05
-1.27182e-05
-2.87378e-05
-7.57808e-06
-3.10979e-05
-2.70463e-06
-4.12531e-05
3.47061e-06
-4.10673e-05
1.05704e-06
-1.80567e-06
-3.79588e-05
-1.49418e-06
-2.34046e-05
-2.85768e-06
-3.23467e-05
-5.02416e-07
-3.71869e-05
7.60892e-07
-4.25839e-05
1.43265e-06
-4.7102e-05
8.25443e-06
-3.20536e-05
9.06906e-06
-3.71634e-05
1.23005e-05
-8.86433e-05
1.28833e-05
-5.00221e-05
1.28199e-05
-3.73053e-05
3.37858e-06
-5.96485e-05
8.27372e-06
-7.95419e-05
-2.29133e-05
-5.4666e-05
-4.01725e-05
-2.43925e-05
-4.194e-05
-4.59573e-06
-3.12499e-05
-1.68224e-05
-3.92135e-05
2.52225e-06
-4.12523e-05
-1.06794e-05
-4.52479e-05
-3.58253e-06
-4.75137e-05
-4.3883e-07
-4.28455e-05
-1.19758e-06
-2.68697e-05
-1.49188e-05
-5.9639e-06
-2.27115e-05
-7.27363e-06
-1.6131e-05
-1.87059e-06
-3.77497e-05
-2.59978e-06
-3.64577e-05
-1.486e-06
-4.36977e-05
-4.30656e-06
-4.42814e-05
6.15084e-08
-3.64217e-05
2.05303e-05
-5.76322e-05
-8.30172e-06
-5.98113e-05
-4.55088e-06
-5.3773e-05
4.38277e-06
-4.62389e-05
2.64329e-06
-5.79091e-05
-3.77953e-05
-3.91033e-05
-6.39027e-05
-2.85587e-05
-4.82222e-05
-4.0073e-05
-4.29589e-05
-9.85903e-06
-5.2641e-05
-7.14034e-06
-4.77421e-05
-2.3766e-06
-4.8003e-05
-1.04185e-05
-4.76281e-05
-3.95747e-06
-3.17233e-05
-1.63436e-05
-2.60515e-05
-6.86944e-06
-2.48334e-05
-1.61369e-05
-1.51766e-06
-2.92796e-05
6.48436e-06
-2.26154e-05
-6.54316e-06
-2.47222e-05
-2.86448e-06
-4.01364e-05
-8.51962e-06
-3.80425e-05
-3.67442e-06
-4.91266e-05
-7.73088e-06
-3.23653e-05
-4.1708e-06
-6.11923e-05
-1.38202e-05
-5.01619e-05
-1.86291e-05
-4.89641e-05
-1.87433e-05
-4.61248e-05
-4.06508e-05
-3.60016e-05
-4.06845e-05
-3.90696e-05
-4.3793e-05
-2.54502e-05
-5.0926e-05
-3.294e-05
-4.23178e-05
-1.84672e-05
-4.28162e-05
-6.64203e-06
-3.82818e-05
-6.91098e-06
-4.04175e-05
-8.28284e-06
-2.31914e-05
-2.11835e-05
-2.67706e-05
-1.27645e-05
-2.46311e-05
-9.00888e-06
-2.61019e-05
-1.46661e-05
-6.32485e-06
-2.12948e-05
4.12752e-06
-2.67429e-05
6.55122e-06
-2.71459e-05
-5.42067e-06
-2.81646e-05
-5.01572e-06
-3.84475e-05
-2.30037e-05
-3.11386e-05
-2.48305e-05
-3.05385e-05
-2.62552e-05
-5.97676e-05
-1.4594e-05
-6.18232e-05
-3.0893e-05
-3.26651e-05
-4.32155e-05
-3.38022e-05
-2.39926e-05
-5.52245e-05
-3.09254e-05
-3.21367e-05
-3.31369e-05
-2.32388e-05
-3.72934e-05
-2.87835e-05
-3.08025e-05
-2.49581e-05
-2.39393e-05
-1.35052e-05
-2.45182e-05
-6.33212e-06
-2.25363e-05
-1.02648e-05
-3.42101e-05
-9.50963e-06
-3.70813e-05
-9.89328e-06
-2.44529e-05
-2.16373e-05
-2.46928e-05
-1.44262e-05
-8.10457e-07
-3.02072e-05
2.89778e-06
-2.96407e-05
3.5885e-06
-2.78367e-05
3.93843e-06
-2.85145e-05
-8.27706e-06
-2.6232e-05
-1.02056e-05
-2.92101e-05
-1.287e-05
-2.78742e-05
-1.58153e-05
-5.68223e-05
-2.4828e-05
-5.28106e-05
-2.98514e-05
-2.76417e-05
-3.6811e-05
-2.68426e-05
-4.13404e-05
-5.06952e-05
-5.10201e-05
-2.24571e-05
-3.35123e-05
-4.07466e-05
-2.94328e-05
-3.2863e-05
-4.0426e-05
-1.39649e-05
-3.82379e-05
-1.56933e-05
-2.55684e-05
-1.90017e-05
-2.78084e-05
-8.02479e-06
-2.46902e-05
-1.26278e-05
-2.283e-05
-1.17535e-05
-3.57022e-05
-8.76517e-06
-4.04668e-05
-9.66162e-06
-1.86379e-05
-2.26394e-05
5.50423e-07
-3.01911e-05
4.76848e-07
-2.77631e-05
-1.69291e-06
-2.63448e-05
-3.08035e-06
-2.48446e-05
-3.80823e-06
-2.84822e-05
6.78082e-06
-3.84632e-05
-1.43021e-05
-3.57394e-05
-1.31324e-05
-5.39803e-05
-1.50928e-05
-2.56813e-05
-1.70171e-05
-2.49183e-05
-3.73337e-05
-3.03786e-05
-2.82766e-05
-3.15142e-05
-4.62505e-05
-2.27727e-05
-4.28116e-05
-3.63019e-05
-4.04693e-05
-1.63072e-05
-3.66364e-05
-1.95261e-05
-4.05504e-05
-1.50877e-05
-2.54374e-05
-2.31377e-05
-2.67387e-05
-1.13265e-05
-2.47849e-05
-1.37073e-05
-1.80077e-05
-1.55424e-05
-1.7063e-05
-1.06064e-05
-1.34956e-05
-2.22053e-05
-2.42598e-07
-2.99486e-05
1.19419e-07
-2.81252e-05
1.19472e-07
-2.63448e-05
-2.80009e-06
-2.1925e-05
-2.52641e-06
-2.87559e-05
3.50533e-06
-4.4495e-05
8.97564e-07
-3.31316e-05
-1.96897e-05
-3.33931e-05
-1.54867e-05
-2.98843e-05
-1.377e-05
-2.6635e-05
-1.49516e-05
-2.91969e-05
-1.80397e-05
-2.84262e-05
-1.75461e-05
-2.32662e-05
-3.23346e-05
-2.15134e-05
-2.12853e-05
-2.73565e-05
-1.81259e-05
-2.26856e-05
-1.77552e-05
-1.54584e-05
-2.28752e-05
-1.80178e-05
-2.18334e-05
-1.23683e-05
-2.09887e-05
-1.4552e-05
-2.11321e-05
-1.5399e-05
-2.07189e-05
-1.10196e-05
-9.73598e-06
-2.44786e-05
-2.07424e-06
-2.78743e-05
-5.06923e-06
-2.51302e-05
-6.64385e-06
-2.47702e-05
1.00612e-05
-3.86301e-05
5.5739e-06
-2.42686e-05
-7.24722e-06
-3.16739e-05
-1.14485e-05
-2.89303e-05
-1.19595e-05
-3.28821e-05
-1.01648e-05
-3.1679e-05
-9.40099e-06
-2.73989e-05
-1.20822e-05
-2.65158e-05
-1.59843e-05
-2.45241e-05
-2.19721e-05
-1.72784e-05
-2.31369e-05
-2.03487e-05
-1.7211e-05
-3.32824e-05
-2.29139e-05
-1.69826e-05
-2.22405e-05
-1.61318e-05
-2.11381e-05
-1.91202e-05
-1.61696e-05
-1.73367e-05
-1.76105e-05
-1.31112e-05
-1.69581e-05
-1.60513e-05
-1.47766e-05
-1.32011e-05
-7.58816e-06
-1.69244e-05
-9.46291e-06
-1.84114e-05
2.93735e-07
-3.48868e-05
5.75346e-06
-3.023e-05
1.23151e-07
-3.29998e-05
7.38036e-06
-3.15259e-05
2.95662e-06
-2.72501e-05
-3.00268e-06
-2.29711e-05
-7.609e-06
-2.82758e-05
-1.35704e-05
-2.57176e-05
-1.67214e-05
-2.42479e-05
-1.83148e-05
-2.49223e-05
-1.93598e-05
-2.34791e-05
-1.78932e-05
-1.87449e-05
-1.91924e-05
-1.90495e-05
-3.2058e-05
-2.04169e-05
-1.56575e-05
-3.33831e-05
-1.41685e-05
-1.76208e-05
-2.07708e-05
-1.2518e-05
-1.48652e-05
-2.32423e-05
-1.90245e-05
-8.95184e-06
-1.84279e-05
-1.6648e-05
-1.73593e-05
-1.42697e-05
-9.80702e-06
-1.51404e-05
5.63349e-06
-2.40449e-05
1.34107e-06
-3.05944e-05
-2.11865e-06
-2.67702e-05
-5.11977e-06
-2.99986e-05
-8.25402e-06
-2.83916e-05
-1.50435e-06
-3.39998e-05
6.06052e-06
-3.05359e-05
6.15631e-08
-2.22768e-05
-5.42887e-06
-2.02271e-05
-8.53368e-06
-2.11431e-05
-1.31625e-05
-2.02935e-05
-1.61019e-05
-2.05398e-05
-1.48926e-05
-1.99542e-05
-1.06866e-05
-2.32555e-05
-1.02886e-05
-2.08149e-05
-2.02866e-05
-2.33851e-05
-2.63204e-05
-1.1587e-05
-1.14312e-05
-2.74071e-05
-2.2565e-05
-1.21085e-05
-1.58242e-05
-1.56926e-05
-1.62964e-05
-1.61758e-05
-1.42279e-05
-1.63383e-05
-7.57991e-06
-1.6455e-05
-7.13982e-07
-2.33309e-05
-9.6116e-07
-3.03472e-05
2.88356e-07
-2.80198e-05
-1.66223e-06
-2.80481e-05
-2.6671e-06
-2.73868e-05
-7.19598e-06
-2.94709e-05
-1.03306e-05
-2.74013e-05
-6.82253e-06
-2.57849e-05
-1.17818e-05
-1.52678e-05
-1.78039e-05
-1.51211e-05
-1.3275e-05
-2.48224e-05
-8.33796e-06
-2.54768e-05
-1.61464e-06
-2.66775e-05
-7.48264e-06
-1.73875e-05
-1.08775e-05
-1.74201e-05
-1.69414e-05
-1.73211e-05
-5.65062e-06
-2.28779e-05
-1.73884e-05
-1.56694e-05
-1.42356e-05
-1.52613e-05
-1.29923e-05
-1.6936e-05
-1.3528e-05
-1.56401e-05
-1.39224e-05
-1.5944e-05
-2.52098e-06
-1.89813e-05
1.06623e-06
-2.43972e-05
4.68592e-07
-2.97496e-05
-5.72189e-07
-2.6979e-05
-2.00991e-06
-2.66104e-05
-2.80796e-06
-2.65887e-05
-2.27902e-06
-2.99999e-05
-2.83522e-06
-2.68451e-05
-5.1617e-06
-2.34584e-05
-6.67881e-06
-1.37507e-05
-8.11016e-06
-1.36897e-05
-1.08985e-05
-2.20341e-05
-1.36878e-05
-2.26875e-05
-1.60202e-05
-2.43452e-05
-8.85662e-06
-2.45511e-05
-1.28292e-05
-1.34475e-05
-7.8657e-06
-2.22846e-05
-1.71588e-05
-1.35847e-05
-8.37239e-06
-2.44558e-05
-1.24208e-05
-1.12129e-05
-1.67237e-05
-1.2633e-05
-1.1756e-05
-2.06078e-05
-2.32233e-05
-4.47661e-06
-1.24459e-05
-1.32984e-05
-1.54641e-07
-2.42425e-05
-5.61028e-07
-2.93432e-05
-5.87542e-07
-2.69525e-05
-2.40389e-06
-2.4794e-05
-3.22182e-06
-2.57708e-05
-4.13348e-06
-2.90882e-05
-5.62608e-06
-2.53525e-05
-6.11466e-06
-2.29698e-05
-7.44043e-06
-1.2425e-05
-7.88526e-06
-1.32449e-05
-7.19642e-06
-2.27229e-05
-9.05311e-06
-2.08308e-05
-1.0198e-05
-2.32003e-05
-1.12158e-05
-2.35333e-05
-1.38821e-05
-1.07812e-05
-7.9768e-06
-2.819e-05
-1.28005e-05
-8.76102e-06
-1.5949e-05
-2.13074e-05
-1.07827e-05
-1.63793e-05
-6.80915e-06
-1.66065e-05
-1.68444e-05
-1.05726e-05
-1.30464e-05
-8.27459e-06
-8.68414e-06
-1.68082e-05
5.57626e-07
-2.48002e-05
6.26243e-07
-2.94118e-05
6.29244e-07
-2.69555e-05
-7.12766e-07
-2.3452e-05
-1.70265e-06
-2.47809e-05
-2.7629e-06
-2.8028e-05
-3.78078e-06
-2.43347e-05
-3.71253e-06
-2.30381e-05
-2.24823e-06
-1.38893e-05
-1.13188e-06
-1.43613e-05
-9.4107e-06
-1.44441e-05
-7.63578e-06
-2.26058e-05
-8.09927e-06
-2.27368e-05
-8.32827e-06
-2.33043e-05
-1.16666e-06
-1.79428e-05
-1.10031e-05
-1.83536e-05
-5.9498e-06
-1.38143e-05
-1.2829e-05
-1.44281e-05
-1.01599e-05
-1.90484e-05
-9.45302e-06
-1.73134e-05
-1.42745e-05
-5.75106e-06
-9.52958e-06
-1.30196e-05
-5.05169e-06
-1.3162e-05
5.20455e-08
-2.48522e-05
-2.73091e-07
-2.90867e-05
-5.57339e-07
-2.66712e-05
-2.58726e-06
-2.14221e-05
-3.75625e-06
-2.36119e-05
-3.27517e-06
-2.85091e-05
-4.24806e-06
-2.33618e-05
-4.39455e-06
-2.28916e-05
-5.3165e-06
-1.29673e-05
-5.4973e-06
-1.41805e-05
-5.68572e-06
-1.42557e-05
-5.12578e-06
-2.31657e-05
-5.91139e-06
-2.19512e-05
-6.40703e-06
-2.28087e-05
-5.95175e-06
-1.8398e-05
-1.0745e-05
-1.35603e-05
-1.12915e-05
-1.32677e-05
-1.30178e-05
-1.27018e-05
-1.45498e-05
-1.75165e-05
-1.36777e-05
-1.81855e-05
-7.75055e-06
-1.16782e-05
-1.39102e-05
-6.85986e-06
-8.82815e-06
-1.01338e-05
5.01369e-07
-2.53536e-05
6.9593e-07
-2.92813e-05
1.45418e-06
-2.74295e-05
2.17519e-06
-2.21431e-05
4.54466e-06
-2.59814e-05
-4.47847e-06
-1.94859e-05
-1.16277e-05
-1.62126e-05
-9.01605e-06
-2.55032e-05
-7.0386e-06
-1.49448e-05
-6.22649e-06
-1.49926e-05
-4.66426e-06
-1.58179e-05
-5.83165e-06
-2.19983e-05
-6.57355e-06
-2.12093e-05
-7.09477e-06
-2.22875e-05
-7.92222e-06
-1.75706e-05
-5.06149e-06
-1.64211e-05
-3.26083e-06
-1.50684e-05
-8.35899e-06
-7.60368e-06
-5.86238e-06
-2.00131e-05
-7.54498e-06
-1.65029e-05
-1.12635e-05
-7.95969e-06
-1.08297e-05
-7.29369e-06
-6.78848e-06
-1.28694e-05
-3.49529e-08
-2.53186e-05
-2.16202e-07
-2.91e-05
-8.1309e-08
-2.75644e-05
-7.75678e-07
-2.14487e-05
-2.19796e-06
-2.45591e-05
-3.01262e-06
-1.86713e-05
-3.08554e-06
-1.61397e-05
-1.52526e-06
-2.70635e-05
-1.63894e-06
-1.48311e-05
-2.80462e-06
-1.38269e-05
-2.67493e-06
-1.59476e-05
-4.28315e-06
-2.03901e-05
-5.03565e-06
-2.04568e-05
-5.06215e-06
-2.2261e-05
-5.81152e-06
-1.68212e-05
-4.31007e-06
-1.79225e-05
-1.00992e-05
-9.27925e-06
-4.74399e-06
-1.29589e-05
-1.30758e-05
-1.16813e-05
-1.62415e-05
-1.33372e-05
-1.26987e-05
-1.15025e-05
-5.43626e-06
-1.45561e-05
-5.47171e-06
-6.75304e-06
1.47667e-07
-2.54663e-05
3.27967e-07
-2.92803e-05
7.07229e-07
-2.79437e-05
5.29728e-07
-2.12712e-05
6.86436e-07
-2.47158e-05
-4.03124e-06
-1.39536e-05
-5.08064e-06
-1.50903e-05
-9.08291e-06
-2.30612e-05
-3.71644e-06
-2.01976e-05
9.68504e-07
-1.85119e-05
-2.10117e-06
-1.28779e-05
-3.20939e-06
-1.92819e-05
-4.26044e-06
-1.94057e-05
-5.28889e-06
-2.12325e-05
-4.89504e-06
-1.72151e-05
-6.70622e-06
-1.61113e-05
-1.35754e-06
-1.46279e-05
-2.15048e-06
-1.2166e-05
-6.12547e-06
-7.70631e-06
-7.17433e-06
-1.22883e-05
-6.51001e-06
-1.21668e-05
-1.44346e-05
-6.63157e-06
-1.24448e-05
-7.46149e-06
-3.39684e-07
-2.51266e-05
-5.00404e-07
-2.91196e-05
-1.05134e-06
-2.73927e-05
-1.92144e-06
-2.04011e-05
-5.22302e-06
-2.14143e-05
2.1545e-06
-2.13311e-05
8.78163e-07
-1.3814e-05
-2.51984e-07
-2.19311e-05
-6.81896e-07
-1.97677e-05
-1.33e-07
-1.90608e-05
4.09748e-07
-1.34207e-05
-6.77702e-06
-1.20951e-05
-5.00945e-06
-2.11733e-05
-4.25054e-06
-2.19914e-05
-2.94939e-06
-1.85162e-05
-3.17647e-06
-1.58843e-05
-4.1418e-06
-1.36626e-05
-3.51454e-06
-1.27932e-05
-2.15641e-06
-9.06444e-06
-5.34564e-06
-9.0991e-06
-1.24607e-05
-5.05177e-06
-5.25513e-06
-1.38371e-05
-9.77229e-06
-7.92766e-06
-2.09031e-07
-2.49176e-05
-6.12593e-07
-2.8716e-05
-4.65094e-07
-2.75402e-05
-9.7861e-07
-1.98876e-05
-4.19195e-07
-2.19737e-05
1.24955e-06
-2.29999e-05
4.99948e-08
-1.26144e-05
-8.40717e-06
-1.34739e-05
-4.62621e-06
-2.35486e-05
-2.79342e-06
-2.08936e-05
-1.84597e-06
-1.43681e-05
-2.35627e-06
-1.15848e-05
-3.68765e-06
-1.98419e-05
-4.18413e-06
-2.14949e-05
-3.79266e-06
-1.89077e-05
-3.29017e-06
-1.63868e-05
-3.50716e-06
-1.34456e-05
-3.75378e-06
-1.25466e-05
-3.62977e-06
-9.18846e-06
-3.66627e-06
-9.0626e-06
-4.27919e-06
-4.43885e-06
-9.88248e-06
-8.23382e-06
-1.05107e-05
-9.14407e-06
-2.29967e-07
-2.46876e-05
-4.38456e-07
-2.85076e-05
8.64661e-07
-2.88433e-05
1.31525e-06
-2.03382e-05
-5.72022e-06
-1.49382e-05
-2.55588e-06
-2.61642e-05
-1.21045e-06
-1.39598e-05
-2.37666e-06
-1.23077e-05
-1.51323e-06
-2.44121e-05
-2.23774e-06
-2.0169e-05
-3.36017e-06
-1.32457e-05
-3.78317e-06
-1.11618e-05
-3.45988e-06
-2.01652e-05
-3.78246e-06
-2.11724e-05
-2.88452e-06
-1.98056e-05
-2.97135e-06
-1.62999e-05
-2.88812e-06
-1.35289e-05
-3.03431e-06
-1.24004e-05
-1.42812e-06
-1.07946e-05
-4.42661e-06
-6.0641e-06
-2.78515e-06
-6.08032e-06
-2.64168e-06
-8.37727e-06
-7.63657e-06
-5.51582e-06
-4.20028e-07
-2.42676e-05
-5.76563e-07
-2.8351e-05
-7.11852e-07
-2.87081e-05
8.53913e-08
-2.11354e-05
-1.71817e-06
-1.31346e-05
-1.58823e-06
-2.62941e-05
-1.8978e-06
-1.36503e-05
-3.30574e-06
-1.08998e-05
-3.8762e-06
-2.38416e-05
-3.2908e-06
-2.07544e-05
4.46813e-06
-2.10047e-05
4.77037e-06
-1.14641e-05
-4.43892e-06
-1.09559e-05
-4.13963e-06
-2.14716e-05
-3.78858e-06
-2.01567e-05
-3.88728e-06
-1.62012e-05
-3.19481e-06
-1.42213e-05
-4.52884e-06
-1.10664e-05
-3.47445e-06
-1.1849e-05
-2.73184e-06
-6.8067e-06
-1.23806e-06
-7.5741e-06
-4.51829e-06
-5.09704e-06
-6.24128e-06
-5.91358e-06
-7.67438e-07
-2.35002e-05
-1.30047e-06
-2.7818e-05
-1.65066e-06
-2.83579e-05
-1.262e-07
-2.26599e-05
-1.88029e-06
-1.13805e-05
-1.88469e-06
-2.62897e-05
-4.67306e-07
-1.50676e-05
9.8836e-07
-1.23554e-05
2.16427e-06
-2.50175e-05
-3.72132e-06
-1.48689e-05
-3.0674e-06
-2.16586e-05
-3.09942e-06
-1.1432e-05
-3.6497e-06
-1.04056e-05
-3.11061e-06
-2.20107e-05
-3.18e-06
-2.00873e-05
-3.65137e-06
-1.57299e-05
-3.76993e-06
-1.41028e-05
-5.3316e-06
-9.50473e-06
-2.66707e-06
-1.45136e-05
-5.88463e-06
-3.58915e-06
-3.76031e-06
-9.69841e-06
-7.3149e-06
-1.54245e-06
-9.40399e-06
-4.1522e-06
-5.65621e-07
-2.29345e-05
-1.5934e-06
-2.67902e-05
-9.90848e-07
-2.89604e-05
-1.36137e-06
-2.22894e-05
-1.35431e-06
-1.13876e-05
-1.50168e-06
-2.61424e-05
-3.35055e-06
-1.32188e-05
-3.01851e-06
-1.26875e-05
-2.20562e-06
-2.58304e-05
-3.01975e-06
-1.40547e-05
-9.27306e-07
-2.3751e-05
-1.4648e-06
-1.08945e-05
-2.19143e-06
-9.67901e-06
-2.5798e-06
-2.16224e-05
-3.10777e-06
-1.95593e-05
-3.62999e-06
-1.52076e-05
-3.73183e-06
-1.40009e-05
-2.95882e-06
-1.02777e-05
-3.82086e-06
-1.36515e-05
-3.27116e-06
-4.13885e-06
-6.96777e-06
-6.00179e-06
-5.9306e-06
-2.57963e-06
-8.69722e-06
-6.63736e-06
-2.07948e-06
-2.08551e-05
-5.92584e-06
-2.29438e-05
-5.93298e-06
-2.89533e-05
-1.46882e-06
-2.67535e-05
-1.36131e-06
-1.14951e-05
-2.69553e-06
-2.48081e-05
2.18861e-06
-1.81029e-05
2.40368e-06
-1.29025e-05
1.59254e-08
-2.34426e-05
-9.58616e-07
-1.30802e-05
-1.47486e-06
-2.32348e-05
-1.22986e-06
-1.11395e-05
-6.30082e-07
-1.02788e-05
-5.22238e-07
-2.17302e-05
-1.94135e-06
-1.81402e-05
-3.0355e-06
-1.41135e-05
-4.79811e-06
-1.22383e-05
-4.69099e-06
-1.03849e-05
-7.55712e-06
-1.07854e-05
-4.15752e-06
-7.53845e-06
-6.08127e-06
-4.07804e-06
-2.27304e-06
-6.38785e-06
-6.27492e-06
-4.69534e-06
-7.73249e-07
-2.00818e-05
-9.88502e-07
-2.27286e-05
3.83943e-07
-3.03257e-05
-7.64749e-06
-1.87221e-05
-4.09328e-06
-1.50493e-05
-3.2178e-06
-2.56836e-05
-7.59007e-07
-2.05617e-05
-7.63563e-07
-1.2898e-05
-1.00689e-06
-2.31993e-05
-1.70209e-06
-1.2385e-05
-1.16978e-06
-2.37671e-05
-1.65403e-06
-1.06553e-05
1.77478e-07
-1.21103e-05
-9.55425e-08
-2.14572e-05
-1.19076e-06
-1.7045e-05
-2.45107e-06
-1.28532e-05
-2.99017e-06
-1.16992e-05
-4.46755e-06
-8.90747e-06
-5.24423e-06
-1.00087e-05
-2.09177e-06
-1.06909e-05
-2.26845e-06
-3.90136e-06
-4.31336e-06
-4.34293e-06
-7.26436e-06
-3.32393e-06
-2.39017e-06
-5.4036e-06
-1.19283e-05
-2.74124e-06
6.16505e-06
-7.4174e-08
-1.97376e-06
2.47746e-06
-1.55182e-06
2.40276e-07
-4.62918e-06
-6.05106e-07
8.11625e-06
2.55736e-06
-6.52226e-07
-3.43186e-06
-4.59516e-06
-5.89686e-06
-8.71859e-06
-9.8742e-06
-5.44888e-06
-1.84202e-06
-3.36568e-06
8.69435e-05
3.25624e-05
5.36999e-05
3.32436e-05
-4.56792e-06
5.82678e-05
4.29606e-06
-8.864e-06
0.000103621
2.37165e-05
9.1398e-05
4.54667e-05
0.000127418
2.22473e-05
2.22692e-05
0.000109445
0.000110801
1.01689e-05
0.000148077
8.19112e-06
0.000150065
2.02595e-05
2.36221e-05
0.000148712
0.000120161
8.48646e-06
0.000117437
1.09158e-05
0.000123218
1.44786e-05
1.81668e-05
0.000128673
0.000175727
1.31341e-05
0.000163576
2.30663e-05
0.000148928
2.91266e-05
2.97773e-05
0.000137318
0.000203423
1.27397e-05
0.000198241
2.82487e-05
0.000193812
3.3555e-05
3.40265e-05
0.000189563
0.000133661
1.38778e-05
0.000147198
1.47115e-05
0.000156726
2.40269e-05
4.14162e-05
0.000149336
5.58178e-05
1.87105e-05
4.21427e-05
2.83865e-05
2.50147e-05
4.1155e-05
5.78872e-05
8.54366e-06
-8.58678e-05
2.46852e-05
-0.000100797
4.33161e-05
-0.000107755
4.8113e-05
4.27903e-05
-9.26587e-05
-9.87834e-05
5.99108e-05
-7.33869e-05
1.79197e-05
-6.57013e-05
4.04273e-05
2.33414e-05
-4.62525e-05
-4.57731e-05
3.15908e-05
-4.54381e-05
1.75847e-05
-1.87838e-05
1.37731e-05
-5.91791e-06
1.04754e-05
-7.87798e-07
1.6927e-05
6.85737e-06
9.93956e-06
1.5573e-05
5.05738e-06
-1.63523e-05
2.60074e-05
1.93819e-05
4.55959e-06
2.97034e-05
-3.8201e-07
3.91228e-05
-4.36202e-06
-8.81971e-06
3.15903e-05
-1.17392e-05
-4.1806e-06
-7.40092e-06
-4.72032e-06
2.00329e-07
-1.19633e-05
-1.00351e-05
1.41568e-06
-3.98737e-05
-2.26573e-06
-3.88152e-05
-5.77884e-06
-4.06792e-05
-1.00993e-05
-7.67206e-06
-4.30422e-05
-1.96883e-05
-5.28893e-06
-1.99943e-05
-5.4729e-06
-2.31171e-05
-6.9764e-06
-5.53474e-06
-2.52545e-05
-2.75907e-05
-6.97786e-06
-2.87007e-05
-4.36289e-06
-2.87345e-05
-6.94267e-06
-7.69184e-06
-2.65773e-05
-2.29624e-05
-5.31022e-06
-2.17582e-05
-5.56713e-06
-2.26204e-05
-6.08045e-06
-4.43997e-06
-2.58723e-05
-2.88484e-05
-6.66906e-06
-3.21237e-05
-2.29184e-06
-3.39069e-05
-4.29728e-06
-6.72819e-06
-3.16187e-05
-2.67262e-05
-2.5822e-06
-2.17242e-05
-7.29391e-06
-2.11386e-05
-4.88282e-06
-5.01084e-06
-2.2856e-05
-2.30985e-05
-1.68896e-06
-2.28153e-05
-7.57716e-06
-2.32998e-05
-4.39832e-06
-6.79371e-06
-2.15169e-05
-2.28252e-05
-3.34237e-06
-2.67574e-05
-3.64492e-06
-2.88242e-05
-2.33153e-06
-2.90966e-06
-3.27083e-05
-1.84156e-05
-1.85119e-06
-1.91052e-05
-2.95538e-06
-1.88381e-05
-2.59858e-06
-2.99139e-06
-1.87564e-05
-1.45128e-05
-2.47879e-06
-1.54928e-05
-1.97541e-06
-1.5846e-05
-2.24542e-06
-4.36729e-06
-1.44701e-05
-1.64859e-05
-2.44796e-06
-1.73296e-05
-1.13166e-06
-1.77187e-05
-1.85636e-06
-3.77798e-07
-2.17082e-05
-1.52339e-05
-6.1954e-06
-1.48087e-05
-1.55686e-06
-1.48154e-05
-1.84965e-06
1.9657e-07
-1.53897e-05
-1.74002e-05
-2.09363e-06
-1.39075e-05
-5.04957e-06
-1.43321e-05
-1.42502e-06
-4.00027e-06
-1.01353e-05
-1.50379e-05
-3.86392e-06
-1.64096e-05
-3.67789e-06
-1.37378e-05
-4.09682e-06
-4.9904e-06
-1.27477e-05
-1.19579e-05
-5.06809e-06
-8.59657e-06
-7.0392e-06
-9.40205e-06
-3.29133e-06
-2.74011e-06
-1.16524e-05
-1.16831e-05
-3.5188e-06
-1.24399e-05
-6.28241e-06
-1.18509e-05
-3.88029e-06
-5.48806e-06
-9.10297e-06
-9.76325e-06
-6.62494e-06
-1.33211e-05
-2.72454e-06
-1.20132e-05
-5.18825e-06
-4.78137e-06
-1.27199e-05
-1.07807e-05
-2.59724e-06
-9.57089e-06
-3.93438e-06
-8.65375e-06
-6.1054e-06
-4.48724e-06
-8.94787e-06
-7.19566e-06
-2.86307e-06
-6.15238e-06
-4.97767e-06
-9.32734e-06
-2.93044e-06
-4.89212e-06
-8.92247e-06
-7.57265e-06
-3.21808e-06
-9.51316e-06
-3.03715e-06
-8.68022e-06
-3.76338e-06
-3.77447e-06
-9.79786e-06
-5.9684e-06
-6.39375e-06
-8.18555e-06
-8.20015e-07
-9.45156e-06
-2.49737e-06
-1.44554e-06
-1.17805e-05
-9.27216e-06
-2.63741e-06
-6.80708e-06
-3.28509e-06
-6.66511e-06
-2.63934e-06
-1.75981e-06
-6.35083e-06
-4.58594e-06
-3.96505e-06
-6.04457e-06
-1.82646e-06
-6.50915e-06
-2.17474e-06
-1.52733e-06
-6.74164e-06
-6.77186e-06
-1.34538e-06
-7.05504e-06
-1.54326e-06
-8.09098e-06
-1.13881e-06
-5.18298e-06
-4.43533e-06
-4.85274e-06
-3.13001e-06
-1.60516e-06
-4.79084e-06
-1.22923e-06
-1.51473e-06
-2.91943e-06
-3.49278e-06
-4.97138e-06
-2.85396e-06
-7.71276e-06
-2.04945e-06
-6.39666e-06
-2.83084e-06
-1.45603e-06
-7.86005e-06
-3.89964e-06
-2.27826e-06
-1.89363e-06
-4.05546e-06
-3.39838e-06
-1.32608e-06
-9.61646e-07
-3.89277e-06
-4.07658e-06
-5.58656e-06
-3.9203e-06
-2.62213e-06
0.000118376
-6.4296e-06
0.000136144
-1.40385e-05
0.000127994
-4.34242e-06
6.91937e-05
6.43153e-05
0.000111956
-1.54337e-05
0.000113563
1.68388e-05
6.04463e-05
2.19813e-05
0.000114775
-1.96283e-05
9.85873e-05
-9.28907e-06
0.000100269
1.40773e-05
0.000113102
-1.91634e-05
0.000143318
2.22068e-06
0.000177722
-2.86793e-05
0.000172137
-9.04129e-05
0.000149698
-6.69075e-05
0.000116448
-1.66959e-05
6.97983e-05
2.75652e-05
3.98547e-05
3.56933e-05
9.9466e-05
7.06043e-05
3.24113e-05
3.65929e-05
1.99729e-05
3.76945e-05
-5.44401e-06
9.66686e-05
5.34118e-06
8.79891e-05
-6.75418e-06
0.000104899
-7.0898e-08
0.000119754
7.12588e-06
0.000110804
-1.06779e-05
0.000101845
-3.30147e-07
0.000151039
-3.51172e-05
0.00019689
-6.50144e-05
0.000220414
-2.13027e-05
0.000224932
-3.31971e-05
0.000208164
-7.36449e-05
0.00017926
-3.80034e-05
0.00014258
1.99834e-05
7.76658e-05
9.248e-05
4.02979e-05
7.30611e-05
0.000139764
0.000142463
3.86601e-05
0.000128937
3.34987e-05
0.000130182
-6.68861e-06
0.000107193
2.83296e-05
0.000116795
-1.63561e-05
0.000126681
-9.95612e-06
0.000134918
-1.11189e-06
0.00013665
-1.24093e-05
0.000149495
-1.31757e-05
0.000190138
-7.57603e-05
0.000216042
-9.09176e-05
0.000342339
-0.0001476
0.000344443
-3.53009e-05
0.000305827
-3.50287e-05
0.000287768
-1.99444e-05
0.000255547
5.22044e-05
0.000179014
0.000169012
6.56797e-05
0.000186396
0.000205444
0.000129865
3.74678e-05
0.00013469
2.86742e-05
0.000100135
2.78663e-05
0.000117682
1.07826e-05
0.000127862
-2.65363e-05
0.000144263
-2.63563e-05
0.000164841
-2.16908e-05
0.00018193
-2.9498e-05
0.000275269
-0.000106514
0.000234025
-3.4517e-05
0.000193475
-5.03677e-05
0.000102714
-5.68395e-05
0.000116517
-4.91036e-05
0.000118393
-3.69052e-05
0.000130091
-3.16423e-05
0.000115166
6.713e-05
0.000174552
0.000109626
7.39153e-05
0.000287032
0.000279359
0.000102925
7.18608e-05
8.95477e-05
4.20512e-05
6.85336e-05
4.88804e-05
8.75195e-05
-8.20335e-06
0.000110752
-4.97692e-05
0.000139528
-5.51319e-05
0.000135778
-1.79407e-05
0.000127147
-2.08673e-05
9.42778e-05
-7.36449e-05
0.000105147
-4.5386e-05
0.000112662
-5.78832e-05
0.000118885
-6.30625e-05
0.000117754
-4.79722e-05
8.33063e-05
-2.45742e-06
7.95234e-05
-2.78594e-05
9.28339e-05
5.38195e-05
0.000120755
8.17049e-05
6.14423e-05
0.000346346
0.000340801
0.000173644
8.77794e-05
0.000148112
6.75839e-05
0.000131284
6.57085e-05
0.000113167
9.91336e-06
0.000144473
-8.10751e-05
0.000119011
-2.96698e-05
0.000140339
-3.92691e-05
0.000145084
-2.5612e-05
0.000133818
-6.23788e-05
0.000139065
-5.06333e-05
0.00013944
-5.82583e-05
0.000136365
-5.9988e-05
0.0001258
-3.74064e-05
0.0001434
-2.00577e-05
6.08951e-05
5.46455e-05
0.000102135
1.25799e-05
5.06349e-05
0.000133205
4.27505e-05
0.00035423
0.000383552
9.52383e-05
0.000141877
0.000120206
4.26158e-05
0.000166919
1.89959e-05
0.00018895
-1.2118e-05
0.000135509
-2.76339e-05
0.000162113
-5.62737e-05
0.000149331
-2.64874e-05
0.000152707
-2.89878e-05
0.000133825
-4.34963e-05
0.000122324
-3.91319e-05
0.000112322
-4.8257e-05
0.000117742
-6.54074e-05
0.000107254
-2.6919e-05
6.75135e-05
1.96829e-05
6.4443e-05
5.7716e-05
4.35096e-05
3.35133e-05
3.95055e-05
0.000137209
2.93052e-05
0.00036443
0.000412857
1.17102e-05
0.000138711
5.76155e-05
-3.28936e-06
0.00011772
-4.1109e-05
0.000207314
-0.000101712
0.000219378
-3.96972e-05
0.000140364
2.27401e-05
0.000130134
-1.62573e-05
0.000119852
-1.8706e-05
9.59582e-05
-1.96024e-05
8.37593e-05
-2.69329e-05
7.72227e-05
-4.17203e-05
6.67576e-05
-5.49424e-05
6.85447e-05
-2.87061e-05
6.65249e-05
2.17027e-05
6.81588e-05
5.6082e-05
2.12679e-05
8.04042e-05
1.49655e-05
0.000143511
1.10792e-05
0.000368317
0.000423936
6.81114e-06
3.92412e-05
7.48149e-05
-7.12932e-05
5.92216e-05
-2.55157e-05
6.4246e-05
-0.000106736
9.53508e-05
-7.08021e-05
7.79577e-05
4.01332e-05
7.32586e-05
-1.15582e-05
7.32771e-05
-1.87246e-05
6.67884e-05
-1.31139e-05
6.28956e-05
-2.30401e-05
9.61649e-05
-7.49898e-05
0.000100253
-5.90305e-05
5.16705e-05
1.98764e-05
3.09409e-05
4.24324e-05
2.71465e-06
8.43083e-05
4.26616e-06
7.88527e-05
-5.53556e-06
0.000153313
-9.35658e-06
0.000372137
0.00041458
4.89932e-05
-5.60045e-05
8.17971e-05
-0.000104097
8.85509e-05
-3.22695e-05
5.19244e-05
-7.011e-05
6.52249e-05
-8.41026e-05
0.000118256
-1.28977e-05
0.000111865
-5.1671e-06
0.000105703
-1.25627e-05
5.65038e-05
3.60851e-05
7.28711e-05
-3.94073e-05
7.18079e-05
-7.39266e-05
2.72331e-05
-1.44558e-05
-3.44178e-05
8.15273e-05
-2.75388e-05
3.55534e-05
-2.95976e-05
8.6367e-05
-4.07511e-05
9.00062e-05
-4.22353e-05
0.000154797
-2.02838e-05
0.000350186
0.000394296
1.4775e-05
-6.03042e-05
2.38291e-05
-0.000113151
6.14974e-05
-6.99378e-05
6.93513e-05
-7.79639e-05
7.54796e-05
-9.02309e-05
8.66124e-05
-2.40305e-05
8.4996e-05
-3.55071e-06
4.3931e-05
2.85023e-05
2.16481e-05
5.83682e-05
-2.04634e-07
-1.75544e-05
-3.76882e-05
-3.6443e-05
-0.00010095
4.8806e-05
-9.5642e-05
7.62194e-05
-7.79737e-05
1.78852e-05
-6.94423e-05
7.78355e-05
-6.46927e-05
8.52566e-05
-4.06545e-05
0.000130759
-2.28472e-05
0.000332379
0.000371448
2.17475e-05
-5.60443e-05
8.66617e-06
-0.00010007
-7.5518e-06
-5.37199e-05
8.11349e-06
-9.36292e-05
1.62044e-05
-9.83218e-05
4.10014e-06
-1.19262e-05
-1.66109e-05
1.71604e-05
-4.49509e-05
5.68424e-05
-3.14555e-05
4.48729e-05
-7.67724e-05
2.77625e-05
-0.000129785
1.6569e-05
-8.83808e-05
7.40227e-06
-8.09462e-05
6.87848e-05
-8.24346e-05
1.93736e-05
-5.90908e-05
5.44917e-05
-5.28771e-05
7.90429e-05
-4.10865e-05
0.000118968
-1.84586e-05
0.000309751
0.000352989
1.44086e-05
-3.88626e-05
-5.65146e-06
-8.00098e-05
-1.451e-05
-4.48613e-05
-5.92414e-05
-4.88978e-05
-0.00011372
-4.3843e-05
-0.000118558
-7.08779e-06
-0.000137695
3.62966e-05
-0.000141973
6.1121e-05
-0.00015173
5.46296e-05
-0.000178524
5.4557e-05
-0.000184891
2.29356e-05
-0.000170425
-7.06359e-06
-9.77262e-05
-3.91412e-06
-7.56584e-05
-2.69427e-06
-5.98408e-05
3.86742e-05
-4.65163e-05
6.57184e-05
-3.7182e-05
0.000109634
-1.5947e-05
0.000288516
0.000337042
-1.53265e-05
-2.21204e-05
-5.59075e-05
-3.94288e-05
-4.48188e-05
-5.595e-05
-6.60483e-05
-2.76683e-05
-9.01218e-05
-1.97697e-05
-0.000134521
3.73114e-05
-0.000126827
2.86028e-05
-0.00014065
7.49437e-05
-0.000156118
7.00975e-05
-0.00012173
2.01696e-05
-0.000138206
3.9411e-05
-0.000179296
3.40266e-05
-0.000154207
-2.90033e-05
-0.000133166
-2.37349e-05
-5.92446e-05
-3.52472e-05
-2.55286e-05
3.20025e-05
-1.77614e-05
0.000101867
-1.13257e-05
0.00028208
0.000325717
-4.58047e-05
-1.93579e-05
-5.83025e-05
-2.69311e-05
-7.87393e-05
-3.55131e-05
-6.47885e-05
-4.16192e-05
-8.3728e-05
-8.30184e-07
-0.000111112
6.46955e-05
-0.000130969
4.84597e-05
-9.68447e-05
4.08191e-05
-8.43513e-05
5.76042e-05
-0.000132534
6.83527e-05
-0.000100915
7.79194e-06
-8.99097e-05
2.3021e-05
-0.000130081
1.11682e-05
-0.00013436
-1.94564e-05
-7.84035e-05
-9.12034e-05
-2.72923e-05
-1.91087e-05
-1.50588e-05
8.96331e-05
-8.67283e-06
0.000275694
0.000317044
-3.19678e-05
-1.26446e-05
-3.86643e-05
-2.02346e-05
-6.94426e-05
-4.73482e-06
-8.22882e-05
-2.87737e-05
-0.000101768
1.86492e-05
-8.87031e-05
5.1631e-05
-8.51664e-05
4.49229e-05
-0.000111042
6.66948e-05
-0.000103185
4.97466e-05
-0.000102991
6.81587e-05
-7.26781e-05
-2.25206e-05
-5.89504e-05
9.29333e-06
-7.03546e-05
2.25724e-05
-7.0246e-05
-1.95649e-05
-9.02205e-05
-7.12289e-05
-5.68576e-05
-5.24716e-05
-3.07951e-05
6.35705e-05
-4.11425e-06
0.000249013
0.00031293
-2.91592e-05
-1.00627e-05
-3.45618e-05
-1.4832e-05
-3.8987e-05
-3.09596e-07
-6.49411e-05
-2.81955e-06
-6.54961e-05
1.92041e-05
-3.00223e-05
1.61572e-05
-4.33175e-05
5.82181e-05
-3.879e-05
6.21673e-05
-5.47765e-05
6.57331e-05
-2.4477e-05
3.78592e-05
-5.46662e-05
7.66864e-06
-5.72811e-05
1.19082e-05
-2.00965e-05
-1.46122e-05
-4.90574e-05
9.39596e-06
-8.87375e-05
-3.15487e-05
-9.404e-05
-4.71692e-05
-5.38687e-05
2.33992e-05
2.18968e-05
0.000173248
0.000334826
-2.63317e-05
-9.60328e-06
-2.8969e-05
-1.21948e-05
-2.75236e-05
-1.75499e-06
-4.10275e-05
1.06844e-05
-2.59176e-05
4.0942e-06
-3.8638e-05
2.88776e-05
-1.78504e-05
3.74305e-05
-1.05748e-05
5.48917e-05
1.26332e-05
4.25251e-05
-5.255e-06
5.57475e-05
-2.64549e-05
2.88686e-05
-2.28728e-05
8.32605e-06
-1.05252e-05
-2.69598e-05
6.52969e-07
-1.78218e-06
-4.55885e-05
1.46927e-05
-8.4269e-05
-8.48866e-06
-7.13291e-05
1.04592e-05
4.57567e-05
5.6162e-05
0.000380583
-2.29234e-05
-1.82985e-05
-4.26833e-05
7.56512e-06
-2.73332e-05
-1.71051e-05
-4.17583e-05
2.51095e-05
-3.96617e-05
1.99763e-06
-2.0411e-05
9.62683e-06
-1.22656e-05
2.92851e-05
6.6391e-06
3.59871e-05
2.39144e-06
4.67727e-05
1.42391e-05
4.38998e-05
4.16446e-06
3.89431e-05
1.01763e-06
1.14729e-05
-3.34867e-06
-2.25935e-05
2.34674e-05
-2.85983e-05
5.22987e-06
3.29302e-05
-2.59461e-05
2.26872e-05
-2.58547e-05
1.0368e-05
2.43147e-05
5.99294e-06
0.000404898
-1.59239e-05
-2.52307e-05
-1.80297e-05
9.67098e-06
-2.57774e-05
-9.35749e-06
-2.47622e-05
2.40942e-05
-3.65223e-05
1.37578e-05
-3.28228e-05
5.92732e-06
-2.01434e-05
1.66057e-05
-1.23492e-05
2.81928e-05
-9.29502e-07
3.5353e-05
5.11128e-06
3.7859e-05
1.9075e-05
2.49794e-05
1.48253e-05
1.57226e-05
1.32974e-05
-2.10656e-05
1.84448e-05
-3.37457e-05
1.49409e-05
3.6434e-05
9.9544e-06
2.76738e-05
8.89099e-06
1.14314e-05
-2.99967e-06
1.78833e-05
0.000401898
-3.99792e-05
-6.76844e-06
-2.25246e-05
-7.7836e-06
-3.88811e-05
6.99902e-06
-2.15332e-05
6.74625e-06
-1.92114e-05
1.1436e-05
-3.08869e-05
1.76028e-05
-2.73013e-05
1.30201e-05
-2.29746e-05
2.38661e-05
-1.75679e-05
2.99463e-05
1.19691e-06
1.90942e-05
6.24091e-06
1.99353e-05
2.78327e-05
-5.86928e-06
2.37182e-05
-1.69511e-05
1.38032e-05
-2.38307e-05
1.90427e-05
3.11945e-05
1.57311e-05
3.09854e-05
2.0846e-05
6.31643e-06
-9.45123e-06
4.81802e-05
0.000392446
-3.01803e-05
-9.29647e-06
-3.33811e-05
-4.58282e-06
-2.33422e-05
-3.03983e-06
-2.14528e-05
4.85682e-06
-1.60827e-05
6.06593e-06
-2.35469e-05
2.5067e-05
-2.34999e-05
1.29731e-05
-1.34812e-05
1.38474e-05
-7.4555e-06
2.39206e-05
4.50251e-07
1.11884e-05
1.65063e-05
3.87924e-06
2.15202e-05
-1.08832e-05
2.7669e-05
-2.30998e-05
1.84919e-05
-1.46536e-05
1.37048e-05
3.59817e-05
2.05904e-05
2.40998e-05
3.0976e-05
-4.06918e-06
-8.50856e-06
8.7665e-05
0.000383938
-2.13869e-05
-6.66594e-06
-2.0618e-05
-5.35177e-06
-2.54589e-05
1.80114e-06
-2.5146e-05
4.54381e-06
-2.54481e-05
6.36802e-06
-1.29255e-05
1.25444e-05
-1.02076e-05
1.02551e-05
-1.30676e-05
1.67074e-05
-1.67302e-06
1.2526e-05
4.62369e-06
4.89173e-06
1.00682e-05
-1.56532e-06
1.63762e-05
-1.71911e-05
2.59864e-05
-3.271e-05
1.36617e-05
-2.32898e-06
2.12773e-05
2.83661e-05
2.83192e-05
1.70579e-05
3.28352e-05
-8.5851e-06
-1.6464e-05
0.000136964
0.000367474
-1.77674e-05
-3.36868e-06
-1.79726e-05
-5.14659e-06
-1.96881e-05
3.5167e-06
-1.56473e-05
5.02959e-07
-1.87981e-05
9.5188e-06
-1.00028e-05
3.74915e-06
-1.75553e-05
1.78076e-05
-8.21046e-06
7.3626e-06
-7.25284e-06
1.15684e-05
-3.33654e-06
9.75415e-07
-2.61817e-06
-2.28369e-06
-2.12807e-06
-1.76813e-05
1.94818e-06
-3.67863e-05
8.8143e-06
-9.1951e-06
2.85429e-05
8.63753e-06
3.86458e-05
6.95495e-06
7.90202e-06
2.21587e-05
-2.08286e-05
0.000165695
0.000346646
-2.13963e-05
-3.68056e-06
-1.81902e-05
-8.35274e-06
-1.72386e-05
2.5651e-06
-1.60864e-05
-6.49195e-07
-1.31873e-05
6.61971e-06
-1.84729e-05
9.03471e-06
-9.15963e-06
8.49428e-06
-8.438e-06
6.64096e-06
-9.24742e-06
1.23778e-05
-8.29879e-06
2.6776e-08
-6.9765e-06
-3.606e-06
-3.13555e-06
-2.15222e-05
-2.93618e-06
-3.69857e-05
4.58641e-07
-1.25899e-05
1.31273e-05
-4.03115e-06
7.01234e-06
1.30699e-05
-2.5721e-05
5.4892e-05
-1.71936e-05
0.000157168
0.000329452
-1.24948e-05
-6.57553e-06
-1.94457e-05
-1.40187e-06
-1.48908e-05
-1.9898e-06
-1.53106e-05
-2.29366e-07
-1.80421e-05
9.35121e-06
-1.6123e-05
7.11556e-06
-1.09407e-05
3.31197e-06
-2.16436e-05
1.73439e-05
-1.2611e-05
3.34518e-06
-1.97118e-05
7.12753e-06
-1.46282e-05
-8.6896e-06
-1.4128e-05
-2.20224e-05
-9.82188e-06
-4.12918e-05
-1.39834e-05
-8.42842e-06
-1.08796e-05
-7.13496e-06
-2.68684e-05
2.90587e-05
-2.8981e-05
5.70045e-05
-1.83263e-05
0.000146513
0.000311126
-1.17204e-05
-4.99038e-06
-1.14068e-05
-1.71548e-06
-1.12268e-05
-2.16978e-06
-1.11731e-05
-2.83129e-07
-9.11181e-06
7.28992e-06
-1.40343e-05
1.2038e-05
-1.59831e-05
5.26086e-06
-1.71645e-05
1.85253e-05
-1.89457e-05
5.12633e-06
-2.21938e-05
1.03756e-05
-1.50215e-05
-1.58619e-05
-1.715e-05
-1.9894e-05
-2.65896e-05
-3.18521e-05
-2.7043e-05
-7.97506e-06
-3.40546e-05
-1.2338e-07
-3.10303e-05
2.60344e-05
-3.32284e-05
5.92026e-05
-2.04245e-05
0.000133709
0.000290701
-9.54182e-06
-8.19623e-06
-9.77899e-06
-1.47832e-06
-9.55018e-06
-2.3986e-06
-1.18455e-05
2.01218e-06
-8.01454e-06
3.45896e-06
-4.01411e-06
8.03755e-06
-7.34402e-06
8.59076e-06
-3.42891e-06
1.46102e-05
-6.76999e-06
8.46741e-06
-1.0762e-05
1.43676e-05
-1.55451e-05
-1.10787e-05
-2.44319e-05
-1.10073e-05
-2.79589e-05
-2.8325e-05
-2.75488e-05
-8.38518e-06
-3.24574e-05
4.78522e-06
-3.48681e-05
2.8445e-05
-3.30692e-05
5.74037e-05
-1.77113e-05
0.000118351
0.00027299
-9.30211e-06
-1.05465e-05
-1.0518e-05
-2.62416e-07
-8.94232e-06
-3.97431e-06
-1.04038e-05
3.4737e-06
-9.71873e-06
2.77384e-06
-8.2775e-06
6.59631e-06
-7.99255e-06
8.3058e-06
-9.09802e-07
7.52741e-06
5.79012e-07
6.97859e-06
-3.29961e-07
1.52766e-05
-2.30591e-05
1.16504e-05
-2.66166e-05
-7.44981e-06
-5.4234e-05
-7.07691e-07
-4.97961e-05
-1.28231e-05
-5.32014e-05
8.19051e-06
-4.53944e-05
2.06381e-05
-3.54481e-05
4.74574e-05
-1.37889e-05
9.66922e-05
0.000259201
-1.5096e-05
-4.55346e-06
-1.07768e-05
-4.58161e-06
-1.01021e-05
-4.64898e-06
-6.61897e-06
-9.47254e-09
-5.4141e-06
1.56896e-06
-3.57416e-06
4.75637e-06
-1.41501e-06
6.14664e-06
-2.84196e-07
6.39659e-06
1.92825e-06
4.76614e-06
5.0121e-06
1.21927e-05
3.06847e-06
1.3594e-05
-1.55769e-05
1.11955e-05
-4.11726e-05
2.4888e-05
-5.41599e-05
1.64165e-07
-7.22811e-05
2.63117e-05
-5.67026e-05
5.05962e-06
-4.48078e-05
3.55626e-05
-2.28349e-05
7.47193e-05
0.000236366
-1.1715e-05
-5.55836e-06
-1.06507e-05
-5.64583e-06
-9.74336e-06
-5.55638e-06
-1.08534e-05
1.10054e-06
-8.95232e-06
-3.32102e-07
-7.94005e-06
3.7441e-06
-3.73497e-06
1.94156e-06
7.70391e-08
2.58458e-06
4.82422e-06
1.89474e-08
8.71584e-06
8.30106e-06
6.7558e-06
1.55541e-05
-1.02695e-05
2.82208e-05
-1.11177e-05
2.57363e-05
-2.67928e-05
1.58393e-05
-5.83607e-05
5.78796e-05
-6.1442e-05
8.14089e-06
-5.73842e-05
3.15047e-05
-4.50775e-05
6.24124e-05
0.000191289
-9.64745e-06
-4.85879e-06
-9.0271e-06
-6.26618e-06
-9.00235e-06
-5.58113e-06
-7.8819e-06
-1.99142e-08
-1.02385e-05
2.02451e-06
-7.75431e-06
1.25989e-06
-7.66452e-06
1.85176e-06
-2.5786e-06
-2.50134e-06
2.0516e-06
-4.61126e-06
1.30136e-05
-2.66095e-06
1.92229e-05
9.34476e-06
3.29153e-05
1.45285e-05
2.48526e-05
3.3799e-05
2.191e-05
1.87818e-05
-1.24383e-05
9.22279e-05
-4.44328e-05
4.01354e-05
-6.24889e-05
4.95608e-05
-4.91835e-05
4.91071e-05
0.000142105
-8.5958e-06
-5.18546e-06
-7.02822e-06
-7.83375e-06
-7.72564e-06
-4.88372e-06
-6.19986e-06
-1.54569e-06
-6.73832e-06
2.56297e-06
-6.75527e-06
1.27684e-06
-3.86192e-06
-1.04159e-06
-3.13503e-06
-3.22824e-06
5.58045e-06
-1.33267e-05
6.05194e-06
-3.13244e-06
1.56969e-05
-3.00173e-07
2.40312e-05
6.19408e-06
3.86399e-05
1.91903e-05
2.08434e-05
3.65783e-05
4.0127e-05
7.29444e-05
-9.60851e-06
8.98709e-05
-4.68435e-05
8.67959e-05
-3.19626e-05
3.42264e-05
0.000110143
-8.79947e-06
-6.18385e-06
-1.37206e-05
-2.91265e-06
-8.86986e-06
-9.73445e-06
-1.14953e-05
1.07977e-06
-6.26259e-06
-2.66976e-06
-7.18394e-06
2.19818e-06
-7.44712e-08
-8.15106e-06
4.49349e-06
-7.7962e-06
2.58846e-06
-1.14217e-05
8.44376e-06
-8.98774e-06
1.25263e-05
-4.38275e-06
2.29943e-05
-4.27389e-06
3.22246e-05
9.96001e-06
4.86048e-05
2.01981e-05
7.27498e-05
4.87994e-05
3.50678e-05
0.000127553
1.84146e-05
0.000103449
1.94797e-06
5.06929e-05
0.000112091
-7.66884e-06
-1.02955e-05
-8.11954e-06
-2.46195e-06
-1.34331e-05
-4.42089e-06
-8.57569e-06
-3.77764e-06
-4.8389e-06
-6.40655e-06
-3.02934e-06
3.88625e-07
-2.89592e-07
-1.08908e-05
2.38892e-06
-1.04747e-05
1.66343e-06
-1.06962e-05
5.6971e-06
-1.30214e-05
2.06717e-05
-1.93574e-05
2.87743e-05
-1.23765e-05
5.59643e-05
-1.723e-05
7.41259e-05
2.03646e-06
5.57011e-05
6.72242e-05
2.96131e-05
0.000153641
2.72203e-05
0.000105842
-1.53469e-05
9.32601e-05
9.67438e-05
-7.98966e-06
-8.65668e-06
-7.29142e-06
-3.16019e-06
-8.48376e-06
-3.22855e-06
-6.7877e-06
-5.4737e-06
-9.10351e-06
-4.09074e-06
-2.85269e-06
-5.8622e-06
-3.06607e-06
-1.06774e-05
-9.22292e-07
-1.26185e-05
3.43542e-06
-1.50539e-05
9.6192e-06
-1.92052e-05
1.49228e-05
-2.4661e-05
2.29133e-05
-2.03669e-05
4.66337e-05
-4.09504e-05
5.24826e-05
-3.81248e-06
3.36966e-05
8.60102e-05
1.98468e-05
0.000167491
4.28781e-05
8.28104e-05
3.26004e-05
0.000103538
0.000129344
-6.67447e-06
-8.72384e-06
-6.16263e-06
-3.67202e-06
-6.45209e-06
-2.9391e-06
-6.42063e-06
-5.50516e-06
-4.51176e-06
-5.99961e-06
-4.03917e-06
-6.3348e-06
-1.37705e-06
-1.33395e-05
-2.66541e-07
-1.3729e-05
5.99385e-06
-2.13143e-05
1.7049e-05
-3.02604e-05
1.52845e-05
-2.28965e-05
2.646e-05
-3.15425e-05
4.54626e-05
-5.99529e-05
5.45285e-05
-1.28784e-05
6.96171e-05
7.09216e-05
5.23204e-05
0.000184788
3.60384e-05
9.90925e-05
1.97242e-05
0.000119852
0.000149068
-7.65682e-06
-5.50234e-06
-6.89972e-06
-4.42912e-06
-7.21151e-06
-2.62731e-06
-7.95027e-06
-4.7664e-06
-1.20075e-05
-1.94238e-06
-6.21056e-06
-1.21317e-05
-4.86189e-06
-1.46882e-05
-3.03776e-06
-1.55531e-05
5.2165e-06
-2.95686e-05
1.0741e-05
-3.57849e-05
1.77878e-05
-2.99433e-05
2.97672e-05
-4.35219e-05
2.14422e-05
-5.1628e-05
3.49724e-05
-2.64086e-05
5.20491e-05
5.38449e-05
3.82465e-05
0.00019859
3.24818e-05
0.000104857
1.94341e-05
0.0001329
0.000168503
-6.76809e-06
-2.22703e-06
-6.89664e-06
-4.30057e-06
-6.09437e-06
-3.42958e-06
-8.07936e-06
-2.78141e-06
-4.65583e-06
-5.36591e-06
-6.58188e-06
-1.02057e-05
-4.7326e-06
-1.65375e-05
-4.05348e-06
-1.62323e-05
1.22659e-06
-3.48487e-05
7.65983e-06
-4.22181e-05
1.07455e-05
-3.30289e-05
3.15174e-05
-6.42938e-05
2.88374e-05
-4.89479e-05
4.00905e-05
-3.76617e-05
5.56782e-05
3.82572e-05
7.00586e-05
0.00018421
3.79477e-05
0.000136968
2.52834e-05
0.000145564
0.000193786
-5.4126e-06
-4.67448e-06
-7.46008e-06
-2.25309e-06
-8.73194e-06
-2.15771e-06
-6.6891e-06
-4.82425e-06
-6.41517e-06
-5.63983e-06
-4.29688e-06
-1.2324e-05
-5.71957e-06
-1.51148e-05
1.36916e-06
-2.3321e-05
2.13273e-06
-3.56122e-05
4.03612e-06
-4.41215e-05
1.58859e-05
-4.48787e-05
1.79935e-05
-6.64014e-05
4.26922e-05
-7.36466e-05
4.48473e-05
-3.98168e-05
8.98312e-05
-6.72677e-06
0.000101138
0.000172903
4.02556e-05
0.00019785
4.73241e-05
0.000138495
0.00024111
-4.65371e-06
-3.91353e-06
-3.9499e-06
-2.9569e-06
-5.60026e-06
-5.0735e-07
-2.26735e-06
-8.15716e-06
-1.74452e-06
-6.16267e-06
1.38878e-06
-1.54573e-05
6.15729e-06
-1.98833e-05
3.83405e-06
-2.09977e-05
9.78105e-06
-4.15592e-05
2.11628e-05
-5.55032e-05
1.52203e-05
-3.89362e-05
3.95992e-05
-9.07803e-05
3.39706e-05
-6.80181e-05
6.08743e-05
-6.67205e-05
0.000139072
-8.49244e-05
0.000218751
9.32244e-05
9.7066e-05
0.000319535
0.000130749
0.000104812
0.000371859
8.54172e-08
-5.12565e-07
1.15491e-06
4.84519e-07
4.05704e-06
2.91039e-06
1.71487e-06
1.5606e-05
8.13694e-06
1.74894e-06
1.57652e-05
2.8128e-06
2.18146e-05
6.10086e-05
0.000121413
0.000176446
0.00022097
0.000310224
)
;

boundaryField
{
    leftWall
    {
        type            calculated;
        value           uniform 0;
    }
    rightWall
    {
        type            calculated;
        value           uniform 0;
    }
    lowerWall
    {
        type            calculated;
        value           uniform 0;
    }
    atmosphere
    {
        type            calculated;
        value           nonuniform List<scalar> 
46
(
-1.76916e-05
-1.97151e-05
-2.38011e-05
-2.79091e-05
-2.39556e-05
-1.94444e-05
-1.86621e-05
-1.73492e-05
-1.917e-05
-1.41771e-05
-1.88976e-05
-1.46794e-05
-2.08316e-05
-1.58983e-05
-1.38354e-05
-1.00735e-05
-1.05359e-05
-7.60577e-06
-7.18697e-06
-9.5353e-06
-8.32667e-06
-7.94978e-06
-5.7407e-06
-1.56736e-06
-2.54547e-06
-2.99234e-06
-2.25981e-06
-6.62108e-06
-2.35892e-06
-2.17482e-06
-7.48677e-06
-9.73519e-06
-1.43106e-05
-1.86878e-05
-3.48888e-05
-3.40902e-05
-4.91152e-05
-5.29525e-05
-7.78279e-05
-8.702e-05
-0.000105914
-0.000145328
3.81911e-05
0.000275011
1.5558e-05
0.000682084
)
;
    }
    defaultFaces
    {
        type            empty;
    }
}


// ************************************************************************* //
