/*--------------------------------*- C++ -*----------------------------------*\
| =========                 |                                                 |
| \\      /  F ield         | foam-extend: Open Source CFD                    |
|  \\    /   O peration     | Version:     4.1                                |
|   \\  /    A nd           | Web:         http://www.foam-extend.org         |
|    \\/     M anipulation  |                                                 |
\*---------------------------------------------------------------------------*/
FoamFile
{
    version     2.0;
    format      ascii;
    class       volVectorField;
    location    "0.55";
    object      U;
}
// * * * * * * * * * * * * * * * * * * * * * * * * * * * * * * * * * * * * * //

dimensions      [0 1 -1 0 0 0 0];

internalField   nonuniform List<vector> 
2268
(
(-0.0041603 -0.0308789 0)
(0.235546 -0.0270696 0)
(0.30289 -0.00754074 0)
(0.352016 -0.00988456 0)
(0.398706 -0.00589635 0)
(0.441931 -0.00479022 0)
(0.431155 0.0036081 0)
(0.465872 0.000327198 0)
(0.538933 0.0110538 0)
(0.426503 -0.0191708 0)
(0.275168 0.024509 0)
(0.29622 0.0137719 0)
(0.270043 0.0153935 0)
(0.241937 0.0258166 0)
(0.259571 0.0619918 0)
(0.323545 -0.0101904 0)
(0.317539 0.00600739 0)
(0.266073 0.051873 0)
(0.129002 0.0426772 0)
(0.0864251 -0.024306 0)
(-0.0755323 -0.0426226 0)
(0.0711494 -0.00390952 0)
(-0.0774455 -0.0466335 0)
(0.00362505 -0.0713045 0)
(0.250282 -0.0600782 0)
(0.316351 -0.00616615 0)
(0.354147 -0.0170564 0)
(0.406008 -0.0160801 0)
(0.455135 -0.00105796 0)
(0.436144 -0.0144711 0)
(0.480157 -0.0312985 0)
(0.56724 0.00782775 0)
(0.399032 -0.0755453 0)
(0.276477 0.0573113 0)
(0.29011 0.00881629 0)
(0.266408 0.0112668 0)
(0.26192 -0.0116189 0)
(0.256115 0.0321345 0)
(0.269313 0.00162335 0)
(0.299193 0.00460515 0)
(0.248239 -0.00604989 0)
(0.175439 0.0417373 0)
(0.17802 0.0675338 0)
(0.154227 0.0486412 0)
(0.115085 0.00308628 0)
(0.128697 0.0434577 0)
(0.0272264 -0.141107 0)
(0.278329 -0.11895 0)
(0.33832 -0.0181811 0)
(0.349722 -0.0360071 0)
(0.410991 -0.0309575 0)
(0.467473 -0.00880046 0)
(0.446392 -0.00909023 0)
(0.530093 -0.0376821 0)
(0.563013 0.0300938 0)
(0.417579 -0.0769788 0)
(0.246194 0.00981553 0)
(0.186671 0.0592469 0)
(0.168195 0.0133987 0)
(0.161006 0.0501451 0)
(0.21329 0.0564959 0)
(0.271741 0.095105 0)
(0.294667 0.0332348 0)
(0.22351 -0.0173537 0)
(0.145597 0.0290148 0)
(0.139738 0.0454393 0)
(0.112572 0.0285548 0)
(0.0884462 0.00954533 0)
(0.124139 0.0693815 0)
(0.0607556 -0.199398 0)
(0.321952 -0.147184 0)
(0.375957 -0.00705175 0)
(0.352318 -0.0377401 0)
(0.420357 -0.0451452 0)
(0.518919 -0.00675475 0)
(0.488557 -0.038809 0)
(0.594747 -0.0620147 0)
(0.59273 0.104339 0)
(0.39442 -0.00376376 0)
(0.231058 0.0343362 0)
(0.175697 0.018154 0)
(0.149629 0.0432137 0)
(0.186257 0.0329595 0)
(0.184062 0.0590163 0)
(0.216086 0.061283 0)
(0.230195 0.0267991 0)
(0.222501 0.0289588 0)
(0.167008 0.0120745 0)
(0.147731 0.0354002 0)
(0.124403 0.0268931 0)
(0.102249 0.0487995 0)
(0.135763 0.0918742 0)
(0.0598557 -0.338293 0)
(0.361467 -0.229791 0)
(0.394766 -0.00802451 0)
(0.35811 -0.0530217 0)
(0.452385 -0.0741 0)
(0.562046 -0.0197848 0)
(0.526657 -0.019538 0)
(0.661759 -0.101884 0)
(0.624459 0.117666 0)
(0.399988 0.0257512 0)
(0.235818 0.0281552 0)
(0.182909 0.041487 0)
(0.159357 0.0523347 0)
(0.154349 -0.0291025 0)
(0.181252 0.0241129 0)
(0.141317 0.0658979 0)
(0.15291 0.0143303 0)
(0.139423 0.018337 0)
(0.124474 0.0435993 0)
(0.131533 0.0611116 0)
(0.125809 0.0504251 0)
(0.111195 0.0609263 0)
(0.15174 0.125475 0)
(0.0272944 -0.275405 0)
(0.392878 -0.25951 0)
(0.433003 0.0189778 0)
(0.362188 -0.0569133 0)
(0.464654 -0.0989862 0)
(0.604438 -0.0168665 0)
(0.50169 -0.103411 0)
(0.639964 -0.0515565 0)
(0.67026 0.0885441 0)
(0.480746 0.136823 0)
(0.372973 0.00515282 0)
(0.285111 0.110334 0)
(0.175766 0.000895989 0)
(0.205849 0.000637539 0)
(0.246663 0.0176354 0)
(0.187877 0.0760307 0)
(0.126449 0.0349754 0)
(0.139831 0.0399706 0)
(0.12214 0.0579612 0)
(0.120357 0.0442997 0)
(0.126643 0.0331434 0)
(0.129518 0.105869 0)
(0.158076 0.151666 0)
(-0.183486 -0.214032 0)
(0.277079 -0.346175 0)
(0.387173 0.0359766 0)
(0.239024 -0.0649083 0)
(0.365578 -0.131256 0)
(0.601781 -0.0329803 0)
(0.500897 -0.241571 0)
(0.763064 0.0446737 0)
(0.717964 -0.0436347 0)
(0.469175 0.108211 0)
(0.405307 0.0927084 0)
(0.289234 0.148767 0)
(0.0997684 0.0667103 0)
(0.207431 0.0789644 0)
(0.219081 -0.06378 0)
(0.165574 0.0623263 0)
(0.13364 0.0391733 0)
(0.129948 0.0950289 0)
(0.108748 0.0653795 0)
(0.113329 0.0598895 0)
(0.157611 0.0455444 0)
(0.152811 0.103461 0)
(0.182285 0.198666 0)
(-0.233102 -0.231874 0)
(0.0748394 -0.492912 0)
(0.138814 0.102188 0)
(-0.105923 -0.0635517 0)
(0.0103271 -0.203357 0)
(0.191011 -0.0411336 0)
(0.269164 -0.390348 0)
(0.696863 -0.127387 0)
(0.572051 -0.0459003 0)
(0.27354 0.231749 0)
(0.211985 0.229744 0)
(0.177343 0.160428 0)
(0.00271115 0.0803646 0)
(0.110704 0.00737683 0)
(0.178415 0.0206613 0)
(0.107528 0.103533 0)
(0.0265405 0.0175275 0)
(0.0770727 0.0609497 0)
(0.0273747 0.0617975 0)
(0.0594551 0.0221027 0)
(0.157761 0.00660604 0)
(0.243525 0.114578 0)
(0.167189 0.306146 0)
(-0.564762 0.169351 0)
(-0.67797 -0.0452477 0)
(-0.880714 -0.00899747 0)
(-0.998255 -0.0271394 0)
(-0.952088 -0.0726177 0)
(-0.889388 -0.0406855 0)
(-0.924921 -0.00811515 0)
(-1.31351 -0.18413 0)
(-1.52939 -0.0449916 0)
(-1.34495 0.00103552 0)
(-1.33064 -0.133069 0)
(-1.32446 0.155359 0)
(-1.12823 -0.0304433 0)
(-1.1009 -0.0249637 0)
(-0.863868 -0.0666453 0)
(-0.54082 -0.147246 0)
(-0.157765 -0.155437 0)
(0.300912 -0.00822248 0)
(0.0670803 0.0265721 0)
(-0.493577 0.370277 0)
(-0.344565 0.176542 0)
(-0.316779 0.0999906 0)
(-0.241924 0.0726526 0)
(-0.288857 0.0165795 0)
(-0.451494 0.0546392 0)
(-0.747574 0.123078 0)
(-1.19469 -0.107567 0)
(-1.4665 0.138836 0)
(-1.32405 0.220686 0)
(-1.15795 -0.105369 0)
(-1.22524 0.113743 0)
(-0.764988 -0.0468316 0)
(-0.565882 -0.0374741 0)
(-0.473701 -0.216064 0)
(-0.203402 -0.138639 0)
(-0.0576304 -0.254357 0)
(0.0874103 -0.0848699 0)
(0.148671 0.102248 0)
(-0.411721 0.833178 0)
(-0.197452 0.303497 0)
(-0.277984 -0.0555873 0)
(-0.623075 -0.0893823 0)
(-0.461567 0.132548 0)
(-0.390085 0.122825 0)
(-0.702471 0.0494076 0)
(-0.906183 -0.00698354 0)
(-1.01665 0.165092 0)
(-0.931458 0.264037 0)
(-0.362919 -0.414549 0)
(-0.641265 -0.279681 0)
(-0.663027 0.10456 0)
(-0.297157 -0.161795 0)
(-0.244439 -0.329721 0)
(-0.125711 -0.234969 0)
(-0.0907083 -0.263483 0)
(-0.270595 -0.0892827 0)
(0.0840955 0.0898943 0)
(-0.352235 0.823156 0)
(0.187563 0.304411 0)
(-0.252117 0.120348 0)
(-0.19784 0.089133 0)
(-0.0837462 0.1255 0)
(0.102157 0.146375 0)
(-0.418923 0.230116 0)
(0.446733 -0.0214932 0)
(-0.646799 0.196112 0)
(-0.728495 0.200405 0)
(0.383832 -0.326094 0)
(-0.0784803 -0.0364972 0)
(-0.465154 0.082784 0)
(-0.0394 -0.184139 0)
(-0.0022955 -0.307286 0)
(0.0309864 -0.147437 0)
(0.0569498 -0.143491 0)
(-0.22502 -0.120603 0)
(0.0867264 0.0592701 0)
(-0.287279 0.8377 0)
(0.352258 0.352182 0)
(-0.389884 0.025099 0)
(0.0970787 0.0157081 0)
(-0.147319 0.103746 0)
(0.143221 0.192876 0)
(-0.0283576 0.264962 0)
(0.603768 -0.0140718 0)
(0.453729 0.24454 0)
(0.694185 -0.0138783 0)
(0.741187 -0.278346 0)
(0.287162 -0.0604483 0)
(-0.0805796 0.116505 0)
(0.232832 -0.231806 0)
(0.284243 -0.348272 0)
(0.255814 -0.346015 0)
(0.217903 -0.234737 0)
(-0.0030353 -0.125239 0)
(0.100589 0.0623907 0)
(-0.26394 0.775717 0)
(0.349959 0.386253 0)
(-0.229221 0.136438 0)
(0.302528 -0.0445587 0)
(0.146022 0.0315971 0)
(0.225379 0.138322 0)
(0.631161 -0.0387216 0)
(-0.144381 -0.183874 0)
(0.299486 0.158483 0)
(0.890577 0.00914393 0)
(0.871715 -0.149403 0)
(0.484762 0.199478 0)
(0.149772 0.0666341 0)
(0.4652 -0.26643 0)
(0.425698 -0.32054 0)
(0.353292 -0.440231 0)
(0.400237 -0.310876 0)
(0.211256 -0.122575 0)
(0.0514157 0.0986069 0)
(-0.249913 0.749361 0)
(0.358978 0.38083 0)
(0.169597 0.0193905 0)
(0.350482 -0.0771563 0)
(0.271218 0.0946688 0)
(0.245332 0.149199 0)
(0.407768 0.227485 0)
(-0.075905 0.00435636 0)
(0.358175 -0.212529 0)
(0.745445 0.0720055 0)
(0.709211 -0.0258661 0)
(0.419268 0.174067 0)
(0.423942 0.124277 0)
(0.690628 -0.273333 0)
(0.674562 -0.328076 0)
(0.542043 -0.373984 0)
(0.529013 -0.164173 0)
(0.291566 -0.0530038 0)
(0.10197 0.121168 0)
(-0.308281 0.652828 0)
(0.164542 0.135615 0)
(0.408868 -0.0101683 0)
(0.386448 -0.100043 0)
(0.223408 0.158463 0)
(0.301051 0.0438496 0)
(0.765567 -0.146323 0)
(0.745097 0.0939995 0)
(0.716086 -0.080377 0)
(0.498409 0.012771 0)
(0.480109 -0.071741 0)
(0.430022 0.121736 0)
(0.661471 0.0727111 0)
(0.900098 -0.312863 0)
(0.847764 -0.307586 0)
(0.667292 -0.351202 0)
(0.593298 -0.069108 0)
(0.314102 -0.0138275 0)
(0.111283 0.174958 0)
(-0.283714 -0.173708 0)
(-0.120758 -0.534349 0)
(-0.114809 0.149631 0)
(-0.0726772 -0.0379611 0)
(-0.208209 -0.246603 0)
(0.0379896 -0.0945779 0)
(0.126942 -0.44107 0)
(0.357889 -0.187114 0)
(0.537467 0.184565 0)
(0.46987 0.336566 0)
(0.327428 0.493661 0)
(0.207976 0.322269 0)
(0.0347303 0.00983248 0)
(0.120051 -0.11782 0)
(0.266599 -0.00732588 0)
(0.244677 -0.0170864 0)
(0.201674 0.0421894 0)
(0.21766 0.0192865 0)
(0.243477 0.0204295 0)
(0.282445 -0.0466875 0)
(0.286409 -0.0676908 0)
(0.319207 0.0684484 0)
(0.304442 0.43986 0)
(0.0436644 -0.127955 0)
(0.138113 -0.42043 0)
(-0.36427 -0.0520873 0)
(0.13546 0.120311 0)
(-0.0533103 -0.319282 0)
(0.0668076 -0.30578 0)
(0.0768569 -0.574609 0)
(-0.0384536 -0.457004 0)
(0.121079 -0.0960807 0)
(0.594785 0.355317 0)
(0.896586 0.611932 0)
(0.650649 0.478854 0)
(0.420952 0.265687 0)
(0.30771 0.0926056 0)
(0.313713 -0.0572112 0)
(0.278203 -0.069257 0)
(0.274502 -0.00758979 0)
(0.328069 0.028822 0)
(0.376106 0.0311097 0)
(0.375617 -0.0245951 0)
(0.423784 0.0167041 0)
(0.582852 0.0974412 0)
(0.581933 0.461396 0)
(-0.0575254 -0.316599 0)
(-0.0722624 -0.288023 0)
(0.0924614 -0.110814 0)
(0.41735 -0.127624 0)
(0.230853 -0.214711 0)
(0.0842419 -0.264876 0)
(0.00747147 -0.359084 0)
(-0.210707 -0.205158 0)
(-0.389957 -0.183063 0)
(-0.314349 -0.0445753 0)
(0.468305 0.348682 0)
(0.428541 0.476153 0)
(0.493058 0.18729 0)
(0.55748 0.123674 0)
(0.514766 0.0371317 0)
(0.408232 0.092302 0)
(0.271736 -0.0482376 0)
(0.299484 -0.066546 0)
(0.231839 -0.0815391 0)
(0.316806 -0.0272926 0)
(0.472511 0.14532 0)
(0.599918 0.0489357 0)
(0.626322 0.254743 0)
(-0.17843 -0.178552 0)
(-0.0818562 -0.77481 0)
(0.0323884 -0.572119 0)
(0.0141142 0.216737 0)
(-0.0128959 -0.171775 0)
(-0.105273 -0.220107 0)
(-0.240622 -0.250344 0)
(-0.285157 -0.0308303 0)
(-0.756031 -0.19338 0)
(-0.768264 -0.407359 0)
(-0.172991 -0.502557 0)
(0.0802538 0.225235 0)
(0.364547 0.0208966 0)
(0.490407 -0.0245219 0)
(1.02099 0.0529729 0)
(0.94774 0.13965 0)
(0.764594 0.141658 0)
(0.531278 0.12481 0)
(0.437278 0.0620279 0)
(0.463548 0.08074 0)
(0.422878 -0.0135899 0)
(0.568278 0.0116422 0)
(0.507498 0.015958 0)
(-0.242628 0.122512 0)
(-0.0167801 -0.667914 0)
(-0.116561 -0.720405 0)
(-0.249542 0.00594592 0)
(-0.106682 -0.263468 0)
(-0.136911 -0.166293 0)
(-0.272143 -0.03244 0)
(-0.567021 0.170423 0)
(-0.774942 -0.0742864 0)
(-0.329815 -0.38471 0)
(-0.219086 -0.805929 0)
(0.197164 0.0610464 0)
(0.239985 -0.0436166 0)
(0.0971619 -0.169196 0)
(0.242733 -0.281491 0)
(0.174237 -0.393827 0)
(0.397036 0.178499 0)
(0.569768 0.24357 0)
(0.677908 0.329926 0)
(0.687044 0.141751 0)
(0.720813 -0.0248614 0)
(0.732659 -0.03141 0)
(0.696235 -0.0253399 0)
(0.0615964 0.161613 0)
(0.11837 -0.283751 0)
(-0.262061 -0.232309 0)
(-0.312816 -0.0222946 0)
(-0.102855 -0.162351 0)
(-0.173472 -0.221569 0)
(-0.222318 -0.0154892 0)
(-0.547779 0.194135 0)
(-0.675813 0.116618 0)
(-0.342748 -0.624986 0)
(-0.399705 -0.904223 0)
(0.0198215 0.121636 0)
(0.0192459 -0.0828417 0)
(-0.166173 -0.224731 0)
(-0.0955246 -0.328992 0)
(0.00346118 -0.261908 0)
(0.134089 -0.299721 0)
(0.714375 -0.137577 0)
(0.73179 0.0594544 0)
(0.694195 -0.00564991 0)
(0.792908 -0.0314383 0)
(0.822271 0.0361344 0)
(0.767758 0.075737 0)
(0.00732436 -0.108759 0)
(0.0552062 -0.282634 0)
(-0.15471 -0.371625 0)
(-0.0734513 -0.0905856 0)
(-0.197176 -0.167021 0)
(-0.222309 -0.0885161 0)
(-0.323711 0.219849 0)
(-0.63749 0.263254 0)
(-0.727877 0.250952 0)
(-0.425686 -0.651086 0)
(-0.419378 -0.978106 0)
(-0.103295 -0.618771 0)
(0.246153 0.291621 0)
(0.120344 0.0608307 0)
(-0.0664692 -0.223929 0)
(-0.0626662 -0.3407 0)
(0.0514024 -0.365593 0)
(0.126448 -0.145402 0)
(0.175432 -0.228963 0)
(0.466739 -0.163227 0)
(0.543512 -0.172558 0)
(0.535751 -0.0314434 0)
(0.537165 0.0819516 0)
(0.0669446 0.0516305 0)
(0.270182 -0.493641 0)
(0.158673 -0.334858 0)
(0.114421 -0.0482565 0)
(-0.041065 -0.0456094 0)
(-0.214686 0.257111 0)
(-0.289331 0.293453 0)
(-0.304794 0.209735 0)
(-0.39632 0.0124662 0)
(-0.219917 -0.805712 0)
(-0.367587 -1.05679 0)
(-0.205554 -1.45944 0)
(0.283325 -0.286763 0)
(0.328849 0.0769825 0)
(0.266625 -0.0968794 0)
(0.130153 -0.331011 0)
(0.169737 -0.26849 0)
(0.00687898 -0.225567 0)
(0.0995416 -0.249838 0)
(0.157514 -0.287967 0)
(0.122486 -0.073303 0)
(0.236586 0.0969033 0)
(0.281599 0.1415 0)
(-0.0101459 -0.402005 0)
(0.0910947 -0.376317 0)
(-0.081066 -0.0282427 0)
(-0.0307351 0.293674 0)
(-0.0660849 0.243245 0)
(-0.0772546 0.304576 0)
(-0.196099 0.537329 0)
(-0.163892 0.421483 0)
(0.23828 0.102312 0)
(0.338721 -0.518368 0)
(-0.345923 -1.04405 0)
(-0.123463 -1.47846 0)
(0.438543 -0.889808 0)
(0.532283 0.070702 0)
(0.398367 0.0368748 0)
(0.097696 -0.351113 0)
(0.104778 -0.38285 0)
(0.0841006 -0.194651 0)
(0.126401 -0.279295 0)
(-0.0209902 -0.36747 0)
(-0.0760197 -0.0670654 0)
(-0.0499556 -0.164291 0)
(-0.234797 0.0544655 0)
(-0.053589 -0.503328 0)
(0.0551046 -0.357386 0)
(-0.103134 -0.19259 0)
(0.0883257 0.0126814 0)
(0.0540354 0.0355256 0)
(0.0533147 0.213717 0)
(0.221279 0.23317 0)
(0.103666 0.386622 0)
(0.525571 -0.137718 0)
(0.427514 -0.494966 0)
(0.107918 -0.486339 0)
(-0.0184428 -1.31989 0)
(0.116778 -0.556001 0)
(0.336054 0.206803 0)
(0.214071 0.0470183 0)
(0.166247 -0.318593 0)
(0.0593315 -0.19711 0)
(-0.0415646 -0.367051 0)
(-0.00449278 -0.273741 0)
(-0.0967949 -0.395852 0)
(-0.0665188 -0.0501271 0)
(-0.05965 0.167381 0)
(-0.355141 0.316589 0)
(-0.122165 -0.411492 0)
(-0.0106307 -0.251922 0)
(-0.0946241 -0.122614 0)
(-0.0565631 0.0672741 0)
(0.0709931 0.133573 0)
(0.0660424 0.300953 0)
(0.180565 0.208191 0)
(0.476415 0.074178 0)
(0.430568 -0.406105 0)
(0.291523 -0.398187 0)
(0.0980175 -0.49751 0)
(0.0539526 -1.38686 0)
(0.0631506 -0.668641 0)
(0.146162 0.0440536 0)
(0.104044 0.112375 0)
(0.0628254 -0.0322188 0)
(-0.0517465 -0.388707 0)
(0.00127814 -0.17966 0)
(-0.018664 -0.226423 0)
(-0.114432 -0.189636 0)
(-0.16016 -0.16423 0)
(-0.185958 0.100177 0)
(-0.27735 0.374031 0)
(-0.100194 -0.370694 0)
(-0.0500356 -0.265342 0)
(-0.091611 -0.236277 0)
(-0.0782109 -0.105859 0)
(0.0410623 -0.0719414 0)
(0.102664 0.0875545 0)
(0.200871 0.114725 0)
(0.424183 -0.00171538 0)
(0.375885 -0.284841 0)
(0.389038 -0.178879 0)
(0.0125888 -0.18436 0)
(0.0814158 -1.31063 0)
(-0.1083 -0.671603 0)
(-0.406654 0.0360635 0)
(0.0381598 0.127964 0)
(-0.0633597 -0.0123313 0)
(-0.074079 -0.0850239 0)
(-0.10311 -0.1444 0)
(-0.127716 -0.150005 0)
(-0.168876 -0.126205 0)
(-0.182287 -0.0252191 0)
(-0.223954 0.137697 0)
(-0.124785 0.365419 0)
(-0.0696738 -0.278971 0)
(-0.0194401 -0.133024 0)
(-0.0289432 -0.251007 0)
(-0.0312965 -0.0855318 0)
(0.102159 -0.15572 0)
(0.120146 -0.0749818 0)
(0.128567 -0.0853857 0)
(0.228599 -0.118623 0)
(0.321905 -0.202708 0)
(0.492519 -0.243226 0)
(0.556853 -0.129388 0)
(0.0669897 -1.38104 0)
(-0.38051 -0.613658 0)
(0.0609548 -0.350014 0)
(0.0542137 -0.0153194 0)
(0.0497893 0.108069 0)
(-0.0945492 -0.131658 0)
(-0.0744694 -0.219743 0)
(-0.148559 -0.162448 0)
(-0.219072 -0.105979 0)
(-0.189037 -0.0313095 0)
(-0.210951 0.0539217 0)
(-0.0509879 0.186689 0)
(0.010489 -0.162498 0)
(-0.0124805 -0.121796 0)
(-0.0242718 -0.13317 0)
(0.0133266 -0.127755 0)
(0.0382968 -0.14714 0)
(0.12963 -0.150465 0)
(0.244879 -0.113512 0)
(0.26135 -0.213607 0)
(0.19497 -0.193353 0)
(0.234405 -0.222923 0)
(0.320471 -0.163619 0)
(0.0609222 -1.43037 0)
(-0.143046 -0.420834 0)
(-0.172226 -0.576858 0)
(-0.113412 0.0456704 0)
(-0.141743 0.154867 0)
(-0.233042 -0.0397884 0)
(-0.153675 -0.0518881 0)
(-0.156572 -0.130777 0)
(-0.214068 -0.045489 0)
(-0.196307 -0.0496792 0)
(-0.211947 -0.00899858 0)
(-0.138918 0.019363 0)
(-0.066718 -0.073723 0)
(-0.0248619 -0.111497 0)
(-0.00908395 -0.105139 0)
(-0.000192999 -0.136821 0)
(0.0280291 -0.149608 0)
(0.0409362 -0.134593 0)
(0.0774942 -0.214566 0)
(0.127834 -0.321529 0)
(0.188314 -0.348856 0)
(0.196029 -0.231639 0)
(0.300694 -0.257942 0)
(0.0425469 -0.467017 0)
(-0.0980668 -0.345328 0)
(-0.175661 -0.237327 0)
(-0.172811 -0.0746507 0)
(-0.197731 -0.0169739 0)
(-0.125465 -0.0520721 0)
(-0.132287 -0.0163052 0)
(-0.188032 -0.0459832 0)
(-0.234836 -0.0328596 0)
(-0.18825 0.00356388 0)
(-0.12766 0.0281389 0)
(-0.160919 0.00114767 0)
(-0.0183701 -0.0980389 0)
(-0.00490487 -0.128893 0)
(-0.0124054 -0.138035 0)
(0.00314196 -0.15638 0)
(0.00918528 -0.180192 0)
(0.00118103 -0.219503 0)
(0.0552479 -0.308419 0)
(0.0801009 -0.285629 0)
(0.00271297 -0.35611 0)
(0.0959571 -0.281537 0)
(0.0768717 -0.264553 0)
(-0.0212478 -0.572796 0)
(0.0731557 -0.308733 0)
(-0.246183 -0.0898506 0)
(-0.319601 -0.0228142 0)
(-0.282248 -0.0693825 0)
(-0.154352 0.00196072 0)
(-0.138584 -0.0680185 0)
(-0.156352 -0.0127902 0)
(-0.179362 0.0181889 0)
(-0.156003 0.0210078 0)
(-0.169896 -0.0234815 0)
(-0.200239 -0.0321379 0)
(-0.0472546 -0.0736235 0)
(-0.00241195 -0.103377 0)
(-0.0266388 -0.137222 0)
(-0.0115666 -0.154567 0)
(0.00516549 -0.162989 0)
(-0.075362 -0.251019 0)
(0.0862548 -0.217266 0)
(0.0425853 -0.385566 0)
(-0.0862347 -0.356014 0)
(0.00915253 -0.267444 0)
(0.06604 -0.163914 0)
(-0.057787 -0.0519497 0)
(-0.200171 -0.0771326 0)
(-0.287405 -0.0883591 0)
(-0.391313 -0.0128593 0)
(-0.215334 -0.057298 0)
(-0.168198 0.0140449 0)
(-0.186818 -0.0168444 0)
(-0.151754 -0.00814736 0)
(-0.207788 -0.0268226 0)
(-0.234352 -0.0412029 0)
(-0.141731 -0.0783711 0)
(-0.0276863 -0.00139958 0)
(0.0447173 -0.156435 0)
(0.000159044 -0.167889 0)
(-0.0416456 -0.115265 0)
(-0.00548505 -0.16253 0)
(-0.0477301 -0.150312 0)
(-0.0109367 -0.261318 0)
(-0.0380642 -0.206936 0)
(-0.0276862 -0.459255 0)
(-0.0668509 -0.422322 0)
(-0.0702696 -0.384865 0)
(-0.0588848 -0.267272 0)
(-0.251638 -0.238544 0)
(-0.307527 -0.150874 0)
(-0.321753 -0.204699 0)
(-0.401338 -0.129826 0)
(-0.189825 -0.0397522 0)
(-0.127576 -0.0441688 0)
(-0.149944 -0.0570708 0)
(-0.144081 -0.0540959 0)
(-0.187743 -0.0883502 0)
(-0.186844 -0.00345047 0)
(-0.166522 -0.0409881 0)
(-0.207283 -0.0275868 0)
(-0.00115011 -0.172037 0)
(0.0601821 -0.189475 0)
(-0.015442 -0.18158 0)
(-0.0177456 -0.106758 0)
(-0.0592436 -0.211849 0)
(-0.104784 -0.204591 0)
(-0.0743657 -0.241985 0)
(-0.119717 -0.254583 0)
(-0.0818241 -0.271064 0)
(-0.150494 -0.279072 0)
(-0.153891 -0.241723 0)
(-0.196901 -0.313387 0)
(-0.227149 -0.198216 0)
(-0.256756 -0.266166 0)
(-0.264751 -0.128611 0)
(-0.175253 -0.0587759 0)
(-0.166174 -0.0546075 0)
(-0.184832 -0.0631254 0)
(-0.132183 -0.0950064 0)
(-0.117459 -0.0943877 0)
(-0.152113 -0.0709358 0)
(-0.195706 -0.0665878 0)
(-0.147734 -0.00732598 0)
(0.00986869 -0.210417 0)
(0.0110481 -0.198932 0)
(0.0403205 -0.218909 0)
(-0.0121392 -0.176398 0)
(-0.10501 -0.230069 0)
(-0.0460368 -0.235788 0)
(-0.0385951 -0.1873 0)
(-0.0825856 -0.200956 0)
(-0.0956801 -0.20212 0)
(-0.118715 -0.20139 0)
(-0.144332 -0.162213 0)
(-0.152692 -0.13383 0)
(-0.222925 -0.140841 0)
(-0.251146 -0.140439 0)
(-0.166652 -0.0545132 0)
(-0.124787 -0.0360774 0)
(-0.154182 -0.0372385 0)
(-0.209743 -0.00997331 0)
(-0.186193 -0.0437384 0)
(-0.167824 -0.0481423 0)
(-0.152622 -0.0778583 0)
(-0.106942 -0.0339843 0)
(-0.198708 -0.00939861 0)
(-0.00364377 -0.218308 0)
(0.0119771 -0.203386 0)
(-0.00972359 -0.195105 0)
(0.000710529 -0.198643 0)
(-0.0494629 -0.195623 0)
(0.0267216 -0.163052 0)
(0.017078 -0.235229 0)
(-0.114287 -0.182177 0)
(-0.0747652 -0.191637 0)
(-0.0340214 -0.185092 0)
(-0.0863907 -0.210753 0)
(-0.192413 -0.199501 0)
(-0.201585 -0.147832 0)
(-0.139829 -0.103878 0)
(-0.166139 -0.0462734 0)
(-0.131581 -0.082172 0)
(-0.130786 -0.0980799 0)
(-0.166031 -0.0489585 0)
(-0.192341 -0.0457035 0)
(-0.191045 -0.0380581 0)
(-0.161984 -0.0539964 0)
(-0.0925119 -0.0384843 0)
(-0.153386 -0.120333 0)
(-0.00140282 -0.211702 0)
(-0.00266017 -0.193175 0)
(0.00508407 -0.177691 0)
(-0.0054682 -0.161664 0)
(-0.0129791 -0.207991 0)
(-0.00295619 -0.111932 0)
(0.0264054 -0.269441 0)
(-0.0205401 -0.213446 0)
(-0.119717 -0.177038 0)
(-0.102187 -0.172187 0)
(-0.0936016 -0.221615 0)
(-0.118161 -0.238586 0)
(-0.143104 -0.183651 0)
(-0.102404 -0.155679 0)
(-0.134739 -0.0756872 0)
(-0.163945 -0.054849 0)
(-0.0953958 -0.119714 0)
(-0.157594 -0.115409 0)
(-0.168478 -0.118829 0)
(-0.14158 -0.0578654 0)
(-0.156709 -0.0537482 0)
(-0.145381 -0.0370615 0)
(-0.146709 -0.0722435 0)
(-0.0164556 -0.223335 0)
(0.00161918 -0.21503 0)
(-0.0403884 -0.20824 0)
(-0.00345872 -0.153838 0)
(0.0712814 -0.212352 0)
(0.0117023 -0.213406 0)
(-0.0653757 -0.209363 0)
(-0.0166895 -0.264587 0)
(-0.069654 -0.254048 0)
(-0.0766541 -0.212673 0)
(-0.0551188 -0.198863 0)
(-0.121814 -0.1775 0)
(-0.0993002 -0.148264 0)
(-0.064107 -0.159276 0)
(-0.0968441 -0.117542 0)
(-0.155421 -0.119517 0)
(-0.160657 -0.0997307 0)
(-0.164032 -0.148991 0)
(-0.127436 -0.0553556 0)
(-0.108001 -0.0507338 0)
(-0.139549 -0.0585879 0)
(-0.102839 -0.0417093 0)
(-0.107338 -0.0695264 0)
(-0.0383675 -0.175411 0)
(-0.0299339 -0.143336 0)
(0.0349233 -0.140457 0)
(0.00518978 -0.12396 0)
(-0.00275519 -0.1307 0)
(0.0530428 -0.242217 0)
(-0.00996143 -0.206887 0)
(-0.0105707 -0.204871 0)
(-0.0450353 -0.199874 0)
(-0.0518986 -0.177101 0)
(-0.0686593 -0.177632 0)
(-0.062474 -0.16439 0)
(-0.0800736 -0.100334 0)
(-0.0447777 -0.124839 0)
(-0.100183 -0.127135 0)
(-0.124787 -0.108759 0)
(-0.105454 -0.136577 0)
(-0.0864252 -0.114578 0)
(-0.0693873 -0.0743675 0)
(-0.138701 -0.0393616 0)
(-0.133277 -0.0561202 0)
(-0.130984 -0.0537968 0)
(-0.11305 -0.0393436 0)
(0.0217435 -0.0915134 0)
(0.0194796 -0.109023 0)
(-0.00274574 -0.0813905 0)
(-0.0112325 -0.114346 0)
(-0.0267839 -0.099863 0)
(-0.0319429 -0.146595 0)
(0.0217507 -0.123467 0)
(0.0196961 -0.205035 0)
(-0.0175174 -0.172541 0)
(-0.0231605 -0.174965 0)
(-0.0374606 -0.184317 0)
(-0.0583332 -0.180014 0)
(-0.0557937 -0.171706 0)
(-0.0543638 -0.155655 0)
(-0.0171766 -0.161599 0)
(-0.138034 -0.146702 0)
(-0.138575 -0.109813 0)
(-0.062119 -0.0727349 0)
(-0.0857762 -0.0870312 0)
(-0.0872301 -0.0939169 0)
(-0.132403 -0.0639115 0)
(-0.100802 -0.0460893 0)
(-0.102213 -0.032179 0)
(0.00104072 -0.0799253 0)
(-0.00634347 -0.111478 0)
(-2.12039e-05 -0.109188 0)
(0.00163261 -0.10121 0)
(-0.0127121 -0.102997 0)
(-0.00733744 -0.0995452 0)
(-0.0440545 -0.0963516 0)
(-0.0301174 -0.11058 0)
(-0.0184838 -0.117314 0)
(-0.0663675 -0.12568 0)
(-0.0614204 -0.103527 0)
(-0.0337031 -0.109521 0)
(-0.026609 -0.112122 0)
(0.00860557 -0.171717 0)
(-0.0666146 -0.141636 0)
(-0.0843084 -0.17835 0)
(-0.040644 -0.0604356 0)
(-0.0365357 -0.120277 0)
(-0.0927306 -0.0936226 0)
(-0.108059 -0.127664 0)
(-0.0750496 -0.0510687 0)
(-0.122487 -0.0754048 0)
(-0.0645898 -0.0173824 0)
(0.00163233 -0.0887252 0)
(0.00617847 -0.10806 0)
(-0.0029919 -0.0944532 0)
(-0.000826443 -0.100285 0)
(-0.0135896 -0.0957029 0)
(-0.00667387 -0.114501 0)
(-0.00911956 -0.102773 0)
(-0.0123154 -0.0783349 0)
(-0.0236454 -0.104508 0)
(-0.025083 -0.0937067 0)
(-0.0321562 -0.0775368 0)
(-0.0466615 -0.0775052 0)
(-0.0506766 -0.0824398 0)
(-0.0674535 -0.0823519 0)
(-0.0548871 -0.105191 0)
(-0.0410275 -0.0747372 0)
(-0.0680753 -0.103057 0)
(-0.0590572 -0.109228 0)
(-0.0551166 -0.119335 0)
(-0.0376945 -0.117184 0)
(-0.0835323 -0.0642081 0)
(-0.0791976 -0.033455 0)
(-0.0954592 -0.0239608 0)
(-0.00224623 -0.0859944 0)
(0.000962734 -0.10606 0)
(-0.00469891 -0.09861 0)
(-1.78967e-05 -0.0899211 0)
(-0.0167528 -0.0940149 0)
(-0.00698752 -0.100708 0)
(-0.0220675 -0.0890727 0)
(-0.0194254 -0.0883499 0)
(-0.0231714 -0.0911211 0)
(-0.0318481 -0.101241 0)
(-0.0226776 -0.0772476 0)
(-0.0300227 -0.0832547 0)
(-0.0347007 -0.0916215 0)
(-0.0386552 -0.0917351 0)
(-0.0429238 -0.0907162 0)
(-0.0553455 -0.0837612 0)
(-0.0595756 -0.092643 0)
(-0.0306643 -0.0636127 0)
(-0.0878505 -0.0461768 0)
(-0.0644762 -0.0642736 0)
(-0.0292572 -0.0810251 0)
(-0.0979373 -0.00560451 0)
(-0.0821026 -0.0603171 0)
(-0.00229204 -0.0890083 0)
(0.00629938 -0.1063 0)
(-0.00169775 -0.0968271 0)
(0.00616322 -0.0895479 0)
(-0.0110156 -0.0936079 0)
(-0.00173848 -0.112086 0)
(-0.017546 -0.0964967 0)
(-0.0102312 -0.0786152 0)
(-0.015771 -0.0901092 0)
(-0.000756957 -0.0905606 0)
(-0.0148035 -0.0882485 0)
(-0.0529523 -0.0687019 0)
(-0.0556605 -0.0769553 0)
(-0.0606604 -0.0799583 0)
(0.00185993 -0.0637459 0)
(-0.0186805 -0.122195 0)
(-0.061659 -0.0350882 0)
(-0.0207845 -0.0909966 0)
(-0.0730009 -0.0684015 0)
(-0.0724249 -0.0551928 0)
(-0.0602229 -0.072033 0)
(-0.0439531 -0.051427 0)
(-0.0919097 -0.00373699 0)
(-0.00345425 -0.0883756 0)
(0.00371032 -0.105331 0)
(-0.00545965 -0.0963062 0)
(0.00114054 -0.0775913 0)
(-0.0196543 -0.0827936 0)
(-0.00694732 -0.0865146 0)
(-0.016065 -0.0755932 0)
(-0.0164418 -0.0847135 0)
(-0.0133727 -0.107689 0)
(-0.0266139 -0.115613 0)
(-0.0109847 -0.11755 0)
(-0.0313939 -0.0931912 0)
(-0.0410329 -0.0858838 0)
(-0.043416 -0.0870452 0)
(-0.048678 -0.0655726 0)
(-0.0355553 -0.140671 0)
(-0.0420847 -0.0626641 0)
(-0.0392469 -0.117624 0)
(-0.0550151 -0.0693985 0)
(-0.0488077 -0.0692156 0)
(-0.0528072 -0.0137871 0)
(-0.0531608 -0.0403225 0)
(-0.0495592 -0.0307643 0)
(-0.00330002 -0.0901222 0)
(0.00677119 -0.105092 0)
(0.00334835 -0.0969013 0)
(0.0169754 -0.0776315 0)
(0.0145384 -0.0892735 0)
(0.0174942 -0.122138 0)
(-0.0486756 -0.0957456 0)
(-0.0360358 -0.0810693 0)
(-0.027624 -0.0802504 0)
(-0.0232851 -0.0882152 0)
(-0.021423 -0.0891371 0)
(-0.0448376 -0.0735231 0)
(-0.038526 -0.072599 0)
(-0.055469 -0.0776604 0)
(-0.0459599 -0.0658672 0)
(-0.010532 -0.0545617 0)
(-0.0268839 -0.033352 0)
(-0.0176392 -0.0631514 0)
(-0.043992 -0.0560131 0)
(-0.0385438 -0.0600594 0)
(-0.0688755 -0.0664027 0)
(-0.0928774 -0.0600559 0)
(-0.0606131 -0.0325299 0)
(-0.00361625 -0.091513 0)
(0.0030107 -0.105782 0)
(-0.00427593 -0.100021 0)
(0.00281104 -0.0802416 0)
(-0.00756996 -0.0960869 0)
(-0.00970045 -0.156417 0)
(-0.0103863 -0.135582 0)
(-0.0137455 -0.101761 0)
(0.00378458 -0.134705 0)
(-0.0282234 -0.128726 0)
(-0.0103654 -0.137996 0)
(-0.028533 -0.0857977 0)
(-0.0321173 -0.0802301 0)
(-0.0403386 -0.0831207 0)
(-0.0311532 -0.0599739 0)
(-0.0118528 -0.0634747 0)
(-0.0476244 -0.0733524 0)
(-0.0273237 -0.0492748 0)
(-0.0371221 -0.0881844 0)
(-0.0586992 -0.0609047 0)
(-0.0567859 -0.0511447 0)
(-0.036811 -0.047579 0)
(-0.0354179 -0.0138105 0)
(-0.00261814 -0.0910088 0)
(0.00358852 -0.104507 0)
(-0.000760757 -0.0993377 0)
(0.0102716 -0.0745287 0)
(-0.00200365 -0.0819985 0)
(0.00569782 -0.114892 0)
(-0.0323662 -0.0981921 0)
(-0.0415889 -0.094703 0)
(-0.0230899 -0.0797147 0)
(-0.00329602 -0.0694925 0)
(0.00977963 -0.0914978 0)
(-0.0241368 -0.0588161 0)
(-0.0224082 -0.0660214 0)
(-0.0385094 -0.076012 0)
(-0.0371274 -0.0604622 0)
(-0.0326178 -0.0639711 0)
(-0.0163866 -0.0617622 0)
(3.62761e-05 -0.0408778 0)
(-0.0314545 -0.0799281 0)
(-0.0109839 -0.0310641 0)
(-0.0445806 -0.0296962 0)
(-0.0425912 -0.051607 0)
(-0.0662562 -0.0676752 0)
(-0.00268957 -0.0921531 0)
(2.31279e-05 -0.106671 0)
(-0.00676811 -0.101837 0)
(-0.00113884 -0.0774884 0)
(-0.0258453 -0.095565 0)
(-0.0121659 -0.0846021 0)
(0.027931 -0.118424 0)
(-0.014877 -0.069133 0)
(0.0108237 -0.0641003 0)
(-0.0160852 -0.0636818 0)
(0.0151807 -0.0942664 0)
(-0.0111439 -0.0804023 0)
(-0.0378144 -0.0745979 0)
(-0.0336705 -0.0770841 0)
(-0.0270973 -0.0636036 0)
(-0.0151066 -0.0523498 0)
(-0.0304117 -0.0426596 0)
(-0.0284171 -0.0474925 0)
(0.00236323 -0.0330573 0)
(-0.0175825 -0.0590436 0)
(-0.0575946 -0.0561674 0)
(-0.0343299 -0.0493209 0)
(-0.037239 -0.110094 0)
(-0.00320964 -0.0885649 0)
(7.20831e-05 -0.103406 0)
(-0.00410425 -0.0954881 0)
(-0.00329107 -0.0693661 0)
(-0.00223759 -0.0570675 0)
(-0.0050145 -0.0694587 0)
(0.02402 -0.0803169 0)
(-0.0237173 -0.0889691 0)
(-0.0374733 -0.0784785 0)
(-0.0270239 -0.0714241 0)
(-0.0140122 -0.0985117 0)
(-0.0114491 -0.0932137 0)
(-0.0220919 -0.0763903 0)
(-0.0310184 -0.0796895 0)
(-0.0284629 -0.0679838 0)
(-0.0259879 -0.0602178 0)
(-0.0209215 -0.0538014 0)
(-0.00430831 -0.0424294 0)
(-0.0229319 -0.0295342 0)
(-0.0280582 -0.0709883 0)
(-0.00103798 -0.018688 0)
(-0.0274304 -0.0449514 0)
(-0.0451603 -0.030934 0)
(-0.00345447 -0.0911309 0)
(0.00182707 -0.103722 0)
(-0.0081526 -0.103374 0)
(0.0207371 -0.0727591 0)
(-0.011142 -0.101529 0)
(-0.0301871 -0.0955057 0)
(-0.00629636 -0.101972 0)
(-0.0105724 -0.10547 0)
(-0.00691965 -0.0912928 0)
(-0.014526 -0.081448 0)
(-0.0179243 -0.109743 0)
(-0.00566464 -0.0753538 0)
(-0.0211281 -0.06779 0)
(-0.0286692 -0.0757948 0)
(-0.0253617 -0.0691595 0)
(-0.0157523 -0.0583798 0)
(-0.0269594 -0.0437861 0)
(-0.0140184 -0.0481304 0)
(-0.00781085 -0.0369973 0)
(-0.0028932 -0.0609636 0)
(-0.0284618 -0.0111657 0)
(0.00768989 -0.0764557 0)
(-0.044755 -0.0438558 0)
(-0.00144235 -0.0856642 0)
(-0.00161297 -0.100973 0)
(-0.00666032 -0.104314 0)
(0.00160718 -0.0733228 0)
(-0.000282354 -0.113614 0)
(-0.0123287 -0.0927331 0)
(-0.0101238 -0.0986396 0)
(-0.0169496 -0.0716736 0)
(-0.0309851 -0.0838635 0)
(-0.0216068 -0.0602077 0)
(-0.00564569 -0.0797546 0)
(0.038913 -0.0835838 0)
(-0.00432235 -0.0748351 0)
(-0.0284446 -0.0747643 0)
(-0.0302106 -0.0711581 0)
(-0.0241586 -0.0567605 0)
(-0.0310647 -0.0506662 0)
(-0.0151117 -0.0391169 0)
(-0.0162529 -0.0379326 0)
(-0.0106087 -0.0272055 0)
(-0.00745825 -0.0310639 0)
(-0.0113461 -0.0447249 0)
(-0.0507555 -0.065711 0)
(-0.0052456 -0.0902792 0)
(-0.00541381 -0.104088 0)
(-0.0134216 -0.103239 0)
(0.00224387 -0.077418 0)
(-0.0045146 -0.0760024 0)
(-0.00811209 -0.0953076 0)
(-0.00627809 -0.0984928 0)
(0.00336789 -0.0858487 0)
(0.0103861 -0.0884723 0)
(0.00536025 -0.091536 0)
(-0.0322087 -0.0721371 0)
(-0.0114539 -0.0836091 0)
(-0.0328832 -0.0856985 0)
(-0.0192624 -0.0814264 0)
(-0.0251901 -0.0758246 0)
(-0.0200554 -0.061097 0)
(-0.0324654 -0.0532448 0)
(-0.0205853 -0.0406632 0)
(-0.018732 -0.0481431 0)
(-0.0180461 -0.0203148 0)
(-0.0259604 -0.0236454 0)
(-0.0246288 -0.0272559 0)
(-0.0324703 -0.0270183 0)
(-0.00236697 -0.0764717 0)
(-0.00171531 -0.0952153 0)
(-0.0101741 -0.100539 0)
(-0.00354426 -0.0856688 0)
(-0.00661125 -0.0880319 0)
(-0.00261191 -0.0935125 0)
(-0.0195409 -0.118183 0)
(-0.0040606 -0.0919157 0)
(-0.0176973 -0.0907163 0)
(-0.0134865 -0.120736 0)
(-0.00863395 -0.0821068 0)
(-0.00427662 -0.0790495 0)
(-0.0166731 -0.0617925 0)
(-0.0148352 -0.0745201 0)
(-0.0216331 -0.0657782 0)
(-0.0230897 -0.0492791 0)
(-0.0285324 -0.0449733 0)
(-0.0248965 -0.025234 0)
(-0.0175805 -0.0534804 0)
(-0.00926897 -0.00351748 0)
(-0.0138097 -0.04356 0)
(-0.0385014 0.00249989 0)
(-0.042443 -0.0373085 0)
(-0.0114835 -0.0916989 0)
(-0.0173886 -0.100081 0)
(-0.0268692 -0.110448 0)
(-0.0140977 -0.0734127 0)
(-0.00786945 -0.0760257 0)
(-0.00160964 -0.0956677 0)
(-0.0185007 -0.0744054 0)
(0.0352842 -0.0917217 0)
(-0.00129003 -0.0974422 0)
(0.00162503 -0.0833593 0)
(-0.00861131 -0.0909672 0)
(-0.0124858 -0.0803411 0)
(-0.00511467 -0.0802602 0)
(0.000667701 -0.0831891 0)
(-0.00822788 -0.0775936 0)
(-0.0193107 -0.0616368 0)
(-0.0242019 -0.0576707 0)
(-0.0444225 -0.0498414 0)
(-0.0219352 -0.0450109 0)
(-0.0329625 -0.0268855 0)
(-0.0260339 -0.0447396 0)
(-0.017854 -0.019147 0)
(-0.0144092 -0.025435 0)
(0.00112916 -0.0536931 0)
(-0.00652655 -0.0614433 0)
(-0.000851073 -0.0953995 0)
(0.00306203 -0.119251 0)
(-0.0577379 -0.0892408 0)
(-0.000759455 -0.0814688 0)
(-0.0215018 -0.0518523 0)
(0.00924699 -0.0933812 0)
(-0.0130552 -0.0678659 0)
(-0.00297174 -0.103801 0)
(-0.00767265 -0.0731277 0)
(-0.00998765 -0.0778228 0)
(-0.00156229 -0.0652435 0)
(0.00282456 -0.0704666 0)
(-0.00315559 -0.0493598 0)
(-0.0145847 -0.0371686 0)
(-0.0199371 -0.0271301 0)
(-0.0228616 -0.0221075 0)
(-0.00955248 -0.0309345 0)
(-0.0281301 -0.0248363 0)
(-0.0018741 -0.0131256 0)
(-0.0133231 -0.0239494 0)
(-0.0194629 -0.0183479 0)
(-0.0073656 -0.094594 0)
(-0.0265024 -0.105598 0)
(-0.0516713 -0.127479 0)
(-0.0326494 -0.15056 0)
(0.0121037 -0.128876 0)
(0.0329847 -0.104694 0)
(-0.034495 -0.0998331 0)
(0.0213745 -0.0933686 0)
(-0.00441794 -0.102602 0)
(-0.0059616 -0.0760849 0)
(0.00727108 -0.101198 0)
(-0.0402774 -0.0784592 0)
(0.0312434 -0.111785 0)
(0.0272369 -0.0854633 0)
(0.00923316 -0.0744496 0)
(-0.0137317 -0.0545609 0)
(-0.0115663 -0.0568962 0)
(-0.0538652 -0.0412473 0)
(-0.0299788 -0.039248 0)
(-0.0330559 -0.0515002 0)
(-0.0372315 -0.0446878 0)
(-0.00284876 -0.042057 0)
(-0.00889818 -0.0314749 0)
(0.500077 0.488854 0)
(0.662355 0.531346 0)
(0.152718 0.463086 0)
(-0.180595 -0.282945 0)
(0.717126 0.487988 0)
(0.731012 0.476539 0)
(0.558478 0.440468 0)
(0.404691 0.41875 0)
(0.721112 0.249952 0)
(0.696875 0.255489 0)
(0.575003 0.249694 0)
(0.581659 0.260216 0)
(0.434684 0.0607212 0)
(0.45439 0.0137511 0)
(0.447536 0.0524607 0)
(0.479297 0.112329 0)
(0.657209 0.0498804 0)
(0.620668 0.144649 0)
(0.559815 0.180153 0)
(0.528044 0.185802 0)
(0.710189 0.148485 0)
(0.735169 0.197359 0)
(0.71286 0.255537 0)
(0.739828 0.279486 0)
(0.49247 0.233952 0)
(0.523459 0.247795 0)
(0.61003 0.252536 0)
(0.621848 0.279297 0)
(0.217731 0.133564 0)
(0.187394 0.148039 0)
(0.227738 0.179648 0)
(0.0813347 0.415617 0)
(-0.293256 0.243527 0)
(-0.352184 0.323879 0)
(-0.391305 0.424493 0)
(-0.409744 0.468103 0)
(-0.378391 0.460969 0)
(-0.467493 0.339629 0)
(-0.535461 0.341797 0)
(-0.332465 0.221667 0)
(-0.280226 0.502665 0)
(-0.128247 0.222328 0)
(-0.281431 0.291026 0)
(0.0960953 0.106139 0)
(-0.0652051 0.424848 0)
(0.0487478 0.255926 0)
(-0.012521 0.135571 0)
(0.109139 -0.155689 0)
(0.0543487 0.0894668 0)
(0.0812097 0.0524114 0)
(0.129481 -0.0697401 0)
(0.131741 -0.143873 0)
(-0.0464821 -0.0222143 0)
(-0.0430082 -0.0676035 0)
(-0.0357655 -0.0692262 0)
(0.0282426 -0.13247 0)
(-0.134733 -0.0418659 0)
(-0.148344 -0.0750937 0)
(-0.139047 -0.110726 0)
(-0.161118 -0.159709 0)
(-0.145164 0.00927324 0)
(-0.130782 -0.0141655 0)
(-0.155708 -0.0456201 0)
(-0.172277 -0.0780933 0)
(-0.160652 -0.0912805 0)
(-0.209984 -0.0670172 0)
(-0.20389 -0.0590492 0)
(-0.194297 -0.0854052 0)
(-0.122023 -0.115701 0)
(-0.0411496 -0.064304 0)
(-0.129907 -0.048292 0)
(-0.18457 -0.0350526 0)
(-0.0976993 -0.0470636 0)
(-0.111145 -0.0218511 0)
(-0.130883 -0.042396 0)
(-0.109691 -0.0276144 0)
(-0.129648 -0.0524946 0)
(-0.0756915 -0.0471758 0)
(-0.0812662 -0.0895517 0)
(-0.0720065 -0.0791891 0)
(-0.153639 -0.0281268 0)
(-0.184487 -0.0700178 0)
(-0.122071 -0.0560288 0)
(-0.0551889 -0.0713212 0)
(-0.192656 -0.0254185 0)
(-0.11732 -0.0402841 0)
(-0.0878413 -0.0144185 0)
(-0.119548 -0.032446 0)
(-0.125372 -0.0208139 0)
(-0.136745 -0.018511 0)
(-0.133233 -0.0184949 0)
(-0.134071 -0.00908527 0)
(-0.110689 -0.0400729 0)
(-0.0853701 -0.0712222 0)
(-0.0306161 -0.0616442 0)
(-0.0886446 -0.0859741 0)
(-0.12375 0.00650025 0)
(-0.10945 0.00910765 0)
(-0.142727 -0.00856991 0)
(-0.098731 -0.0420621 0)
(-0.0808596 -0.0490049 0)
(-0.12292 -0.0244676 0)
(-0.0932539 -0.0187275 0)
(-0.114679 0.0281376 0)
(-0.0875288 -0.0399992 0)
(-0.046163 -0.0244458 0)
(-0.0483617 -0.00532921 0)
(-0.0614449 -0.0224392 0)
(-0.0568933 -0.0277444 0)
(-0.0448584 -0.0503554 0)
(-0.0843993 -0.0423776 0)
(-0.10343 -0.0376381 0)
(-0.0939991 -0.0283145 0)
(-0.0795855 -0.0637238 0)
(-0.0381534 -0.0776266 0)
(-0.0326174 -0.0377668 0)
(-0.082938 -0.0486245 0)
(-0.083356 -0.0422047 0)
(-0.0953082 -0.0245901 0)
(-0.0734132 -0.0461283 0)
(-0.0417535 -0.0593149 0)
(-0.0257142 -0.0529848 0)
(-0.0753906 -0.0335062 0)
(-0.092261 -0.0367223 0)
(-0.0559642 -0.0408628 0)
(-0.0190398 -0.02998 0)
(-0.0540826 -0.0447496 0)
(-0.0655604 -0.0346775 0)
(-0.0434556 -0.0377106 0)
(-0.0119878 -0.0301245 0)
(-0.0741238 -0.0473737 0)
(-0.0586199 -0.0339931 0)
(-0.0672235 -0.0515997 0)
(-0.037316 -0.044778 0)
(-0.0350375 -0.0431605 0)
(-0.0243591 -0.0389952 0)
(-0.0295039 -0.0460837 0)
(-0.0102653 0.000999392 0)
(-0.0562475 -0.0125888 0)
(-0.0436103 -0.0170139 0)
(-0.0351794 -0.049345 0)
(-0.0351327 -0.0285862 0)
(-0.0583895 -0.0246209 0)
(-0.0381389 -0.02881 0)
(-0.0102055 -0.0335102 0)
(-0.020147 -0.0181266 0)
(-0.0279408 -0.0148903 0)
(-0.016328 -0.0228326 0)
(-0.00414499 -0.0235119 0)
(-0.0510931 -0.00964259 0)
(-0.0450863 -0.0167529 0)
(-0.0165507 -0.0262385 0)
(-0.0168315 -0.0197169 0)
(-0.0181058 -0.0377627 0)
(-0.00137236 -0.0179923 0)
(-0.0102676 -0.0497587 0)
(-0.018393 -0.0261378 0)
(-0.015926 -0.0336321 0)
(-0.0439798 -0.030643 0)
(-0.0401018 -0.0405036 0)
(-0.0242532 -0.0158865 0)
(-0.00714456 -0.030174 0)
(-0.00425272 -0.00892177 0)
(-0.0294584 -0.00459351 0)
(-0.0148153 -0.0178843 0)
(-0.0128419 -0.029395 0)
(-0.029075 -0.0337415 0)
(-0.0255252 -0.0256234 0)
(0.195537 -0.232146 0)
(0.589768 -0.205652 0)
(0.494658 -0.0895756 0)
(0.467431 0.315699 0)
(0.41444 -0.0697445 0)
(0.47961 0.0766593 0)
(0.369848 0.0611722 0)
(0.307611 0.0084107 0)
(0.637235 -0.0388823 0)
(0.66049 0.139445 0)
(0.784446 0.0926857 0)
(0.827218 0.0538477 0)
(1.19753 -0.0675889 0)
(1.29041 -0.342855 0)
(1.16066 -0.264058 0)
(0.973213 -0.254802 0)
(0.662509 -0.056133 0)
(0.353556 0.0753702 0)
(0.21021 0.236602 0)
(0.347336 0.221138 0)
(0.168509 0.120218 0)
(0.108095 0.0120421 0)
(0.363035 0.0873147 0)
(0.356514 -0.0128094 0)
(0.315514 0.0401931 0)
(0.449599 0.0754289 0)
(0.404796 -0.107877 0)
(0.50161 -0.0438223 0)
(0.871117 -0.0622305 0)
(1.29223 -0.219939 0)
(1.50155 -0.0100858 0)
(1.59372 -0.103093 0)
(1.55941 -0.236025 0)
(1.33727 -0.206396 0)
(1.21725 0.134702 0)
(0.770442 0.245718 0)
(0.360233 0.153525 0)
(0.192974 0.40791 0)
(0.578554 0.188118 0)
(0.480264 0.145144 0)
(0.446902 -0.0419771 0)
(0.556237 -0.001014 0)
(0.872205 -0.0841662 0)
(0.817745 -0.03858 0)
(0.934281 0.012943 0)
(0.947227 -0.0291604 0)
(0.990154 0.0410605 0)
(1.10208 -0.153278 0)
(1.52045 -0.239588 0)
(1.40707 -0.320547 0)
(1.25624 -0.319769 0)
(1.24989 -0.292071 0)
(1.09216 -0.249544 0)
(1.07226 -0.0123411 0)
(0.792428 0.36047 0)
(0.538803 0.351008 0)
(0.349687 0.508942 0)
(0.504166 0.0794868 0)
(0.470056 0.0795834 0)
(0.554137 0.00936362 0)
(0.831342 0.159621 0)
(0.846902 -0.0115609 0)
(0.977653 -0.097306 0)
(1.06024 -0.0267178 0)
(1.26926 -0.139583 0)
(1.19572 -0.24244 0)
(0.92486 -0.332256 0)
(0.796789 -0.336406 0)
(0.688378 -0.583955 0)
(0.749382 -0.172311 0)
(0.891722 -0.169667 0)
(0.7903 -0.0307699 0)
(0.983853 0.31515 0)
(0.675276 0.720448 0)
(0.598585 0.81714 0)
(0.456714 0.802625 0)
(0.460976 0.179791 0)
(0.295654 0.116758 0)
(0.369363 0.163622 0)
(0.600471 -0.0131824 0)
(0.658061 -0.213389 0)
(0.927891 -0.204442 0)
(1.00534 -0.121847 0)
(0.950728 -0.195841 0)
(0.749396 -0.414437 0)
(0.614806 -0.146785 0)
(0.769259 -0.0680545 0)
(0.821464 -0.15518 0)
(0.841742 -0.11892 0)
(0.840014 -0.0402766 0)
(0.320054 -0.158622 0)
(0.8206 0.237686 0)
(0.461001 0.681961 0)
(0.440274 1.05464 0)
(0.446144 1.01164 0)
(0.708017 0.293406 0)
(0.594629 0.225527 0)
(0.5179 0.17656 0)
(0.406704 -0.0653276 0)
(0.453534 -0.371313 0)
(0.619408 -0.19248 0)
(1.04427 -0.105014 0)
(0.966183 -0.0762664 0)
(0.962945 -0.184569 0)
(0.916554 -0.14315 0)
(0.978064 -0.306845 0)
(0.958628 -0.313117 0)
(0.95105 -0.216313 0)
(0.797719 -0.0082319 0)
(0.32061 0.000274938 0)
(0.468481 0.0888674 0)
(0.31453 0.39794 0)
(0.355629 1.17055 0)
(0.289549 1.18878 0)
(0.47554 0.321492 0)
(0.30894 0.238368 0)
(0.559429 0.248294 0)
(0.633034 0.138432 0)
(0.758286 -0.172565 0)
(1.13843 -0.185202 0)
(1.12642 -0.166907 0)
(0.995079 -0.108529 0)
(1.00966 -0.221557 0)
(0.872768 -0.203202 0)
(0.819775 -0.421855 0)
(0.767173 -0.393487 0)
(0.834483 -0.268514 0)
(0.725746 -0.0952644 0)
(0.210143 0.336953 0)
(0.277838 0.0936219 0)
(0.129083 0.447501 0)
(0.176868 1.1572 0)
(0.255917 1.29149 0)
(0.0351236 0.614712 0)
(0.0312591 0.06769 0)
(0.812077 -0.10689 0)
(0.820878 -0.289178 0)
(0.765664 -0.191593 0)
(0.909052 -0.161516 0)
(1.04464 -0.139325 0)
(0.832159 -0.083618 0)
(0.788979 -0.0776736 0)
(0.597523 -0.0407726 0)
(0.592809 -0.195727 0)
(0.486602 -0.0904956 0)
(0.437735 -0.0582619 0)
(0.557507 0.20492 0)
(0.35897 0.400248 0)
(0.156439 0.317002 0)
(0.0803894 0.448652 0)
(0.0285688 1.17919 0)
(0.149986 1.35927 0)
(-0.122365 0.425607 0)
(0.150854 -0.12692 0)
(0.404349 -0.161902 0)
(0.394044 -0.405539 0)
(0.556967 -0.288589 0)
(0.696679 0.265227 0)
(0.45214 -0.0262878 0)
(0.535377 -0.0526057 0)
(0.490455 -0.0550509 0)
(0.458759 -0.134898 0)
(0.419473 -0.36037 0)
(0.33375 -0.239935 0)
(0.371288 -0.127787 0)
(0.370532 0.0429631 0)
(0.0370702 0.32729 0)
(0.00428215 0.218855 0)
(0.0219483 0.474954 0)
(-0.0621434 1.21029 0)
(0.0182274 1.38666 0)
(0.086339 -0.164133 0)
(0.258412 -0.3269 0)
(0.332964 -0.176312 0)
(0.340349 -0.278639 0)
(0.374653 -0.214983 0)
(0.516175 0.0637296 0)
(0.395478 -0.0461168 0)
(0.42457 -0.0628773 0)
(0.386029 -0.0298292 0)
(0.410769 -0.1841 0)
(0.593713 -0.608304 0)
(0.424987 -0.231991 0)
(-0.203451 0.259057 0)
(-0.0644875 0.250212 0)
(-0.122609 0.235542 0)
(-0.326965 0.285666 0)
(-0.158297 0.522247 0)
(-0.171577 1.1973 0)
(-0.0518371 1.36601 0)
(0.0816216 -0.179418 0)
(0.114047 -0.35664 0)
(0.223824 -0.215766 0)
(0.222558 -0.21005 0)
(0.268353 -0.32079 0)
(0.284543 -0.228556 0)
(0.33594 -0.0311445 0)
(0.278851 -0.0206138 0)
(0.0470103 0.277889 0)
(0.154414 -0.0285185 0)
(-0.180431 -0.313783 0)
(-0.342545 0.158134 0)
(-0.390927 0.262935 0)
(-0.320763 0.173889 0)
(-0.264198 0.318988 0)
(-0.230552 0.309952 0)
(-0.301857 0.480546 0)
(-0.207187 1.10615 0)
(-0.0312674 1.32351 0)
(0.0716748 -0.186019 0)
(0.0689755 -0.380322 0)
(-0.00894614 -0.257748 0)
(-0.0264625 -0.280959 0)
(0.0573032 -0.292346 0)
(0.0657115 0.0379109 0)
(-0.0495085 0.0103312 0)
(-0.17847 0.204781 0)
(-0.166389 0.116964 0)
(-0.21019 -0.0777912 0)
(-0.371513 0.0881102 0)
(-0.617685 0.150081 0)
(-0.604551 0.324792 0)
(-0.29806 0.086555 0)
(-0.378269 0.182969 0)
(-0.42723 0.263951 0)
(-0.336058 0.390997 0)
(-0.229716 1.05081 0)
(-0.0349394 1.18422 0)
(0.117966 -0.157394 0)
(-0.0344319 -0.259575 0)
(0.000654856 -0.391638 0)
(-0.103542 -0.365892 0)
(-0.395553 -0.345854 0)
(-0.405269 -0.114679 0)
(-0.493912 0.0908448 0)
(-0.541608 0.175199 0)
(-0.52299 0.203588 0)
(-0.64113 0.250846 0)
(-0.704946 0.0807021 0)
(-0.644126 -0.0423444 0)
(-0.72716 0.0616877 0)
(-0.611842 -0.00135323 0)
(-0.467633 0.186612 0)
(-0.386733 0.25055 0)
(-0.285404 0.387223 0)
(-0.219958 0.96889 0)
(-0.00927831 1.1167 0)
(-0.0147375 -0.0969932 0)
(-0.14716 -0.278107 0)
(-0.251584 -0.213582 0)
(-0.361387 -0.255882 0)
(-0.623772 -0.222398 0)
(-0.574534 0.0317959 0)
(-0.457017 0.16812 0)
(-0.529151 0.24467 0)
(-0.493359 0.18427 0)
(-0.700259 0.114317 0)
(-1.07838 0.175093 0)
(-0.753689 0.00532738 0)
(-0.601476 -0.0671282 0)
(-0.494153 -0.000270839 0)
(-0.49645 0.0556973 0)
(-0.334213 0.183067 0)
(-0.0463255 0.340894 0)
(-0.190967 0.917603 0)
(0.0283677 1.10255 0)
(-0.144083 -0.182881 0)
(-0.197797 -0.22477 0)
(-0.217523 -0.139218 0)
(-0.340471 -0.108078 0)
(-0.617218 -0.05046 0)
(-0.491356 0.198169 0)
(-0.366598 0.174958 0)
(-0.653149 0.297042 0)
(-0.665132 0.297524 0)
(-0.434421 0.181229 0)
(-0.676791 0.11647 0)
(-0.712189 0.173945 0)
(-0.513207 -0.145691 0)
(-0.456525 -0.185289 0)
(-0.61551 -0.287774 0)
(-0.445982 0.018853 0)
(0.0377621 0.319396 0)
(-0.153092 0.929356 0)
(0.0329776 1.1172 0)
(-0.189986 -0.0703935 0)
(-0.271115 -0.131919 0)
(-0.266443 -0.0860021 0)
(-0.243238 -0.1567 0)
(-0.367102 0.0555444 0)
(-0.376401 0.235624 0)
(-0.259877 0.18228 0)
(-0.386996 0.219508 0)
(-0.426999 0.406924 0)
(-0.319009 0.220121 0)
(-0.463397 -0.0764169 0)
(-0.564337 0.06845 0)
(-0.181447 0.213239 0)
(-0.371065 -0.0652837 0)
(-0.621236 -0.306099 0)
(-0.653611 -0.144937 0)
(-0.153445 0.268291 0)
(-0.0833676 0.883101 0)
(0.0333252 1.10782 0)
(-0.183226 -0.0919787 0)
(-0.225185 -0.121962 0)
(-0.277783 0.0142044 0)
(-0.260147 -0.0314573 0)
(-0.219119 0.0572293 0)
(-0.243131 0.104466 0)
(-0.192801 0.264685 0)
(-0.109845 0.220484 0)
(-0.183997 0.23074 0)
(-0.208543 0.25168 0)
(-0.147207 -0.0757099 0)
(-0.250607 0.0625131 0)
(-0.171662 0.0239714 0)
(0.048574 -0.0453874 0)
(-0.507579 -0.204115 0)
(-0.780102 -0.184043 0)
(-0.478895 0.167785 0)
(0.0965353 0.792722 0)
(0.0490559 1.12448 0)
(-0.191542 -0.0401499 0)
(-0.180541 -0.0758918 0)
(-0.233982 -0.00965584 0)
(-0.149289 0.0171561 0)
(-0.158542 0.0649561 0)
(-0.203154 0.10192 0)
(-0.0805051 0.148774 0)
(-0.0878506 0.242434 0)
(0.0203892 0.230034 0)
(0.0598226 0.237356 0)
(-0.0882358 0.184073 0)
(-0.116569 0.0340792 0)
(-0.194281 -0.114029 0)
(0.114346 0.077217 0)
(-0.0975265 -0.0141902 0)
(-0.588317 -0.133536 0)
(-0.608658 0.0205355 0)
(0.157657 0.358123 0)
(0.137471 1.17055 0)
(-0.149959 -0.0200077 0)
(-0.159081 0.00429283 0)
(-0.16832 -0.0201888 0)
(-0.202383 0.0544149 0)
(-0.107799 -0.00988433 0)
(-0.176214 0.0914912 0)
(-0.120066 0.0914608 0)
(0.042749 0.120689 0)
(-0.00566612 0.247959 0)
(0.0477351 0.139639 0)
(0.044327 0.177465 0)
(0.0216014 0.0809458 0)
(-0.0200007 -0.0585478 0)
(0.00101414 -0.0823795 0)
(0.154672 0.0858018 0)
(-0.131185 0.0431231 0)
(-0.128692 0.0310991 0)
(-0.0198728 0.00655487 0)
(0.17273 1.32729 0)
(-0.116949 -0.0996511 0)
(-0.106557 0.0785879 0)
(-0.150684 -0.0842609 0)
(-0.216219 0.10804 0)
(-0.135268 0.0219963 0)
(-0.128286 0.0269598 0)
(-0.105703 0.108117 0)
(-0.0411332 0.114481 0)
(-0.0393722 0.0962048 0)
(0.0208921 0.133529 0)
(0.0321175 0.0821787 0)
(0.108128 0.0598299 0)
(0.0995798 -0.0923119 0)
(-0.00295961 -0.119947 0)
(0.141785 0.12193 0)
(-0.0536929 0.0728113 0)
(0.218626 0.0335836 0)
(-0.172262 0.0300869 0)
(0.125122 1.40039 0)
(-0.12551 -0.0578112 0)
(-0.167778 -0.0141892 0)
(-0.147022 0.0280147 0)
(-0.138015 0.0560235 0)
(-0.164858 0.0767759 0)
(-0.113491 0.0471226 0)
(-0.108617 0.100532 0)
(-0.0841068 0.0748204 0)
(-0.0876485 0.124407 0)
(-0.0288067 0.122339 0)
(0.0354372 0.0780107 0)
(0.0565936 0.0422058 0)
(0.14021 -0.0436988 0)
(0.0388102 -0.100851 0)
(0.149514 0.104361 0)
(-0.019278 0.107144 0)
(0.266169 0.0363396 0)
(-0.154949 0.0858555 0)
(0.0994616 1.37692 0)
(-0.118069 -0.0353125 0)
(-0.0953512 -0.0306475 0)
(-0.150664 0.0135454 0)
(-0.178132 0.029428 0)
(-0.132308 0.0606463 0)
(-0.0925292 0.0731717 0)
(-0.0838528 0.0641753 0)
(-0.0776062 0.088353 0)
(-0.0266245 0.0776046 0)
(-0.0216728 0.11761 0)
(0.0238309 0.0504492 0)
(0.106826 -0.0782223 0)
(0.190556 -0.0687186 0)
(0.0146305 -0.0650108 0)
(0.122022 0.09993 0)
(-0.0183524 0.0871785 0)
(0.325895 -0.00230285 0)
(-0.141281 0.219415 0)
(0.0963544 1.28217 0)
(-0.131234 -0.0211582 0)
(-0.177074 -0.0117584 0)
(-0.111075 -0.0276842 0)
(-0.0779344 0.0283063 0)
(-0.100131 0.0198215 0)
(-0.0846669 0.0885385 0)
(-0.0977959 0.0261518 0)
(-0.0522523 0.0774079 0)
(-0.0372407 0.0818477 0)
(0.0117109 0.0277473 0)
(0.0528104 0.00137455 0)
(0.0919633 -0.0658061 0)
(0.136005 -0.0854483 0)
(0.0609294 -0.0317455 0)
(0.119505 0.127116 0)
(0.0415878 0.0728867 0)
(0.370572 -0.0381758 0)
(-0.172987 0.345494 0)
(0.0771762 1.21231 0)
(-0.128662 -0.0211701 0)
(-0.124005 -0.0164181 0)
(-0.13457 0.0384137 0)
(-0.146981 0.00421691 0)
(-0.0764783 0.0219608 0)
(-0.0580486 -0.00356118 0)
(-0.0867138 0.0388113 0)
(-0.0355886 0.0414002 0)
(-0.0248027 0.0762063 0)
(-0.0255098 0.0318777 0)
(0.00475073 -0.0227438 0)
(-0.0263052 -0.0454365 0)
(0.0150924 -0.124677 0)
(0.000948827 0.00331657 0)
(0.124332 0.0498743 0)
(0.0710133 0.0207815 0)
(0.253837 -0.0588801 0)
(-0.205498 0.555293 0)
(0.0750751 1.15722 0)
(-0.0407476 -0.0232658 0)
(-0.115111 -0.0565964 0)
(-0.142713 0.00566576 0)
(-0.102937 0.00137558 0)
(-0.12696 0.0444662 0)
(-0.0619743 0.0296838 0)
(-0.0697286 0.0814427 0)
(-0.0623003 0.0483531 0)
(-0.0592721 0.0726472 0)
(-0.0727875 -0.0184788 0)
(-0.0452404 0.00769415 0)
(-0.0565027 -0.0679408 0)
(0.0101465 -0.123579 0)
(-0.045598 -0.0688454 0)
(0.0525227 0.00045147 0)
(0.0455002 0.0774813 0)
(0.00839536 0.192669 0)
(-0.185862 0.559032 0)
(0.0724099 1.08335 0)
(-0.103397 -0.0276096 0)
(-0.0680172 -0.0414129 0)
(-0.0768884 0.0128732 0)
(-0.134133 -0.011074 0)
(-0.0881976 0.0317365 0)
(-0.0368536 0.0338937 0)
(-0.084013 0.0240119 0)
(-0.0701218 0.0379103 0)
(-0.0856086 0.0100301 0)
(-0.0966066 0.0181987 0)
(-0.0405434 -0.0301249 0)
(-0.069821 -0.0739562 0)
(-0.0246511 -0.108839 0)
(-0.122204 -0.0736173 0)
(0.0231383 -0.037493 0)
(-0.171715 0.103642 0)
(-0.22122 0.166506 0)
(-0.179642 0.506639 0)
(0.052519 1.03619 0)
(-0.0909519 -0.0108843 0)
(-0.0793174 0.0186843 0)
(-0.0817187 -0.0283016 0)
(-0.0788517 0.00731682 0)
(-0.0807608 0.0337374 0)
(-0.0510049 0.0492205 0)
(-0.0490803 0.0180908 0)
(-0.0657318 0.0752068 0)
(-0.0577435 0.0312241 0)
(-0.0793437 0.074239 0)
(-0.0774716 -0.0274689 0)
(-0.136778 -0.0656227 0)
(-0.111797 -0.18282 0)
(-0.274328 -0.037831 0)
(-0.08245 -0.012828 0)
(-0.173955 0.0752826 0)
(-0.276582 0.195719 0)
(-0.187628 0.457886 0)
(0.0439083 0.972687 0)
(-0.0655784 -0.0222133 0)
(-0.0677793 -0.0256625 0)
(-0.0764292 -0.00233708 0)
(-0.0558285 -0.0114347 0)
(-0.0302932 0.0149415 0)
(-0.027618 0.0336744 0)
(-0.0293903 0.0189254 0)
(-0.0239077 0.046341 0)
(0.000352615 0.00313282 0)
(-0.0499543 0.0591553 0)
(-0.0230744 -0.077679 0)
(-0.208239 -0.0766592 0)
(-0.107895 -0.203442 0)
(-0.135044 -0.0644389 0)
(-0.0428019 0.0052792 0)
(-0.211807 0.0903577 0)
(-0.285481 0.186057 0)
(-0.182812 0.413476 0)
(0.0604131 0.906365 0)
(-0.061507 -0.0298882 0)
(-0.0712016 0.0150275 0)
(-0.0801294 -0.00997073 0)
(-0.0462674 0.0252251 0)
(-0.0296623 0.0279369 0)
(-0.0391658 0.0192134 0)
(-0.0212213 0.0364341 0)
(-0.0353219 0.0516588 0)
(0.0217916 0.0534328 0)
(-0.0176274 0.0357782 0)
(0.0158714 0.00920314 0)
(-0.187293 -0.0536643 0)
(-0.182744 0.00533989 0)
(-0.227524 -0.0382771 0)
(-0.110269 0.0238328 0)
(-0.299981 0.0884775 0)
(-0.345924 0.181707 0)
(-0.162764 0.350951 0)
(0.0681458 0.86234 0)
(-0.0407319 -0.0350797 0)
(-0.0691304 -0.0154158 0)
(-0.0868874 -0.0159896 0)
(-0.0532529 0.000420185 0)
(-0.0446377 0.00716171 0)
(-0.0311937 0.0242983 0)
(-0.0191419 0.0198557 0)
(-0.00263139 0.0414175 0)
(0.00119581 0.0347068 0)
(0.012593 0.0622927 0)
(0.0568722 0.0618271 0)
(-0.00966169 0.00357898 0)
(-0.106685 -0.0109745 0)
(-0.192991 -0.0490344 0)
(-0.184429 0.0787283 0)
(-0.360508 0.0458906 0)
(-0.448743 0.12294 0)
(-0.191586 0.270124 0)
(0.0319803 0.832857 0)
(-0.0916614 -0.0274558 0)
(-0.0726998 -0.0140199 0)
(-0.0822733 -0.0128217 0)
(-0.0543367 -0.00134464 0)
(-0.0269328 0.00312949 0)
(-0.035162 0.00877077 0)
(-0.0238328 0.0203977 0)
(-0.0290121 0.00398824 0)
(0.0302732 -0.0013464 0)
(0.0375209 0.0936078 0)
(0.0883005 0.118047 0)
(0.0112211 0.138031 0)
(-0.0982496 0.171949 0)
(-0.0525592 0.0488008 0)
(-0.119059 0.283235 0)
(-0.346934 0.0260588 0)
(-0.545784 0.107511 0)
(-0.25204 0.234184 0)
(-0.0660223 0.734623 0)
(-0.0637239 -0.0423782 0)
(-0.0693808 -0.0198088 0)
(-0.0635113 -0.0220562 0)
(-0.063078 0.0108339 0)
(-0.0496274 -0.00367203 0)
(-0.0240139 0.015963 0)
(-0.032316 0.00415213 0)
(-0.0224684 0.01236 0)
(-0.0155607 -6.24525e-05 0)
(0.0483559 -0.0314363 0)
(0.125204 0.0784193 0)
(0.161449 0.0530309 0)
(0.0575791 0.158391 0)
(0.150445 0.157141 0)
(-0.0051683 0.423247 0)
(-0.0775489 0.091973 0)
(-0.586494 0.0977372 0)
(-0.29419 0.196966 0)
(-0.0374544 0.528581 0)
(-0.0801428 -0.0233313 0)
(-0.0380628 -0.0648569 0)
(-0.0640551 -0.012009 0)
(-0.0459885 -0.0110056 0)
(-0.0427541 0.0176124 0)
(-0.0522441 -0.00434158 0)
(0.00118721 0.00877412 0)
(-0.0281519 -0.026886 0)
(-0.0165193 -0.0271291 0)
(0.055262 -0.00607704 0)
(0.0306363 0.0046535 0)
(0.197621 0.0382057 0)
(0.138323 0.0663395 0)
(0.148706 0.0784283 0)
(0.141642 0.209822 0)
(0.219468 0.436982 0)
(-0.374425 0.203584 0)
(-0.308894 0.275915 0)
(0.127751 0.397723 0)
(-0.0727638 -0.00777476 0)
(-0.0432878 -0.0329018 0)
(-0.0641176 -0.021134 0)
(-0.0514874 0.00415139 0)
(-0.0386686 0.0109131 0)
(-0.0451342 0.0163026 0)
(-0.00957062 -0.0141895 0)
(0.00938056 -0.0163906 0)
(0.02097 -0.0592223 0)
(0.0185581 -0.0127659 0)
(0.0345829 -0.0110631 0)
(0.154432 0.00917911 0)
(0.1613 0.061175 0)
(0.0856279 0.170865 0)
(0.256913 0.281592 0)
(0.272324 0.723676 0)
(0.254371 0.365357 0)
(-0.177548 0.0953729 0)
(0.238697 0.308324 0)
(-0.0494778 -0.03222 0)
(-0.0559054 -0.0075454 0)
(-0.0601136 -0.0380209 0)
(-0.0374135 0.00164406 0)
(-0.024387 -0.026254 0)
(-0.042712 -0.000349375 0)
(-0.00246973 -0.0382678 0)
(0.00143983 -0.0322719 0)
(0.0126744 -0.0905953 0)
(0.014136 -0.0444294 0)
(0.0210355 -0.0437291 0)
(0.138757 -0.0381139 0)
(0.253613 -0.0016553 0)
(0.171184 0.0705912 0)
(0.357242 0.326939 0)
(0.0394746 0.905094 0)
(0.420014 0.3195 0)
(-0.28245 0.590543 0)
(0.184619 0.430186 0)
(-0.0620434 -0.0326576 0)
(-0.0503524 -0.0242648 0)
(-0.0554465 -0.0218649 0)
(-0.0638849 -0.0228366 0)
(-0.0341907 -0.0136972 0)
(-0.030935 0.00309802 0)
(-0.00978546 -0.0301943 0)
(-0.0119198 -0.0346491 0)
(-0.00177051 -0.0461841 0)
(0.0423686 -0.0378922 0)
(0.0835122 -0.0815439 0)
(0.138598 -0.0374889 0)
(0.169028 -0.0987715 0)
(0.193371 -0.0371495 0)
(0.522724 0.552129 0)
(-0.0399784 1.07113 0)
(0.328382 0.397812 0)
(-0.0299439 0.614529 0)
(0.266632 0.804103 0)
(-0.0497524 -0.0230787 0)
(-0.0432739 -0.0169328 0)
(-0.0457809 -0.0196756 0)
(-0.0454558 -0.0115201 0)
(-0.00262338 -0.012564 0)
(-0.027787 -0.0368303 0)
(-0.00410711 -0.0384294 0)
(-0.012385 -0.0455473 0)
(0.00807964 -0.0512595 0)
(0.0373473 -0.0864568 0)
(0.081183 -0.0766384 0)
(0.145676 -0.0973854 0)
(0.199047 -0.189203 0)
(0.161677 -0.0148642 0)
(0.552133 0.527359 0)
(0.0715699 1.06064 0)
(0.306371 0.630876 0)
(-0.0522996 0.706711 0)
(0.234154 0.895415 0)
(-0.0635556 -0.0332816 0)
(-0.0461273 -0.0323051 0)
(-0.0517485 -0.0193634 0)
(-0.0525258 -0.0243144 0)
(-0.0583724 -0.0242634 0)
(-0.0316949 -0.0504127 0)
(-0.0104607 -0.0463839 0)
(-0.025978 -0.0421751 0)
(-0.0176315 -0.0855111 0)
(0.0574436 -0.107642 0)
(0.0886779 -0.0714583 0)
(0.0500109 -0.101309 0)
(0.165202 -0.18751 0)
(-0.0139731 -0.0750888 0)
(0.517131 0.408688 0)
(0.226087 1.2694 0)
(0.303128 0.646395 0)
(-0.0786181 0.844747 0)
(0.225998 1.03808 0)
(-0.0568553 0.00129005 0)
(-0.0417413 -0.0246937 0)
(-0.0562176 -0.0151337 0)
(-0.0303402 -0.00317626 0)
(-0.0287332 0.0110635 0)
(-0.0364723 -0.0226882 0)
(-0.011365 -0.047772 0)
(-0.0227943 -0.0581041 0)
(-0.00572521 -0.105319 0)
(0.0240628 -0.125297 0)
(0.0817356 -0.125159 0)
(0.0726169 -0.194243 0)
(0.156038 -0.16423 0)
(0.0550538 -0.262423 0)
(0.525097 0.278042 0)
(0.259646 1.20124 0)
(0.297326 0.685884 0)
(-0.0380367 0.868807 0)
(0.235605 1.15492 0)
(-0.00877375 -0.0337723 0)
(-0.0667757 -0.0312904 0)
(-0.0393656 -0.0298274 0)
(-0.0260659 -0.015349 0)
(-0.0642623 -0.0422675 0)
(-0.0311587 -0.0459421 0)
(-0.0278456 -0.0583117 0)
(-0.0130386 -0.0450808 0)
(0.0223277 -0.12019 0)
(0.00870537 -0.148711 0)
(0.0454021 -0.0845122 0)
(0.0784513 -0.213333 0)
(0.162719 -0.14403 0)
(0.172592 -0.199837 0)
(0.433739 0.230785 0)
(0.322776 1.20526 0)
(0.41112 1.08862 0)
(0.143081 1.00081 0)
(0.198916 1.37238 0)
(-0.0184392 -0.0225816 0)
(-0.0198291 -0.0010613 0)
(-0.0294629 0.00154215 0)
(-0.0128276 -0.0139441 0)
(-0.0190755 -0.0336294 0)
(-0.00596301 -0.0306038 0)
(0.0257818 -0.038135 0)
(0.0182776 -0.104837 0)
(0.035736 -0.109294 0)
(0.0400995 -0.137046 0)
(0.106928 -0.222135 0)
(0.119812 -0.230435 0)
(0.152979 -0.380606 0)
(0.354381 -0.331562 0)
(0.446046 -0.321719 0)
(0.737427 0.962268 0)
(0.85409 1.13957 0)
(0.549306 0.67633 0)
(0.34596 1.72351 0)
(0.025229 -0.0313277 0)
(-0.0224527 -0.0130951 0)
(0.0131522 -0.00984231 0)
(0.00524117 -0.036797 0)
(-0.00266495 -0.0470136 0)
(0.0322723 -0.0694093 0)
(-0.0106289 -0.0906438 0)
(0.0223874 -0.168935 0)
(0.0914098 -0.164574 0)
(-0.037286 -0.235975 0)
(0.0687934 -0.261796 0)
(0.0293732 -0.375323 0)
(0.0219022 -0.4345 0)
(0.123519 -0.517168 0)
(0.331087 -0.7134 0)
(0.56727 0.193371 0)
(1.92495 1.29677 0)
(1.28615 0.146843 0)
(0.929895 3.11111 0)
)
;

boundaryField
{
    leftWall
    {
        type            fixedValue;
        value           uniform (0 0 0);
    }
    rightWall
    {
        type            fixedValue;
        value           uniform (0 0 0);
    }
    lowerWall
    {
        type            fixedValue;
        value           uniform (0 0 0);
    }
    atmosphere
    {
        type            pressureInletOutletVelocity;
        value           nonuniform List<vector> 
46
(
(0 -0.094594 0)
(0 -0.105598 0)
(0 -0.127479 0)
(0 -0.15056 0)
(0 -0.128876 0)
(0 -0.104694 0)
(0 -0.0998331 0)
(0 -0.0933686 0)
(0 -0.102602 0)
(0 -0.0760849 0)
(0 -0.101198 0)
(0 -0.0784592 0)
(0 -0.111785 0)
(0 -0.0854633 0)
(0 -0.0744496 0)
(0 -0.0545609 0)
(0 -0.0568962 0)
(0 -0.0412473 0)
(0 -0.039248 0)
(0 -0.0515002 0)
(0 -0.0446878 0)
(0 -0.042057 0)
(0 -0.0314749 0)
(0 -0.0178843 0)
(0 -0.029395 0)
(0 -0.0337415 0)
(0 -0.0256234 0)
(0 -0.0313277 0)
(0 -0.0130951 0)
(0 -0.00984231 0)
(0 -0.036797 0)
(0 -0.0470136 0)
(0 -0.0694093 0)
(0 -0.0906438 0)
(0 -0.168935 0)
(0 -0.164574 0)
(0 -0.235975 0)
(0 -0.261796 0)
(0 -0.375323 0)
(0 -0.4345 0)
(0 -0.517168 0)
(0 -0.7134 0)
(0.56727 0.193371 0)
(1.92495 1.29677 0)
(1.28615 0.146843 0)
(0.929895 3.11111 0)
)
;
    }
    defaultFaces
    {
        type            empty;
    }
}


// ************************************************************************* //
