/*--------------------------------*- C++ -*----------------------------------*\
| =========                 |                                                 |
| \\      /  F ield         | foam-extend: Open Source CFD                    |
|  \\    /   O peration     | Version:     4.1                                |
|   \\  /    A nd           | Web:         http://www.foam-extend.org         |
|    \\/     M anipulation  |                                                 |
\*---------------------------------------------------------------------------*/
FoamFile
{
    version     2.0;
    format      ascii;
    class       surfaceScalarField;
    location    "0.05";
    object      phi;
}
// * * * * * * * * * * * * * * * * * * * * * * * * * * * * * * * * * * * * * //

dimensions      [0 3 -1 0 0 0 0];

internalField   nonuniform List<scalar> 
4432
(
3.33963e-06
-3.33963e-06
6.72516e-06
-3.38553e-06
1.01962e-05
-3.47105e-06
1.37705e-05
-3.57434e-06
1.74903e-05
-3.71976e-06
2.13199e-05
-3.82967e-06
2.54967e-05
-4.17668e-06
2.97052e-05
-4.20852e-06
3.38132e-05
-4.10802e-06
3.50014e-05
-1.18822e-06
6.2658e-05
-2.76566e-05
8.62778e-05
-2.36197e-05
0.000109057
-2.27787e-05
0.00012258
-1.35231e-05
0.000141179
-1.85992e-05
0.000183693
-4.25147e-05
0.00024076
-5.70665e-05
0.000287912
-4.71524e-05
0.000329372
-4.14594e-05
0.000340417
-1.10452e-05
0.000306621
3.37958e-05
0.00016905
0.000137571
0.00016905
3.33881e-06
-6.67844e-06
6.7241e-06
-6.77083e-06
1.01976e-05
-6.94453e-06
1.37725e-05
-7.14928e-06
1.74976e-05
-7.44484e-06
2.13229e-05
-7.65494e-06
2.54664e-05
-8.32015e-06
3.05497e-05
-9.29187e-06
3.39401e-05
-7.49842e-06
5.77081e-05
-2.49562e-05
6.41429e-05
-3.40914e-05
8.49298e-05
-4.44067e-05
9.82505e-05
-3.60995e-05
9.88471e-05
-1.41196e-05
8.44373e-05
-4.1895e-06
6.00235e-05
-1.81009e-05
4.91122e-05
-4.61552e-05
5.7561e-05
-5.56011e-05
7.59714e-05
-5.987e-05
0.000117852
-5.29266e-05
0.000111928
3.97198e-05
5.04743e-05
0.000199025
0.000219525
3.32854e-06
-1.0007e-05
6.70453e-06
-1.01468e-05
1.01743e-05
-1.04143e-05
1.37405e-05
-1.07155e-05
1.74717e-05
-1.1176e-05
2.12345e-05
-1.14178e-05
2.56029e-05
-1.26886e-05
3.01005e-05
-1.37894e-05
3.20226e-05
-9.42058e-06
5.53817e-05
-4.83153e-05
6.42119e-05
-4.29216e-05
8.14249e-05
-6.16196e-05
9.37154e-05
-4.839e-05
0.00010907
-2.94742e-05
0.000135408
-3.05276e-05
0.000174748
-5.74411e-05
0.000201762
-7.31691e-05
0.000210164
-6.40031e-05
0.000171824
-2.15299e-05
7.92904e-05
3.9608e-05
1.38243e-05
0.000105186
-1.44578e-05
0.000227306
0.000205067
3.31306e-06
-1.332e-05
6.6748e-06
-1.35086e-05
1.014e-05
-1.38796e-05
1.36926e-05
-1.4268e-05
1.74356e-05
-1.4919e-05
2.10508e-05
-1.5033e-05
2.57515e-05
-1.73892e-05
2.90459e-05
-1.70838e-05
5.21748e-05
-3.25495e-05
5.43556e-05
-5.0496e-05
6.38133e-05
-5.23794e-05
7.87682e-05
-7.65745e-05
8.83066e-05
-5.79284e-05
9.92621e-05
-4.04297e-05
0.000111486
-4.27519e-05
0.000112263
-5.82176e-05
0.000119118
-8.00243e-05
0.000122712
-6.75962e-05
8.96628e-05
1.1519e-05
3.63403e-05
9.29294e-05
-7.26615e-06
0.000148793
-1.39295e-05
0.00023397
0.000191137
3.29203e-06
-1.66121e-05
6.63395e-06
-1.68505e-05
1.00945e-05
-1.73401e-05
1.36309e-05
-1.78044e-05
1.7379e-05
-1.86671e-05
2.10553e-05
-1.87093e-05
2.52409e-05
-2.15748e-05
2.73746e-05
-1.92175e-05
4.86681e-05
-5.3843e-05
5.40517e-05
-5.58796e-05
6.23993e-05
-6.0727e-05
7.29779e-05
-8.71531e-05
8.10963e-05
-6.60467e-05
9.60603e-05
-5.53937e-05
0.000120892
-6.75834e-05
0.000157305
-9.46304e-05
0.000188244
-0.000110964
0.000164444
-4.37957e-05
7.11551e-05
0.000104808
1.89685e-05
0.000145116
-5.40511e-06
0.000173166
-3.78422e-06
0.000232349
0.000187353
3.26509e-06
-1.98771e-05
6.58096e-06
-2.01664e-05
1.00379e-05
-2.07971e-05
1.35541e-05
-2.13206e-05
1.73907e-05
-2.25037e-05
2.1056e-05
-2.23746e-05
2.46583e-05
-2.51771e-05
4.47879e-05
-3.93471e-05
4.74068e-05
-5.64619e-05
5.39074e-05
-6.23802e-05
6.1515e-05
-6.83346e-05
6.99862e-05
-9.56243e-05
7.40206e-05
-7.00812e-05
8.24823e-05
-6.38554e-05
9.24504e-05
-7.75515e-05
0.000126822
-0.000129002
0.00015252
-0.000136662
7.79354e-05
3.07881e-05
3.43007e-05
0.000148443
1.63852e-05
0.000163032
4.10663e-06
0.000185444
1.01826e-05
0.000226273
0.000197535
3.23148e-06
-2.31086e-05
6.51451e-06
-2.34494e-05
9.96827e-06
-2.42508e-05
1.34449e-05
-2.47972e-05
1.7422e-05
-2.64808e-05
2.03115e-05
-2.52641e-05
2.30688e-05
-2.79344e-05
4.14543e-05
-5.77326e-05
4.62092e-05
-6.12168e-05
5.19241e-05
-6.80952e-05
5.89305e-05
-7.53409e-05
6.65344e-05
-0.000103228
6.58301e-05
-6.93768e-05
7.36291e-05
-7.16545e-05
8.40609e-05
-8.79833e-05
0.000135057
-0.000179998
8.89748e-05
-9.058e-05
2.50191e-05
9.47437e-05
2.08779e-05
0.000152584
1.69797e-05
0.00016693
1.47759e-05
0.000187648
2.322e-05
0.000217829
0.000220755
3.17998e-06
-2.62886e-05
6.41251e-06
-2.66819e-05
9.84657e-06
-2.76849e-05
1.32643e-05
-2.8215e-05
1.73046e-05
-3.05211e-05
1.94967e-05
-2.74562e-05
3.81834e-05
-4.66211e-05
4.1045e-05
-6.05942e-05
4.57624e-05
-6.59342e-05
5.09467e-05
-7.32795e-05
5.72917e-05
-8.16859e-05
6.38905e-05
-0.000109827
5.98578e-05
-6.5344e-05
6.83514e-05
-8.01481e-05
7.88629e-05
-9.84949e-05
0.000126746
-0.000227881
4.85313e-05
-1.23657e-05
1.47149e-05
0.00012856
1.88187e-05
0.00014848
1.87602e-05
0.000166988
2.1855e-05
0.000184553
2.72557e-05
0.000212429
0.000248011
4.12927e-06
-4.12927e-06
9.08739e-06
-4.95804e-06
1.28076e-05
-3.72025e-06
1.46921e-05
-1.88435e-06
1.50023e-05
-3.10285e-07
1.47729e-05
2.29501e-07
1.42686e-05
5.04292e-07
1.35534e-05
7.15237e-07
1.27165e-05
8.36917e-07
1.18352e-05
8.81261e-07
1.09545e-05
8.80592e-07
9.75486e-06
1.19965e-06
6.83386e-06
2.92098e-06
5.11041e-06
1.72346e-06
3.77725e-06
1.33316e-06
2.68208e-06
1.09517e-06
1.72612e-06
9.5594e-07
8.44928e-07
8.81206e-07
8.44914e-07
4.30219e-06
-8.43148e-06
9.84678e-06
-1.05025e-05
1.34925e-05
-7.36602e-06
1.52991e-05
-3.69079e-06
1.56099e-05
-6.21157e-07
1.52928e-05
5.46713e-07
1.46499e-05
1.14724e-06
1.38697e-05
1.49538e-06
1.29993e-05
1.70724e-06
1.20966e-05
1.78388e-06
1.11412e-05
1.83596e-06
8.98857e-06
3.35228e-06
6.7606e-06
5.14895e-06
5.10282e-06
3.38124e-06
3.78933e-06
2.64663e-06
2.70222e-06
2.18229e-06
1.74365e-06
1.91449e-06
8.54651e-07
1.77025e-06
1.69955e-06
4.16928e-06
-1.26008e-05
1.12297e-05
-1.75628e-05
1.44417e-05
-1.0578e-05
1.58608e-05
-5.10985e-06
1.59415e-05
-7.01875e-07
1.55116e-05
9.7665e-07
1.47861e-05
1.87283e-06
1.3954e-05
2.3274e-06
1.30518e-05
2.60938e-06
1.21658e-05
2.66985e-06
1.11948e-05
2.80695e-06
8.07606e-06
6.47097e-06
6.49604e-06
6.72896e-06
4.95758e-06
4.91971e-06
3.71627e-06
3.88791e-06
2.6664e-06
3.23218e-06
1.72636e-06
2.8545e-06
8.47582e-07
2.64908e-06
2.54713e-06
5.41851e-06
-1.80193e-05
1.22454e-05
-2.43896e-05
1.54508e-05
-1.37834e-05
1.66416e-05
-6.30056e-06
1.64417e-05
-5.02032e-07
1.58374e-05
1.58097e-06
1.49716e-05
2.73865e-06
1.40663e-05
3.23266e-06
1.3071e-05
3.60467e-06
1.21201e-05
3.62072e-06
1.01589e-05
4.76807e-06
7.49077e-06
9.13909e-06
6.17802e-06
8.0417e-06
4.78441e-06
6.31332e-06
3.63285e-06
5.03946e-06
2.62406e-06
4.241e-06
1.70508e-06
3.77346e-06
8.38608e-07
3.51559e-06
3.38573e-06
7.05751e-06
-2.50768e-05
1.40031e-05
-3.13352e-05
1.67744e-05
-1.65548e-05
1.76626e-05
-7.18872e-06
1.71355e-05
2.50463e-08
1.62645e-05
2.45191e-06
1.51915e-05
3.81171e-06
1.42089e-05
4.21519e-06
1.31421e-05
4.67141e-06
1.19855e-05
4.77733e-06
7.12291e-06
9.63061e-06
7.10055e-06
9.16144e-06
5.84735e-06
9.29488e-06
4.61063e-06
7.55005e-06
3.54134e-06
6.10874e-06
2.57522e-06
5.20714e-06
1.67958e-06
4.66909e-06
8.27604e-07
4.3676e-06
4.21332e-06
9.67267e-06
-3.47495e-05
1.65339e-05
-3.81964e-05
1.85176e-05
-1.85385e-05
1.89905e-05
-7.66163e-06
1.79863e-05
1.02923e-06
1.67559e-05
3.6823e-06
1.54111e-05
5.15653e-06
1.43152e-05
5.31109e-06
1.27883e-05
6.19818e-06
7.22841e-06
1.03372e-05
7.06951e-06
9.78946e-06
6.69794e-06
9.533e-06
5.50467e-06
1.04881e-05
4.43288e-06
8.62186e-06
3.44311e-06
7.09851e-06
2.52063e-06
6.12965e-06
1.65019e-06
5.53952e-06
8.14696e-07
5.20312e-06
5.02802e-06
1.499e-05
-4.97394e-05
2.03212e-05
-4.35276e-05
2.06105e-05
-1.88278e-05
2.05557e-05
-7.60682e-06
1.89369e-05
2.64798e-06
1.72245e-05
5.39462e-06
1.51954e-05
7.18565e-06
1.12749e-05
9.23156e-06
7.38826e-06
1.00848e-05
7.26055e-06
1.04649e-05
6.95129e-06
1.00987e-05
6.22565e-06
1.02586e-05
5.18968e-06
1.15241e-05
4.25607e-06
9.5555e-06
3.34175e-06
8.01283e-06
2.46205e-06
7.00938e-06
1.61775e-06
6.38381e-06
8.00211e-07
6.02068e-06
5.82823e-06
3.16559e-05
-8.13953e-05
2.73013e-05
-3.9173e-05
2.13632e-05
-1.28897e-05
1.20326e-05
1.72377e-06
1.04504e-05
4.23019e-06
9.25767e-06
6.58728e-06
8.29911e-06
8.14418e-06
7.79147e-06
9.73919e-06
7.41774e-06
1.04585e-05
7.18386e-06
1.06988e-05
6.86238e-06
1.04201e-05
5.7319e-06
1.13891e-05
4.91333e-06
1.23427e-05
4.09302e-06
1.03758e-05
3.2436e-06
8.86227e-06
2.40301e-06
7.85e-06
1.58417e-06
7.20266e-06
7.84988e-07
6.81987e-06
6.61321e-06
6.608e-06
-3.28966e-05
1.33429e-05
-3.34168e-05
2.05539e-05
-3.48959e-05
2.80758e-05
-3.57369e-05
3.63322e-05
-3.87775e-05
6.27491e-05
-5.38731e-05
7.53281e-05
-5.92002e-05
8.23738e-05
-6.76398e-05
9.07968e-05
-7.43572e-05
0.000100072
-8.25548e-05
0.000109974
-9.15874e-05
0.000117171
-0.000117025
0.000119257
-6.74298e-05
0.000127935
-8.88263e-05
0.000198446
-0.000169005
0.000179437
-0.000208872
6.20857e-05
0.000104986
3.49257e-05
0.00015572
2.57271e-05
0.000157679
2.74964e-05
0.000165219
3.91886e-05
0.000172861
6.51573e-05
0.000186461
0.000121453
0.000191715
6.2502e-06
-3.91468e-05
1.3052e-05
-4.02186e-05
2.09761e-05
-4.282e-05
3.44814e-05
-4.92421e-05
5.14679e-05
-5.5764e-05
5.9532e-05
-6.19372e-05
6.79126e-05
-6.75808e-05
7.46447e-05
-7.43719e-05
8.17894e-05
-8.15019e-05
8.91762e-05
-8.99416e-05
9.68998e-05
-9.9311e-05
0.000102023
-0.000122148
9.34833e-05
-5.88905e-05
9.46024e-05
-8.99454e-05
0.000145341
-0.000219744
3.89251e-05
-0.000102456
1.43025e-05
0.000129609
2.57658e-05
0.000144257
2.56101e-05
0.000157835
3.23846e-05
0.000158445
4.609e-05
0.000159156
0.000138135
9.4416e-05
8.55514e-05
0.000174036
1.03052e-05
-4.9452e-05
2.09662e-05
-5.08797e-05
3.13742e-05
-5.3228e-05
4.00327e-05
-5.79006e-05
4.7813e-05
-6.35443e-05
5.4414e-05
-6.85382e-05
6.09539e-05
-7.41208e-05
6.71232e-05
-8.05412e-05
7.31985e-05
-8.75772e-05
7.90742e-05
-9.58173e-05
8.46605e-05
-0.000104897
8.69963e-05
-0.000124483
8.59767e-05
-5.78709e-05
9.375e-05
-9.77187e-05
0.000213893
-0.000339887
4.1716e-05
6.9721e-05
1.96796e-05
0.000151645
1.91901e-05
0.000144746
2.55731e-05
0.000151452
3.11662e-05
0.000152852
9.73791e-05
9.29432e-05
0.000107136
8.46591e-05
7.48013e-05
0.000117886
9.27484e-06
-5.87269e-05
1.84301e-05
-6.00349e-05
2.74956e-05
-6.22935e-05
3.54192e-05
-6.58243e-05
4.20782e-05
-7.02033e-05
4.84445e-05
-7.49045e-05
5.44265e-05
-8.01028e-05
5.98755e-05
-8.59902e-05
6.49144e-05
-9.26162e-05
6.95267e-05
-0.00010043
7.36826e-05
-0.000109053
7.39272e-05
-0.000124728
7.29216e-05
-5.68653e-05
7.24043e-05
-9.72014e-05
6.98185e-05
-0.000337301
2.02744e-06
0.000137512
1.56001e-05
0.000138072
1.95165e-05
0.00014083
3.11339e-05
0.000139834
6.38021e-05
0.000120184
7.76669e-05
7.90781e-05
8.84482e-05
7.38773e-05
6.61575e-05
9.70917e-05
8.23167e-06
-6.69585e-05
1.62205e-05
-6.80237e-05
2.39138e-05
-6.99868e-05
3.09952e-05
-7.29056e-05
3.73739e-05
-7.6582e-05
4.31896e-05
-8.07202e-05
4.84526e-05
-8.53657e-05
5.30704e-05
-9.0608e-05
5.70753e-05
-9.66211e-05
6.05376e-05
-0.000103892
6.35439e-05
-0.000112059
6.20966e-05
-0.000123281
6.17478e-05
-5.65165e-05
6.49366e-05
-0.00010039
-2.76194e-05
-0.000244745
-8.54131e-06
0.000118434
9.7953e-06
0.000119736
2.64745e-05
0.000124151
3.99793e-05
0.00012633
7.22082e-05
8.79554e-05
7.609e-05
7.51962e-05
8.16113e-05
6.8356e-05
6.25944e-05
8.51745e-05
7.20043e-06
-7.41589e-05
1.42494e-05
-7.50726e-05
2.1042e-05
-7.67795e-05
2.73958e-05
-7.92595e-05
3.31994e-05
-8.23855e-05
3.84704e-05
-8.59912e-05
4.31187e-05
-9.0014e-05
4.68802e-05
-9.43695e-05
4.97801e-05
-9.95211e-05
5.20712e-05
-0.000106183
5.39674e-05
-0.000113956
5.1132e-05
-0.000120445
5.05148e-05
-5.58993e-05
5.31922e-05
-0.000103068
-3.70943e-05
-0.000154458
-2.01752e-06
8.33571e-05
1.43154e-05
0.000103403
2.9306e-05
0.000109161
5.20047e-05
0.000103631
6.34848e-05
7.64752e-05
6.73924e-05
7.12887e-05
6.83582e-05
6.73903e-05
6.76177e-05
6.33349e-05
6.33793e-06
-8.04969e-05
1.25672e-05
-8.13019e-05
1.85907e-05
-8.2803e-05
2.42957e-05
-8.49645e-05
2.95882e-05
-8.76779e-05
3.44028e-05
-9.08059e-05
3.86582e-05
-9.42694e-05
4.14969e-05
-9.72082e-05
4.30586e-05
-0.000101083
4.39901e-05
-0.000107115
4.46187e-05
-0.000114584
4.07474e-05
-0.000116574
4.0566e-05
-5.57179e-05
5.82344e-05
-0.000120736
-8.23551e-06
-8.79883e-05
-5.87211e-06
8.09939e-05
1.74258e-05
8.01049e-05
3.94979e-05
8.70887e-05
5.83224e-05
8.48063e-05
5.85483e-05
7.62493e-05
6.12713e-05
6.85657e-05
6.22953e-05
6.63664e-05
9.372e-05
3.61929e-05
5.57902e-06
-8.60759e-05
1.10929e-05
-8.68158e-05
1.64684e-05
-8.81785e-05
2.16265e-05
-9.01226e-05
2.64788e-05
-9.25302e-05
3.0908e-05
-9.5235e-05
3.47445e-05
-9.81059e-05
3.71049e-05
-9.95686e-05
3.7062e-05
-0.00010104
3.61283e-05
-0.000106181
3.52347e-05
-0.000113691
3.01726e-05
-0.000111512
2.80544e-05
-5.35997e-05
7.4935e-05
-0.000167617
1.64861e-05
-2.95391e-05
1.70373e-05
8.04427e-05
2.26457e-05
7.44966e-05
3.32379e-05
7.64965e-05
4.12305e-05
7.68138e-05
4.69219e-05
7.05579e-05
5.20504e-05
6.34371e-05
3.5877e-05
8.25398e-05
9.62553e-05
3.33418e-05
4.89084e-06
-9.09667e-05
9.76745e-06
-9.16924e-05
1.45909e-05
-9.3002e-05
1.93154e-05
-9.48471e-05
2.38673e-05
-9.70822e-05
2.81105e-05
-9.94782e-05
3.17874e-05
-0.000101783
3.37904e-05
-0.000101572
3.19891e-05
-9.92385e-05
2.89868e-05
-0.000103179
2.54346e-05
-0.000110138
1.80102e-05
-0.000104087
1.74103e-05
-5.29998e-05
7.45658e-05
-0.000224772
1.01291e-05
3.48975e-05
1.17286e-05
7.88431e-05
1.8191e-05
6.80342e-05
2.31683e-05
7.15193e-05
2.86273e-05
7.13547e-05
3.32977e-05
6.58875e-05
3.69242e-05
5.98107e-05
2.41159e-05
9.53481e-05
9.44559e-05
2.59154e-05
4.22819e-06
-9.51949e-05
8.50269e-06
-9.59669e-05
1.28399e-05
-9.73392e-05
1.72736e-05
-9.92808e-05
2.17487e-05
-0.000101557
2.62803e-05
-0.00010401
3.07634e-05
-0.000106266
3.32998e-05
-0.000104108
2.97704e-05
-9.57091e-05
2.21279e-05
-9.55361e-05
1.06803e-05
-9.8691e-05
3.64799e-06
-9.7055e-05
2.33423e-06
-5.1686e-05
3.0779e-05
-0.000253217
-4.41231e-06
7.00888e-05
3.15266e-06
7.12783e-05
9.22066e-06
6.19663e-05
1.41234e-05
6.66166e-05
1.79753e-05
6.75028e-05
2.04972e-05
6.33656e-05
2.1515e-05
5.8793e-05
1.80593e-05
9.88039e-05
9.36541e-05
1.88612e-05
3.49153e-06
-9.86865e-05
7.06276e-06
-9.95381e-05
1.08226e-05
-0.000101099
1.50287e-05
-0.000103487
1.96347e-05
-0.000106163
2.51412e-05
-0.000109516
3.22364e-05
-0.000113361
3.87651e-05
-0.000110637
2.61731e-05
-8.31171e-05
1.02752e-05
-7.96381e-05
-5.42626e-06
-8.29895e-05
2.91561e-07
-0.000102773
2.67009e-07
-5.16615e-05
1.42851e-05
-0.000267235
3.77729e-06
8.0597e-05
2.79718e-06
7.22587e-05
4.35837e-06
6.04052e-05
6.78629e-06
6.41887e-05
9.22204e-06
6.50671e-05
1.09884e-05
6.15993e-05
1.0107e-05
5.96745e-05
9.30828e-06
9.96027e-05
9.20329e-05
1.09295e-05
2.38653e-06
-0.000101073
5.203e-06
-0.000102355
8.48599e-06
-0.000104382
1.20467e-05
-0.000107048
1.59995e-05
-0.000110116
2.10585e-05
-0.000114575
2.74122e-05
-0.000119715
2.1718e-05
-0.000104942
1.41889e-05
-7.5588e-05
9.5818e-06
-7.5031e-05
1.2476e-06
-7.46553e-05
1.35155e-05
-0.000115041
1.3776e-05
-5.19219e-05
2.99646e-06
-0.000256455
9.08701e-07
8.26852e-05
2.08824e-07
7.29587e-05
5.55499e-07
6.00585e-05
1.78768e-06
6.29564e-05
3.18736e-06
6.36674e-05
3.70524e-06
6.10814e-05
-3.79757e-07
6.37595e-05
-2.78967e-07
9.95018e-05
8.92908e-05
2.46309e-06
1.54575e-06
-0.000102619
4.28069e-06
-0.00010509
7.19163e-06
-0.000107293
9.33529e-06
-0.000109191
1.09233e-05
-0.000111704
1.11886e-05
-0.000114841
1.14625e-05
-0.000119989
1.60527e-05
-0.000109533
1.50959e-05
-7.46312e-05
1.31785e-05
-7.31136e-05
1.04045e-05
-7.18814e-05
1.29727e-05
-0.000117609
1.2562e-05
-5.15113e-05
-2.77808e-05
-0.000216112
-1.04711e-05
6.53755e-05
-6.05596e-06
6.85434e-05
-3.39497e-06
5.73973e-05
-1.56982e-06
6.11312e-05
2.52211e-07
6.18454e-05
1.8301e-06
5.95035e-05
-1.66587e-05
8.22482e-05
-8.2717e-06
9.11147e-05
8.53299e-05
-4.31097e-06
8.62303e-07
-0.000103481
2.21529e-06
-0.000106443
2.99789e-06
-0.000108075
3.47841e-06
-0.000109672
3.78138e-06
-0.000112007
2.57135e-06
-0.000113631
7.63836e-07
-0.000118181
9.88303e-06
-0.000118652
1.50026e-05
-7.97508e-05
1.74013e-05
-7.55123e-05
1.91528e-05
-7.36329e-05
-5.12178e-06
-9.33344e-05
-7.01791e-06
-4.96151e-05
-4.62881e-06
-0.000218501
-1.67462e-07
6.09138e-05
-5.10984e-06
7.34855e-05
-6.51791e-06
5.88053e-05
-6.13015e-06
6.07435e-05
-5.523e-06
6.12383e-05
-1.01474e-05
6.41279e-05
-2.03401e-05
9.24409e-05
-1.46863e-05
8.54608e-05
7.98056e-05
-9.16197e-06
1.50134e-06
-0.000104982
2.03053e-06
-0.000106972
2.13459e-06
-0.00010818
2.07507e-06
-0.000109612
1.39817e-06
-0.00011133
-8.27076e-07
-0.000111405
-3.56202e-06
-0.000115446
-8.40981e-06
-0.000113804
1.82754e-05
-0.000106436
1.85945e-05
-7.58314e-05
1.92849e-05
-7.43232e-05
3.87685e-06
-7.79263e-05
7.74882e-06
-5.34871e-05
-1.43475e-05
-0.000196405
1.16622e-05
3.49036e-05
-3.67974e-06
8.88272e-05
-9.24221e-06
6.43678e-05
-8.05865e-06
5.95601e-05
-7.1783e-06
6.03581e-05
-2.89967e-05
8.59463e-05
-1.78889e-05
8.13331e-05
-1.29846e-05
8.05564e-05
7.71947e-05
-1.03737e-05
1.19939e-06
-0.000106182
1.33445e-06
-0.000107107
1.33619e-06
-0.000108181
1.06716e-06
-0.000109343
1.11407e-07
-0.000110374
-5.0884e-07
-0.000110785
-2.62556e-06
-0.000113329
-5.01415e-06
-0.000111416
-6.47698e-06
-0.000104973
2.04447e-05
-0.000102753
1.88162e-05
-7.26948e-05
1.95935e-05
-7.87036e-05
2.72391e-05
-6.11327e-05
-5.19959e-05
-0.00011717
4.21518e-06
-2.13076e-05
-1.03385e-05
0.000103381
-1.31348e-05
6.71644e-05
-1.11013e-05
5.75269e-05
-3.74956e-05
8.67525e-05
-3.40343e-05
8.24849e-05
-3.15835e-05
7.88822e-05
-2.65502e-05
7.55231e-05
7.20074e-05
-2.13629e-05
5.38544e-07
-0.00010672
7.60303e-07
-0.000107329
7.74638e-07
-0.000108196
5.62138e-07
-0.000109131
5.59897e-08
-0.000109868
-3.14503e-07
-0.000110415
-2.38395e-06
-0.00011126
-4.34831e-06
-0.000109451
-3.98445e-06
-0.000105337
-4.20814e-06
-0.000102529
2.06224e-05
-9.75254e-05
1.69517e-05
-7.50329e-05
4.10502e-05
-8.52312e-05
2.68473e-05
-0.000102968
2.80823e-05
-2.25425e-05
4.65755e-06
0.000126806
-2.12458e-05
9.30681e-05
-4.74946e-05
8.37759e-05
-4.31814e-05
8.24393e-05
-3.96144e-05
7.89177e-05
-3.60275e-05
7.52952e-05
-3.03783e-05
6.98739e-05
6.68143e-05
-2.51851e-05
2.22287e-07
-0.000106943
3.34791e-07
-0.000107441
3.40154e-07
-0.000108201
2.43628e-07
-0.000109034
1.02513e-07
-0.000109727
-2.5108e-07
-0.000110061
-1.2971e-06
-0.000110214
-2.34459e-06
-0.000108404
-2.17991e-06
-0.000105502
-1.48829e-06
-0.000103221
4.53782e-07
-9.94674e-05
2.82388e-05
-0.000102818
4.23959e-05
-9.93884e-05
2.40475e-05
-8.46191e-05
1.39808e-05
-1.24755e-05
-2.67994e-05
0.000167587
-5.20946e-05
0.000118363
-5.23706e-05
8.40519e-05
-4.95061e-05
7.95747e-05
-4.41842e-05
7.35957e-05
-4.0257e-05
7.13679e-05
-3.33008e-05
6.29176e-05
5.4768e-05
-2.12545e-05
1.05751e-07
-0.000107048
1.62489e-07
-0.000107498
1.70497e-07
-0.000108209
1.17051e-07
-0.000108981
-3.979e-09
-0.000109606
-1.65308e-07
-0.0001099
-5.402e-07
-0.000109839
-7.99431e-07
-0.000108144
-6.01644e-07
-0.0001057
-5.26227e-07
-0.000103296
-2.52922e-06
-9.74644e-05
-1.43467e-05
-9.10004e-05
-3.97475e-05
-7.39876e-05
-6.36471e-05
-6.07195e-05
-0.000113674
3.75512e-05
-6.74043e-05
0.000121317
-5.14234e-05
0.000102383
-5.82211e-05
9.08495e-05
-5.33246e-05
7.4678e-05
-4.5762e-05
6.6033e-05
-3.10929e-05
5.66987e-05
-2.32449e-05
5.50695e-05
5.16392e-05
-2.01161e-05
-5.16985e-08
-0.000106997
-1.25732e-07
-0.000107424
-2.3625e-07
-0.000108098
-3.82368e-07
-0.000108835
-5.66257e-07
-0.000109422
-7.93898e-07
-0.000109672
-1.11971e-06
-0.000109513
-1.42729e-06
-0.000107837
-1.79829e-06
-0.000105329
-2.94985e-06
-0.000102145
-5.12535e-06
-9.52889e-05
-1.49079e-05
-8.12178e-05
-3.74011e-05
-5.14944e-05
-8.3715e-05
-1.44056e-05
-8.86077e-05
4.24439e-05
-7.14656e-05
0.000104175
-5.61706e-05
8.70873e-05
-4.28595e-05
7.75383e-05
-3.57985e-05
6.76169e-05
-3.02451e-05
6.04794e-05
-2.73149e-05
5.37684e-05
-2.37704e-05
5.1525e-05
4.8773e-05
-2.09043e-05
-2.87785e-06
-0.000104119
-5.7252e-06
-0.000104576
-8.94746e-06
-0.000104876
-1.25989e-05
-0.000105183
-1.6681e-05
-0.00010534
-2.11039e-05
-0.000105249
-2.58313e-05
-0.000104786
-2.94427e-05
-0.000104225
-3.24009e-05
-0.00010237
-3.56362e-05
-9.89095e-05
-4.81553e-05
-8.27699e-05
-8.39991e-05
-4.53741e-05
-9.77632e-05
-3.77304e-05
-0.000134767
2.25978e-05
-0.000128864
3.65413e-05
-8.21342e-05
5.74449e-05
-6.25764e-05
6.75293e-05
-4.76445e-05
6.26061e-05
-3.94591e-05
5.94314e-05
-3.31367e-05
5.4157e-05
-2.91405e-05
4.97722e-05
-2.52712e-05
4.76556e-05
4.53933e-05
-2.18914e-05
-7.26763e-06
-9.68513e-05
-1.46544e-05
-9.71898e-05
-2.23966e-05
-9.71341e-05
-3.06292e-05
-9.69508e-05
-3.94696e-05
-9.64997e-05
-4.90632e-05
-9.56556e-05
-5.95803e-05
-9.42687e-05
-7.19692e-05
-9.18366e-05
-8.51594e-05
-8.918e-05
-9.70784e-05
-8.69906e-05
-0.000118244
-6.16038e-05
-0.000133805
-2.9814e-05
-0.000149636
-2.18997e-05
-0.000127618
5.80258e-07
-9.59371e-05
4.86005e-06
-7.76402e-05
3.91478e-05
-6.30401e-05
5.29291e-05
-5.08001e-05
5.0366e-05
-4.21527e-05
5.07839e-05
-3.52476e-05
4.7252e-05
-3.03651e-05
4.48897e-05
-2.6364e-05
4.36546e-05
4.17727e-05
-2.27433e-05
-7.14412e-06
-8.97072e-05
-1.4463e-05
-8.9871e-05
-2.20538e-05
-8.95434e-05
-3.00453e-05
-8.89594e-05
-3.85446e-05
-8.80005e-05
-4.76755e-05
-8.65247e-05
-5.7671e-05
-8.42732e-05
-7.00614e-05
-7.94463e-05
-8.75045e-05
-7.17368e-05
-8.39832e-05
-9.05119e-05
-0.000116978
-2.86089e-05
-0.000120121
-2.66715e-05
-0.00011559
-2.64301e-05
-0.000110467
-4.54293e-06
-0.000106339
7.31572e-07
-7.92153e-05
1.20241e-05
-6.65277e-05
4.02414e-05
-4.89954e-05
3.28337e-05
-4.28247e-05
4.46132e-05
-3.66277e-05
4.1055e-05
-3.15827e-05
3.98447e-05
-2.73788e-05
3.94507e-05
3.79176e-05
-2.35235e-05
-6.48629e-06
-8.3221e-05
-1.30775e-05
-8.32798e-05
-1.98645e-05
-8.27565e-05
-2.69098e-05
-8.19141e-05
-3.42649e-05
-8.06454e-05
-4.19077e-05
-7.88819e-05
-4.96757e-05
-7.65051e-05
-5.61081e-05
-7.30139e-05
-5.85767e-05
-6.92682e-05
-0.000103686
-4.54024e-05
-9.95245e-05
-3.27706e-05
-0.000100399
-2.57966e-05
-0.000108515
-1.83148e-05
-9.83484e-05
-1.47094e-05
-9.50694e-05
-2.54749e-06
-8.85547e-05
5.50928e-06
-6.66058e-05
1.82926e-05
-6.07e-05
2.69279e-05
-4.66192e-05
3.05324e-05
-3.63031e-05
3.07389e-05
-3.09158e-05
3.44575e-05
-2.7651e-05
3.6186e-05
3.42549e-05
-2.39882e-05
-6.46624e-06
-7.67548e-05
-1.30281e-05
-7.67181e-05
-1.97307e-05
-7.6054e-05
-2.66074e-05
-7.50374e-05
-3.37362e-05
-7.35166e-05
-4.13422e-05
-7.12759e-05
-4.88356e-05
-6.90117e-05
-5.63367e-05
-6.55127e-05
-8.01532e-05
-4.54517e-05
-8.70159e-05
-3.85396e-05
-8.95079e-05
-3.02786e-05
-9.08926e-05
-2.44118e-05
-9.08516e-05
-1.83558e-05
-8.50073e-05
-2.05537e-05
-8.00063e-05
-7.54848e-06
-7.36874e-05
-8.09613e-07
-5.7053e-05
1.65815e-06
-5.31501e-05
2.3025e-05
-4.79289e-05
2.53112e-05
-4.36423e-05
2.64523e-05
-3.72185e-05
2.80337e-05
-2.99672e-05
2.89348e-05
2.87992e-05
-2.45115e-05
-6.20418e-06
-7.05507e-05
-1.24919e-05
-7.04305e-05
-1.8883e-05
-6.9663e-05
-2.53285e-05
-6.8592e-05
-3.21506e-05
-6.66946e-05
-3.91248e-05
-6.43016e-05
-4.61681e-05
-6.19684e-05
-6.63295e-05
-4.53513e-05
-7.20705e-05
-3.97107e-05
-7.6205e-05
-3.44052e-05
-7.78209e-05
-2.86626e-05
-7.89371e-05
-2.32956e-05
-7.93654e-05
-1.79275e-05
-7.64321e-05
-2.3487e-05
-7.04785e-05
-1.35021e-05
-6.78716e-05
-3.41652e-06
-6.52921e-05
-9.21307e-07
-4.85401e-05
6.27297e-06
-4.53403e-05
2.21114e-05
-4.03769e-05
2.1489e-05
-3.59656e-05
2.36225e-05
-3.18675e-05
2.48367e-05
2.54183e-05
-2.84866e-05
-5.81379e-06
-6.4737e-05
-1.17081e-05
-6.45363e-05
-1.76967e-05
-6.36744e-05
-2.35618e-05
-6.2727e-05
-2.97918e-05
-6.04646e-05
-3.69731e-05
-5.71204e-05
-5.39473e-05
-4.49943e-05
-5.90645e-05
-4.02341e-05
-6.2748e-05
-3.60272e-05
-6.55251e-05
-3.1628e-05
-6.72036e-05
-2.69841e-05
-6.81548e-05
-2.23444e-05
-6.83452e-05
-1.77371e-05
-6.66077e-05
-2.52244e-05
-6.31992e-05
-1.69106e-05
-6.05003e-05
-6.11541e-06
-5.96508e-05
-1.77077e-06
-5.54026e-05
2.02484e-06
-4.33849e-05
1.00938e-05
-3.89312e-05
1.70353e-05
-3.44202e-05
1.91115e-05
-3.05997e-05
2.10163e-05
2.20998e-05
-2.72812e-05
-5.37585e-06
-5.93612e-05
-1.08705e-05
-5.90417e-05
-1.66475e-05
-5.78975e-05
-2.20006e-05
-5.73739e-05
-3.12784e-05
-5.1187e-05
-4.37704e-05
-4.46284e-05
-4.83312e-05
-4.04335e-05
-5.16436e-05
-3.69217e-05
-5.43958e-05
-3.3275e-05
-5.65799e-05
-2.94439e-05
-5.81185e-05
-2.54454e-05
-5.90486e-05
-2.14142e-05
-5.9369e-05
-1.74167e-05
-5.86519e-05
-2.59414e-05
-5.70039e-05
-1.85586e-05
-5.22833e-05
-1.08359e-05
-5.04483e-05
-3.6057e-06
-4.75888e-05
-8.34642e-07
-3.83815e-05
8.86443e-07
-3.56535e-05
1.43074e-05
-3.26252e-05
1.60832e-05
-2.93362e-05
1.77274e-05
1.90901e-05
-2.63265e-05
-4.96503e-06
-5.43962e-05
-1.04175e-05
-5.35894e-05
-1.69555e-05
-5.13595e-05
-2.7707e-05
-4.66224e-05
-3.46212e-05
-4.42729e-05
-3.8853e-05
-4.03967e-05
-4.18453e-05
-3.74412e-05
-4.45526e-05
-3.42144e-05
-4.69045e-05
-3.09231e-05
-4.88318e-05
-2.75166e-05
-5.02576e-05
-2.40195e-05
-5.11749e-05
-2.0497e-05
-5.16231e-05
-1.69684e-05
-5.14008e-05
-2.61637e-05
-5.01986e-05
-1.97607e-05
-4.739e-05
-1.36444e-05
-4.56956e-05
-5.30012e-06
-4.44198e-05
-2.11036e-06
-4.29241e-05
-6.09166e-07
-3.27405e-05
4.12383e-06
-3.08729e-05
1.42157e-05
-2.80098e-05
1.48642e-05
1.64153e-05
-2.53349e-05
-7.18317e-06
-4.72131e-05
-1.41415e-05
-4.66311e-05
-2.05223e-05
-4.49788e-05
-2.5029e-05
-4.21159e-05
-2.93985e-05
-3.99034e-05
-3.25702e-05
-3.7225e-05
-3.55299e-05
-3.44814e-05
-3.8083e-05
-3.16614e-05
-4.02572e-05
-2.87489e-05
-4.20246e-05
-2.57492e-05
-4.33646e-05
-2.26795e-05
-4.42654e-05
-1.95962e-05
-4.47803e-05
-1.64535e-05
-4.48921e-05
-2.60518e-05
-4.4369e-05
-2.02838e-05
-4.32594e-05
-1.47539e-05
-4.00984e-05
-8.46106e-06
-3.92139e-05
-2.99482e-06
-3.89555e-05
-8.67535e-07
-3.60375e-05
1.20596e-06
-2.90241e-05
7.20232e-06
-2.66447e-05
1.24848e-05
1.39004e-05
-2.41298e-05
-5.6518e-06
-4.15613e-05
-1.12e-05
-4.1083e-05
-1.63157e-05
-3.98632e-05
-2.03311e-05
-3.81005e-05
-2.40403e-05
-3.61943e-05
-2.72414e-05
-3.4024e-05
-3.00047e-05
-3.17181e-05
-3.2384e-05
-2.92822e-05
-3.43939e-05
-2.67391e-05
-3.60365e-05
-2.41066e-05
-3.7309e-05
-2.1407e-05
-3.82211e-05
-1.86841e-05
-3.87816e-05
-1.58929e-05
-3.92061e-05
-2.56273e-05
-3.90368e-05
-2.04531e-05
-3.81994e-05
-1.55912e-05
-3.58774e-05
-1.0783e-05
-3.48408e-05
-4.03137e-06
-3.39268e-05
-1.78147e-06
-3.26199e-05
-1.0085e-07
-2.71235e-05
1.70593e-06
-2.45107e-05
9.87208e-06
1.20858e-05
-2.26961e-05
-4.5485e-06
-3.70129e-05
-8.9331e-06
-3.66985e-05
-1.30104e-05
-3.5786e-05
-1.66269e-05
-3.4484e-05
-1.98824e-05
-3.29388e-05
-2.27425e-05
-3.11639e-05
-2.52477e-05
-2.92129e-05
-2.74128e-05
-2.71172e-05
-2.92496e-05
-2.49024e-05
-3.07644e-05
-2.25918e-05
-3.1961e-05
-2.02104e-05
-3.28563e-05
-1.77889e-05
-3.34208e-05
-1.53285e-05
-3.4017e-05
-2.5031e-05
-3.40187e-05
-2.04514e-05
-3.35348e-05
-1.60749e-05
-3.24716e-05
-1.18461e-05
-3.09597e-05
-5.54324e-06
-3.02712e-05
-2.46995e-06
-2.97009e-05
-6.71105e-07
-2.88931e-05
8.98188e-07
-2.2914e-05
3.89302e-06
1.05916e-05
-2.14197e-05
-3.65497e-06
-3.3358e-05
-7.21563e-06
-3.31379e-05
-1.05746e-05
-3.2427e-05
-1.36501e-05
-3.14086e-05
-1.64466e-05
-3.01424e-05
-1.89495e-05
-2.86611e-05
-2.11616e-05
-2.70009e-05
-2.30885e-05
-2.51904e-05
-2.47362e-05
-2.32547e-05
-2.61109e-05
-2.12172e-05
-2.72189e-05
-1.91024e-05
-2.80749e-05
-1.69329e-05
-2.86569e-05
-1.47465e-05
-2.94213e-05
-2.42666e-05
-2.96693e-05
-2.02033e-05
-2.95855e-05
-1.61587e-05
-2.91964e-05
-1.22353e-05
-2.67831e-05
-7.95653e-06
-2.64215e-05
-2.83148e-06
-2.60834e-05
-1.00917e-06
-2.58663e-05
6.81101e-07
-2.43888e-05
2.41557e-06
6.75489e-06
-2.0552e-05
-2.96448e-06
-3.03935e-05
-5.86686e-06
-3.02356e-05
-8.63261e-06
-2.96613e-05
-1.12113e-05
-2.883e-05
-1.35805e-05
-2.77732e-05
-1.5724e-05
-2.65178e-05
-1.76348e-05
-2.50901e-05
-1.93114e-05
-2.35139e-05
-2.07558e-05
-2.18104e-05
-2.19734e-05
-1.99998e-05
-2.29725e-05
-1.81033e-05
-2.37669e-05
-1.61387e-05
-2.4353e-05
-1.41604e-05
-2.52585e-05
-2.33612e-05
-2.55918e-05
-1.98701e-05
-2.55295e-05
-1.6221e-05
-2.50759e-05
-1.26888e-05
-2.39243e-05
-9.10813e-06
-2.3161e-05
-3.59479e-06
-2.26204e-05
-1.5497e-06
-2.20195e-05
8.02371e-08
-2.12418e-05
1.63787e-06
3.90597e-06
-1.83928e-05
-2.40491e-06
-2.79886e-05
-4.76851e-06
-2.7872e-05
-7.03636e-06
-2.73935e-05
-9.17134e-06
-2.66951e-05
-1.11486e-05
-2.57959e-05
-1.29503e-05
-2.47161e-05
-1.45654e-05
-2.34752e-05
-1.59879e-05
-2.20915e-05
-1.72168e-05
-2.05816e-05
-1.82564e-05
-1.89602e-05
-1.91188e-05
-1.72409e-05
-1.9826e-05
-1.54315e-05
-2.04016e-05
-1.35849e-05
-2.15613e-05
-2.22015e-05
-2.19469e-05
-1.94845e-05
-2.19749e-05
-1.61931e-05
-2.1766e-05
-1.28977e-05
-2.13017e-05
-9.57245e-06
-1.9476e-05
-5.42055e-06
-1.91865e-05
-1.83921e-06
-1.86863e-05
-4.19882e-07
-1.79583e-05
9.09881e-07
2.11004e-06
-1.61623e-05
-1.93849e-06
-2.60502e-05
-3.84837e-06
-2.59621e-05
-5.68904e-06
-2.55529e-05
-7.4319e-06
-2.49522e-05
-9.05424e-06
-2.41736e-05
-1.05382e-05
-2.32322e-05
-1.18706e-05
-2.21428e-05
-1.30421e-05
-2.09201e-05
-1.40465e-05
-1.95773e-05
-1.48822e-05
-1.81246e-05
-1.55567e-05
-1.65665e-05
-1.60979e-05
-1.48904e-05
-1.65796e-05
-1.31032e-05
-1.84239e-05
-2.03573e-05
-1.87171e-05
-1.91914e-05
-1.86946e-05
-1.62157e-05
-1.84817e-05
-1.31106e-05
-1.80377e-05
-1.00164e-05
-1.6705e-05
-6.7533e-06
-1.63341e-05
-2.21009e-06
-1.59123e-05
-8.41735e-07
-1.54122e-05
4.09868e-07
1.47342e-06
-1.47755e-05
-1.53949e-06
-2.45107e-05
-3.05862e-06
-2.44429e-05
-4.52728e-06
-2.40842e-05
-5.92287e-06
-2.35567e-05
-7.22586e-06
-2.28707e-05
-8.41909e-06
-2.2039e-05
-9.48866e-06
-2.10733e-05
-1.04223e-05
-1.99865e-05
-1.12072e-05
-1.87924e-05
-1.1826e-05
-1.75059e-05
-1.22503e-05
-1.61422e-05
-1.24265e-05
-1.47143e-05
-1.23105e-05
-1.32192e-05
-1.62167e-05
-1.64512e-05
-1.58674e-05
-1.95407e-05
-1.5602e-05
-1.64811e-05
-1.53003e-05
-1.34124e-05
-1.48647e-05
-1.0452e-05
-1.41162e-05
-7.50177e-06
-1.37565e-05
-2.56982e-06
-1.33503e-05
-1.24789e-06
-1.29244e-05
-1.60572e-08
1.10779e-06
-1.25587e-05
-1.19006e-06
-2.33206e-05
-2.36503e-06
-2.32679e-05
-3.50537e-06
-2.29439e-05
-4.59155e-06
-2.24705e-05
-5.60806e-06
-2.18542e-05
-6.53796e-06
-2.11091e-05
-7.36936e-06
-2.02419e-05
-8.09168e-06
-1.92642e-05
-8.69362e-06
-1.81905e-05
-9.15983e-06
-1.70397e-05
-9.46505e-06
-1.5837e-05
-9.55642e-06
-1.4623e-05
-9.34979e-06
-1.34259e-05
-1.29996e-05
-1.28014e-05
-1.26918e-05
-1.98486e-05
-1.25117e-05
-1.66612e-05
-1.23079e-05
-1.36162e-05
-1.20016e-05
-1.07583e-05
-1.14711e-05
-8.03232e-06
-1.11982e-05
-2.84272e-06
-1.08496e-05
-1.59644e-06
-1.04741e-05
-3.9158e-07
7.95219e-07
-1.01615e-05
-8.76714e-07
-2.24439e-05
-1.74427e-06
-2.24004e-05
-2.59061e-06
-2.20975e-05
-3.3985e-06
-2.16626e-05
-4.1547e-06
-2.1098e-05
-4.84426e-06
-2.04195e-05
-5.45884e-06
-1.96273e-05
-5.99246e-06
-1.87306e-05
-6.44172e-06
-1.77413e-05
-6.80654e-06
-1.66749e-05
-7.10171e-06
-1.55419e-05
-7.37386e-06
-1.43509e-05
-7.72205e-06
-1.30777e-05
-8.67535e-06
-1.18482e-05
-9.2072e-06
-1.93168e-05
-9.4056e-06
-1.64628e-05
-9.41277e-06
-1.36091e-05
-9.26688e-06
-1.09042e-05
-8.93675e-06
-8.36246e-06
-8.71e-06
-3.06947e-06
-8.41639e-06
-1.89005e-06
-8.03693e-06
-7.71035e-07
4.88356e-07
-7.73006e-06
-6.04195e-07
-2.18396e-05
-1.20194e-06
-2.18026e-05
-1.77621e-06
-2.15232e-05
-2.32125e-06
-2.11175e-05
-2.82917e-06
-2.05901e-05
-3.29476e-06
-1.99539e-05
-3.71014e-06
-1.9212e-05
-4.07034e-06
-1.83704e-05
-4.37099e-06
-1.74406e-05
-4.60877e-06
-1.64371e-05
-4.78813e-06
-1.53625e-05
-4.92822e-06
-1.42108e-05
-5.06025e-06
-1.29456e-05
-5.44848e-06
-1.14599e-05
-6.16567e-06
-1.85996e-05
-6.52632e-06
-1.61022e-05
-6.67979e-06
-1.34556e-05
-6.67608e-06
-1.09079e-05
-6.55111e-06
-8.48743e-06
-6.35717e-06
-3.2634e-06
-6.08342e-06
-2.1638e-06
-5.56205e-06
-1.29241e-06
2.85718e-07
-5.3594e-06
-3.10078e-07
-2.15295e-05
-6.3172e-07
-2.14809e-05
-9.43456e-07
-2.12115e-05
-1.24146e-06
-2.08195e-05
-1.5204e-06
-2.03111e-05
-1.77917e-06
-1.96952e-05
-2.01139e-06
-1.89797e-05
-2.20894e-06
-1.81728e-05
-2.36257e-06
-1.7287e-05
-2.45936e-06
-1.63404e-05
-2.47404e-06
-1.53478e-05
-2.36117e-06
-1.43236e-05
-1.99357e-06
-1.33132e-05
-1.32847e-06
-1.2125e-05
-2.99818e-06
-1.69299e-05
-3.79918e-06
-1.53012e-05
-4.1934e-06
-1.30614e-05
-4.33763e-06
-1.07637e-05
-4.3285e-06
-8.49656e-06
-4.1651e-06
-3.4268e-06
-3.6028e-06
-2.7261e-06
-3.35363e-06
-1.54158e-06
1.42852e-07
-3.21077e-06
-7.78048e-08
-1.41692e-07
-1.98754e-07
-2.50316e-07
-2.95411e-07
-3.32862e-07
-3.60334e-07
-3.72113e-07
-3.58591e-07
-3.03565e-07
-1.73677e-07
1.11106e-07
6.41754e-07
2.16279e-06
2.7482e-07
-9.25164e-07
-1.62969e-06
-2.15309e-06
-2.70903e-06
-1.02054e-06
-6.6899e-07
-7.60054e-07
-6.01698e-07
0.000124913
6.68017e-05
0.000105234
1.96787e-05
0.000104253
9.81627e-07
-7.6344e-06
0.000111888
0.00018205
5.87872e-05
0.000162301
3.94277e-05
0.000140953
2.23293e-05
1.2376e-05
0.000120942
0.00014393
3.2744e-05
0.000137162
4.61962e-05
0.000121834
3.76573e-05
3.0057e-05
0.000104153
0.000100048
2.97877e-05
9.87796e-05
4.74645e-05
9.47303e-05
4.17066e-05
3.57996e-05
8.89878e-05
6.9481e-05
4.54813e-05
7.20117e-05
4.49338e-05
7.21411e-05
4.15772e-05
3.75748e-05
7.03659e-05
6.01505e-05
4.86658e-05
5.99271e-05
4.51572e-05
5.92466e-05
4.22578e-05
3.86492e-05
5.81722e-05
4.0464e-05
4.43947e-05
4.33216e-05
4.22996e-05
4.50347e-05
4.05447e-05
3.80063e-05
4.56777e-05
3.43135e-05
4.34231e-05
3.52521e-05
4.1361e-05
3.6152e-05
3.96449e-05
3.75057e-05
3.66526e-05
2.68711e-05
4.24676e-05
2.76438e-05
4.05884e-05
2.83476e-05
3.89411e-05
3.7032e-05
2.88214e-05
1.95979e-05
4.17309e-05
2.03053e-05
3.9881e-05
2.10032e-05
3.82432e-05
3.64652e-05
2.15699e-05
1.19358e-05
4.07245e-05
1.28782e-05
3.89386e-05
1.37953e-05
3.7326e-05
3.56718e-05
1.45887e-05
3.9989e-06
3.91886e-05
5.40242e-06
3.75351e-05
6.70513e-06
3.60233e-05
3.45525e-05
7.82448e-06
-2.63866e-06
3.75163e-05
-1.16539e-06
3.60618e-05
1.60962e-07
3.46969e-05
3.32535e-05
1.45994e-06
-7.56365e-06
3.5918e-05
-6.41068e-06
3.49089e-05
-5.28545e-06
3.35718e-05
3.20092e-05
-4.04099e-06
-9.62021e-06
3.51646e-05
-8.84928e-06
3.41381e-05
-7.65972e-06
3.23823e-05
3.07122e-05
-6.36269e-06
-1.81941e-05
3.19959e-05
-1.48263e-05
3.07704e-05
-1.18815e-05
2.94376e-05
2.84836e-05
-9.65282e-06
-2.1566e-05
2.83768e-05
-1.77211e-05
2.69255e-05
-1.45384e-05
2.62549e-05
2.5973e-05
-1.20278e-05
-1.82485e-05
2.53708e-05
-1.64061e-05
2.5083e-05
-1.47862e-05
2.4635e-05
2.43131e-05
-1.31262e-05
-1.85419e-05
2.37965e-05
-1.70219e-05
2.3563e-05
-1.55592e-05
2.31723e-05
2.28614e-05
-1.41075e-05
-1.94534e-05
2.23457e-05
-1.79681e-05
2.20777e-05
-1.65016e-05
2.17058e-05
2.14271e-05
-1.50673e-05
-2.03465e-05
2.08008e-05
-1.88291e-05
2.05603e-05
-1.73541e-05
2.02308e-05
2.00001e-05
-1.5927e-05
-2.11316e-05
1.91891e-05
-1.95751e-05
1.9004e-05
-1.80831e-05
1.8739e-05
1.85723e-05
-1.66552e-05
-2.18289e-05
1.74946e-05
-2.02037e-05
1.73789e-05
-1.86765e-05
1.72118e-05
1.71304e-05
-1.72344e-05
-2.22554e-05
1.57619e-05
-2.06123e-05
1.57359e-05
-1.91144e-05
1.57139e-05
1.57809e-05
-1.77647e-05
-2.22997e-05
1.35503e-05
-2.00433e-05
1.34796e-05
-1.84627e-05
1.41335e-05
1.48622e-05
-1.75441e-05
-2.70702e-05
1.21339e-05
-2.57652e-05
1.21747e-05
-2.39132e-05
1.22815e-05
1.23387e-05
-2.13897e-05
-2.58718e-05
1.07245e-05
-2.45485e-05
1.08514e-05
-2.3271e-05
1.10039e-05
1.10815e-05
-2.20138e-05
-2.49919e-05
9.3899e-06
-2.37186e-05
9.5782e-06
-2.2491e-05
9.77625e-06
9.89444e-06
-2.13039e-05
-2.41228e-05
8.17773e-06
-2.29371e-05
8.39251e-06
-2.17707e-05
8.60987e-06
8.77717e-06
-2.06535e-05
-2.30084e-05
7.0563e-06
-2.19256e-05
7.30977e-06
-2.0875e-05
7.55922e-06
7.76472e-06
-1.98626e-05
-2.17345e-05
6.09468e-06
-2.07769e-05
6.35223e-06
-1.9828e-05
6.61032e-06
6.83882e-06
-1.89021e-05
-2.0525e-05
5.19996e-06
-1.96147e-05
5.44199e-06
-1.87146e-05
5.71028e-06
5.96518e-06
-1.78409e-05
-1.944e-05
4.08799e-06
-1.84307e-05
4.43283e-06
-1.75107e-05
4.79028e-06
5.11134e-06
-1.66568e-05
-1.75281e-05
3.22332e-06
-1.67378e-05
3.64266e-06
-1.59688e-05
4.02133e-06
4.37241e-06
-1.52298e-05
-1.54827e-05
2.54375e-06
-1.48966e-05
3.05667e-06
-1.42794e-05
3.40422e-06
3.75271e-06
-1.36597e-05
-1.3893e-05
1.66123e-06
-1.32262e-05
2.38998e-06
-1.26264e-05
2.80451e-06
3.18072e-06
-1.20544e-05
-1.19956e-05
1.09813e-06
-1.13849e-05
1.77933e-06
-1.08495e-05
2.26909e-06
2.67737e-06
-1.03461e-05
-9.89059e-06
8.2727e-07
-9.40328e-06
1.29205e-06
-8.94613e-06
1.81195e-06
2.25679e-06
-8.52553e-06
-7.53908e-06
6.36293e-07
-7.23659e-06
9.8957e-07
-6.91233e-06
1.4877e-06
1.94752e-06
-6.60305e-06
-5.24311e-06
5.20001e-07
-5.07257e-06
8.19027e-07
-4.86611e-06
1.28124e-06
1.74012e-06
-4.65871e-06
-3.12431e-06
4.33536e-07
-2.99857e-06
6.93281e-07
-2.84442e-06
1.12709e-06
1.59642e-06
-2.70072e-06
-5.86783e-07
-6.04475e-07
-5.72398e-07
-5.46545e-07
6.15294e-05
-3.10366e-05
4.16294e-05
-1.92729e-05
3.04776e-05
-1.73791e-06
2.65449e-05
5.6564e-06
2.3336e-05
7.439e-06
2.06655e-05
9.25782e-06
1.85034e-05
1.03062e-05
1.70415e-05
1.12011e-05
1.59459e-05
1.1554e-05
1.50644e-05
1.15802e-05
1.39576e-05
1.15268e-05
1.08126e-05
1.45341e-05
9.64964e-06
1.35056e-05
8.19102e-06
1.18345e-05
6.56612e-06
1.04872e-05
4.90077e-06
9.51539e-06
3.24591e-06
8.85753e-06
1.61255e-06
8.45324e-06
8.22577e-06
6.98272e-05
2.00785e-05
4.86333e-05
1.92109e-06
3.56183e-05
1.12771e-05
2.93069e-05
1.19677e-05
2.50421e-05
1.17037e-05
2.16626e-05
1.26372e-05
1.91821e-05
1.27867e-05
1.73329e-05
1.30503e-05
1.59749e-05
1.2912e-05
1.50102e-05
1.25448e-05
1.13173e-05
1.52198e-05
9.98535e-06
1.5866e-05
8.93383e-06
1.45572e-05
7.62191e-06
1.31464e-05
6.151e-06
1.19581e-05
4.618e-06
1.10484e-05
3.07172e-06
1.04038e-05
1.52986e-06
9.99512e-06
9.75563e-06
6.0547e-05
6.3685e-05
4.86467e-05
1.38214e-05
3.89908e-05
2.09329e-05
2.9821e-05
2.11374e-05
2.53642e-05
1.61605e-05
2.19133e-05
1.60881e-05
1.93954e-05
1.53046e-05
1.73747e-05
1.50709e-05
1.57854e-05
1.45014e-05
1.24399e-05
1.58902e-05
1.02724e-05
1.73872e-05
9.36904e-06
1.67693e-05
8.35225e-06
1.5574e-05
7.12481e-06
1.43739e-05
5.76597e-06
1.3317e-05
4.34341e-06
1.2471e-05
2.89705e-06
1.18502e-05
1.44533e-06
1.14469e-05
1.1201e-05
8.01354e-05
7.25375e-05
4.73069e-05
4.66498e-05
3.95893e-05
2.86505e-05
3.38605e-05
2.68661e-05
2.66785e-05
2.33424e-05
2.13652e-05
2.14014e-05
1.90007e-05
1.7669e-05
1.64767e-05
1.75947e-05
1.29213e-05
1.80568e-05
1.0627e-05
1.81844e-05
9.77026e-06
1.8244e-05
8.90679e-06
1.76328e-05
7.86731e-06
1.66135e-05
6.68656e-06
1.55547e-05
5.41038e-06
1.45932e-05
4.08053e-06
1.38009e-05
2.72556e-06
1.32052e-05
1.36113e-06
1.28113e-05
1.25621e-05
6.48846e-05
7.80187e-05
4.35235e-05
6.80109e-05
3.6939e-05
3.52349e-05
3.1665e-05
3.21401e-05
2.67146e-05
2.82928e-05
2.28269e-05
2.52891e-05
1.80656e-05
2.24304e-05
1.45849e-05
2.10754e-05
1.23599e-05
2.02816e-05
1.07785e-05
1.97658e-05
9.58577e-06
1.94366e-05
8.53507e-06
1.86835e-05
7.44513e-06
1.77034e-05
6.29064e-06
1.67092e-05
5.07918e-06
1.58047e-05
3.82959e-06
1.50506e-05
2.5589e-06
1.44759e-05
1.27842e-06
1.40918e-05
1.38405e-05
5.53205e-05
8.08704e-05
5.29589e-05
7.03725e-05
3.43564e-05
5.38375e-05
2.99048e-05
3.65917e-05
2.50935e-05
3.31041e-05
2.10947e-05
2.92879e-05
1.75305e-05
2.59945e-05
1.4686e-05
2.39197e-05
1.24176e-05
2.255e-05
1.06268e-05
2.15565e-05
9.28632e-06
2.07771e-05
8.14826e-06
1.98215e-05
7.04062e-06
1.88111e-05
5.91619e-06
1.78337e-05
4.7638e-06
1.69572e-05
3.5879e-06
1.62265e-05
2.39675e-06
1.56671e-05
1.19742e-06
1.52912e-05
1.5038e-05
4.48575e-05
8.16907e-05
4.31274e-05
7.21026e-05
3.26489e-05
6.43159e-05
2.7147e-05
4.20935e-05
2.318e-05
3.70711e-05
1.9657e-05
3.28108e-05
1.65811e-05
2.90704e-05
1.40134e-05
2.64873e-05
1.18877e-05
2.46757e-05
1.01923e-05
2.32518e-05
8.87927e-06
2.20902e-05
7.7277e-06
2.09731e-05
6.63416e-06
1.99047e-05
5.54999e-06
1.89179e-05
4.45714e-06
1.80501e-05
3.35235e-06
1.73313e-05
2.23806e-06
1.67815e-05
1.11789e-06
1.64114e-05
1.61559e-05
3.67852e-05
8.1558e-05
3.62064e-05
7.26814e-05
3.5316e-05
6.52063e-05
2.47574e-05
5.26521e-05
2.13582e-05
4.04703e-05
1.81936e-05
3.59754e-05
1.54141e-05
3.18499e-05
1.3106e-05
2.87954e-05
1.12265e-05
2.65552e-05
9.6736e-06
2.48046e-05
8.39968e-06
2.3364e-05
7.27606e-06
2.20967e-05
6.21895e-06
2.09618e-05
5.1848e-06
1.99521e-05
4.15425e-06
1.90807e-05
3.12028e-06
1.83654e-05
2.08166e-06
1.78201e-05
1.03944e-06
1.74536e-05
1.71953e-05
2.9379e-05
8.10004e-05
2.91471e-05
7.29133e-05
2.84693e-05
6.5884e-05
2.14001e-05
5.97213e-05
1.8734e-05
4.31363e-05
1.63484e-05
3.8361e-05
1.40902e-05
3.41081e-05
1.2135e-05
3.07505e-05
1.04667e-05
2.82234e-05
9.04915e-06
2.62222e-05
7.85609e-06
2.45571e-05
6.79342e-06
2.31594e-05
5.79127e-06
2.1964e-05
4.81619e-06
2.09272e-05
3.85168e-06
2.00453e-05
2.88957e-06
1.93275e-05
1.92648e-06
1.87833e-05
9.61649e-07
1.84185e-05
1.8157e-05
2.26579e-05
7.99123e-05
2.32723e-05
7.22989e-05
2.37437e-05
6.54126e-05
2.37106e-05
5.97544e-05
1.65384e-05
5.03085e-05
1.45174e-05
4.0382e-05
1.26693e-05
3.59561e-05
1.10478e-05
3.2372e-05
9.59886e-06
2.96722e-05
8.33104e-06
2.74899e-05
7.25693e-06
2.56312e-05
6.28333e-06
2.4133e-05
5.35021e-06
2.28971e-05
4.4417e-06
2.18358e-05
3.54723e-06
2.09398e-05
2.65875e-06
2.02161e-05
1.77171e-06
1.96703e-05
8.84203e-07
1.9306e-05
1.90412e-05
1.62937e-05
7.82072e-05
1.76065e-05
7.09861e-05
1.853e-05
6.44891e-05
1.9356e-05
5.89284e-05
1.59399e-05
5.37246e-05
1.23826e-05
4.39393e-05
1.10979e-05
3.72407e-05
9.88771e-06
3.35822e-05
8.65567e-06
3.09042e-05
7.5363e-06
2.86093e-05
6.61579e-06
2.65516e-05
5.75429e-06
2.49945e-05
4.89725e-06
2.37542e-05
4.06047e-06
2.26727e-05
3.23973e-06
2.17606e-05
2.42694e-06
2.10289e-05
1.61685e-06
2.04804e-05
8.06891e-07
2.01159e-05
1.98481e-05
1.02525e-05
7.57792e-05
1.22704e-05
6.89683e-05
1.38941e-05
6.28655e-05
1.53305e-05
5.74921e-05
1.65094e-05
5.25458e-05
1.33637e-05
4.7085e-05
9.60845e-06
4.09959e-05
8.78041e-06
3.44101e-05
7.62971e-06
3.20548e-05
6.66028e-06
2.95787e-05
5.9483e-06
2.72636e-05
5.22148e-06
2.57213e-05
4.43582e-06
2.45399e-05
3.67304e-06
2.34355e-05
2.92906e-06
2.25046e-05
2.19388e-06
2.17641e-05
1.46172e-06
2.12126e-05
7.29648e-07
2.0848e-05
2.05777e-05
4.53891e-06
7.27003e-05
7.23641e-06
6.62708e-05
9.42266e-06
6.06793e-05
1.12268e-05
5.5688e-05
1.2735e-05
5.10375e-05
1.33803e-05
4.64397e-05
1.25174e-05
4.18588e-05
8.46061e-06
3.84669e-05
6.71172e-06
3.38037e-05
5.79121e-06
3.04991e-05
5.27387e-06
2.7781e-05
4.68219e-06
2.6313e-05
3.95811e-06
2.52641e-05
3.27709e-06
2.41166e-05
2.61446e-06
2.31673e-05
1.95928e-06
2.24193e-05
1.30617e-06
2.18657e-05
6.52456e-07
2.15017e-05
2.12301e-05
-6.8242e-07
6.93418e-05
2.59887e-06
6.29896e-05
5.26287e-06
5.80153e-05
7.3541e-06
5.35968e-05
8.98902e-06
4.94026e-05
1.00718e-05
4.53569e-05
1.04573e-05
4.14732e-05
1.0747e-05
3.81771e-05
9.91322e-06
3.46375e-05
8.46223e-06
3.19501e-05
6.01323e-06
3.023e-05
4.30089e-06
2.80254e-05
3.5219e-06
2.60431e-05
2.88757e-06
2.47509e-05
2.29806e-06
2.37568e-05
1.72238e-06
2.2995e-05
1.1489e-06
2.24392e-05
5.74058e-07
2.20765e-05
2.18042e-05
-3.65949e-06
6.66387e-05
-9.43782e-07
6.0274e-05
1.63775e-06
5.54338e-05
3.89878e-06
5.13358e-05
5.67762e-06
4.76237e-05
6.94563e-06
4.40888e-05
7.66699e-06
4.07518e-05
8.10481e-06
3.77393e-05
7.91731e-06
3.48249e-05
7.45847e-06
3.2409e-05
7.17303e-06
3.05155e-05
6.58226e-06
2.86162e-05
5.68391e-06
2.69415e-05
4.7543e-06
2.56805e-05
3.81092e-06
2.47002e-05
2.85842e-06
2.39474e-05
1.90084e-06
2.33967e-05
9.44335e-07
2.3033e-05
2.27485e-05
-5.93182e-06
6.29177e-05
-3.63106e-06
5.79732e-05
-1.42465e-06
5.32274e-05
8.64881e-07
4.90462e-05
2.78423e-06
4.57044e-05
4.23486e-06
4.26382e-05
5.1813e-06
3.98053e-05
5.77522e-06
3.71454e-05
5.93472e-06
3.46655e-05
5.83244e-06
3.25113e-05
5.66002e-06
3.06879e-05
5.26572e-06
2.90105e-05
4.65939e-06
2.75478e-05
3.96697e-06
2.6373e-05
3.22471e-06
2.54424e-05
2.44783e-06
2.47243e-05
1.6459e-06
2.41986e-05
8.26445e-07
2.38524e-05
2.35749e-05
-8.01966e-06
5.89095e-05
-5.04362e-06
5.49972e-05
-2.94024e-06
5.1124e-05
-1.3753e-06
4.74813e-05
3.16668e-07
4.40124e-05
1.90711e-06
4.10477e-05
3.013e-06
3.86994e-05
3.76783e-06
3.63905e-05
4.1689e-06
3.42644e-05
4.31229e-06
3.23679e-05
4.29104e-06
3.07091e-05
4.0768e-06
2.92247e-05
3.69029e-06
2.79343e-05
3.19594e-06
2.68673e-05
2.62973e-06
2.60086e-05
2.01297e-06
2.5341e-05
1.3609e-06
2.48506e-05
6.85479e-07
2.45278e-05
2.42604e-05
-9.49719e-06
5.52805e-05
-6.58708e-06
5.20871e-05
-4.31592e-06
4.88528e-05
-2.50235e-06
4.56677e-05
-1.16988e-06
4.26799e-05
-6.30689e-08
3.9941e-05
1.15962e-06
3.74768e-05
2.0365e-06
3.55137e-05
2.6208e-06
3.36801e-05
2.94617e-06
3.20425e-05
3.07531e-06
3.058e-05
3.02189e-06
2.92781e-05
2.81255e-06
2.81436e-05
2.48698e-06
2.71928e-05
2.07773e-06
2.64178e-05
1.60737e-06
2.58113e-05
1.09425e-06
2.53637e-05
5.53165e-07
2.50689e-05
2.48136e-05
-1.07951e-05
5.1968e-05
-7.99305e-06
4.9285e-05
-5.63902e-06
4.64988e-05
-3.77839e-06
4.38071e-05
-2.30578e-06
4.12074e-05
-1.22685e-06
3.88621e-05
-3.49612e-07
3.65996e-05
5.56385e-07
3.46077e-05
1.27376e-06
3.29627e-05
1.74446e-06
3.15718e-05
2.00779e-06
3.03166e-05
2.0951e-06
2.91908e-05
2.0318e-06
2.82068e-05
1.84924e-06
2.73753e-05
1.57761e-06
2.66894e-05
1.23817e-06
2.61507e-05
8.51154e-07
2.57507e-05
4.32514e-07
2.54875e-05
2.52461e-05
-1.18874e-05
4.87881e-05
-9.10079e-06
4.64985e-05
-6.76664e-06
4.41648e-05
-4.84474e-06
4.18853e-05
-3.31882e-06
3.96815e-05
-2.08276e-06
3.76261e-05
-1.13722e-06
3.56541e-05
-4.32524e-07
3.3903e-05
1.67136e-07
3.2363e-05
7.24169e-07
3.10147e-05
1.0844e-06
2.99563e-05
1.29348e-06
2.89816e-05
1.34818e-06
2.8152e-05
1.28655e-06
2.74369e-05
1.1337e-06
2.68422e-05
9.09532e-07
2.63749e-05
6.34362e-07
2.60259e-05
3.24925e-07
2.57969e-05
2.5571e-05
-1.28041e-05
4.56652e-05
-1.00569e-05
4.37514e-05
-7.72955e-06
4.18376e-05
-5.77019e-06
3.99261e-05
-4.17479e-06
3.80862e-05
-2.87277e-06
3.63241e-05
-1.87698e-06
3.46583e-05
-1.10901e-06
3.3135e-05
-5.3514e-07
3.17891e-05
-1.03033e-07
3.05825e-05
3.18446e-07
2.95347e-05
6.11641e-07
2.86883e-05
7.60871e-07
2.80027e-05
8.0226e-07
2.73954e-05
7.49591e-07
2.68948e-05
6.24103e-07
2.65003e-05
4.4528e-07
2.62047e-05
2.3147e-07
2.60107e-05
2.58025e-05
-1.35692e-05
4.25792e-05
-1.08533e-05
4.10357e-05
-8.51908e-06
3.95034e-05
-6.54644e-06
3.79535e-05
-4.91083e-06
3.64507e-05
-3.57548e-06
3.49888e-05
-2.50776e-06
3.35905e-05
-1.67085e-06
3.2298e-05
-1.03205e-06
3.11502e-05
-5.62171e-07
3.01125e-05
-2.22002e-07
2.91944e-05
3.3981e-08
2.84322e-05
2.61642e-07
2.7775e-05
3.9204e-07
2.7265e-05
4.27555e-07
2.68593e-05
3.81948e-07
2.65459e-05
2.85634e-07
2.6301e-05
1.53357e-07
2.6143e-05
2.59558e-05
-1.4181e-05
3.95259e-05
-1.14846e-05
3.83394e-05
-9.15505e-06
3.71739e-05
-7.18188e-06
3.59804e-05
-5.52252e-06
3.47913e-05
-4.15916e-06
3.36254e-05
-3.0437e-06
3.2475e-05
-2.16723e-06
3.14214e-05
-1.46818e-06
3.0451e-05
-9.39475e-07
2.95837e-05
-5.4966e-07
2.88045e-05
-2.75718e-07
2.81582e-05
-9.63643e-08
2.75956e-05
2.07551e-08
2.71478e-05
8.79293e-08
2.67921e-05
1.18643e-07
2.65152e-05
9.95866e-08
2.63201e-05
5.10398e-08
2.61916e-05
2.60069e-05
-1.47572e-05
3.65184e-05
-1.1986e-05
3.55684e-05
-9.6599e-06
3.48479e-05
-7.67572e-06
3.39962e-05
-6.0075e-06
3.31231e-05
-4.63282e-06
3.22506e-05
-3.48895e-06
3.1331e-05
-2.5722e-06
3.05045e-05
-1.83687e-06
2.97156e-05
-1.26102e-06
2.90077e-05
-8.31941e-07
2.83753e-05
-5.07283e-07
2.78335e-05
-2.8463e-07
2.73729e-05
-1.3334e-07
2.69965e-05
-3.87804e-08
2.66975e-05
7.91296e-09
2.64685e-05
2.27638e-08
2.63052e-05
1.8923e-08
2.61954e-05
2.60258e-05
-1.48978e-05
3.38722e-05
-1.21665e-05
3.28372e-05
-1.00076e-05
3.26889e-05
-8.10786e-06
3.20965e-05
-6.37908e-06
3.13942e-05
-5.0098e-06
3.08813e-05
-3.83149e-06
3.01526e-05
-2.8923e-06
2.95652e-05
-2.13749e-06
2.89607e-05
-1.52491e-06
2.83951e-05
-1.06019e-06
2.79105e-05
-7.01631e-07
2.74748e-05
-4.42641e-07
2.71138e-05
-2.59549e-07
2.68133e-05
-1.38209e-07
2.65761e-05
-6.29771e-08
2.63933e-05
-2.33574e-08
2.62656e-05
-7.39695e-09
2.61794e-05
2.60184e-05
-1.66399e-05
2.91225e-05
-1.23717e-05
2.8569e-05
-9.92311e-06
3.02403e-05
-8.25175e-06
3.04251e-05
-6.50658e-06
2.9649e-05
-5.28123e-06
2.96558e-05
-4.10554e-06
2.89768e-05
-3.14763e-06
2.86072e-05
-2.37425e-06
2.81872e-05
-1.72124e-06
2.7742e-05
-1.23565e-06
2.74249e-05
-8.54105e-07
2.70933e-05
-5.67166e-07
2.68268e-05
-3.59915e-07
2.66061e-05
-2.14732e-07
2.64309e-05
-1.17467e-07
2.6296e-05
-5.78236e-08
2.62059e-05
-2.59383e-08
2.61475e-05
2.59924e-05
-1.92875e-05
2.63962e-05
-1.71545e-05
2.64359e-05
-1.36119e-05
2.66977e-05
-9.86144e-06
2.66745e-05
-6.66511e-06
2.64526e-05
-5.37527e-06
2.83659e-05
-4.17934e-06
2.77808e-05
-3.27757e-06
2.77054e-05
-2.53676e-06
2.74464e-05
-1.86062e-06
2.70658e-05
-1.36867e-06
2.69329e-05
-9.64176e-07
2.66887e-05
-6.58395e-07
2.6521e-05
-4.33135e-07
2.63808e-05
-2.67656e-07
2.62654e-05
-1.56105e-07
2.61844e-05
-8.21955e-08
2.61319e-05
-3.44885e-08
2.60997e-05
2.59579e-05
-1.87142e-05
2.38065e-05
-1.6548e-05
2.42697e-05
-1.45576e-05
2.47072e-05
-1.27634e-05
2.48803e-05
-1.10829e-05
2.4772e-05
-7.85546e-06
2.51384e-05
-4.94815e-06
2.48735e-05
-3.4224e-06
2.61797e-05
-2.59056e-06
2.66145e-05
-1.8739e-06
2.63491e-05
-1.43242e-06
2.64914e-05
-1.01306e-06
2.62693e-05
-7.07869e-07
2.62158e-05
-4.76331e-07
2.61492e-05
-2.94952e-07
2.6084e-05
-1.76619e-07
2.6066e-05
-9.78247e-08
2.60531e-05
-4.11863e-08
2.6043e-05
2.59166e-05
-1.82026e-05
2.13556e-05
-1.60492e-05
2.21162e-05
-1.41071e-05
2.27651e-05
-1.23958e-05
2.3169e-05
-1.10813e-05
2.34575e-05
-9.71271e-06
2.37698e-05
-8.58409e-06
2.37449e-05
-6.41678e-06
2.40123e-05
-3.93528e-06
2.4133e-05
-2.16301e-06
2.45769e-05
-1.53011e-06
2.58585e-05
-9.87624e-07
2.57268e-05
-6.97134e-07
2.59253e-05
-4.78259e-07
2.59303e-05
-2.85806e-07
2.58914e-05
-1.73012e-07
2.59531e-05
-1.00171e-07
2.59801e-05
-4.3821e-08
2.59866e-05
2.58728e-05
-1.76158e-05
1.91088e-05
-1.558e-05
2.00804e-05
-1.37e-05
2.08851e-05
-1.20497e-05
2.15187e-05
-1.06525e-05
2.20604e-05
-9.36285e-06
2.24801e-05
-8.39828e-06
2.27804e-05
-7.46633e-06
2.30804e-05
-6.57401e-06
2.32407e-05
-5.37616e-06
2.3379e-05
-3.28675e-06
2.37691e-05
-1.58968e-06
2.40298e-05
-8.94363e-07
2.52299e-05
-5.31965e-07
2.55678e-05
-2.57805e-07
2.56172e-05
-1.51213e-07
2.58464e-05
-9.16265e-08
2.59204e-05
-4.05096e-08
2.59353e-05
2.58322e-05
-1.68231e-05
1.70298e-05
-1.49218e-05
1.81791e-05
-1.31913e-05
1.91547e-05
-1.16475e-05
1.99749e-05
-1.02585e-05
2.06715e-05
-9.03188e-06
2.12536e-05
-8.01255e-06
2.17611e-05
-7.09533e-06
2.21633e-05
-6.38084e-06
2.25263e-05
-5.80335e-06
2.28016e-05
-5.10513e-06
2.30709e-05
-4.38818e-06
2.33128e-05
-2.94129e-06
2.3783e-05
-1.59024e-06
2.42166e-05
-6.60976e-07
2.46878e-05
-3.31364e-07
2.55166e-05
-1.76707e-07
2.57656e-05
-7.0884e-08
2.58293e-05
2.57612e-05
-1.58972e-05
1.50861e-05
-1.41239e-05
1.64058e-05
-1.25164e-05
1.75474e-05
-1.10749e-05
1.85334e-05
-9.78673e-06
1.93834e-05
-8.64534e-06
2.01123e-05
-7.62785e-06
2.07437e-05
-6.74587e-06
2.12813e-05
-5.99551e-06
2.1776e-05
-5.36065e-06
2.21667e-05
-4.84335e-06
2.25536e-05
-4.42822e-06
2.28976e-05
-3.89365e-06
2.32483e-05
-3.2866e-06
2.36095e-05
-2.60502e-06
2.40061e-05
-1.65495e-06
2.45664e-05
-8.97309e-07
2.50078e-05
-3.72981e-07
2.53048e-05
2.53881e-05
-1.48311e-05
1.32606e-05
-1.31892e-05
1.4764e-05
-1.17088e-05
1.6067e-05
-1.03784e-05
1.72031e-05
-9.18633e-06
1.81915e-05
-8.1256e-06
1.90516e-05
-7.18382e-06
1.9802e-05
-6.35752e-06
2.04551e-05
-5.6159e-06
2.10344e-05
-4.98523e-06
2.1536e-05
-4.44209e-06
2.20104e-05
-3.95996e-06
2.24154e-05
-3.53096e-06
2.28192e-05
-3.12899e-06
2.32074e-05
-2.70122e-06
2.35782e-05
-2.1041e-06
2.39691e-05
-1.41602e-06
2.43195e-05
-7.06669e-07
2.45953e-05
2.46813e-05
-1.36008e-05
1.16316e-05
-1.21183e-05
1.32817e-05
-1.07765e-05
1.47252e-05
-9.56696e-06
1.59936e-05
-8.48079e-06
1.71054e-05
-7.50933e-06
1.80802e-05
-6.64322e-06
1.89359e-05
-5.87656e-06
1.96885e-05
-5.19466e-06
2.03525e-05
-4.59772e-06
2.09391e-05
-4.05253e-06
2.14652e-05
-3.57221e-06
2.1935e-05
-3.1317e-06
2.23786e-05
-2.70565e-06
2.27812e-05
-2.27696e-06
2.31493e-05
-1.80105e-06
2.3493e-05
-1.24966e-06
2.37679e-05
-6.4173e-07
2.39872e-05
2.40395e-05
-1.22407e-05
1.02127e-05
-1.09291e-05
1.19701e-05
-9.73412e-06
1.35304e-05
-8.6533e-06
1.49129e-05
-7.68014e-06
1.61323e-05
-6.80702e-06
1.72072e-05
-6.02585e-06
1.81548e-05
-5.32832e-06
1.8991e-05
-4.70581e-06
1.973e-05
-4.15122e-06
2.03844e-05
-3.65166e-06
2.09656e-05
-3.19916e-06
2.14824e-05
-2.76545e-06
2.19448e-05
-2.3474e-06
2.2363e-05
-1.93281e-06
2.27346e-05
-1.49568e-06
2.30557e-05
-1.02945e-06
2.33015e-05
-5.24878e-07
2.34824e-05
2.35145e-05
-1.07942e-05
8.95259e-06
-9.6436e-06
1.08195e-05
-8.5976e-06
1.24844e-05
-7.65078e-06
1.39661e-05
-6.79687e-06
1.52784e-05
-6.02892e-06
1.64392e-05
-5.33964e-06
1.74655e-05
-4.72149e-06
1.83728e-05
-4.16655e-06
1.9175e-05
-3.66668e-06
1.98845e-05
-3.21368e-06
2.05125e-05
-2.79833e-06
2.10669e-05
-2.40873e-06
2.15551e-05
-2.02849e-06
2.19826e-05
-1.6475e-06
2.23534e-05
-1.2536e-06
2.26616e-05
-8.53931e-07
2.29017e-05
-4.34728e-07
2.3063e-05
2.30797e-05
-9.2558e-06
7.86235e-06
-8.27111e-06
9.8349e-06
-7.37901e-06
1.15924e-05
-6.57166e-06
1.31588e-05
-5.84275e-06
1.45495e-05
-5.18601e-06
1.57825e-05
-4.59506e-06
1.68746e-05
-4.06332e-06
1.7841e-05
-3.58398e-06
1.86956e-05
-3.14989e-06
1.94504e-05
-2.75319e-06
2.01157e-05
-2.38647e-06
2.07001e-05
-2.04195e-06
2.12104e-05
-1.70951e-06
2.16501e-05
-1.37889e-06
2.20227e-05
-1.04578e-06
2.23284e-05
-7.06361e-07
2.25621e-05
-3.58402e-07
2.27149e-05
2.27212e-05
-7.62729e-06
6.96413e-06
-6.82046e-06
9.0281e-06
-6.08977e-06
1.08617e-05
-5.42779e-06
1.24969e-05
-4.8293e-06
1.39511e-05
-4.28915e-06
1.52424e-05
-3.80209e-06
1.63875e-05
-3.36267e-06
1.74016e-05
-2.96523e-06
1.82981e-05
-2.60386e-06
1.9089e-05
-2.27232e-06
1.97841e-05
-1.96407e-06
2.03918e-05
-1.67241e-06
2.09187e-05
-1.39184e-06
2.13694e-05
-1.1162e-06
2.17469e-05
-8.41763e-07
2.20538e-05
-5.64716e-07
2.22849e-05
-2.83969e-07
2.2434e-05
2.24372e-05
-5.92364e-06
6.28473e-06
-5.30656e-06
8.41103e-06
-4.74417e-06
1.02993e-05
-4.23277e-06
1.19855e-05
-3.76933e-06
1.34876e-05
-3.35026e-06
1.48233e-05
-2.97159e-06
1.60088e-05
-2.62907e-06
1.70591e-05
-2.31825e-06
1.79873e-05
-2.03445e-06
1.88051e-05
-1.7729e-06
1.95225e-05
-1.52852e-06
2.01473e-05
-1.29624e-06
2.06863e-05
-1.07287e-06
2.11459e-05
-8.53761e-07
2.15277e-05
-6.3874e-07
2.18386e-05
-4.23656e-07
2.20697e-05
-2.11205e-07
2.22214e-05
2.2226e-05
-4.1901e-06
5.81612e-06
-3.76009e-06
7.98102e-06
-3.36571e-06
9.90496e-06
-3.00554e-06
1.16253e-05
-2.67814e-06
1.31602e-05
-2.3813e-06
1.45264e-05
-2.11228e-06
1.57398e-05
-1.86805e-06
1.68148e-05
-1.64541e-06
1.77646e-05
-1.44098e-06
1.86006e-05
-1.25128e-06
1.93327e-05
-1.07298e-06
1.9969e-05
-9.03521e-07
2.05168e-05
-7.41662e-07
2.0984e-05
-5.84278e-07
2.13702e-05
-4.32371e-07
2.16867e-05
-2.8424e-07
2.19215e-05
-1.40526e-07
2.20776e-05
2.20854e-05
-2.41228e-06
5.52768e-06
-2.15498e-06
7.72373e-06
-1.91987e-06
9.66985e-06
-1.70622e-06
1.14116e-05
-1.51339e-06
1.29674e-05
-1.33971e-06
1.43527e-05
-1.18308e-06
1.55831e-05
-1.0414e-06
1.66731e-05
-9.12564e-07
1.76357e-05
-7.94529e-07
1.84826e-05
-6.85165e-07
1.92233e-05
-5.83154e-07
1.98669e-05
-4.88378e-07
2.0422e-05
-3.99067e-07
2.08946e-05
-3.14762e-07
2.12859e-05
-2.32093e-07
2.16039e-05
-1.52398e-07
2.18417e-05
-7.50356e-08
2.20002e-05
2.20104e-05
-4.98603e-07
-4.60479e-07
-4.29712e-07
-4.02007e-07
-3.75745e-07
-3.5044e-07
-3.2602e-07
-3.0244e-07
-2.79578e-07
-2.57251e-07
-2.3528e-07
-2.13315e-07
-1.90266e-07
-1.64769e-07
-1.37763e-07
-1.0662e-07
-7.3594e-08
-4.03447e-08
)
;

boundaryField
{
    leftWall
    {
        type            calculated;
        value           uniform 0;
    }
    rightWall
    {
        type            calculated;
        value           uniform 0;
    }
    lowerWall
    {
        type            calculated;
        value           uniform 0;
    }
    atmosphere
    {
        type            calculated;
        value           nonuniform List<scalar> 
46
(
-2.14517e-05
-2.1417e-05
-2.11544e-05
-2.07679e-05
-2.0266e-05
-1.96577e-05
-1.89523e-05
-1.8161e-05
-1.73005e-05
-1.63954e-05
-1.54777e-05
-1.46084e-05
-1.38439e-05
-1.36461e-05
-1.50419e-05
-1.41012e-05
-1.23569e-05
-1.02403e-05
-7.94062e-06
-5.11529e-06
-3.07765e-06
-1.45052e-06
-1.55081e-08
4.18618e-07
7.1097e-07
1.09502e-06
1.57056e-06
5.47973e-06
7.6856e-06
9.63908e-06
1.13839e-05
1.29411e-05
1.43274e-05
1.55587e-05
1.66495e-05
1.76129e-05
1.84602e-05
1.92013e-05
1.98449e-05
2.03989e-05
2.08691e-05
2.12588e-05
2.15728e-05
2.18087e-05
2.19669e-05
2.197e-05
)
;
    }
    defaultFaces
    {
        type            empty;
    }
}


// ************************************************************************* //
