/*--------------------------------*- C++ -*----------------------------------*\
| =========                 |                                                 |
| \\      /  F ield         | foam-extend: Open Source CFD                    |
|  \\    /   O peration     | Version:     4.1                                |
|   \\  /    A nd           | Web:         http://www.foam-extend.org         |
|    \\/     M anipulation  |                                                 |
\*---------------------------------------------------------------------------*/
FoamFile
{
    version     2.0;
    format      ascii;
    class       volVectorField;
    location    "0.05";
    object      U;
}
// * * * * * * * * * * * * * * * * * * * * * * * * * * * * * * * * * * * * * //

dimensions      [0 1 -1 0 0 0 0];

internalField   nonuniform List<vector> 
2268
(
(0.0251217 -0.00611226 0)
(0.075721 -0.00619785 0)
(0.127327 -0.00635736 0)
(0.18035 -0.00654289 0)
(0.235327 -0.00681001 0)
(0.291898 -0.00697229 0)
(0.352963 -0.00771447 0)
(0.415039 -0.0070381 0)
(0.481387 -0.0104944 0)
(0.529126 0.0156668 0)
(0.499686 -0.0722793 0)
(0.563618 -0.0583148 0)
(0.796339 -0.0496278 0)
(0.898677 -0.0273504 0)
(1.04135 -0.0523628 0)
(1.43441 -0.124333 0)
(1.74732 -0.237309 0)
(2.04141 -0.412061 0)
(2.5136 -0.512814 0)
(3.39261 -0.390588 0)
(3.77805 -0.206589 0)
(2.70848 0.178527 0)
(0.36111 0.419627 0)
(0.0251146 -0.0183367 0)
(0.075703 -0.0185948 0)
(0.127326 -0.0190793 0)
(0.180367 -0.0196329 0)
(0.235423 -0.0204428 0)
(0.291853 -0.0209374 0)
(0.353363 -0.022887 0)
(0.413897 -0.0240388 0)
(0.499162 -0.0214719 0)
(0.492324 -0.0359488 0)
(0.476598 -0.122237 0)
(0.575369 -0.130826 0)
(0.757747 -0.127391 0)
(0.779942 -0.0733918 0)
(0.880208 -0.05075 0)
(0.925617 -0.153251 0)
(0.754862 -0.228773 0)
(0.61246 -0.195757 0)
(0.693005 -0.0883821 0)
(1.07449 0.0904461 0)
(1.62783 0.278154 0)
(1.03929 0.722716 0)
(-0.0430036 1.08263 0)
(0.0250352 -0.0305411 0)
(0.0754696 -0.0309746 0)
(0.126997 -0.0318012 0)
(0.179934 -0.0327087 0)
(0.235004 -0.0340998 0)
(0.291109 -0.0348293 0)
(0.35191 -0.0380589 0)
(0.416317 -0.0452218 0)
(0.483125 -0.0331279 0)
(0.457001 -0.161002 0)
(0.465296 -0.150365 0)
(0.576159 -0.198078 0)
(0.701637 -0.185109 0)
(0.753662 -0.112413 0)
(0.973603 -0.0355516 0)
(1.31011 -0.143472 0)
(1.88546 -0.419443 0)
(2.23106 -0.463278 0)
(2.03263 -0.399179 0)
(1.08399 -0.300307 0)
(0.534459 0.309084 0)
(-0.0671818 1.08235 0)
(-0.135171 1.3329 0)
(0.0249159 -0.0426946 0)
(0.0751141 -0.0433069 0)
(0.126506 -0.0445059 0)
(0.179281 -0.0457354 0)
(0.234414 -0.0478057 0)
(0.289972 -0.0481588 0)
(0.34794 -0.0550865 0)
(0.425191 -0.0580369 0)
(0.435576 -0.0780269 0)
(0.424509 -0.19258 0)
(0.462083 -0.183953 0)
(0.580322 -0.262887 0)
(0.654798 -0.224495 0)
(0.712006 -0.122296 0)
(0.891293 -0.155469 0)
(1.04252 -0.277634 0)
(1.18654 -0.355633 0)
(1.21534 -0.25204 0)
(0.996776 0.141518 0)
(0.50045 0.308555 0)
(0.063938 0.457165 0)
(-0.160355 1.06526 0)
(-0.0913433 1.31286 0)
(0.0247549 -0.0547723 0)
(0.0746243 -0.0555662 0)
(0.12585 -0.0571847 0)
(0.178381 -0.058692 0)
(0.233841 -0.0615192 0)
(0.287677 -0.0612044 0)
(0.346955 -0.0742925 0)
(0.409741 -0.060667 0)
(0.395492 -0.177803 0)
(0.399405 -0.198874 0)
(0.450314 -0.210544 0)
(0.569412 -0.31122 0)
(0.610418 -0.255906 0)
(0.677528 -0.186436 0)
(0.883345 -0.214517 0)
(1.18355 -0.420203 0)
(1.8029 -0.568167 0)
(1.91542 -0.40741 0)
(0.93653 0.152885 0)
(0.26167 0.429246 0)
(0.00846767 0.592527 0)
(-0.0822852 0.97307 0)
(-0.0271265 1.24608 0)
(0.0245514 -0.0668201 0)
(0.0739858 -0.0678 0)
(0.125026 -0.0699108 0)
(0.177235 -0.0716422 0)
(0.23319 -0.0754042 0)
(0.28371 -0.0763081 0)
(0.354205 -0.086893 0)
(0.368471 -0.102561 0)
(0.356318 -0.209895 0)
(0.389083 -0.216699 0)
(0.44425 -0.237419 0)
(0.547029 -0.349087 0)
(0.572661 -0.280723 0)
(0.62418 -0.2374 0)
(0.762996 -0.294265 0)
(1.01908 -0.505786 0)
(1.57528 -0.668555 0)
(1.23904 -0.0992595 0)
(0.335231 0.484718 0)
(0.159824 0.571648 0)
(0.0425997 0.68093 0)
(0.0222847 0.906738 0)
(0.0704395 1.23688 0)
(0.0243035 -0.078672 0)
(0.073175 -0.0798352 0)
(0.124024 -0.082532 0)
(0.17577 -0.0843962 0)
(0.231815 -0.0897988 0)
(0.282013 -0.0903583 0)
(0.33645 -0.0922704 0)
(0.332715 -0.194348 0)
(0.338096 -0.215588 0)
(0.374167 -0.236529 0)
(0.42917 -0.261029 0)
(0.521418 -0.375599 0)
(0.533905 -0.307387 0)
(0.565545 -0.282176 0)
(0.70263 -0.34311 0)
(1.16232 -0.66497 0)
(1.55182 -0.642248 0)
(0.48026 0.240272 0)
(0.131337 0.596876 0)
(0.136939 0.633033 0)
(0.0887076 0.709839 0)
(0.155674 0.861475 0)
(0.138005 1.14489 0)
(0.0240155 -0.089953 0)
(0.0721778 -0.0913039 0)
(0.122858 -0.0947133 0)
(0.173807 -0.0968873 0)
(0.22994 -0.105217 0)
(0.286221 -0.0898617 0)
(0.296423 -0.14173 0)
(0.299792 -0.223529 0)
(0.333799 -0.229417 0)
(0.361435 -0.254197 0)
(0.412457 -0.282645 0)
(0.491611 -0.39651 0)
(0.494129 -0.352591 0)
(0.515139 -0.323051 0)
(0.644712 -0.426697 0)
(1.2971 -0.956176 0)
(1.02879 -0.285265 0)
(0.200443 0.416155 0)
(0.111993 0.605414 0)
(0.153249 0.657984 0)
(0.132652 0.723849 0)
(0.225234 0.869765 0)
(0.170609 1.04521 0)
(0.0149372 -0.0131191 0)
(0.051151 -0.015258 0)
(0.088253 -0.00610263 0)
(0.110796 -0.00316876 0)
(0.118239 -0.000487285 0)
(0.117734 0.000739345 0)
(0.114237 0.00150285 0)
(0.10854 0.0022066 0)
(0.102094 0.00263181 0)
(0.0946573 0.00278269 0)
(0.0878678 0.00281641 0)
(0.0981184 0.00379412 0)
(0.108565 0.00798023 0)
(0.0909238 0.0046082 0)
(0.066061 0.00316668 0)
(0.0482087 0.00234725 0)
(0.0329619 0.00192159 0)
(0.0192361 0.00171489 0)
(0.00631985 0.00162082 0)
(0.014466 -0.0403942 0)
(0.0552118 -0.0500204 0)
(0.0950107 -0.0186198 0)
(0.115225 -0.0095031 0)
(0.122129 -0.00155015 0)
(0.121022 0.00239825 0)
(0.116994 0.00515947 0)
(0.111127 0.00696844 0)
(0.104364 0.00805321 0)
(0.0966108 0.00846106 0)
(0.0900767 0.00875797 0)
(0.102033 0.0146296 0)
(0.110474 0.0211591 0)
(0.0902186 0.0120755 0)
(0.0661875 0.00829752 0)
(0.0484854 0.00626152 0)
(0.0332563 0.00521976 0)
(0.0194445 0.00470916 0)
(0.00639318 0.00447507 0)
(0.0124243 -0.0669007 0)
(0.0611319 -0.0625891 0)
(0.107024 -0.0299051 0)
(0.120158 -0.0149644 0)
(0.12553 -0.00244802 0)
(0.12302 0.00466639 0)
(0.118318 0.00949774 0)
(0.111907 0.0121266 0)
(0.104772 0.013691 0)
(0.0968015 0.0141217 0)
(0.0922728 0.0144252 0)
(0.105244 0.0301691 0)
(0.109065 0.0290067 0)
(0.0867349 0.0169641 0)
(0.0647122 0.0119294 0)
(0.0477174 0.00932064 0)
(0.0328722 0.00798386 0)
(0.0192653 0.00731201 0)
(0.0063405 0.00699632 0)
(0.0189732 -0.0962547 0)
(0.070489 -0.067511 0)
(0.1152 -0.0402817 0)
(0.126922 -0.0193175 0)
(0.130453 -0.0029893 0)
(0.126115 0.00786519 0)
(0.120167 0.0144633 0)
(0.112914 0.0175896 0)
(0.105218 0.0196762 0)
(0.0968373 0.0198835 0)
(0.0968458 0.0232664 0)
(0.108459 0.04473 0)
(0.105041 0.0336604 0)
(0.0827361 0.0208814 0)
(0.0630035 0.0153329 0)
(0.0468219 0.0124002 0)
(0.0324105 0.0108471 0)
(0.0190428 0.0100403 0)
(0.00627412 0.00964895 0)
(0.0288058 -0.134509 0)
(0.085558 -0.092088 0)
(0.127158 -0.0507123 0)
(0.135973 -0.0229305 0)
(0.137035 -0.00156451 0)
(0.130414 0.0125276 0)
(0.122424 0.0205444 0)
(0.114096 0.0236686 0)
(0.105678 0.0258563 0)
(0.0983514 0.0241416 0)
(0.102733 0.0443048 0)
(0.109678 0.052994 0)
(0.0991533 0.0374229 0)
(0.0788137 0.0247071 0)
(0.0611265 0.0187584 0)
(0.0458156 0.0155548 0)
(0.0318712 0.0137912 0)
(0.0187758 0.0128479 0)
(0.00619331 0.0123787 0)
(0.0475069 -0.179709 0)
(0.108299 -0.115311 0)
(0.143402 -0.0581574 0)
(0.147733 -0.0249465 0)
(0.145438 0.00206506 0)
(0.135457 0.0181347 0)
(0.124846 0.0270066 0)
(0.115123 0.0274 0)
(0.105201 0.0330632 0)
(0.104728 0.0456028 0)
(0.109199 0.061507 0)
(0.105516 0.0572675 0)
(0.0929188 0.0403146 0)
(0.0748636 0.0281094 0)
(0.0591242 0.0220053 0)
(0.0447151 0.0186175 0)
(0.0312619 0.016686 0)
(0.0184673 0.0156257 0)
(0.00609892 0.0150863 0)
(0.0992694 -0.286492 0)
(0.14583 -0.139118 0)
(0.163232 -0.0659858 0)
(0.161283 -0.0332894 0)
(0.155059 0.0108447 0)
(0.140866 0.0291952 0)
(0.126168 0.0398017 0)
(0.11647 0.0452905 0)
(0.11326 0.052686 0)
(0.110223 0.0669095 0)
(0.107719 0.0643624 0)
(0.100765 0.0607488 0)
(0.0866465 0.0418649 0)
(0.0710725 0.0309146 0)
(0.0571026 0.0249967 0)
(0.0435593 0.0215463 0)
(0.0306016 0.0195055 0)
(0.0181257 0.0183555 0)
(0.00599334 0.0177573 0)
(0.251255 -0.321013 0)
(0.24259 -0.152365 0)
(0.185348 -0.0565727 0)
(0.179164 -0.0083613 0)
(0.170674 0.0230971 0)
(0.146473 0.0393846 0)
(0.1309 0.0504983 0)
(0.120046 0.0621904 0)
(0.114107 0.0670896 0)
(0.109613 0.0677501 0)
(0.106608 0.0659965 0)
(0.0959576 0.0611525 0)
(0.0802121 0.0423493 0)
(0.0677281 0.0332865 0)
(0.0551536 0.0277773 0)
(0.0423863 0.0243606 0)
(0.0299082 0.0222567 0)
(0.0177592 0.0210394 0)
(0.00587885 0.0203916 0)
(0.0234791 -0.108386 0)
(0.0702134 -0.11023 0)
(0.120479 -0.11447 0)
(0.169074 -0.112572 0)
(0.237928 -0.119062 0)
(0.247787 -0.15498 0)
(0.246804 -0.209674 0)
(0.285815 -0.231618 0)
(0.316014 -0.253603 0)
(0.33816 -0.282311 0)
(0.386361 -0.315338 0)
(0.431606 -0.424218 0)
(0.434307 -0.37103 0)
(0.494828 -0.369344 0)
(0.635944 -0.561026 0)
(1.63109 -1.43499 0)
(0.452297 0.12632 0)
(0.103721 0.555795 0)
(0.143911 0.605691 0)
(0.202399 0.6533 0)
(0.218951 0.70344 0)
(0.360741 0.80266 0)
(0.569812 0.970584 0)
(0.022346 -0.130115 0)
(0.0666837 -0.132458 0)
(0.120827 -0.14002 0)
(0.168988 -0.155101 0)
(0.181885 -0.17472 0)
(0.199446 -0.225288 0)
(0.233908 -0.232938 0)
(0.259258 -0.259901 0)
(0.287851 -0.285659 0)
(0.305966 -0.316326 0)
(0.348265 -0.351141 0)
(0.378918 -0.455095 0)
(0.369749 -0.371461 0)
(0.388032 -0.377654 0)
(0.545175 -0.759948 0)
(0.488252 -0.478573 0)
(0.0449833 0.539712 0)
(0.0516231 0.584765 0)
(0.141704 0.619189 0)
(0.218909 0.616464 0)
(0.263968 0.614407 0)
(0.407381 0.680967 0)
(0.584168 0.683076 0)
(0.0208095 -0.160557 0)
(0.0591538 -0.165601 0)
(0.0956359 -0.175279 0)
(0.13036 -0.199919 0)
(0.160904 -0.226444 0)
(0.186856 -0.238009 0)
(0.210595 -0.258759 0)
(0.232956 -0.283547 0)
(0.258549 -0.309655 0)
(0.272677 -0.340299 0)
(0.310201 -0.376156 0)
(0.320707 -0.47284 0)
(0.317498 -0.390358 0)
(0.354674 -0.410157 0)
(0.900132 -1.59956 0)
(0.346132 -0.288768 0)
(0.205607 0.556519 0)
(0.084362 0.557165 0)
(0.164137 0.603951 0)
(0.196665 0.616211 0)
(0.278422 0.618636 0)
(0.401392 0.615298 0)
(0.40047 0.532561 0)
(0.016894 -0.199665 0)
(0.0503598 -0.205362 0)
(0.0838649 -0.213907 0)
(0.115483 -0.227142 0)
(0.141791 -0.243243 0)
(0.165128 -0.262601 0)
(0.188087 -0.282654 0)
(0.208287 -0.305219 0)
(0.230112 -0.330258 0)
(0.241134 -0.359659 0)
(0.273503 -0.394223 0)
(0.271708 -0.484425 0)
(0.26956 -0.388201 0)
(0.298046 -0.413305 0)
(0.648483 -1.87362 0)
(-0.164016 0.528175 0)
(0.173291 0.574987 0)
(0.0579965 0.558461 0)
(0.186881 0.563437 0)
(0.230885 0.542559 0)
(0.263842 0.589301 0)
(0.311147 0.547077 0)
(0.335244 0.487971 0)
(0.0150735 -0.231661 0)
(0.0446971 -0.235441 0)
(0.0733747 -0.242817 0)
(0.100482 -0.254659 0)
(0.125089 -0.269553 0)
(0.147342 -0.28543 0)
(0.167809 -0.303368 0)
(0.185311 -0.323774 0)
(0.203312 -0.346929 0)
(0.21137 -0.374487 0)
(0.238474 -0.407514 0)
(0.22755 -0.492569 0)
(0.226498 -0.388176 0)
(0.254031 -0.421036 0)
(0.249227 -1.54665 0)
(-0.332723 0.516732 0)
(0.132756 0.488412 0)
(0.0559658 0.515348 0)
(0.116889 0.518687 0)
(0.210076 0.500619 0)
(0.291258 0.513719 0)
(0.290872 0.489371 0)
(0.314029 0.446708 0)
(0.0131604 -0.259376 0)
(0.0391984 -0.262957 0)
(0.0645267 -0.269597 0)
(0.0886271 -0.279328 0)
(0.110896 -0.291591 0)
(0.131203 -0.305769 0)
(0.149662 -0.321674 0)
(0.164686 -0.339163 0)
(0.178729 -0.359555 0)
(0.183517 -0.385029 0)
(0.20455 -0.416496 0)
(0.187304 -0.498073 0)
(0.186374 -0.386659 0)
(0.208499 -0.432345 0)
(0.108791 -1.13613 0)
(-0.262711 0.496853 0)
(0.113723 0.428955 0)
(0.0700759 0.444227 0)
(0.142445 0.488434 0)
(0.226894 0.544797 0)
(0.248894 0.511223 0)
(0.246203 0.475707 0)
(0.242374 0.456573 0)
(0.0115764 -0.28403 0)
(0.0345327 -0.28711 0)
(0.0569301 -0.292892 0)
(0.0783929 -0.301306 0)
(0.0985644 -0.311952 0)
(0.117198 -0.324312 0)
(0.134364 -0.33819 0)
(0.147359 -0.352681 0)
(0.156871 -0.368449 0)
(0.157326 -0.391083 0)
(0.171073 -0.421373 0)
(0.149475 -0.500726 0)
(0.148666 -0.38413 0)
(0.172409 -0.461927 0)
(0.226685 -0.855378 0)
(-0.2053 0.556231 0)
(0.0469289 0.487699 0)
(0.0964141 0.499871 0)
(0.185885 0.550718 0)
(0.225943 0.537921 0)
(0.216513 0.496933 0)
(0.237893 0.477146 0)
(0.188327 0.416986 0)
(0.0101722 -0.305726 0)
(0.0304034 -0.308511 0)
(0.0502705 -0.313672 0)
(0.0694931 -0.321073 0)
(0.0878138 -0.33035 0)
(0.104906 -0.341066 0)
(0.121272 -0.35301 0)
(0.134023 -0.365566 0)
(0.1396 -0.376197 0)
(0.133253 -0.393867 0)
(0.137217 -0.421168 0)
(0.112441 -0.499804 0)
(0.110181 -0.378347 0)
(0.157765 -0.549605 0)
(0.361686 -0.418756 0)
(-0.0553437 0.582578 0)
(0.0502535 0.563796 0)
(0.104333 0.579482 0)
(0.13895 0.580498 0)
(0.16169 0.522835 0)
(0.187187 0.473088 0)
(0.166529 0.441513 0)
(0.116397 0.344371 0)
(0.00889111 -0.324908 0)
(0.0266591 -0.327524 0)
(0.044301 -0.332284 0)
(0.0616293 -0.338996 0)
(0.0784783 -0.347158 0)
(0.0944553 -0.356189 0)
(0.110073 -0.365657 0)
(0.124451 -0.372829 0)
(0.127648 -0.375703 0)
(0.114716 -0.385466 0)
(0.104121 -0.411176 0)
(0.0734654 -0.498644 0)
(0.064627 -0.37252 0)
(0.16126 -0.848497 0)
(0.257867 0.140448 0)
(0.0655391 0.589052 0)
(0.0325082 0.515947 0)
(0.0887006 0.531915 0)
(0.0936879 0.525314 0)
(0.110925 0.484607 0)
(0.135587 0.439423 0)
(0.113297 0.378695 0)
(0.0807747 0.346605 0)
(0.00765571 -0.340665 0)
(0.023085 -0.343348 0)
(0.0386924 -0.348212 0)
(0.0544845 -0.354996 0)
(0.0704796 -0.362891 0)
(0.0862771 -0.370889 0)
(0.104253 -0.377888 0)
(0.123366 -0.37406 0)
(0.125704 -0.357884 0)
(0.101532 -0.366185 0)
(0.0600257 -0.401851 0)
(0.0215173 -0.511541 0)
(0.0156294 -0.366802 0)
(0.12164 -1.13049 0)
(0.00512566 0.51977 0)
(0.0592999 0.546173 0)
(-0.00128633 0.464403 0)
(0.0587127 0.490393 0)
(0.0579837 0.491263 0)
(0.0706124 0.459669 0)
(0.0791029 0.421583 0)
(0.0725321 0.364881 0)
(0.0619745 0.343662 0)
(0.00627894 -0.353921 0)
(0.0190711 -0.35746 0)
(0.0323541 -0.363241 0)
(0.0465992 -0.370398 0)
(0.062292 -0.379273 0)
(0.0791732 -0.389405 0)
(0.106253 -0.399609 0)
(0.143383 -0.397827 0)
(0.13431 -0.421833 0)
(0.070616 -0.460072 0)
(-0.00569759 -0.478918 0)
(-0.0199623 -0.53155 0)
(0.0124937 -0.361096 0)
(0.0681168 -0.832952 0)
(-0.0432094 0.526176 0)
(0.0614403 0.499644 0)
(-0.00268288 0.435984 0)
(0.0345066 0.464417 0)
(0.030271 0.470196 0)
(0.0384724 0.443871 0)
(0.0394853 0.418534 0)
(0.0347 0.371672 0)
(0.033674 0.340428 0)
(0.00410348 -0.372097 0)
(0.0134573 -0.376106 0)
(0.0249468 -0.38116 0)
(0.0374094 -0.387364 0)
(0.0506971 -0.396882 0)
(0.0652903 -0.41175 0)
(0.0951245 -0.4316 0)
(0.0962016 -0.48393 0)
(0.0675959 -0.521489 0)
(0.0465912 -0.542709 0)
(0.0135015 -0.540773 0)
(0.0114545 -0.5296 0)
(0.0662335 -0.362343 0)
(0.140219 -1.37064 0)
(-0.0814392 0.545993 0)
(0.0482708 0.507002 0)
(-0.0160432 0.422061 0)
(0.0112988 0.448169 0)
(0.00975249 0.455292 0)
(0.0169008 0.432814 0)
(0.00549584 0.440725 0)
(-0.00536574 0.372292 0)
(0.00192751 0.333049 0)
(0.00256002 -0.388673 0)
(0.0103499 -0.389465 0)
(0.0213056 -0.391418 0)
(0.0309657 -0.39713 0)
(0.037596 -0.406801 0)
(0.0433952 -0.421924 0)
(0.0333107 -0.44991 0)
(0.053967 -0.511978 0)
(0.0623799 -0.53349 0)
(0.0516219 -0.526316 0)
(0.0444513 -0.52074 0)
(0.0369007 -0.49665 0)
(0.0510341 -0.360538 0)
(0.0415482 -1.74058 0)
(-0.218471 0.500476 0)
(0.0153012 0.495549 0)
(-0.03913 0.406405 0)
(-0.0132771 0.43739 0)
(-0.0108369 0.442283 0)
(0.021673 0.42469 0)
(-0.0217607 0.394359 0)
(-0.0755872 0.354018 0)
(-0.036377 0.321932 0)
(0.00331224 -0.396586 0)
(0.011053 -0.394714 0)
(0.0187019 -0.395254 0)
(0.0240016 -0.400278 0)
(0.0268888 -0.409121 0)
(0.0212524 -0.423408 0)
(-0.000153745 -0.446529 0)
(0.00601972 -0.464931 0)
(0.0584755 -0.552023 0)
(0.0620043 -0.51968 0)
(0.0755702 -0.50773 0)
(0.0439567 -0.510629 0)
(-0.0599472 -0.353046 0)
(-0.0119801 -0.621037 0)
(-0.0670496 0.426674 0)
(0.0333165 0.464145 0)
(-0.0514511 0.396189 0)
(-0.0322625 0.425186 0)
(-0.0280544 0.434745 0)
(-0.0320683 0.427359 0)
(-0.0642046 0.335924 0)
(-0.0801251 0.323963 0)
(-0.0621127 0.30275 0)
(0.00487095 -0.395749 0)
(0.0122084 -0.395243 0)
(0.0151262 -0.397977 0)
(0.015932 -0.403539 0)
(0.0135005 -0.412175 0)
(0.00488716 -0.425894 0)
(-0.011086 -0.435059 0)
(-0.0486998 -0.439258 0)
(0.00770323 -0.462366 0)
(0.0969754 -0.550599 0)
(0.0817058 -0.516859 0)
(0.0560313 -0.548947 0)
(0.00813204 -0.357063 0)
(0.0449738 -1.50351 0)
(-0.0577596 0.382284 0)
(0.0601542 0.510994 0)
(-0.0581109 0.412742 0)
(-0.0504265 0.423151 0)
(-0.0368654 0.437388 0)
(-0.0774277 0.368289 0)
(-0.126319 0.320685 0)
(-0.109904 0.303868 0)
(-0.0821141 0.288906 0)
(0.00357252 -0.403201 0)
(0.00830916 -0.40656 0)
(0.00973291 -0.411078 0)
(0.00911234 -0.416017 0)
(0.00399696 -0.421586 0)
(-0.000759908 -0.426689 0)
(-0.0102399 -0.426339 0)
(-0.0241912 -0.421431 0)
(-0.0470815 -0.396179 0)
(0.0136403 -0.442676 0)
(0.108847 -0.540191 0)
(0.0733976 -0.551543 0)
(0.0698997 -0.395199 0)
(0.10638 -0.450205 0)
(-0.342939 -0.0971545 0)
(0.0882881 0.464165 0)
(-0.123342 0.48526 0)
(-0.0658401 0.426062 0)
(-0.104793 0.374363 0)
(-0.154511 0.302382 0)
(-0.130338 0.291068 0)
(-0.110791 0.287031 0)
(-0.0900269 0.275441 0)
(0.00176705 -0.410679 0)
(0.00441389 -0.413918 0)
(0.00546691 -0.417941 0)
(0.00494067 -0.422176 0)
(0.00191208 -0.425814 0)
(-0.000197314 -0.425602 0)
(-0.00543206 -0.42393 0)
(-0.0150668 -0.416923 0)
(-0.0182449 -0.404392 0)
(-0.0420731 -0.376806 0)
(0.0219935 -0.418519 0)
(0.106099 -0.555931 0)
(0.0918518 -0.414343 0)
(0.190585 -0.430618 0)
(0.0633486 0.0287048 0)
(0.194637 0.460235 0)
(-0.117601 0.459931 0)
(-0.169507 0.360568 0)
(-0.186222 0.301838 0)
(-0.158721 0.29556 0)
(-0.140119 0.282493 0)
(-0.124735 0.268493 0)
(-0.106706 0.260125 0)
(0.000765003 -0.404539 0)
(0.00190038 -0.406764 0)
(0.00239128 -0.409995 0)
(0.00214976 -0.413476 0)
(0.00117189 -0.416242 0)
(0.000140148 -0.416325 0)
(-0.00354068 -0.416899 0)
(-0.00866852 -0.40982 0)
(-0.0104573 -0.397186 0)
(-0.00591122 -0.384125 0)
(-0.0180711 -0.352703 0)
(0.0300363 -0.461847 0)
(0.146143 -0.396836 0)
(0.183864 -0.400467 0)
(0.125784 -0.37203 0)
(-0.0512918 0.570562 0)
(-0.208218 0.410657 0)
(-0.208573 0.296324 0)
(-0.188322 0.300713 0)
(-0.173162 0.285184 0)
(-0.157075 0.277867 0)
(-0.133362 0.245454 0)
(-0.13071 0.223193 0)
(0.000407957 -0.437356 0)
(0.000904987 -0.439419 0)
(0.00117699 -0.442621 0)
(0.00107694 -0.446187 0)
(0.000521873 -0.449191 0)
(-0.000535351 -0.450779 0)
(-0.0019811 -0.451483 0)
(-0.00329891 -0.444415 0)
(-0.00383115 -0.433758 0)
(-0.00432486 -0.419535 0)
(-0.000881834 -0.414127 0)
(-0.0246415 -0.330758 0)
(-0.077561 -0.347095 0)
(-0.26881 -0.190758 0)
(-0.351776 0.344596 0)
(-0.488436 0.597289 0)
(-0.448522 0.420662 0)
(-0.273455 0.328977 0)
(-0.2029 0.288238 0)
(-0.18135 0.257123 0)
(-0.179256 0.237905 0)
(-0.180992 0.214984 0)
(-0.151814 0.189752 0)
(-9.305e-05 -0.337787 0)
(-0.000512308 -0.339238 0)
(-0.00102057 -0.341543 0)
(-0.00172952 -0.344007 0)
(-0.00261684 -0.346 0)
(-0.00365006 -0.347114 0)
(-0.00505231 -0.346967 0)
(-0.00672089 -0.341655 0)
(-0.00875844 -0.333728 0)
(-0.0130064 -0.326439 0)
(-0.0192927 -0.305444 0)
(-0.0400985 -0.304867 0)
(-0.0821199 -0.241723 0)
(-0.47497 -0.25069 0)
(-0.709686 0.252011 0)
(-0.520266 0.435578 0)
(-0.465888 0.353335 0)
(-0.332748 0.325637 0)
(-0.271479 0.265864 0)
(-0.228731 0.230473 0)
(-0.201789 0.194974 0)
(-0.181545 0.192675 0)
(-0.157257 0.184599 0)
(-0.0077903 -0.697154 0)
(-0.0240196 -0.702701 0)
(-0.0413132 -0.711024 0)
(-0.0602548 -0.721688 0)
(-0.0808471 -0.732879 0)
(-0.103131 -0.743056 0)
(-0.127521 -0.750524 0)
(-0.153706 -0.755646 0)
(-0.18592 -0.74403 0)
(-0.220268 -0.702087 0)
(-0.214402 -0.584971 0)
(-0.302271 -0.461558 0)
(-0.84365 -0.585285 0)
(-0.508984 0.106266 0)
(-0.583552 0.291133 0)
(-0.579095 0.286644 0)
(-0.517318 0.284446 0)
(-0.375349 0.258753 0)
(-0.30376 0.233015 0)
(-0.253327 0.210822 0)
(-0.218585 0.191049 0)
(-0.192083 0.182251 0)
(-0.166124 0.172896 0)
(-0.0249168 -0.907953 0)
(-0.0750092 -0.910508 0)
(-0.126687 -0.909771 0)
(-0.181382 -0.907756 0)
(-0.239868 -0.903395 0)
(-0.303072 -0.896109 0)
(-0.372203 -0.88563 0)
(-0.441669 -0.870322 0)
(-0.542888 -0.847158 0)
(-0.635721 -0.840975 0)
(-0.550472 -0.686908 0)
(-0.468972 -0.228862 0)
(-0.556969 -0.0107547 0)
(-0.511498 0.0366778 0)
(-0.529234 0.110459 0)
(-0.589199 0.180692 0)
(-0.485128 0.205867 0)
(-0.39514 0.193341 0)
(-0.323979 0.200719 0)
(-0.271358 0.187156 0)
(-0.230303 0.175194 0)
(-0.199799 0.16782 0)
(-0.173088 0.160143 0)
(-0.0244586 -0.515318 0)
(-0.0740284 -0.516769 0)
(-0.125148 -0.515024 0)
(-0.178567 -0.511889 0)
(-0.235212 -0.506539 0)
(-0.295827 -0.498094 0)
(-0.36014 -0.484494 0)
(-0.431184 -0.463042 0)
(-0.553771 -0.430211 0)
(-0.619073 -0.359215 0)
(-0.495625 -0.206712 0)
(-0.435108 -0.197002 0)
(-0.445524 -0.129338 0)
(-0.412574 -0.0272979 0)
(-0.380985 -0.0128216 0)
(-0.494856 0.146616 0)
(-0.524772 0.221216 0)
(-0.386046 0.201745 0)
(-0.315085 0.16481 0)
(-0.27984 0.151551 0)
(-0.237998 0.149208 0)
(-0.207149 0.149661 0)
(-0.179559 0.145429 0)
(-0.022591 -0.611251 0)
(-0.0681667 -0.612149 0)
(-0.114814 -0.609166 0)
(-0.163054 -0.6042 0)
(-0.213422 -0.5965 0)
(-0.265774 -0.585244 0)
(-0.320282 -0.566903 0)
(-0.373028 -0.545378 0)
(-0.423293 -0.525365 0)
(-0.390816 -0.334492 0)
(-0.374811 -0.214399 0)
(-0.356989 -0.187759 0)
(-0.391633 -0.107176 0)
(-0.387438 -0.0427094 0)
(-0.339545 0.000697529 0)
(-0.344599 0.0388086 0)
(-0.428715 0.205404 0)
(-0.460413 0.219756 0)
(-0.371408 0.193783 0)
(-0.285471 0.179626 0)
(-0.232285 0.154663 0)
(-0.20464 0.134726 0)
(-0.181809 0.126771 0)
(-0.0228627 -0.574476 0)
(-0.0689688 -0.574479 0)
(-0.11593 -0.570087 0)
(-0.164013 -0.563199 0)
(-0.213727 -0.552963 0)
(-0.263063 -0.537316 0)
(-0.320175 -0.519637 0)
(-0.384448 -0.50892 0)
(-0.33338 -0.392534 0)
(-0.294383 -0.295154 0)
(-0.329203 -0.229855 0)
(-0.326384 -0.180516 0)
(-0.335359 -0.138581 0)
(-0.324175 -0.0650394 0)
(-0.303839 -0.0329941 0)
(-0.265832 -0.000652931 0)
(-0.330559 0.0510988 0)
(-0.399855 0.176668 0)
(-0.355546 0.208324 0)
(-0.321559 0.212773 0)
(-0.285418 0.195822 0)
(-0.235011 0.175229 0)
(-0.189955 0.160799 0)
(-0.021945 -0.521803 0)
(-0.0661856 -0.521243 0)
(-0.111171 -0.516086 0)
(-0.156654 -0.508284 0)
(-0.201539 -0.495578 0)
(-0.253003 -0.479849 0)
(-0.312091 -0.471135 0)
(-0.276936 -0.373225 0)
(-0.248141 -0.281466 0)
(-0.275624 -0.258571 0)
(-0.280692 -0.209167 0)
(-0.285587 -0.169111 0)
(-0.29047 -0.127777 0)
(-0.286929 -0.0836502 0)
(-0.268902 -0.0514995 0)
(-0.251414 -0.0158873 0)
(-0.230396 -0.0159845 0)
(-0.29986 0.0946669 0)
(-0.343644 0.164865 0)
(-0.29952 0.171412 0)
(-0.269285 0.190309 0)
(-0.238743 0.199364 0)
(-0.212102 0.19706 0)
(-0.0205669 -0.482131 0)
(-0.0620478 -0.48103 0)
(-0.104293 -0.47515 0)
(-0.145405 -0.467577 0)
(-0.189268 -0.456925 0)
(-0.242707 -0.438752 0)
(-0.222876 -0.366955 0)
(-0.20219 -0.289926 0)
(-0.224902 -0.271095 0)
(-0.234053 -0.234155 0)
(-0.242498 -0.198802 0)
(-0.246837 -0.163089 0)
(-0.249762 -0.12753 0)
(-0.2473 -0.0897499 0)
(-0.236772 -0.0562872 0)
(-0.224563 -0.0342811 0)
(-0.214583 -0.00450186 0)
(-0.210797 0.00932886 0)
(-0.272586 0.116398 0)
(-0.299573 0.134942 0)
(-0.256136 0.149364 0)
(-0.229335 0.162199 0)
(-0.20361 0.170273 0)
(-0.0189693 -0.441204 0)
(-0.0573006 -0.439606 0)
(-0.0976572 -0.434286 0)
(-0.138921 -0.432767 0)
(-0.173831 -0.398703 0)
(-0.167241 -0.352992 0)
(-0.165728 -0.290744 0)
(-0.184108 -0.275089 0)
(-0.193401 -0.245807 0)
(-0.202812 -0.217468 0)
(-0.209335 -0.186814 0)
(-0.213894 -0.156091 0)
(-0.2165 -0.125591 0)
(-0.215328 -0.0945476 0)
(-0.212859 -0.0659631 0)
(-0.199202 -0.0452859 0)
(-0.186434 -0.0193608 0)
(-0.168915 -0.000918944 0)
(-0.213313 0.0275717 0)
(-0.263613 0.111523 0)
(-0.244474 0.124527 0)
(-0.21872 0.136592 0)
(-0.196796 0.145044 0)
(-0.0172579 -0.406865 0)
(-0.0534894 -0.403362 0)
(-0.0980419 -0.390718 0)
(-0.111007 -0.368302 0)
(-0.112451 -0.333768 0)
(-0.135203 -0.2937 0)
(-0.147828 -0.278142 0)
(-0.157648 -0.252998 0)
(-0.167066 -0.228676 0)
(-0.174843 -0.202861 0)
(-0.180796 -0.176353 0)
(-0.185255 -0.149597 0)
(-0.187726 -0.122814 0)
(-0.187604 -0.0959008 0)
(-0.186943 -0.0708658 0)
(-0.177728 -0.0468882 0)
(-0.168907 -0.033046 0)
(-0.162643 -0.012197 0)
(-0.152282 -0.00868598 0)
(-0.199923 0.0608342 0)
(-0.232589 0.10815 0)
(-0.208189 0.115792 0)
(-0.188467 0.126063 0)
(-0.0140573 -0.363011 0)
(-0.0400943 -0.357301 0)
(-0.0637007 -0.34117 0)
(-0.0835171 -0.309525 0)
(-0.0997427 -0.296966 0)
(-0.113412 -0.277724 0)
(-0.124334 -0.255977 0)
(-0.134484 -0.234627 0)
(-0.143074 -0.212471 0)
(-0.150243 -0.18973 0)
(-0.155786 -0.166446 0)
(-0.160056 -0.143048 0)
(-0.162478 -0.119334 0)
(-0.163353 -0.0959238 0)
(-0.163418 -0.0737945 0)
(-0.160927 -0.0522269 0)
(-0.15163 -0.0383864 0)
(-0.143193 -0.0184948 0)
(-0.138291 -0.00400596 0)
(-0.144013 0.00871813 0)
(-0.186364 0.0771142 0)
(-0.202124 0.0977948 0)
(-0.178696 0.107458 0)
(-0.0103206 -0.314192 0)
(-0.0308529 -0.309802 0)
(-0.0506591 -0.300118 0)
(-0.0672621 -0.286241 0)
(-0.0810912 -0.270998 0)
(-0.0937619 -0.253422 0)
(-0.104622 -0.235659 0)
(-0.113973 -0.216951 0)
(-0.121961 -0.197567 0)
(-0.128585 -0.177565 0)
(-0.133857 -0.157103 0)
(-0.137893 -0.136523 0)
(-0.140385 -0.115548 0)
(-0.142057 -0.0948924 0)
(-0.142973 -0.0749961 0)
(-0.141918 -0.0561286 0)
(-0.134825 -0.0377809 0)
(-0.127809 -0.0255814 0)
(-0.124619 -0.0100893 0)
(-0.115499 0.00136588 0)
(-0.142336 0.0261186 0)
(-0.176433 0.0803235 0)
(-0.170002 0.0926929 0)
(-0.00835828 -0.278207 0)
(-0.024747 -0.275774 0)
(-0.0402613 -0.268483 0)
(-0.0543046 -0.257785 0)
(-0.0668062 -0.245684 0)
(-0.0779492 -0.231869 0)
(-0.0877113 -0.216784 0)
(-0.096212 -0.200715 0)
(-0.10349 -0.183829 0)
(-0.109563 -0.166288 0)
(-0.114518 -0.148267 0)
(-0.118295 -0.130012 0)
(-0.120731 -0.111483 0)
(-0.122828 -0.092915 0)
(-0.12442 -0.0751395 0)
(-0.123396 -0.0582829 0)
(-0.120735 -0.0414139 0)
(-0.115223 -0.0321326 0)
(-0.11089 -0.0156365 0)
(-0.107331 -0.00343454 0)
(-0.10459 0.0041021 0)
(-0.134444 0.0461062 0)
(-0.158088 0.0807909 0)
(-0.00670086 -0.249534 0)
(-0.0199294 -0.247702 0)
(-0.0326122 -0.242076 0)
(-0.0443683 -0.234049 0)
(-0.0550701 -0.22418 0)
(-0.0647288 -0.212701 0)
(-0.0733161 -0.199937 0)
(-0.0808508 -0.1861 0)
(-0.0873521 -0.171382 0)
(-0.0928294 -0.155957 0)
(-0.0973819 -0.140003 0)
(-0.100932 -0.123693 0)
(-0.103227 -0.10724 0)
(-0.105746 -0.0903967 0)
(-0.108128 -0.0746564 0)
(-0.107981 -0.0593194 0)
(-0.108403 -0.0445928 0)
(-0.101817 -0.0315673 0)
(-0.0956498 -0.01889 0)
(-0.0952836 -0.00614058 0)
(-0.0919344 0.004992 0)
(-0.0983606 0.0181277 0)
(-0.128335 0.061262 0)
(-0.00542949 -0.226218 0)
(-0.0161767 -0.224927 0)
(-0.0265568 -0.220443 0)
(-0.0363248 -0.213969 0)
(-0.0453545 -0.205801 0)
(-0.053584 -0.196151 0)
(-0.0609724 -0.185235 0)
(-0.0675062 -0.173242 0)
(-0.0731849 -0.160338 0)
(-0.078013 -0.14668 0)
(-0.0820786 -0.132428 0)
(-0.0853753 -0.117712 0)
(-0.0874023 -0.102874 0)
(-0.0902981 -0.0873103 0)
(-0.0931751 -0.0734384 0)
(-0.0931572 -0.0593341 0)
(-0.0927339 -0.0456282 0)
(-0.0892604 -0.0309037 0)
(-0.0852461 -0.0233012 0)
(-0.0831839 -0.00943243 0)
(-0.0798693 0.00230539 0)
(-0.0768789 0.0137909 0)
(-0.102634 0.0363003 0)
(-0.00440001 -0.207277 0)
(-0.0131283 -0.20633 0)
(-0.0216056 -0.202636 0)
(-0.0296529 -0.197259 0)
(-0.0371612 -0.190366 0)
(-0.044056 -0.18212 0)
(-0.0502855 -0.172681 0)
(-0.0558202 -0.162195 0)
(-0.0606474 -0.150796 0)
(-0.0647683 -0.138604 0)
(-0.0682577 -0.125731 0)
(-0.0712361 -0.11225 0)
(-0.0728042 -0.0985173 0)
(-0.0763752 -0.0834356 0)
(-0.0800044 -0.0719395 0)
(-0.0800066 -0.0593111 0)
(-0.0797825 -0.0469249 0)
(-0.0792635 -0.0344014 0)
(-0.0740246 -0.025024 0)
(-0.0694744 -0.0124468 0)
(-0.0684068 -0.00146301 0)
(-0.0638494 0.00866889 0)
(-0.0800077 0.0200894 0)
(-0.00354329 -0.191932 0)
(-0.0105818 -0.191223 0)
(-0.017443 -0.188097 0)
(-0.0239914 -0.183517 0)
(-0.0301368 -0.177594 0)
(-0.0358058 -0.170448 0)
(-0.040942 -0.162199 0)
(-0.0455049 -0.152961 0)
(-0.049467 -0.142838 0)
(-0.0528131 -0.131909 0)
(-0.0555849 -0.120221 0)
(-0.058034 -0.107712 0)
(-0.0585581 -0.0944496 0)
(-0.0637933 -0.0780866 0)
(-0.0689344 -0.0703603 0)
(-0.0680127 -0.0591395 0)
(-0.0676816 -0.0475499 0)
(-0.067165 -0.0358213 0)
(-0.0631099 -0.023629 0)
(-0.0594528 -0.0146228 0)
(-0.0585574 -0.00475908 0)
(-0.0549431 0.0043762 0)
(-0.0599364 0.0122761 0)
(-0.00281112 -0.179641 0)
(-0.00840017 -0.179099 0)
(-0.0138623 -0.176388 0)
(-0.0190948 -0.172404 0)
(-0.0240232 -0.167227 0)
(-0.0285798 -0.160951 0)
(-0.0327067 -0.153671 0)
(-0.0363566 -0.145482 0)
(-0.0394839 -0.13648 0)
(-0.0420322 -0.126747 0)
(-0.0439344 -0.116346 0)
(-0.0453502 -0.105249 0)
(-0.0430619 -0.0933756 0)
(-0.0523569 -0.079568 0)
(-0.060988 -0.070575 0)
(-0.0570939 -0.0597432 0)
(-0.0563305 -0.0485169 0)
(-0.0551811 -0.0374461 0)
(-0.052634 -0.0258776 0)
(-0.0504765 -0.0171416 0)
(-0.0492601 -0.00765676 0)
(-0.0465699 0.00121048 0)
(-0.0465449 0.00903742 0)
(-0.00217024 -0.169936 0)
(-0.00648596 -0.169525 0)
(-0.0107145 -0.167141 0)
(-0.014781 -0.163624 0)
(-0.0186228 -0.159032 0)
(-0.0221781 -0.153443 0)
(-0.0253914 -0.146941 0)
(-0.0282227 -0.139613 0)
(-0.0306333 -0.131562 0)
(-0.0325736 -0.122905 0)
(-0.0339743 -0.113797 0)
(-0.034955 -0.104451 0)
(-0.0327095 -0.0950826 0)
(-0.041067 -0.08868 0)
(-0.0490109 -0.0724448 0)
(-0.045861 -0.0608685 0)
(-0.0452656 -0.049613 0)
(-0.0444036 -0.0389602 0)
(-0.0426507 -0.0286539 0)
(-0.0411406 -0.0195422 0)
(-0.0400802 -0.0103397 0)
(-0.0380763 -0.0015647 0)
(-0.0367662 0.00662237 0)
(-0.00160139 -0.161823 0)
(-0.00478688 -0.16153 0)
(-0.00791718 -0.159458 0)
(-0.0109324 -0.156356 0)
(-0.0137865 -0.15227 0)
(-0.0164232 -0.147248 0)
(-0.0188019 -0.141384 0)
(-0.0208944 -0.134764 0)
(-0.0226864 -0.127482 0)
(-0.0241731 -0.119648 0)
(-0.025383 -0.111397 0)
(-0.0265478 -0.102912 0)
(-0.0272085 -0.0943157 0)
(-0.029751 -0.088682 0)
(-0.0330161 -0.0721463 0)
(-0.0341663 -0.0609283 0)
(-0.0343128 -0.0501049 0)
(-0.034113 -0.0398896 0)
(-0.0330994 -0.0302122 0)
(-0.0320761 -0.0213536 0)
(-0.031169 -0.0127236 0)
(-0.0294689 -0.00414563 0)
(-0.0279079 0.00445369 0)
(-0.00110976 -0.156916 0)
(-0.00332181 -0.156645 0)
(-0.00546882 -0.154677 0)
(-0.00750633 -0.151777 0)
(-0.00941724 -0.14798 0)
(-0.0111896 -0.143343 0)
(-0.0127938 -0.137936 0)
(-0.0142043 -0.131842 0)
(-0.0154065 -0.125143 0)
(-0.0163838 -0.11791 0)
(-0.0171427 -0.11019 0)
(-0.0177871 -0.101959 0)
(-0.018409 -0.0929875 0)
(-0.0188545 -0.083632 0)
(-0.0211745 -0.0698291 0)
(-0.023733 -0.0592008 0)
(-0.024123 -0.0493218 0)
(-0.0244039 -0.0399259 0)
(-0.0240181 -0.0309896 0)
(-0.0235624 -0.0227139 0)
(-0.0227669 -0.0146994 0)
(-0.0207774 -0.00575502 0)
(-0.0191911 0.00236736 0)
(-0.000567356 -0.158958 0)
(-0.00173869 -0.158717 0)
(-0.00292091 -0.156817 0)
(-0.00404623 -0.153984 0)
(-0.00510542 -0.150262 0)
(-0.00609202 -0.145706 0)
(-0.00699677 -0.140378 0)
(-0.00778628 -0.134352 0)
(-0.00842737 -0.127709 0)
(-0.0088867 -0.120504 0)
(-0.00909215 -0.112783 0)
(-0.00900611 -0.104492 0)
(-0.00853099 -0.0954944 0)
(-0.00624328 -0.0843132 0)
(-0.00827927 -0.0693787 0)
(-0.0134122 -0.0569823 0)
(-0.0148993 -0.046807 0)
(-0.0156862 -0.0376543 0)
(-0.0158142 -0.0293019 0)
(-0.0156965 -0.0235998 0)
(-0.0140994 -0.0148273 0)
(-0.0122857 -0.00632314 0)
(-0.011744 0.00154064 0)
(-0.000151558 -0.12062 0)
(-0.000408923 -0.120414 0)
(-0.000619203 -0.118932 0)
(-0.0008173 -0.116758 0)
(-0.000992256 -0.113936 0)
(-0.00114204 -0.110521 0)
(-0.0012613 -0.106561 0)
(-0.00133732 -0.102124 0)
(-0.00134081 -0.0973003 0)
(-0.00123175 -0.0922162 0)
(-0.000904252 -0.0870441 0)
(-0.000282935 -0.0820842 0)
(0.00203055 -0.0776143 0)
(0.00773918 -0.0753527 0)
(0.00626814 -0.0786845 0)
(-0.00141206 -0.0728883 0)
(-0.00509861 -0.0637979 0)
(-0.00703138 -0.052912 0)
(-0.0100169 -0.0410114 0)
(-0.00905749 -0.0269997 0)
(-0.00539381 -0.0164252 0)
(-0.00431969 -0.00766603 0)
(-0.00274801 4.41343e-05 0)
(0.804688 0.753724 0)
(0.86435 0.358763 0)
(0.688397 0.00750494 0)
(0.437702 -0.0539561 0)
(0.704766 0.527831 0)
(0.685476 0.290887 0)
(0.577193 0.0625288 0)
(0.474115 -0.0291016 0)
(0.478196 0.435301 0)
(0.539363 0.326575 0)
(0.501041 0.25807 0)
(0.411252 0.202409 0)
(0.358923 0.463093 0)
(0.377819 0.395083 0)
(0.362783 0.329706 0)
(0.34064 0.27871 0)
(0.285946 0.408944 0)
(0.249276 0.365411 0)
(0.262932 0.330033 0)
(0.265901 0.297679 0)
(0.227471 0.381901 0)
(0.21467 0.353817 0)
(0.218528 0.329651 0)
(0.217632 0.305199 0)
(0.128881 0.365944 0)
(0.151182 0.347654 0)
(0.16143 0.32533 0)
(0.16606 0.304744 0)
(0.117549 0.337203 0)
(0.125723 0.325871 0)
(0.129234 0.311419 0)
(0.132611 0.296975 0)
(0.0935153 0.330717 0)
(0.0977371 0.317903 0)
(0.100848 0.304976 0)
(0.103722 0.292005 0)
(0.0686898 0.324737 0)
(0.071632 0.312144 0)
(0.0744403 0.299666 0)
(0.0770935 0.287289 0)
(0.0412841 0.31941 0)
(0.0447876 0.306252 0)
(0.0481731 0.293664 0)
(0.0513855 0.281513 0)
(0.0123062 0.310353 0)
(0.0171515 0.297317 0)
(0.0219684 0.285179 0)
(0.0263216 0.27369 0)
(-0.0172035 0.298344 0)
(-0.00856197 0.285639 0)
(-0.00198816 0.274518 0)
(0.0030839 0.263525 0)
(-0.0467915 0.284715 0)
(-0.033412 0.274998 0)
(-0.0250415 0.265002 0)
(-0.0200048 0.25306 0)
(-0.0623516 0.279128 0)
(-0.0504869 0.271068 0)
(-0.0487565 0.258449 0)
(-0.0464574 0.24418 0)
(-0.07696 0.265359 0)
(-0.0773783 0.255849 0)
(-0.0823425 0.242714 0)
(-0.0757648 0.230988 0)
(-0.0962558 0.2364 0)
(-0.0989444 0.223098 0)
(-0.101967 0.215205 0)
(-0.0926147 0.210323 0)
(-0.137699 0.207865 0)
(-0.123052 0.199221 0)
(-0.109925 0.195502 0)
(-0.0982713 0.193208 0)
(-0.136316 0.189096 0)
(-0.12547 0.187605 0)
(-0.114936 0.184964 0)
(-0.104619 0.182098 0)
(-0.142231 0.180007 0)
(-0.131968 0.177047 0)
(-0.121657 0.174001 0)
(-0.111461 0.170997 0)
(-0.148842 0.168125 0)
(-0.13821 0.165312 0)
(-0.12779 0.162593 0)
(-0.117619 0.159928 0)
(-0.154689 0.155864 0)
(-0.143709 0.153375 0)
(-0.133104 0.151042 0)
(-0.122875 0.148807 0)
(-0.159923 0.142669 0)
(-0.14844 0.141074 0)
(-0.1375 0.139547 0)
(-0.127113 0.138031 0)
(-0.162246 0.124222 0)
(-0.150621 0.123088 0)
(-0.139725 0.123243 0)
(-0.129828 0.123549 0)
(-0.164586 0.14964 0)
(-0.149419 0.142249 0)
(-0.135766 0.134426 0)
(-0.126903 0.126835 0)
(-0.19481 0.19033 0)
(-0.18535 0.184804 0)
(-0.174724 0.177252 0)
(-0.159519 0.168791 0)
(-0.18693 0.174883 0)
(-0.177443 0.177375 0)
(-0.168638 0.179999 0)
(-0.16022 0.182597 0)
(-0.181242 0.149804 0)
(-0.17207 0.152837 0)
(-0.163262 0.155688 0)
(-0.154959 0.158043 0)
(-0.174746 0.131701 0)
(-0.166527 0.134956 0)
(-0.158432 0.137795 0)
(-0.150585 0.140302 0)
(-0.166585 0.11422 0)
(-0.159025 0.118142 0)
(-0.151709 0.121709 0)
(-0.144618 0.12491 0)
(-0.157124 0.0988376 0)
(-0.150574 0.102919 0)
(-0.144003 0.106719 0)
(-0.137541 0.110282 0)
(-0.149418 0.085274 0)
(-0.142235 0.0890789 0)
(-0.136009 0.0929407 0)
(-0.129846 0.0967728 0)
(-0.143202 0.0697722 0)
(-0.134206 0.0745584 0)
(-0.127589 0.0792054 0)
(-0.121379 0.0836994 0)
(-0.127045 0.0542591 0)
(-0.122544 0.0606729 0)
(-0.116492 0.0663013 0)
(-0.111043 0.0715462 0)
(-0.105036 0.0424928 0)
(-0.108873 0.0499924 0)
(-0.10438 0.0557067 0)
(-0.0996918 0.0611728 0)
(-0.0803894 0.0307841 0)
(-0.0940862 0.0403724 0)
(-0.0926901 0.0464396 0)
(-0.0882078 0.0520936 0)
(-0.0587947 0.0200963 0)
(-0.075182 0.0307435 0)
(-0.0794472 0.0377766 0)
(-0.0759018 0.0438856 0)
(-0.0421792 0.0141478 0)
(-0.0562445 0.0225846 0)
(-0.0645792 0.0302578 0)
(-0.0626746 0.0368617 0)
(-0.0302974 0.0109364 0)
(-0.0406007 0.0169403 0)
(-0.0489041 0.0245318 0)
(-0.0485457 0.0314196 0)
(-0.0203578 0.00819216 0)
(-0.0270735 0.0130055 0)
(-0.0336481 0.0200711 0)
(-0.0342096 0.026983 0)
(-0.0119828 0.0077804 0)
(-0.0151648 0.0124134 0)
(-0.019056 0.0193925 0)
(-0.0198029 0.0265906 0)
(-0.00190199 0.00488911 0)
(-0.00225421 0.0082091 0)
(-0.00338518 0.0129474 0)
(-0.0041178 0.0185965 0)
(0.393389 -0.175092 0)
(0.369307 -0.0999188 0)
(0.231445 -0.0240879 0)
(0.198538 0.0250413 0)
(0.176133 0.0355972 0)
(0.154628 0.0492977 0)
(0.137794 0.0582017 0)
(0.125069 0.0661335 0)
(0.116286 0.0696965 0)
(0.109843 0.0706789 0)
(0.10386 0.0708638 0)
(0.0878794 0.0546678 0)
(0.0717619 0.0434005 0)
(0.0633099 0.036618 0)
(0.0522848 0.031784 0)
(0.0405592 0.0285071 0)
(0.0287891 0.0263696 0)
(0.0171546 0.0250864 0)
(0.00568796 0.0243802 0)
(0.468826 -0.0348413 0)
(0.426769 -0.0228523 0)
(0.275378 0.0153617 0)
(0.223912 0.0534666 0)
(0.190518 0.0602756 0)
(0.163941 0.0687129 0)
(0.143553 0.073089 0)
(0.128569 0.0767268 0)
(0.117389 0.077947 0)
(0.11055 0.0785457 0)
(0.0931794 0.0675295 0)
(0.0740488 0.0507166 0)
(0.067047 0.0461389 0)
(0.0588475 0.0410951 0)
(0.0488678 0.0369501 0)
(0.0381567 0.0338691 0)
(0.0272225 0.0317345 0)
(0.0162759 0.0304021 0)
(0.00540547 0.0296379 0)
(0.406186 0.170838 0)
(0.391479 0.0303408 0)
(0.305331 0.0561645 0)
(0.237689 0.0721127 0)
(0.189766 0.0921811 0)
(0.166189 0.0961392 0)
(0.145021 0.0934089 0)
(0.129398 0.0929959 0)
(0.117758 0.0902886 0)
(0.100448 0.0782604 0)
(0.0788538 0.0583389 0)
(0.0685662 0.0535836 0)
(0.0631076 0.0496234 0)
(0.0550188 0.0453895 0)
(0.0457596 0.0417141 0)
(0.0358477 0.0388277 0)
(0.0256563 0.0367441 0)
(0.0153744 0.0354064 0)
(0.00511191 0.0346084 0)
(0.306546 0.245882 0)
(0.320341 0.103874 0)
(0.314082 0.0847924 0)
(0.255675 0.0784198 0)
(0.21154 0.0883113 0)
(0.165074 0.0928187 0)
(0.140709 0.0968389 0)
(0.125826 0.0910638 0)
(0.104368 0.0800577 0)
(0.0817664 0.0648178 0)
(0.07086 0.0579805 0)
(0.0662262 0.0564902 0)
(0.0596564 0.0530257 0)
(0.0517048 0.0493803 0)
(0.0429395 0.0460787 0)
(0.0336653 0.0433839 0)
(0.02413 0.0413786 0)
(0.0144784 0.0400634 0)
(0.00481727 0.0392485 0)
(0.238165 0.255476 0)
(0.259718 0.204231 0)
(0.283655 0.102084 0)
(0.24287 0.0996888 0)
(0.203151 0.0828868 0)
(0.173643 0.077664 0)
(0.143365 0.0780214 0)
(0.114006 0.0715232 0)
(0.0940539 0.0630555 0)
(0.0806807 0.0608636 0)
(0.0714121 0.0616574 0)
(0.0641303 0.0597347 0)
(0.0566891 0.0565769 0)
(0.0487429 0.053249 0)
(0.0403406 0.0501908 0)
(0.0315995 0.0476442 0)
(0.0226545 0.0457133 0)
(0.0135996 0.0444287 0)
(0.00452626 0.0436044 0)
(0.207125 0.267594 0)
(0.192304 0.239158 0)
(0.223645 0.148656 0)
(0.235531 0.11453 0)
(0.192297 0.103416 0)
(0.161557 0.0893065 0)
(0.135593 0.0774836 0)
(0.112631 0.072121 0)
(0.0947108 0.0697076 0)
(0.0806175 0.0680776 0)
(0.0699798 0.0663102 0)
(0.0616257 0.0635198 0)
(0.053798 0.0602732 0)
(0.045934 0.0570383 0)
(0.0378736 0.0541044 0)
(0.0296178 0.0516528 0)
(0.0212228 0.0497786 0)
(0.0127397 0.0485218 0)
(0.00424024 0.0476903 0)
(0.166524 0.272466 0)
(0.153104 0.237447 0)
(0.175254 0.203775 0)
(0.203844 0.127871 0)
(0.18107 0.117438 0)
(0.150038 0.103857 0)
(0.127538 0.0919474 0)
(0.107402 0.0840228 0)
(0.0909261 0.0785131 0)
(0.0776483 0.074296 0)
(0.0671965 0.0708633 0)
(0.0586754 0.0674031 0)
(0.0508317 0.0639591 0)
(0.0431671 0.0607097 0)
(0.0354722 0.057823 0)
(0.0276886 0.0554232 0)
(0.0198234 0.053586 0)
(0.0118956 0.0523502 0)
(0.00395881 0.051511 0)
(0.134466 0.272023 0)
(0.130453 0.240314 0)
(0.129028 0.219187 0)
(0.159652 0.156516 0)
(0.169291 0.128613 0)
(0.138649 0.11452 0)
(0.118115 0.101285 0)
(0.100442 0.0919203 0)
(0.0856566 0.0849358 0)
(0.0736186 0.0795268 0)
(0.063748 0.0751755 0)
(0.0553851 0.0712003 0)
(0.0477474 0.0675384 0)
(0.0403867 0.0642245 0)
(0.0330939 0.0613381 0)
(0.0257868 0.0589583 0)
(0.018444 0.057141 0)
(0.0110628 0.0559188 0)
(0.00368098 0.0550702 0)
(0.106032 0.269971 0)
(0.106091 0.241132 0)
(0.10024 0.217824 0)
(0.123857 0.190285 0)
(0.143939 0.136733 0)
(0.125349 0.123531 0)
(0.107016 0.109316 0)
(0.0924481 0.0985884 0)
(0.0796769 0.0906788 0)
(0.0688226 0.0844398 0)
(0.0596691 0.0792628 0)
(0.0517709 0.0748267 0)
(0.0445247 0.0709539 0)
(0.037561 0.0675529 0)
(0.0307104 0.0646383 0)
(0.0238933 0.0622562 0)
(0.0170745 0.0604454 0)
(0.0102368 0.05923 0)
(0.0034055 0.0583708 0)
(0.0803135 0.266766 0)
(0.0834885 0.240349 0)
(0.0833759 0.217565 0)
(0.0883141 0.201371 0)
(0.109693 0.153854 0)
(0.113793 0.129623 0)
(0.0955707 0.116355 0)
(0.0835927 0.10455 0)
(0.072866 0.0958489 0)
(0.0632978 0.0888862 0)
(0.0550562 0.083012 0)
(0.0478723 0.0781968 0)
(0.0411703 0.0741588 0)
(0.0346758 0.0706697 0)
(0.0283041 0.0677111 0)
(0.021995 0.0653122 0)
(0.0157071 0.0634984 0)
(0.0094139 0.062285 0)
(0.00313145 0.0614142 0)
(0.0560156 0.261836 0)
(0.0616193 0.236987 0)
(0.0653303 0.214831 0)
(0.0667707 0.197127 0)
(0.0799668 0.175287 0)
(0.0918085 0.138449 0)
(0.084394 0.119946 0)
(0.0739154 0.109401 0)
(0.065517 0.100447 0)
(0.0572165 0.0928654 0)
(0.0500034 0.0862977 0)
(0.0437656 0.0812222 0)
(0.0377182 0.0771185 0)
(0.03173 0.073554 0)
(0.0258652 0.0705438 0)
(0.0200834 0.0681203 0)
(0.0143365 0.0662981 0)
(0.00859184 0.0650838 0)
(0.00285818 0.0642016 0)
(0.0328239 0.254854 0)
(0.040992 0.23135 0)
(0.0474678 0.210506 0)
(0.0527359 0.192558 0)
(0.0574053 0.178028 0)
(0.0640734 0.152205 0)
(0.0694461 0.129186 0)
(0.0659634 0.110799 0)
(0.0579197 0.103625 0)
(0.0505063 0.0963073 0)
(0.0445277 0.0891509 0)
(0.0395722 0.0839669 0)
(0.034236 0.0798758 0)
(0.0287298 0.0762075 0)
(0.0233899 0.0731301 0)
(0.0181551 0.0706754 0)
(0.0129606 0.0688414 0)
(0.00776968 0.0676246 0)
(0.00258564 0.066732 0)
(0.0108349 0.245436 0)
(0.0215296 0.223603 0)
(0.0303055 0.204087 0)
(0.0374903 0.18691 0)
(0.0436594 0.171201 0)
(0.0480471 0.156439 0)
(0.0471922 0.138917 0)
(0.050889 0.120866 0)
(0.0524553 0.10875 0)
(0.0441343 0.0988368 0)
(0.0388449 0.0900094 0)
(0.0353806 0.0854174 0)
(0.0307023 0.0822255 0)
(0.0256296 0.0785873 0)
(0.0208622 0.0754857 0)
(0.0162048 0.0730116 0)
(0.0115772 0.0711672 0)
(0.00694707 0.0699462 0)
(0.00231397 0.069042 0)
(-0.00988501 0.234069 0)
(0.0036193 0.213269 0)
(0.0143296 0.195937 0)
(0.0230522 0.180392 0)
(0.0298835 0.165766 0)
(0.0350217 0.151546 0)
(0.0374301 0.138274 0)
(0.0389115 0.128886 0)
(0.0381199 0.11394 0)
(0.0336081 0.103329 0)
(0.0324136 0.0958258 0)
(0.0325475 0.0896402 0)
(0.0280646 0.0845638 0)
(0.0226361 0.0805037 0)
(0.0183485 0.0772792 0)
(0.0142504 0.0747764 0)
(0.0101886 0.0729391 0)
(0.00612096 0.0717399 0)
(0.00204118 0.0708529 0)
(-0.0320829 0.224163 0)
(-0.0129483 0.202748 0)
(0.00060562 0.187032 0)
(0.0102421 0.173186 0)
(0.0176079 0.160174 0)
(0.0232077 0.147648 0)
(0.0267521 0.135764 0)
(0.0289396 0.125369 0)
(0.0294055 0.114971 0)
(0.0278532 0.10693 0)
(0.0265544 0.101472 0)
(0.0252511 0.0942084 0)
(0.0224738 0.087564 0)
(0.0190668 0.0831863 0)
(0.0157015 0.0798602 0)
(0.0122938 0.0773256 0)
(0.00884066 0.0754789 0)
(0.00534818 0.0742677 0)
(0.00179596 0.0733469 0)
(-0.0546111 0.214344 0)
(-0.0299365 0.195276 0)
(-0.0123872 0.17881 0)
(-0.00120939 0.16528 0)
(0.00681181 0.153986 0)
(0.0129633 0.143221 0)
(0.0173046 0.133005 0)
(0.0201145 0.123675 0)
(0.0214649 0.114795 0)
(0.0214212 0.107254 0)
(0.0209292 0.10112 0)
(0.0199932 0.0952572 0)
(0.0181338 0.0901203 0)
(0.0157048 0.0860992 0)
(0.0130753 0.0829204 0)
(0.010308 0.0804658 0)
(0.00743695 0.078666 0)
(0.00449236 0.0774742 0)
(0.00150253 0.0765331 0)
(-0.0703676 0.200897 0)
(-0.0450456 0.186724 0)
(-0.026514 0.172233 0)
(-0.0122037 0.158946 0)
(-0.00232946 0.147711 0)
(0.00424442 0.137924 0)
(0.00908536 0.129617 0)
(0.0124719 0.121416 0)
(0.0145571 0.113828 0)
(0.0154895 0.10716 0)
(0.0157069 0.101421 0)
(0.015307 0.0962028 0)
(0.0141951 0.0916562 0)
(0.0125575 0.0879522 0)
(0.0106089 0.0849937 0)
(0.00844829 0.0827023 0)
(0.00613681 0.0810238 0)
(0.00372152 0.0799224 0)
(0.00124647 0.0790318 0)
(-0.0793589 0.187665 0)
(-0.0558306 0.176576 0)
(-0.037496 0.165224 0)
(-0.0233883 0.153758 0)
(-0.0122024 0.142762 0)
(-0.00339911 0.133223 0)
(0.0023779 0.125534 0)
(0.00583539 0.118703 0)
(0.00857113 0.112193 0)
(0.0101989 0.106347 0)
(0.0110171 0.101204 0)
(0.0111597 0.0966 0)
(0.0106701 0.0925954 0)
(0.00967739 0.0892611 0)
(0.00832564 0.0865608 0)
(0.00671646 0.0844544 0)
(0.00492198 0.0829048 0)
(0.00300018 0.0818859 0)
(0.00100686 0.0810283 0)
(-0.087437 0.176515 0)
(-0.0653211 0.16726 0)
(-0.0471689 0.157186 0)
(-0.032531 0.147692 0)
(-0.020907 0.138496 0)
(-0.0113385 0.129989 0)
(-0.00405075 0.121917 0)
(0.0004041 0.115436 0)
(0.00338123 0.109882 0)
(0.00554866 0.105005 0)
(0.00688832 0.100512 0)
(0.00751836 0.0964998 0)
(0.00755446 0.093003 0)
(0.00709674 0.0900574 0)
(0.00625909 0.0876432 0)
(0.00513981 0.0857493 0)
(0.00381245 0.0843499 0)
(0.00234109 0.0834286 0)
(0.000788164 0.0826132 0)
(-0.0948113 0.165787 0)
(-0.0732976 0.157872 0)
(-0.0551966 0.149515 0)
(-0.0403087 0.141364 0)
(-0.0282249 0.13346 0)
(-0.0184028 0.126272 0)
(-0.0107973 0.119159 0)
(-0.00506069 0.112848 0)
(-0.000868385 0.107529 0)
(0.00172109 0.103073 0)
(0.00332081 0.0993705 0)
(0.00436472 0.0959774 0)
(0.00483997 0.0929668 0)
(0.0048267 0.0904112 0)
(0.00442654 0.0882975 0)
(0.00373573 0.0866373 0)
(0.00282158 0.0854003 0)
(0.00175256 0.084587 0)
(0.000593053 0.0838199 0)
(-0.101183 0.155407 0)
(-0.0800206 0.148768 0)
(-0.0620914 0.141797 0)
(-0.0470595 0.134828 0)
(-0.0345634 0.128142 0)
(-0.0242838 0.121879 0)
(-0.0162068 0.115971 0)
(-0.0101275 0.110583 0)
(-0.0054686 0.105714 0)
(-0.00183747 0.101413 0)
(0.00046574 0.0979817 0)
(0.00172235 0.0949795 0)
(0.00251683 0.0925507 0)
(0.00287041 0.0903823 0)
(0.00284301 0.0885735 0)
(0.00251734 0.0871619 0)
(0.0019567 0.0860965 0)
(0.00124026 0.0853993 0)
(0.000423359 0.084686 0)
(-0.106538 0.145078 0)
(-0.0855956 0.139688 0)
(-0.0677986 0.134036 0)
(-0.0526578 0.128332 0)
(-0.0399406 0.122822 0)
(-0.0294168 0.117489 0)
(-0.0210196 0.112421 0)
(-0.014344 0.107743 0)
(-0.009171 0.103731 0)
(-0.00528177 0.100016 0)
(-0.00250587 0.0966856 0)
(-0.000552925 0.0940022 0)
(0.000677769 0.0918207 0)
(0.00122595 0.0900013 0)
(0.00151101 0.0885274 0)
(0.00149324 0.087368 0)
(0.00122609 0.0864825 0)
(0.000809753 0.0859069 0)
(0.000281226 0.0852689 0)
(-0.110778 0.135201 0)
(-0.0900036 0.130686 0)
(-0.0723644 0.126192 0)
(-0.0572053 0.121672 0)
(-0.0443766 0.117254 0)
(-0.033697 0.112944 0)
(-0.0250276 0.108746 0)
(-0.0179937 0.104905 0)
(-0.0124649 0.10137 0)
(-0.00821532 0.098225 0)
(-0.00497865 0.0954273 0)
(-0.00268313 0.0931468 0)
(-0.001107 0.0910767 0)
(-0.000112319 0.0895033 0)
(0.000458268 0.0882652 0)
(0.000665539 0.0873019 0)
(0.000633957 0.0865877 0)
(0.000478887 0.0861244 0)
(0.000182919 0.0855151 0)
(-0.114333 0.122909 0)
(-0.0937604 0.120392 0)
(-0.0759524 0.118065 0)
(-0.0607474 0.11502 0)
(-0.0478433 0.111536 0)
(-0.0371208 0.108201 0)
(-0.0282997 0.104823 0)
(-0.0210225 0.101772 0)
(-0.0152188 0.0988758 0)
(-0.0106624 0.0963015 0)
(-0.007104 0.0939887 0)
(-0.00449253 0.0920202 0)
(-0.00262161 0.0903403 0)
(-0.00132018 0.0889815 0)
(-0.000482828 0.0878982 0)
(-2.62979e-05 0.0870758 0)
(0.00015984 0.0864886 0)
(0.000178448 0.0860999 0)
(6.85629e-05 0.0855119 0)
(-0.113976 0.117245 0)
(-0.0947006 0.109697 0)
(-0.077406 0.108177 0)
(-0.0632254 0.107165 0)
(-0.0505944 0.10499 0)
(-0.0397794 0.103188 0)
(-0.0308516 0.100755 0)
(-0.0233816 0.0984476 0)
(-0.0174205 0.0961869 0)
(-0.0126422 0.094121 0)
(-0.00885616 0.0923254 0)
(-0.0059874 0.0907235 0)
(-0.0038589 0.0893968 0)
(-0.00232417 0.0882945 0)
(-0.00126796 0.0874203 0)
(-0.000611418 0.0867437 0)
(-0.000249626 0.0862705 0)
(-6.27112e-05 0.0859477 0)
(-6.77528e-06 0.0854256 0)
(-0.133491 0.155613 0)
(-0.101302 0.138473 0)
(-0.0776326 0.119385 0)
(-0.0635071 0.10559 0)
(-0.0515528 0.0987042 0)
(-0.0410509 0.0976487 0)
(-0.0326571 0.0960377 0)
(-0.0251861 0.0947553 0)
(-0.019147 0.0932998 0)
(-0.0141625 0.091777 0)
(-0.0101827 0.0905147 0)
(-0.00714607 0.0893028 0)
(-0.00482247 0.0883105 0)
(-0.00311093 0.0874784 0)
(-0.00188789 0.0868189 0)
(-0.00106812 0.0863067 0)
(-0.000560893 0.0859632 0)
(-0.000242859 0.0857275 0)
(-5.98343e-05 0.0852503 0)
(-0.145836 0.182949 0)
(-0.128232 0.175433 0)
(-0.108313 0.158514 0)
(-0.0823209 0.139543 0)
(-0.0574131 0.121907 0)
(-0.041887 0.104416 0)
(-0.0334134 0.0946416 0)
(-0.0259052 0.0913602 0)
(-0.0201549 0.0901373 0)
(-0.01519 0.0891363 0)
(-0.0111105 0.0885808 0)
(-0.00799188 0.0877874 0)
(-0.00551636 0.0871757 0)
(-0.00367827 0.0866378 0)
(-0.00233114 0.0861944 0)
(-0.00138783 0.0858734 0)
(-0.000774557 0.0856574 0)
(-0.000362833 0.0855063 0)
(-9.39025e-05 0.0850586 0)
(-0.141341 0.161624 0)
(-0.124204 0.164928 0)
(-0.109745 0.168799 0)
(-0.096317 0.167251 0)
(-0.0839136 0.157448 0)
(-0.066363 0.139298 0)
(-0.0445543 0.122299 0)
(-0.0290208 0.105361 0)
(-0.0210372 0.0935241 0)
(-0.0155546 0.0881628 0)
(-0.0114152 0.0869825 0)
(-0.0084243 0.0861177 0)
(-0.00586773 0.0859398 0)
(-0.00400299 0.0857335 0)
(-0.00258237 0.0855168 0)
(-0.00155578 0.0854252 0)
(-0.000894002 0.0853532 0)
(-0.000439094 0.0852857 0)
(-0.000119449 0.0848602 0)
(-0.137709 0.144132 0)
(-0.12091 0.148221 0)
(-0.106382 0.152239 0)
(-0.0934764 0.155305 0)
(-0.0828937 0.157474 0)
(-0.0733256 0.159211 0)
(-0.0641561 0.153333 0)
(-0.0523659 0.139471 0)
(-0.0360073 0.123518 0)
(-0.0210505 0.108342 0)
(-0.0128447 0.0952624 0)
(-0.00889165 0.0882984 0)
(-0.00584944 0.0860888 0)
(-0.00405567 0.0852032 0)
(-0.00260924 0.0848279 0)
(-0.00153689 0.0849124 0)
(-0.000901116 0.0849553 0)
(-0.000461059 0.0849503 0)
(-0.000131365 0.0845529 0)
(-0.132876 0.129809 0)
(-0.117275 0.135121 0)
(-0.103432 0.139471 0)
(-0.0909893 0.142964 0)
(-0.0801762 0.146022 0)
(-0.0706508 0.149112 0)
(-0.0626879 0.151258 0)
(-0.0558613 0.153298 0)
(-0.0490245 0.150467 0)
(-0.0412859 0.140828 0)
(-0.0297975 0.126479 0)
(-0.0167983 0.113007 0)
(-0.00860669 0.100454 0)
(-0.00510108 0.0921961 0)
(-0.00282849 0.0880193 0)
(-0.00143256 0.0865716 0)
(-0.000855001 0.0858523 0)
(-0.000450527 0.0854814 0)
(-0.000128258 0.0849583 0)
(-0.126696 0.115929 0)
(-0.112156 0.12261 0)
(-0.0992848 0.128312 0)
(-0.0878004 0.13296 0)
(-0.0774609 0.136744 0)
(-0.0682167 0.140079 0)
(-0.0602354 0.142949 0)
(-0.0533332 0.145772 0)
(-0.0474842 0.148206 0)
(-0.042722 0.150097 0)
(-0.0378799 0.149659 0)
(-0.0324009 0.14344 0)
(-0.0248016 0.132471 0)
(-0.0154393 0.121207 0)
(-0.00772436 0.111132 0)
(-0.00346749 0.102654 0)
(-0.00186256 0.0972083 0)
(-0.000904119 0.094293 0)
(-0.000247257 0.0926813 0)
(-0.11966 0.103057 0)
(-0.106071 0.110821 0)
(-0.094073 0.117588 0)
(-0.0833636 0.123392 0)
(-0.0737343 0.128379 0)
(-0.0651895 0.132597 0)
(-0.0575921 0.136141 0)
(-0.0508921 0.139328 0)
(-0.0450701 0.142178 0)
(-0.0400982 0.144899 0)
(-0.0358951 0.147745 0)
(-0.0323581 0.1499 0)
(-0.028678 0.150881 0)
(-0.0243056 0.148238 0)
(-0.0195818 0.142347 0)
(-0.0140534 0.134741 0)
(-0.0084643 0.128305 0)
(-0.00421805 0.123828 0)
(-0.00123326 0.121108 0)
(-0.111683 0.0909495 0)
(-0.099005 0.0998693 0)
(-0.0879121 0.107692 0)
(-0.0780404 0.114495 0)
(-0.0691365 0.120391 0)
(-0.0611929 0.125509 0)
(-0.0541579 0.129985 0)
(-0.0479567 0.133859 0)
(-0.0424448 0.137267 0)
(-0.0375765 0.14032 0)
(-0.0333405 0.143214 0)
(-0.0296348 0.146072 0)
(-0.0262992 0.149052 0)
(-0.0231417 0.151533 0)
(-0.0199197 0.153192 0)
(-0.0161575 0.153894 0)
(-0.0117006 0.15307 0)
(-0.00699693 0.151635 0)
(-0.00231466 0.150146 0)
(-0.102369 0.0798075 0)
(-0.090916 0.0898287 0)
(-0.0808398 0.0986317 0)
(-0.0718758 0.106347 0)
(-0.0637712 0.113086 0)
(-0.056511 0.118975 0)
(-0.0500399 0.124139 0)
(-0.0443021 0.128699 0)
(-0.0392356 0.132759 0)
(-0.0347461 0.136346 0)
(-0.0307118 0.139577 0)
(-0.0270405 0.142554 0)
(-0.0237156 0.145435 0)
(-0.0205937 0.148249 0)
(-0.0174679 0.150942 0)
(-0.0141399 0.153448 0)
(-0.0104834 0.155401 0)
(-0.00644481 0.156593 0)
(-0.00217078 0.156675 0)
(-0.0921097 0.0699651 0)
(-0.0819643 0.0808421 0)
(-0.0729653 0.0904819 0)
(-0.064963 0.0989937 0)
(-0.0577116 0.106478 0)
(-0.0511934 0.113058 0)
(-0.0453614 0.11885 0)
(-0.0401587 0.12396 0)
(-0.0355236 0.1285 0)
(-0.0314057 0.13257 0)
(-0.0277187 0.136238 0)
(-0.0243508 0.139526 0)
(-0.0211947 0.142492 0)
(-0.0181672 0.145255 0)
(-0.0151962 0.147805 0)
(-0.0121269 0.150102 0)
(-0.00886476 0.152009 0)
(-0.00542644 0.153408 0)
(-0.0018251 0.153651 0)
(-0.0813452 0.0613184 0)
(-0.072343 0.0729242 0)
(-0.064414 0.0832825 0)
(-0.0574021 0.0924831 0)
(-0.0510464 0.100614 0)
(-0.0453185 0.107792 0)
(-0.0401768 0.114129 0)
(-0.0355711 0.119731 0)
(-0.0314465 0.124695 0)
(-0.0277448 0.12911 0)
(-0.0244079 0.133072 0)
(-0.0213694 0.136636 0)
(-0.018523 0.139829 0)
(-0.0157872 0.142654 0)
(-0.013101 0.145143 0)
(-0.0103519 0.147273 0)
(-0.00749178 0.14897 0)
(-0.00454298 0.150164 0)
(-0.00152988 0.150317 0)
(-0.0698753 0.0537259 0)
(-0.0620815 0.0660568 0)
(-0.055266 0.077057 0)
(-0.0492809 0.0868508 0)
(-0.0438604 0.0955329 0)
(-0.0389655 0.103218 0)
(-0.0345596 0.110017 0)
(-0.0305995 0.116033 0)
(-0.0270382 0.12136 0)
(-0.0238263 0.126083 0)
(-0.0209093 0.130276 0)
(-0.0182304 0.134009 0)
(-0.0157304 0.137332 0)
(-0.0133434 0.14025 0)
(-0.0110056 0.14277 0)
(-0.00865721 0.144879 0)
(-0.00624728 0.146505 0)
(-0.00378308 0.147601 0)
(-0.00127328 0.147705 0)
(-0.0576738 0.0473188 0)
(-0.0512237 0.060311 0)
(-0.0455972 0.0718591 0)
(-0.0406846 0.0821437 0)
(-0.0362374 0.0912769 0)
(-0.0322135 0.0993755 0)
(-0.0285824 0.10655 0)
(-0.0253087 0.112902 0)
(-0.0223541 0.118524 0)
(-0.0196781 0.123499 0)
(-0.0172373 0.1279 0)
(-0.0149854 0.131784 0)
(-0.0128749 0.1352 0)
(-0.0108628 0.138179 0)
(-0.00890724 0.140725 0)
(-0.00696644 0.142832 0)
(-0.00502144 0.144461 0)
(-0.00304828 0.145556 0)
(-0.00102428 0.145666 0)
(-0.0448241 0.0422633 0)
(-0.0398693 0.0557121 0)
(-0.03551 0.0676458 0)
(-0.0317118 0.0782838 0)
(-0.0282699 0.0877503 0)
(-0.0251475 0.0961624 0)
(-0.0223219 0.103629 0)
(-0.0197663 0.110252 0)
(-0.0174509 0.11612 0)
(-0.0153445 0.121316 0)
(-0.0134142 0.125907 0)
(-0.0116253 0.129953 0)
(-0.00994484 0.133495 0)
(-0.00834505 0.136559 0)
(-0.00679584 0.139154 0)
(-0.00527515 0.141279 0)
(-0.0037804 0.142909 0)
(-0.0022839 0.144027 0)
(-0.000764394 0.144149 0)
(-0.031723 0.0380068 0)
(-0.0282524 0.0518411 0)
(-0.0251743 0.064158 0)
(-0.0224955 0.0751843 0)
(-0.020063 0.0850408 0)
(-0.0178485 0.0938362 0)
(-0.0158368 0.101673 0)
(-0.0140095 0.108646 0)
(-0.0123462 0.114838 0)
(-0.0108255 0.120325 0)
(-0.00942478 0.125168 0)
(-0.00812047 0.129417 0)
(-0.00689456 0.133105 0)
(-0.0057351 0.136259 0)
(-0.00462565 0.138893 0)
(-0.00355404 0.141008 0)
(-0.00252326 0.142608 0)
(-0.00151076 0.143691 0)
(-0.000502622 0.143789 0)
(-0.0182942 0.0381784 0)
(-0.0161971 0.0526732 0)
(-0.0143565 0.0654574 0)
(-0.0127611 0.0767983 0)
(-0.0113239 0.0868461 0)
(-0.0100247 0.0957266 0)
(-0.00885138 0.103554 0)
(-0.00779067 0.110432 0)
(-0.00682912 0.116451 0)
(-0.00595363 0.121694 0)
(-0.0051508 0.126228 0)
(-0.00441028 0.130112 0)
(-0.00372591 0.133394 0)
(-0.00308844 0.136117 0)
(-0.00248704 0.138321 0)
(-0.00191256 0.140032 0)
(-0.0013556 0.141286 0)
(-0.000812532 0.142111 0)
(-0.000271228 0.142061 0)
(-0.0038269 0.0276641 0)
(-0.00344906 0.0388599 0)
(-0.00318468 0.0487779 0)
(-0.00297368 0.0576422 0)
(-0.00277812 0.0655575 0)
(-0.00258984 0.0726089 0)
(-0.00240855 0.0788772 0)
(-0.00223452 0.0844367 0)
(-0.00206739 0.089354 0)
(-0.00190601 0.0936875 0)
(-0.00174997 0.0974869 0)
(-0.00159796 0.100795 0)
(-0.00144174 0.103647 0)
(-0.00127183 0.106068 0)
(-0.00108707 0.108075 0)
(-0.000882357 0.109683 0)
(-0.000653843 0.110889 0)
(-0.000421187 0.111697 0)
(-0.000153915 0.111718 0)
)
;

boundaryField
{
    leftWall
    {
        type            fixedValue;
        value           uniform (0 0 0);
    }
    rightWall
    {
        type            fixedValue;
        value           uniform (0 0 0);
    }
    lowerWall
    {
        type            fixedValue;
        value           uniform (0 0 0);
    }
    atmosphere
    {
        type            pressureInletOutletVelocity;
        value           nonuniform List<vector> 
46
(
(0 -0.12062 0)
(0 -0.120414 0)
(0 -0.118932 0)
(0 -0.116758 0)
(0 -0.113936 0)
(0 -0.110521 0)
(0 -0.106561 0)
(0 -0.102124 0)
(0 -0.0973003 0)
(0 -0.0922162 0)
(0 -0.0870441 0)
(0 -0.0820842 0)
(0 -0.0776143 0)
(0 -0.0753527 0)
(0 -0.0786845 0)
(0 -0.0728883 0)
(0 -0.0637979 0)
(0 -0.052912 0)
(0 -0.0410114 0)
(0 -0.0269997 0)
(0 -0.0164252 0)
(0 -0.00766603 0)
(0 4.41343e-05 0)
(-0.00190199 0.00488911 0)
(-0.00225421 0.0082091 0)
(-0.00338518 0.0129474 0)
(-0.0041178 0.0185965 0)
(-0.0038269 0.0276641 0)
(-0.00344906 0.0388599 0)
(-0.00318468 0.0487779 0)
(-0.00297368 0.0576422 0)
(-0.00277812 0.0655575 0)
(-0.00258984 0.0726089 0)
(-0.00240855 0.0788772 0)
(-0.00223452 0.0844367 0)
(-0.00206739 0.089354 0)
(-0.00190601 0.0936875 0)
(-0.00174997 0.0974869 0)
(-0.00159796 0.100795 0)
(-0.00144174 0.103647 0)
(-0.00127183 0.106068 0)
(-0.00108707 0.108075 0)
(-0.000882357 0.109683 0)
(-0.000653843 0.110889 0)
(-0.000421187 0.111697 0)
(-0.000153915 0.111718 0)
)
;
    }
    defaultFaces
    {
        type            empty;
    }
}


// ************************************************************************* //
