/*--------------------------------*- C++ -*----------------------------------*\
| =========                 |                                                 |
| \\      /  F ield         | foam-extend: Open Source CFD                    |
|  \\    /   O peration     | Version:     4.1                                |
|   \\  /    A nd           | Web:         http://www.foam-extend.org         |
|    \\/     M anipulation  |                                                 |
\*---------------------------------------------------------------------------*/
FoamFile
{
    version     2.0;
    format      ascii;
    class       surfaceScalarField;
    location    "0.85";
    object      phi;
}
// * * * * * * * * * * * * * * * * * * * * * * * * * * * * * * * * * * * * * //

dimensions      [0 3 -1 0 0 0 0];

internalField   nonuniform List<scalar> 
4432
(
-2.70848e-06
2.70848e-06
-4.98017e-06
2.27169e-06
-5.14277e-06
1.62597e-07
-2.67708e-06
-2.46569e-06
-2.69619e-06
1.91093e-08
-2.61476e-06
-8.14252e-08
-2.76381e-06
1.49051e-07
-2.33986e-06
-4.23954e-07
-1.7276e-06
-6.1226e-07
1.51303e-07
-1.8789e-06
2.54935e-06
-2.39804e-06
6.54305e-06
-3.9937e-06
8.87061e-06
-2.32756e-06
1.16419e-05
-2.77134e-06
1.42287e-05
-2.5868e-06
1.71593e-05
-2.9306e-06
1.81049e-05
-9.45519e-07
1.73813e-05
7.23609e-07
9.03595e-06
8.34531e-06
1.41908e-05
-5.15487e-06
9.15094e-06
5.03988e-06
5.24515e-06
3.90579e-06
5.24515e-06
-1.86219e-07
2.8947e-06
-1.79776e-06
3.88323e-06
-2.2561e-06
6.20941e-07
-2.5823e-06
-2.1395e-06
-2.56926e-06
6.06959e-09
-2.44653e-06
-2.04155e-07
-2.37874e-06
8.1262e-08
-1.45764e-06
-1.34506e-06
-4.10513e-07
-1.65938e-06
2.11184e-06
-4.40125e-06
5.91756e-06
-6.20376e-06
6.75884e-06
-4.83499e-06
8.20758e-06
-3.77629e-06
1.0666e-05
-5.22975e-06
1.42284e-05
-6.14925e-06
1.70335e-05
-5.73563e-06
1.88378e-05
-2.74988e-06
1.87282e-05
8.33242e-07
1.86266e-05
8.44694e-06
7.96974e-06
5.50196e-06
8.26917e-06
4.74045e-06
5.89639e-06
6.27857e-06
1.11415e-05
-1.25857e-06
4.15328e-06
-1.84283e-06
4.46749e-06
-2.21635e-06
9.94464e-07
-2.47261e-06
-1.88324e-06
-2.35156e-06
-1.14984e-07
-2.17239e-06
-3.83321e-07
-2.21952e-06
1.28387e-07
-1.76359e-06
-1.80098e-06
-1.02456e-06
-2.39842e-06
4.19469e-07
-5.84528e-06
1.5767e-06
-7.36099e-06
2.4353e-06
-5.69359e-06
3.15016e-06
-4.49115e-06
5.41162e-06
-7.49122e-06
8.40566e-06
-9.14328e-06
7.11152e-06
-4.4415e-06
9.36166e-06
-5.00003e-06
1.78727e-05
-7.67779e-06
1.57199e-05
1.05997e-05
1.45545e-05
6.66735e-06
1.04769e-05
8.81811e-06
5.28965e-06
1.14658e-05
1.64312e-05
-2.24733e-06
6.40061e-06
-2.32416e-06
4.54431e-06
-2.26846e-06
9.3877e-07
-2.22094e-06
-1.93076e-06
-2.26426e-06
-7.16664e-08
-2.43898e-06
-2.08596e-07
-2.83011e-06
5.19516e-07
-2.28724e-06
-2.34385e-06
-1.35478e-06
-3.33088e-06
-2.97984e-06
-4.22022e-06
-3.14759e-06
-7.19325e-06
-2.69683e-06
-6.14435e-06
-1.32229e-06
-5.86569e-06
1.37878e-06
-1.01923e-05
2.44888e-06
-1.02134e-05
6.55827e-06
-8.55088e-06
1.01275e-05
-8.56925e-06
7.09486e-06
-4.64516e-06
1.39441e-05
3.75048e-06
1.29692e-05
7.64218e-06
8.28544e-06
1.35019e-05
3.20934e-06
1.65419e-05
1.96405e-05
-1.68373e-06
8.08434e-06
-2.30499e-06
5.16557e-06
-2.36719e-06
1.00097e-06
-2.47159e-06
-1.82636e-06
-2.58807e-06
4.48112e-08
-2.88205e-06
8.53866e-08
-3.05286e-06
6.90324e-07
-6.19335e-06
7.96642e-07
-5.88153e-06
-3.6427e-06
-6.55194e-06
-3.54981e-06
-7.58942e-06
-6.15577e-06
-5.18178e-06
-8.55198e-06
-2.41044e-06
-8.63703e-06
-5.71903e-07
-1.20308e-05
2.91937e-06
-1.37047e-05
6.10209e-06
-1.17336e-05
8.67342e-06
-1.11406e-05
4.9964e-06
-9.68132e-07
9.21056e-06
-4.63678e-07
6.15153e-06
1.07012e-05
7.76385e-06
1.18896e-05
1.70159e-07
2.41356e-05
1.98107e-05
-1.84273e-06
9.92707e-06
-2.97124e-06
6.29408e-06
-2.38035e-06
4.10072e-07
-1.81129e-06
-2.39542e-06
-2.04901e-06
2.82535e-07
-3.16751e-06
1.20388e-06
-4.92127e-06
2.44408e-06
-5.51258e-06
1.38796e-06
-1.02619e-05
1.10662e-06
-1.10397e-05
-2.77206e-06
-1.06474e-05
-6.548e-06
-8.42176e-06
-1.07777e-05
-4.92252e-06
-1.21363e-05
1.44812e-06
-1.84015e-05
5.37449e-06
-1.7631e-05
7.0449e-06
-1.3404e-05
4.73836e-06
-8.83404e-06
1.05905e-05
-6.82032e-06
4.90215e-06
5.22471e-06
4.65945e-06
1.09439e-05
7.62348e-06
8.92555e-06
6.27291e-06
2.54862e-05
2.60836e-05
-2.35266e-06
1.22797e-05
-7.32498e-06
1.12664e-05
-8.11235e-06
1.19744e-06
-8.40189e-06
-2.10588e-06
-1.00591e-05
1.93971e-06
-1.19697e-05
3.11457e-06
-1.28569e-05
3.33121e-06
-1.30575e-05
1.58858e-06
-1.28444e-05
8.93516e-07
-1.22128e-05
-3.40369e-06
-1.06082e-05
-8.15258e-06
-7.14044e-06
-1.42454e-05
-3.12219e-06
-1.61545e-05
2.12124e-07
-2.17358e-05
5.649e-06
-2.30679e-05
1.00449e-05
-1.77999e-05
1.28947e-05
-1.16839e-05
7.99241e-06
-1.918e-06
1.39971e-05
-7.79993e-07
6.26246e-06
1.86786e-05
4.75043e-06
1.04376e-05
6.53746e-06
2.36992e-05
3.26211e-05
-3.05443e-06
1.53342e-05
-6.07046e-06
1.42824e-05
-1.28677e-05
7.99465e-06
-1.27107e-05
-2.26282e-06
-1.40397e-05
3.26866e-06
-1.50417e-05
4.11654e-06
-1.53887e-05
3.67821e-06
-1.45138e-05
7.13744e-07
-1.23468e-05
-1.27347e-06
-1.08103e-05
-4.94019e-06
-9.42381e-06
-9.5391e-06
-8.90311e-06
-1.47661e-05
-7.34459e-06
-1.7713e-05
-1.44764e-07
-2.89356e-05
3.88452e-06
-2.70972e-05
1.24037e-05
-2.63191e-05
1.74369e-05
-1.67171e-05
1.31648e-05
2.35405e-06
2.38787e-05
-1.14939e-05
1.36462e-05
2.89111e-05
1.39628e-05
1.01209e-05
1.44983e-05
2.31636e-05
4.71194e-05
-8.57221e-05
8.57221e-05
-0.00019927
0.000113548
-0.00024392
4.465e-05
-0.000266145
2.22252e-05
-0.000275549
9.40402e-06
-0.000278085
2.53597e-06
-0.000266357
-1.17283e-05
-0.000250442
-1.59148e-05
-0.000225153
-2.52896e-05
-0.000193407
-3.17451e-05
-0.000163752
-2.96557e-05
-0.000135979
-2.77724e-05
-0.000111617
-2.43619e-05
-9.09342e-05
-2.06832e-05
-4.4463e-05
-4.64712e-05
-3.64147e-05
-8.04838e-06
-4.87905e-05
1.23759e-05
-2.84659e-05
-2.03247e-05
-2.84659e-05
-7.93121e-05
0.000165034
-0.000180777
0.000215013
-0.000211426
7.52985e-05
-0.000223369
3.41683e-05
-0.000214625
6.59855e-07
-0.000205042
-7.0469e-06
-0.000192271
-2.44989e-05
-0.000181185
-2.70009e-05
-0.000163054
-4.34213e-05
-0.000139276
-5.55229e-05
-0.000115989
-5.29427e-05
-9.92771e-05
-4.44841e-05
-4.36161e-05
-8.00229e-05
-3.21805e-05
-3.21188e-05
-3.08633e-05
-4.77884e-05
-3.39764e-05
-4.93527e-06
-2.43754e-05
2.77485e-06
-2.53015e-05
-1.93985e-05
-5.37674e-05
-6.6394e-05
0.000231428
-0.000132207
0.000280826
-0.000136531
7.96226e-05
-8.78813e-05
-1.44815e-05
-0.000129173
4.19516e-05
-0.000110522
-2.56976e-05
-0.000103597
-3.14242e-05
-0.000100808
-2.97905e-05
-9.30769e-05
-5.1152e-05
-7.34763e-05
-7.51235e-05
-5.52325e-05
-7.11865e-05
-3.94807e-05
-6.02359e-05
-4.20347e-05
-7.74689e-05
-1.75055e-05
-5.66481e-05
-1.63448e-05
-4.8949e-05
-2.24104e-05
1.13037e-06
-1.80926e-05
-1.54301e-06
-1.35617e-05
-2.39295e-05
-6.7329e-05
-4.76567e-05
0.000279085
-8.40713e-05
0.000317241
-8.4057e-05
7.96083e-05
-9.2725e-05
-5.81367e-06
-7.58225e-05
2.50492e-05
-5.23115e-05
-4.92086e-05
-2.60335e-05
-5.77021e-05
-5.27346e-05
-3.08935e-06
-5.45423e-05
-4.93443e-05
-4.46685e-05
-8.49973e-05
-3.00809e-05
-8.57741e-05
-1.53591e-05
-7.49576e-05
-1.05834e-05
-8.22446e-05
1.8388e-06
-6.90703e-05
4.74558e-06
-5.18558e-05
1.62346e-06
4.25249e-06
-5.47085e-06
5.5513e-06
-1.03932e-05
-1.90071e-05
-7.77223e-05
-3.33457e-05
0.000312431
-4.6003e-05
0.000329898
-4.50516e-05
7.86568e-05
-5.50836e-05
4.21834e-06
-3.67805e-05
6.74608e-06
-2.02718e-05
-6.57174e-05
-1.64023e-05
-6.15716e-05
-1.89274e-05
-5.64162e-07
-5.17862e-06
-6.30932e-05
1.17432e-06
-9.13503e-05
2.1415e-06
-8.67412e-05
3.89184e-06
-7.6708e-05
9.60885e-06
-8.79616e-05
1.71614e-05
-7.66229e-05
8.4429e-06
-4.31373e-05
5.70794e-06
6.98745e-06
6.32265e-06
4.93659e-06
-7.27791e-07
-1.19566e-05
-7.84501e-05
-2.00911e-05
0.000332522
-1.68973e-05
0.000326705
-2.13162e-05
8.30757e-05
-3.09937e-05
1.38958e-05
-1.70422e-05
-7.20549e-06
-3.17084e-06
-7.95887e-05
-8.41298e-06
-5.63295e-05
3.92703e-06
-1.29042e-05
2.03284e-05
-7.94945e-05
2.47388e-05
-9.57606e-05
2.19516e-05
-8.39541e-05
2.14497e-05
-7.6206e-05
1.37587e-05
-8.02706e-05
1.46108e-05
-7.7475e-05
2.26894e-05
-5.12159e-05
1.99684e-05
9.70838e-06
1.40307e-05
1.08743e-05
3.81812e-06
-1.74403e-06
-7.46319e-05
-1.23983e-05
0.00034492
3.66938e-06
0.000310637
4.41084e-06
8.23342e-05
-1.1344e-06
1.9441e-05
3.86302e-06
-1.22029e-05
8.19498e-06
-8.39207e-05
7.71766e-06
-5.58522e-05
2.51421e-05
-3.03286e-05
3.46636e-05
-8.90161e-05
4.2308e-05
-0.000103405
3.61712e-05
-7.78173e-05
3.18317e-05
-7.18665e-05
3.32448e-05
-8.16836e-05
1.74922e-05
-6.17225e-05
1.63765e-05
-5.01002e-05
2.62703e-05
-1.85412e-07
1.64992e-05
2.06454e-05
1.00876e-05
4.66759e-06
-6.45443e-05
-9.51503e-06
0.000354435
2.34742e-05
0.000277648
1.16199e-05
9.41885e-05
8.63082e-06
2.24301e-05
1.38334e-05
-1.74055e-05
1.99327e-05
-9.00201e-05
2.48979e-05
-6.08173e-05
5.22295e-05
-5.76602e-05
5.11644e-05
-8.79509e-05
2.71413e-05
-7.9382e-05
2.40622e-05
-7.47382e-05
3.80649e-05
-8.58692e-05
3.63211e-05
-7.99399e-05
3.36368e-05
-5.90382e-05
3.36609e-05
-5.01243e-05
2.81362e-05
5.33934e-06
9.56363e-06
3.92179e-05
1.1134e-05
3.09722e-06
-5.34103e-05
-7.45602e-06
2.27902e-05
-1.39374e-05
2.07638e-05
-1.83873e-05
1.24446e-05
-3.13353e-05
1.06852e-05
-3.11409e-05
3.0742e-06
-3.43088e-05
7.28444e-06
-3.34112e-05
2.78069e-06
-3.17267e-05
-9.70766e-07
-2.99327e-05
-3.06754e-06
-2.68664e-05
-8.00645e-06
-2.14928e-05
-1.49127e-05
-1.6527e-05
-1.97319e-05
-1.15307e-05
-2.27093e-05
-1.2675e-05
-2.77914e-05
4.36749e-06
-4.41396e-05
3.05056e-05
-5.24572e-05
4.0338e-05
-2.65495e-05
5.07215e-05
-8.0294e-06
3.38609e-05
5.36676e-06
4.52325e-05
1.75395e-05
2.1689e-05
3.36644e-05
2.48906e-05
1.9962e-05
1.07636e-05
6.12464e-05
-8.64782e-06
3.1438e-05
-1.36128e-05
2.57288e-05
-1.24135e-05
1.12453e-05
-1.11649e-05
9.43649e-06
-2.1709e-05
1.36183e-05
-2.46979e-05
1.02734e-05
-2.96492e-05
7.73191e-06
-3.27075e-05
2.08752e-06
-3.7349e-05
1.57401e-06
-4.16306e-05
-3.72489e-06
-5.49502e-05
-1.593e-06
-6.4267e-05
-1.04151e-05
-5.30386e-05
-3.39377e-05
-2.98931e-05
-5.09369e-05
-1.87658e-05
-5.52669e-05
-1.17696e-05
-5.94534e-05
1.51273e-05
-5.34465e-05
2.03955e-05
-1.32976e-05
3.30433e-05
-7.28106e-06
1.6257e-05
3.43258e-05
2.47777e-05
2.51438e-05
3.65458e-05
8.19391e-06
6.75588e-06
4.05536e-05
-6.64685e-06
3.80848e-05
-7.28499e-06
2.63669e-05
-1.55962e-05
1.95566e-05
-2.05357e-05
1.4376e-05
-1.37892e-05
6.87177e-06
-1.54305e-05
1.19147e-05
-1.49853e-05
7.28671e-06
-2.88173e-05
1.59194e-05
-3.36477e-05
6.40449e-06
-5.44674e-05
1.70947e-05
-5.0924e-05
-5.13642e-06
-9.06814e-05
2.93423e-05
-9.59477e-05
-2.86715e-05
-0.00012026
-2.66249e-05
-0.000126692
-4.88343e-05
-0.000127047
-5.90987e-05
-0.000108657
-7.18366e-05
-8.07392e-05
-4.12154e-05
-6.91221e-05
-1.88981e-05
-3.79328e-05
3.13644e-06
-2.19381e-05
9.14914e-06
-2.88692e-05
1.5125e-05
4.47803e-05
-6.68937e-05
-5.74594e-06
4.38308e-05
-6.2582e-07
2.12468e-05
1.27961e-05
6.13461e-06
2.2182e-05
4.9901e-06
1.17137e-05
1.73401e-05
1.46995e-05
8.92891e-06
1.54484e-05
6.53784e-06
-1.92955e-05
5.06634e-05
-4.60688e-05
3.31777e-05
-6.43811e-05
3.54071e-05
-9.72419e-05
2.77243e-05
-8.17274e-05
1.38279e-05
-0.000128292
1.78934e-05
-0.000136095
-1.88221e-05
-0.000163295
-2.16346e-05
-0.000183904
-3.8489e-05
-0.000183667
-7.2074e-05
-0.000181302
-4.35802e-05
-0.00018352
-1.66804e-05
-0.00016853
-1.18539e-05
-0.000153363
-6.01778e-06
-0.000155237
1.6999e-05
3.52633e-05
-0.00014572
1.56278e-06
4.2268e-05
1.87238e-05
4.08583e-06
4.56685e-05
-2.08101e-05
7.88834e-05
-2.82249e-05
8.225e-05
1.39735e-05
5.95245e-05
3.16544e-05
1.65964e-05
4.94659e-05
-7.29167e-06
7.45515e-05
-3.4348e-05
6.02341e-05
-5.37039e-05
5.4763e-05
-6.18832e-05
3.59037e-05
-8.8994e-05
4.09387e-05
-0.000106743
3.56419e-05
-0.000133768
8.20351e-06
-0.000107558
-4.7845e-05
-0.000109774
-3.6273e-05
-0.000170509
-1.13386e-05
-0.000180025
-3.4064e-05
-0.0001924
-4.30595e-06
-0.000199518
-4.73607e-06
-0.000187755
-1.77808e-05
-0.000181547
1.07909e-05
2.79944e-05
-0.000174278
6.78482e-06
3.54832e-05
3.12678e-05
-2.03972e-05
7.14673e-05
-6.10096e-05
4.77388e-05
-4.49629e-06
2.6836e-05
3.48763e-05
-1.19918e-05
7.04822e-05
-4.28847e-05
8.03588e-05
-5.77742e-05
8.94409e-05
-9.41178e-05
9.65777e-05
-0.000122604
8.32488e-05
-0.000127789
4.10891e-05
-0.000142238
5.5388e-05
-0.000147384
4.07878e-05
-0.000163152
2.39707e-05
-0.000208078
-2.91817e-06
-0.000242853
-1.49866e-06
-0.000258996
4.80437e-06
-0.000275151
-1.79082e-05
-0.00021044
-6.9017e-05
-0.000198952
-1.6224e-05
-0.000233794
1.70611e-05
-0.000226344
3.34042e-06
1.23318e-05
-0.000210681
-6.47266e-06
4.19558e-05
-2.29366e-05
-3.93327e-06
-8.20068e-05
-1.93929e-06
-0.000142409
5.59063e-05
-0.000163967
5.64334e-05
-0.000170214
7.67295e-05
-0.00017301
8.31548e-05
-0.000175358
9.1789e-05
-0.000172187
9.34066e-05
-0.000174934
8.59965e-05
-0.000184531
5.06861e-05
-0.00020756
7.84167e-05
-0.000212264
4.5492e-05
-0.000243559
5.52653e-05
-0.000268427
2.19502e-05
-0.000279503
9.57696e-06
-0.000301424
2.67259e-05
-0.000308598
-1.07351e-05
-0.000315949
-6.16654e-05
-0.000323382
-8.7911e-06
-0.000311911
5.5897e-06
-0.000298383
-1.01878e-05
-1.03367e-05
-0.000275714
-3.97068e-05
8.16627e-05
-6.80307e-05
2.43907e-05
-0.00016588
9.59101e-05
-0.000200085
9.0111e-05
-0.000218492
7.48402e-05
-0.000228024
8.62615e-05
-0.000230795
8.5926e-05
-0.000228252
8.92458e-05
-0.000222091
8.7246e-05
-0.000219829
8.37347e-05
-0.000240435
7.12923e-05
-0.000240364
7.83455e-05
-0.000240882
4.601e-05
-0.000242141
5.6524e-05
-0.000258534
3.83434e-05
-0.000266728
1.77705e-05
-0.000198228
-4.17733e-05
-0.00019659
-1.23731e-05
-0.000257847
-4.08694e-07
-0.000250916
-1.57219e-05
-0.000246024
6.97567e-07
-0.000248239
-7.97273e-06
-2.01927e-05
-0.000238383
-5.41035e-05
0.000135766
-0.000107023
7.73102e-05
-0.000179172
0.000168059
-0.000219863
0.000130802
-0.000241911
9.6888e-05
-0.000262513
0.000106864
-0.000272612
9.60251e-05
-0.00028059
9.72235e-05
-0.000278585
8.52408e-05
-0.000265741
7.08906e-05
-0.000266512
7.2063e-05
-0.000262235
7.40692e-05
-0.000268768
5.25426e-05
-0.000259627
4.73832e-05
-0.000243663
2.23793e-05
-0.000225318
-5.74893e-07
-0.000240217
-2.68741e-05
-0.000238992
-1.35978e-05
-0.000229774
-9.62703e-06
-0.000233374
-1.2122e-05
-0.000166336
-6.63404e-05
-0.000154986
-1.93221e-05
1.37047e-05
-0.000188884
-8.23168e-05
0.000218083
-0.000148699
0.000143692
-0.000191094
0.000210453
-0.000234613
0.000174322
-0.000233485
9.576e-05
-0.000264209
0.000137587
-0.000286574
0.00011839
-0.00030605
0.000116699
-0.000324628
0.00010382
-0.000316653
6.29157e-05
-0.000320216
7.56259e-05
-0.00030077
5.46225e-05
-0.000271605
2.3378e-05
-0.00025525
3.10279e-05
-0.000240814
7.94377e-06
-0.000228479
-1.29103e-05
-0.000217847
-3.7506e-05
-0.000192692
-3.87527e-05
-0.000176459
-2.58596e-05
-0.000165554
-2.30278e-05
-0.000191179
-4.07146e-05
-0.000196926
-1.35759e-05
-6.29354e-06
-0.000176927
-6.14e-05
0.000279483
-0.000102049
0.000184341
-9.55492e-05
0.000203953
-0.000116739
0.000195512
-0.000225041
0.000204062
-0.000239036
0.000151582
-0.000238257
0.000117611
-0.00015936
3.78018e-05
-0.000148764
9.32239e-05
-0.000219346
0.000133497
-0.000203091
5.9371e-05
-0.000180871
3.24027e-05
-0.000183754
2.62616e-05
-0.000188079
3.53527e-05
-0.000170087
-1.00489e-05
-0.000149948
-3.30483e-05
-0.000143818
-4.36368e-05
-0.000137976
-4.45941e-05
-0.000126398
-3.74382e-05
-0.000118027
-3.13988e-05
-0.000117683
-4.10586e-05
-0.000109845
-2.14137e-05
-2.60639e-05
-9.00745e-05
-2.33242e-05
0.000302807
-0.000131744
0.000292761
-0.000159577
0.000231786
-0.000170287
0.000206222
-0.000119129
0.000152903
-0.000103375
0.000135829
-0.000116778
0.000131014
-0.000134597
5.56212e-05
-0.000121857
8.04837e-05
-6.75135e-05
7.91536e-05
-3.71818e-05
2.90394e-05
-4.69423e-05
4.21632e-05
-7.58343e-05
5.51536e-05
-6.76237e-05
2.71421e-05
-3.8167e-05
-3.95056e-05
-3.34909e-05
-3.77245e-05
-4.56555e-05
-3.14721e-05
-6.08587e-05
-2.9391e-05
-7.63448e-05
-2.19521e-05
-8.55618e-05
-2.21818e-05
-9.15041e-05
-3.51163e-05
-8.96721e-05
-2.32458e-05
-3.13585e-05
-8.43774e-05
-3.63697e-05
0.000339177
-5.90676e-05
0.000315459
-0.000114181
0.0002869
-0.0001127
0.000204741
-8.40377e-05
0.000124241
-0.000106346
0.000158138
-8.71323e-05
0.0001118
-6.0776e-05
2.92648e-05
-4.32154e-05
6.29232e-05
2.68795e-05
9.05862e-06
2.40535e-05
3.18654e-05
4.61086e-06
6.16058e-05
-7.09677e-06
6.68612e-05
-5.55775e-06
2.56031e-05
-1.21841e-05
-3.28793e-05
-3.14657e-05
-1.84428e-05
-2.8788e-05
-3.41499e-05
-3.8447e-05
-1.97319e-05
-3.98936e-05
-2.05055e-05
-4.14996e-05
-2.05757e-05
-4.74992e-05
-2.91167e-05
-4.31865e-05
-2.75585e-05
-2.87495e-05
-4.57955e-05
-1.8114e-05
0.000357291
-3.54831e-05
0.000332829
-5.28155e-05
0.000304232
-5.48559e-05
0.000206782
-7.71026e-05
0.000146487
-1.51116e-05
9.61468e-05
-3.48071e-06
0.000100169
-1.51489e-05
4.0933e-05
-1.21982e-05
5.99725e-05
8.20799e-06
-1.13476e-05
2.84494e-05
1.1624e-05
2.49739e-05
6.50813e-05
1.56085e-05
7.62266e-05
-1.05425e-05
5.17542e-05
-6.46629e-05
2.12412e-05
-0.00010701
2.39038e-05
-0.000129303
-1.18565e-05
-0.00011339
-3.56448e-05
-8.75824e-05
-4.63131e-05
-7.47353e-05
-3.34228e-05
-7.21759e-05
-3.16762e-05
-7.22918e-05
-2.74425e-05
-3.25953e-05
-6.84461e-05
-9.76935e-06
0.00036706
-2.62986e-05
0.000349358
-3.58679e-05
0.000313801
-3.43911e-05
0.000205305
-2.42977e-05
0.000136394
-3.1612e-05
0.000103461
2.17074e-05
4.68496e-05
-7.3834e-06
7.00238e-05
-2.15556e-05
7.41447e-05
-2.39523e-05
-8.95091e-06
-5.12019e-06
-7.20816e-06
9.39008e-06
5.05711e-05
2.55759e-05
6.00407e-05
3.15613e-05
4.57687e-05
4.26438e-05
1.01587e-05
5.16365e-05
1.49111e-05
4.22007e-05
-2.42075e-06
2.02889e-05
-1.37329e-05
1.02132e-05
-3.62374e-05
1.11342e-05
-3.43438e-05
4.92014e-06
-2.54621e-05
1.92899e-06
-2.44514e-05
-1.90342e-05
-1.16321e-05
-3.89352e-07
0.00036745
-7.76704e-06
0.000356735
-2.14358e-05
0.00032747
-2.14311e-05
0.0002053
-3.33423e-05
0.000148305
-9.16365e-06
7.92824e-05
2.10466e-06
3.55813e-05
1.31794e-05
5.8949e-05
-1.50076e-05
0.000102332
-3.50188e-05
1.10603e-05
-4.38645e-05
1.63752e-06
-2.4232e-05
3.09386e-05
3.03527e-06
3.27734e-05
1.85504e-05
3.02536e-05
2.97802e-05
-1.07116e-06
3.52525e-05
9.43883e-06
4.25375e-05
-9.7057e-06
5.36564e-05
-2.48519e-05
3.86434e-05
-2.12243e-05
2.00575e-05
-1.5758e-05
3.77068e-05
-4.31115e-05
4.01097e-05
-2.68543e-05
-1.64917e-05
3.75673e-05
5.72702e-06
0.000361723
-1.27164e-06
0.000363734
-1.30342e-05
0.000339233
2.35303e-05
0.000168736
1.17659e-06
0.000170659
-1.21779e-05
9.26369e-05
7.86977e-06
1.55337e-05
2.70507e-05
3.97681e-05
1.99859e-05
0.000109396
-1.20592e-05
4.31054e-05
-3.10888e-05
2.06671e-05
-1.47975e-05
1.46474e-05
-1.63699e-05
3.43458e-05
1.51105e-05
-1.22672e-06
2.61074e-05
-1.2068e-05
4.47765e-05
-9.23034e-06
4.50585e-05
-9.98772e-06
3.41469e-05
-1.39403e-05
5.94697e-05
-4.65471e-05
5.4901e-05
-1.11893e-05
5.54833e-05
-4.36938e-05
4.06339e-05
-1.20048e-05
-2.52612e-05
4.94033e-05
1.07874e-05
0.000350935
1.54573e-05
0.000359064
2.36395e-05
0.000331051
6.25326e-06
0.000186122
1.56742e-05
0.000161238
3.30595e-05
7.52515e-05
3.47061e-05
1.3887e-05
4.68778e-05
2.75964e-05
7.39798e-05
8.22945e-05
5.48986e-05
6.21866e-05
-7.12219e-07
7.62779e-05
-1.10178e-05
2.49529e-05
-2.93688e-06
2.62649e-05
2.03472e-05
-2.45108e-05
3.07425e-05
-2.24633e-05
3.92913e-05
-1.77792e-05
5.39483e-05
-2.46446e-05
6.21186e-05
-2.21106e-05
4.14381e-05
-2.58666e-05
6.01968e-05
-2.9948e-05
4.56724e-05
-2.91694e-05
8.04837e-05
-4.68161e-05
-3.21383e-05
8.73609e-05
1.03088e-05
0.000340626
2.76564e-05
0.000341716
5.72904e-05
0.000301417
-2.86378e-05
0.00027205
-1.2394e-06
0.000133839
3.28227e-05
4.11894e-05
4.7139e-05
-4.29299e-07
5.86046e-05
1.61308e-05
0.000115309
2.55904e-05
0.000124727
5.27685e-05
6.04646e-05
0.00014054
2.40242e-05
6.13933e-05
2.15553e-05
2.87338e-05
1.52319e-05
-1.81875e-05
1.71884e-05
-2.44198e-05
3.5225e-05
-3.58158e-05
6.05594e-05
-4.9979e-05
5.98448e-05
-2.1396e-05
6.82524e-05
-3.42741e-05
6.43668e-05
-2.60624e-05
6.20143e-05
-2.68169e-05
5.98642e-05
-4.4666e-05
-4.34591e-05
7.1185e-05
1.74398e-05
0.000323187
2.583e-05
0.000333326
5.19733e-05
0.000275273
4.80857e-05
0.000275938
2.75542e-05
0.000154371
2.60217e-05
4.27219e-05
4.32103e-05
-1.76179e-05
7.30273e-05
-1.36862e-05
0.000108659
-1.00412e-05
0.00010752
5.39078e-05
8.96535e-05
0.000158406
2.41742e-05
0.000126873
1.07135e-07
5.28008e-05
2.18742e-05
-3.99545e-05
4.825e-05
-5.07957e-05
5.04067e-05
-3.79724e-05
5.98685e-05
-5.94409e-05
6.83625e-05
-2.989e-05
7.71203e-05
-4.30319e-05
6.7429e-05
-1.63711e-05
7.33534e-05
-3.27413e-05
7.59514e-05
-4.72639e-05
-4.42586e-05
7.67509e-05
1.38225e-05
0.000309364
1.30288e-05
0.00033412
9.66459e-05
0.000191656
9.50666e-05
0.000277517
8.73667e-05
0.000162071
8.18421e-05
4.82465e-05
9.79833e-05
-3.37592e-05
0.000134933
-5.0636e-05
0.000146788
-2.1896e-05
0.000108459
9.22364e-05
0.000121039
0.000145827
9.29267e-05
0.000154985
8.24055e-05
6.33219e-05
5.42257e-05
-1.17747e-05
2.75212e-05
-2.40912e-05
6.68992e-05
-7.73504e-05
6.70372e-05
-5.95788e-05
8.09241e-05
-4.3777e-05
5.0001e-05
-1.21088e-05
7.4634e-05
-4.10041e-05
6.35136e-05
-2.16209e-05
3.77434e-05
-2.14937e-05
-5.01563e-05
4.36411e-05
1.58709e-05
0.000293493
3.64408e-05
0.00031355
5.2413e-05
0.000175684
7.87502e-05
0.00025118
0.000101159
0.000139662
0.00012243
2.69748e-05
0.000129237
-4.05656e-05
9.5334e-05
-1.67332e-05
0.000105084
-3.16464e-05
0.000184296
1.30244e-05
0.000171061
0.000159062
0.000148716
0.00017733
9.94095e-05
0.000112628
5.8641e-05
2.89938e-05
9.54271e-05
-6.08772e-05
9.33318e-05
-7.52552e-05
8.87576e-05
-5.50047e-05
8.34064e-05
-3.84257e-05
7.88171e-05
-7.51955e-06
7.08736e-05
-3.30605e-05
7.94963e-05
-3.02436e-05
8.67488e-05
-2.87462e-05
-5.00809e-05
8.66734e-05
6.67577e-06
0.000286817
3.17694e-05
0.000288456
4.27675e-05
0.000164686
8.45431e-05
0.000209404
0.000103657
0.000120549
0.000123354
7.27805e-06
9.12697e-05
-8.48161e-06
0.000100835
-2.62989e-05
0.000141562
-7.23733e-05
0.000157331
-2.74413e-06
0.000152365
0.000164028
0.000141246
0.00018845
0.000145638
0.000108236
0.000148601
2.60305e-05
0.000114901
-2.71771e-05
6.08305e-05
-2.1185e-05
5.2769e-05
-4.69431e-05
4.53723e-05
-3.1029e-05
7.04051e-05
-3.25523e-05
7.2055e-05
-3.47105e-05
7.09717e-05
-2.91602e-05
7.11522e-05
-2.89266e-05
-3.54119e-05
5.64832e-05
-1.44443e-05
0.000301262
6.03419e-05
0.00021367
5.43247e-05
0.000170703
6.72458e-05
0.000196483
0.000104592
8.32029e-05
0.000110022
1.84767e-06
0.000120714
-1.9174e-05
0.000128946
-3.45309e-05
0.000128506
-7.19334e-05
0.000121014
4.74865e-06
0.000119716
0.000165325
0.00011411
0.000194056
0.00014348
7.88669e-05
0.000135172
3.43381e-05
0.000128087
-2.00923e-05
0.000114502
-7.60014e-06
9.18239e-05
-2.42648e-05
7.77923e-05
-1.69975e-05
7.70614e-05
-3.18214e-05
8.06518e-05
-3.83008e-05
7.96768e-05
-2.81853e-05
8.11298e-05
-3.03796e-05
-1.1605e-05
5.73229e-05
6.50037e-06
0.000294761
1.58509e-05
0.00020432
5.22592e-05
0.000134295
7.56175e-05
0.000173125
0.00010569
5.31307e-05
0.000111113
-3.57601e-06
0.000107113
-1.51735e-05
9.26117e-05
-2.00296e-05
4.44278e-05
-2.37494e-05
1.20635e-05
3.7113e-05
2.33904e-05
0.000153998
0.00010516
0.000112286
6.04054e-05
0.000123621
8.97279e-05
5.01563e-06
4.97465e-05
1.98892e-05
4.07578e-05
1.38857e-06
3.33589e-05
-1.68659e-05
4.88323e-05
-3.24709e-05
5.09014e-05
-3.38905e-05
4.02539e-05
-2.76533e-05
4.28931e-05
-3.08245e-05
4.66905e-05
-3.4177e-05
-2.32936e-05
5.83792e-05
-7.19134e-07
0.000295481
1.08179e-05
0.000192783
3.23575e-05
0.000112755
7.32094e-05
0.000132273
9.49366e-05
3.14035e-05
8.42141e-05
7.14642e-06
6.84514e-05
5.89203e-07
3.76403e-05
1.07815e-05
-4.16536e-06
1.80562e-05
-1.96233e-05
5.25709e-05
6.80302e-06
0.000127572
5.62514e-06
0.000113464
4.36564e-05
8.559e-05
3.388e-05
1.47921e-05
4.02554e-05
1.35137e-05
4.815e-05
-6.50595e-06
4.42637e-05
-1.29797e-05
2.77711e-05
-1.59783e-05
3.71732e-05
-4.32926e-05
4.63032e-05
-3.67833e-05
4.55329e-05
-3.00542e-05
4.06443e-05
-2.92884e-05
-3.01645e-05
4.75151e-05
1.83128e-06
0.000293649
1.47729e-05
0.000179841
1.5831e-05
0.000111697
7.85384e-05
6.95652e-05
6.36166e-05
4.63254e-05
4.71253e-05
2.36377e-05
2.21392e-05
2.55753e-05
-4.31309e-05
7.60516e-05
-4.60911e-05
2.10164e-05
-7.26391e-05
7.91189e-05
-4.36455e-05
9.85783e-05
-1.162e-06
7.09807e-05
4.03992e-05
4.40289e-05
4.50781e-05
1.01132e-05
3.34346e-05
2.51573e-05
2.92913e-05
-2.36268e-06
2.38888e-05
-7.57713e-06
4.42085e-05
-3.6298e-05
5.05596e-05
-4.96437e-05
3.33236e-05
-1.95473e-05
3.59993e-05
-3.27299e-05
3.7191e-05
-3.048e-05
-3.29134e-05
3.994e-05
7.07066e-06
0.000286579
2.82643e-05
0.000158647
3.3484e-05
0.000106477
2.93574e-05
7.36918e-05
4.58749e-05
2.98078e-05
2.96e-05
3.99126e-05
-3.77019e-06
5.89455e-05
-4.49826e-05
0.000117264
-9.68723e-05
7.29061e-05
-8.71956e-05
6.94421e-05
-7.64379e-05
8.78207e-05
-5.4369e-05
4.89118e-05
-1.95567e-05
9.21653e-06
4.37609e-07
-9.88114e-06
1.74655e-05
8.12945e-06
1.08996e-05
4.20315e-06
2.44105e-05
-2.1088e-05
3.25452e-05
-4.44327e-05
2.83469e-05
-4.54454e-05
5.14595e-05
-4.26599e-05
4.48335e-05
-2.6104e-05
4.88349e-05
-3.44814e-05
-2.77127e-05
4.36341e-05
6.72659e-06
0.000279852
1.82492e-05
0.000147125
2.12229e-05
0.000103504
2.09872e-05
7.39275e-05
1.94914e-05
3.13035e-05
1.83415e-06
5.75699e-05
-2.85861e-05
8.93657e-05
-5.04037e-05
0.000139082
-9.93146e-05
0.000121817
-0.000112799
8.2927e-05
-0.000108278
8.32988e-05
-8.29493e-05
2.35836e-05
-6.64238e-05
-7.30899e-06
-3.54227e-05
-4.08823e-05
-1.61458e-06
-2.56786e-05
8.35248e-06
-5.7639e-06
2.70765e-05
-3.9812e-05
3.1341e-05
-4.86972e-05
3.66511e-05
-5.07554e-05
3.47939e-05
-4.08028e-05
3.07395e-05
-2.20495e-05
4.88593e-05
-5.26012e-05
-3.08538e-05
5.20004e-05
6.66014e-05
0.000213251
4.74342e-05
0.000166292
4.30252e-05
0.000107913
3.15523e-05
8.54005e-05
1.47307e-05
4.81251e-05
-1.43778e-05
8.66784e-05
-4.15479e-05
0.000116536
-1.96252e-05
0.000117159
-0.000113117
0.000215309
-0.000166709
0.000136519
-0.000153367
6.99567e-05
-0.00013207
2.28668e-06
-0.000110979
-2.84003e-05
-6.94489e-05
-8.24126e-05
-2.13845e-05
-7.3743e-05
3.92214e-06
-3.10705e-05
1.67436e-05
-5.26335e-05
2.54597e-05
-5.74133e-05
2.43031e-05
-4.95988e-05
3.99157e-05
-5.64153e-05
5.44641e-05
-3.65979e-05
4.42409e-05
-4.2378e-05
-3.50993e-05
4.84864e-05
4.8886e-06
0.000208362
1.62769e-05
0.000154904
1.73571e-05
0.000106832
1.25743e-05
9.01832e-05
-7.15491e-07
6.1415e-05
-2.54666e-05
0.00011143
-4.25477e-05
0.000133617
-5.92577e-05
0.000133869
-5.4181e-05
0.000210232
-7.40907e-05
0.000156429
-6.98457e-05
6.57118e-05
-0.000106319
3.87597e-05
-9.38002e-05
-4.09188e-05
-6.40765e-05
-0.000112136
-2.10367e-05
-0.000116783
5.43861e-07
-5.26511e-05
1.29289e-05
-6.50186e-05
2.76547e-05
-7.21391e-05
3.59989e-05
-5.79431e-05
1.91195e-05
-3.95359e-05
2.89621e-05
-4.64405e-05
4.94832e-05
-6.28991e-05
-4.41494e-05
5.85333e-05
-1.03564e-06
0.000209398
1.07892e-05
0.000143079
5.02996e-06
0.000112592
7.94972e-06
8.72635e-05
-8.14402e-06
7.75087e-05
-2.32915e-05
0.000126577
-3.54683e-05
0.000145794
-4.2141e-05
0.000140542
-3.65002e-05
0.000204591
-5.02198e-05
0.000170149
-8.16406e-05
9.71325e-05
-5.83561e-05
1.54752e-05
-6.2422e-05
-3.68529e-05
-4.15811e-05
-0.000132977
-3.02895e-05
-0.000128074
1.84538e-05
-0.000101394
3.10358e-05
-7.76006e-05
2.82748e-05
-6.93781e-05
2.5489e-05
-5.51573e-05
6.2084e-05
-7.61308e-05
5.05285e-05
-3.48851e-05
2.80793e-05
-4.04499e-05
-6.62077e-05
5.01377e-05
-2.35255e-06
0.00021175
1.48878e-06
0.000139238
-4.35112e-06
0.000118432
-1.2445e-07
8.30368e-05
-1.21892e-05
8.95734e-05
-2.66348e-05
0.000141023
-3.00729e-05
0.000149232
-4.93713e-05
0.00015984
1.00149e-05
0.000145205
6.60221e-05
0.000114141
1.52006e-05
0.000147954
-4.04788e-06
3.47237e-05
2.65922e-05
-6.7493e-05
1.41899e-05
-0.000120575
1.18198e-05
-0.000125704
2.44757e-05
-0.00011405
7.9868e-06
-6.11117e-05
1.6912e-05
-7.83033e-05
2.79106e-05
-6.61559e-05
2.24549e-05
-7.06751e-05
4.87589e-05
-6.11891e-05
7.09064e-05
-6.25974e-05
-6.99153e-05
7.4614e-05
-7.17001e-06
0.00021892
-6.35493e-06
0.000138423
-9.00361e-06
0.00012108
-3.66156e-06
7.76948e-05
-1.28987e-05
9.88106e-05
-1.36241e-05
0.000141748
-4.966e-06
0.000140574
1.21533e-05
0.000142721
2.78278e-05
0.000129531
3.72328e-05
0.000104736
5.35216e-05
0.000131665
6.40645e-05
2.41808e-05
4.67901e-05
-5.02186e-05
3.5162e-05
-0.000108947
-4.72962e-06
-8.58126e-05
7.43952e-06
-0.00012622
4.87558e-05
-0.000102428
2.15913e-05
-5.11387e-05
3.69981e-05
-8.15627e-05
4.66313e-05
-8.03084e-05
4.7074e-05
-6.16317e-05
5.56967e-05
-7.12202e-05
-7.74469e-05
6.32284e-05
-9.79431e-06
0.000228715
-9.86075e-06
0.000138489
-6.42121e-06
0.000117641
-5.66054e-06
7.69341e-05
-1.6049e-05
0.000109199
-1.01537e-05
0.000135853
1.82452e-07
0.000130237
2.55541e-05
0.000117349
4.95999e-05
0.000105485
6.8269e-05
8.60673e-05
9.16181e-05
0.000108316
0.000108628
7.1705e-06
9.97259e-05
-4.13161e-05
3.83906e-05
-4.76114e-05
6.49603e-05
-0.000112382
5.13044e-05
-0.000112564
4.09596e-05
-9.20831e-05
3.83959e-05
-4.8575e-05
4.20463e-05
-8.52131e-05
3.15732e-05
-6.98353e-05
4.72402e-05
-7.72987e-05
2.35737e-05
-4.75537e-05
-8.54753e-05
3.16021e-05
-1.34284e-05
0.000242143
-1.87026e-05
0.000143763
-1.63531e-05
0.000115291
-2.90029e-05
8.95839e-05
-3.98087e-05
0.000120005
-2.70512e-05
0.000123095
3.82651e-07
0.000102804
3.56922e-05
8.20396e-05
7.62486e-05
6.49287e-05
6.7797e-05
9.45189e-05
9.41615e-05
8.19517e-05
7.64239e-05
2.49081e-05
7.45224e-05
-3.94146e-05
0.000103373
-7.64623e-05
4.75325e-05
-5.65416e-05
3.23382e-05
-9.73693e-05
2.58427e-05
-8.55875e-05
6.06083e-05
-8.33407e-05
2.60834e-05
-5.06882e-05
4.02563e-05
-8.40083e-05
1.48066e-05
-5.18489e-05
5.57876e-05
-8.85347e-05
-6.10629e-05
3.13753e-05
-1.75122e-05
0.000259655
-2.83761e-05
0.000154627
-3.4127e-05
0.000121042
-5.47702e-05
0.000110227
-6.44681e-05
0.000129703
-4.16391e-05
0.000100266
-1.08628e-05
7.20273e-05
1.2466e-05
5.87108e-05
2.59324e-05
5.14623e-05
6.47893e-05
5.5662e-05
9.70401e-05
4.97008e-05
7.97102e-05
4.2238e-05
5.77793e-05
-1.74837e-05
5.40608e-05
-7.27437e-05
4.65174e-05
-4.89982e-05
2.97279e-05
-8.05798e-05
2.32119e-05
-7.90716e-05
2.15319e-05
-8.16606e-05
5.44975e-05
-8.36538e-05
2.5568e-05
-5.50788e-05
3.01571e-05
-5.6438e-05
3.54758e-05
-9.38534e-05
-5.48763e-05
2.92892e-05
-2.19448e-05
0.0002816
-5.05407e-05
0.000183223
-7.3025e-05
0.000143526
-8.72865e-05
0.000124489
-7.89272e-05
0.000121344
-4.85082e-05
6.98473e-05
-2.83632e-05
5.18823e-05
-7.4315e-06
3.7779e-05
1.2714e-05
3.13168e-05
3.13048e-05
3.70712e-05
5.27605e-05
2.82452e-05
8.5311e-05
9.68747e-06
0.000106276
-3.84484e-05
7.1899e-05
-3.83671e-05
6.22302e-05
-3.93294e-05
5.67061e-05
-7.50557e-05
5.37852e-05
-7.61507e-05
2.12439e-05
-4.91193e-05
2.82253e-05
-9.06352e-05
2.29793e-05
-4.98328e-05
2.19439e-05
-5.54026e-05
2.91208e-05
-0.00010103
-5.35604e-05
2.78049e-05
-2.46953e-05
0.000306295
-5.43422e-05
0.00021287
-8.67071e-05
0.000175891
-9.59091e-05
0.000133691
-8.12145e-05
0.000106649
-6.0832e-05
4.94648e-05
-4.37038e-05
3.4754e-05
-2.11935e-05
1.52688e-05
-3.02609e-06
1.31494e-05
8.86141e-06
2.51837e-05
3.55081e-05
1.59857e-06
4.9319e-05
-4.12351e-06
5.08826e-05
-4.0012e-05
6.05789e-05
-4.80634e-05
6.3132e-05
-4.18825e-05
3.06435e-05
-4.25672e-05
1.79136e-05
-6.34208e-05
3.68431e-05
-6.80488e-05
3.47517e-05
-8.85438e-05
2.50057e-05
-4.00869e-05
2.2577e-05
-5.29738e-05
2.86237e-05
-0.000107077
-5.99488e-05
3.50121e-05
-4.72288e-05
0.000353524
-9.21934e-05
0.000257835
-0.000126514
0.000210212
-0.000121443
0.00012862
-0.000105
9.02053e-05
-8.45665e-05
2.90314e-05
-6.6931e-05
1.71185e-05
-4.58224e-05
-5.83982e-06
-2.30115e-05
-9.66157e-06
3.27788e-06
-1.10568e-06
2.62159e-05
-2.13394e-05
4.10951e-05
-1.90027e-05
3.54049e-05
-3.43218e-05
2.28572e-05
-3.55157e-05
1.77125e-05
-3.67378e-05
3.21577e-05
-5.70124e-05
2.90268e-05
-6.02899e-05
1.48349e-05
-5.38569e-05
1.29075e-05
-8.66164e-05
1.81517e-05
-4.53311e-05
1.49809e-05
-4.9803e-05
1.51789e-05
-0.000107275
-6.1423e-05
1.66532e-05
-0.000125682
0.000479206
-0.000167296
0.000299449
-0.000187397
0.000230313
-0.000168767
0.000109991
-0.00015754
7.89777e-05
-0.00011298
-1.55282e-05
-8.3207e-05
-1.26546e-05
-6.57082e-05
-2.33386e-05
-4.64242e-05
-2.89456e-05
-2.48873e-05
-2.26425e-05
-5.57536e-06
-4.06514e-05
1.14108e-05
-3.59888e-05
1.35127e-05
-3.64237e-05
7.34538e-06
-2.93484e-05
1.83189e-05
-4.77114e-05
2.22705e-05
-6.0964e-05
2.48679e-06
-4.05062e-05
8.64944e-06
-6.00196e-05
7.94791e-06
-8.59149e-05
1.07553e-05
-4.81386e-05
1.13984e-05
-5.04461e-05
1.20146e-05
-0.000107891
-5.87539e-05
9.34547e-06
-0.000288723
-0.000370138
-0.00039654
-0.000343249
-0.000232063
-0.000156493
-0.000103159
-7.16367e-05
-3.89104e-05
-2.35319e-05
-8.22132e-06
4.5885e-06
1.15636e-05
2.76999e-05
1.34979e-05
3.3903e-06
2.19413e-05
1.31933e-05
-9.47032e-06
5.70464e-06
2.34448e-05
9.10789e-07
1.54235e-05
6.64043e-05
-5.15784e-06
6.0071e-05
6.33324e-06
4.36598e-05
1.64112e-05
9.46021e-05
-5.09423e-05
2.79113e-05
7.48442e-06
9.5962e-07
3.3285e-05
-4.70235e-05
6.43943e-05
0.000110065
-6.24862e-05
-9.72848e-05
3.78755e-05
-0.000124242
6.02418e-05
-0.000104824
4.49764e-05
9.67692e-05
-9.15281e-05
-0.000135249
2.7405e-05
-0.000135878
6.08708e-05
-0.000156233
6.53315e-05
6.93018e-05
-0.000128766
-0.000166466
1.95932e-05
-0.000128883
2.32883e-05
-0.000109097
4.55454e-05
3.41896e-05
-7.39852e-05
-0.000200766
9.67788e-06
-0.000188739
1.1261e-05
-0.000147568
4.37521e-06
3.46942e-06
-0.000116848
-0.000262832
-3.20395e-06
-0.000246561
-5.01009e-06
-0.0002368
-5.38582e-06
-4.86989e-06
-0.000228461
-0.000235611
-5.9764e-06
-0.000231593
-9.02804e-06
-0.000225853
-1.11253e-05
-1.48153e-05
-0.000215908
-0.000192318
-2.54177e-06
-0.000198277
-3.06922e-06
-0.000199127
-1.02759e-05
-1.55395e-05
-0.000198402
-0.000171356
-8.11314e-06
-0.000166506
-7.91885e-06
-0.000169404
-7.37852e-06
-1.00804e-05
-0.000174863
-8.77657e-05
-1.04219e-05
-8.40235e-05
-1.16611e-05
-8.13397e-05
-1.00623e-05
-1.29439e-05
-7.84762e-05
-8.26149e-05
-1.21845e-05
-8.08239e-05
-1.3452e-05
-7.42452e-05
-1.6641e-05
-2.00492e-05
-6.714e-05
-4.75431e-05
-1.04369e-05
-4.129e-05
-1.97051e-05
-4.97124e-05
-8.2186e-06
-2.10121e-05
-4.87495e-05
-6.38914e-05
-1.49916e-05
-6.48821e-05
-1.87144e-05
-5.55879e-05
-1.75127e-05
-2.6527e-05
-5.0073e-05
-1.82871e-05
-8.33662e-06
-1.5011e-05
-2.19905e-05
-7.93869e-06
-2.4585e-05
-3.10101e-05
-3.45563e-06
3.96135e-05
-1.03829e-05
2.92802e-05
-1.16571e-05
3.11505e-05
-2.64553e-05
-3.3635e-05
3.37754e-05
5.25437e-05
-1.35233e-05
5.60037e-05
-1.51171e-05
4.84206e-05
-1.88723e-05
-3.98185e-05
5.46042e-05
9.06216e-05
-1.6784e-05
9.48842e-05
-1.93797e-05
9.78201e-05
-2.18082e-05
-2.46021e-05
8.26037e-05
7.60722e-05
-2.16711e-05
8.18994e-05
-2.52069e-05
8.74014e-05
-2.73103e-05
-3.32767e-05
9.6076e-05
7.70835e-05
-2.20037e-05
7.48084e-05
-2.29318e-05
6.17682e-05
-1.42701e-05
-1.21569e-05
4.06485e-05
4.43541e-05
-2.27167e-05
4.39082e-05
-2.24859e-05
5.41998e-05
-2.45617e-05
-1.99321e-05
6.1975e-05
8.23342e-05
-1.83776e-05
7.80168e-05
-1.81684e-05
6.13397e-05
-7.88464e-06
-1.89336e-05
6.03413e-05
5.41155e-05
-1.60099e-05
5.2907e-05
-1.69599e-05
5.96967e-05
-1.46744e-05
-1.87899e-05
5.9553e-05
5.50169e-05
-1.37039e-05
5.39514e-05
-1.58945e-05
5.61797e-05
-1.69026e-05
-1.97e-05
5.70898e-05
5.3159e-05
-8.48365e-06
5.43371e-05
-1.70725e-05
5.73943e-05
-1.99599e-05
-2.29007e-05
6.05951e-05
4.94505e-05
-1.0419e-05
4.47672e-05
-1.23892e-05
4.73992e-05
-2.25919e-05
-2.44073e-05
4.89058e-05
4.91535e-05
-1.96325e-05
5.95635e-05
-2.27993e-05
6.1863e-05
-2.48914e-05
-2.54365e-05
6.28922e-05
4.90135e-05
-2.50119e-05
5.17993e-05
-2.5585e-05
5.2852e-05
-2.59441e-05
-2.63797e-05
5.37952e-05
5.37728e-05
-2.67843e-05
5.60736e-05
-2.78859e-05
5.72503e-05
-2.71208e-05
-1.77963e-05
4.86668e-05
5.14958e-05
-2.97937e-05
5.42467e-05
-3.06368e-05
4.5239e-05
-1.8113e-05
-4.07557e-05
6.81984e-05
5.1724e-05
-2.29844e-05
4.29345e-05
-2.18473e-05
4.89619e-05
-2.41404e-05
-2.0927e-05
2.91331e-05
4.71775e-05
-2.00242e-05
6.47583e-05
-3.94281e-05
7.65908e-05
-3.59729e-05
-2.88006e-05
8.44645e-05
7.26141e-05
-1.80244e-05
7.03589e-05
-3.71729e-05
5.09759e-05
-1.65898e-05
-2.87128e-05
5.08881e-05
6.57053e-05
-2.05014e-05
4.87153e-05
-2.01829e-05
5.24241e-05
-2.02986e-05
-2.09939e-05
4.47052e-05
3.41791e-05
-2.30784e-05
5.38206e-05
-3.98244e-05
5.80867e-05
-2.45648e-05
-5.20393e-05
8.91321e-05
6.0663e-05
-5.23661e-05
4.84536e-05
-2.7615e-05
5.21928e-05
-2.8304e-05
-3.03849e-05
3.05385e-05
2.96056e-05
-5.26826e-05
5.62788e-05
-5.42882e-05
5.8329e-05
-3.03542e-05
-3.11072e-05
5.90513e-05
2.36654e-05
-4.8543e-05
2.28811e-05
-5.3504e-05
4.69476e-05
-5.44206e-05
-3.02013e-05
4.60416e-05
4.033e-05
-5.38609e-05
1.81895e-05
-3.13635e-05
2.42553e-05
-6.04864e-05
-3.15365e-05
2.55905e-05
1.67491e-05
-5.39569e-05
4.4156e-05
-5.87703e-05
1.8073e-05
-3.44035e-05
-3.40465e-05
2.0583e-05
1.04988e-05
-5.51102e-05
9.9542e-06
-5.82257e-05
9.9555e-06
-3.44048e-05
-3.52463e-05
1.11553e-05
2.02847e-06
-1.2782e-05
-2.85622e-06
7.44504e-06
-3.80944e-05
0.000341587
8.42357e-05
0.000155318
0.000117188
6.12366e-05
0.000135679
3.93844e-06
0.000161869
-4.35947e-05
0.000166912
-9.50634e-05
0.000150067
-4.39726e-05
0.000123373
-3.0966e-05
7.40094e-05
-3.85874e-05
8.39647e-05
-8.93373e-05
0.000112425
-0.000103199
8.29006e-05
-5.63445e-05
7.98279e-05
-7.68672e-05
6.78271e-05
-4.70373e-05
3.72459e-05
-1.95431e-05
3.47479e-05
7.83725e-06
1.56751e-05
5.82908e-05
2.46522e-05
-5.87986e-06
-2.87582e-05
-3.11099e-05
0.000310211
4.49396e-05
7.92682e-05
8.71127e-05
1.90635e-05
8.73235e-05
3.72769e-06
0.000113847
-7.01183e-05
0.000124203
-0.000105419
0.00013251
-5.22798e-05
0.00013494
-3.33958e-05
0.000204759
-0.000108406
0.000159109
-4.36879e-05
0.00010615
-5.02392e-05
8.24372e-05
-3.26322e-05
3.13362e-05
-2.57662e-05
1.96035e-05
-3.53046e-05
1.38913e-05
-1.38309e-05
-7.80538e-06
2.95339e-05
8.36287e-06
4.21225e-05
2.50325e-05
-2.25495e-05
-3.72571e-06
-1.98393e-05
0.000238522
7.82558e-05
-1.8827e-05
0.000126502
-2.91827e-05
0.000214683
-8.4453e-05
0.000200266
-5.5702e-05
0.000119543
-2.46961e-05
0.000113383
-4.61193e-05
0.000142031
-6.20442e-05
5.60083e-05
-2.2383e-05
5.33951e-05
-4.10747e-05
6.50646e-05
-6.19087e-05
4.49498e-05
-1.25174e-05
1.87207e-05
4.62958e-07
4.13455e-06
-2.07184e-05
-1.41499e-05
4.45352e-06
-4.43527e-06
1.98193e-05
4.10345e-05
-3.3472e-06
3.24562e-05
-1.39712e-05
2.87305e-05
4.85352e-05
6.12213e-05
9.94404e-05
-6.97322e-05
0.000149027
-7.8769e-05
0.000101857
-3.72835e-05
7.69723e-05
-3.08172e-05
9.60344e-05
-4.37583e-05
0.0001059
-5.59848e-05
5.6789e-05
-1.29332e-05
4.7473e-05
-1.3067e-05
1.03187e-06
5.36637e-06
-2.10342e-05
-3.98426e-05
-1.17419e-05
-2.18096e-05
-1.63717e-05
5.09267e-06
-3.07516e-05
-6.33848e-06
-2.47507e-05
-1.54736e-06
5.30283e-06
-1.02343e-05
8.11932e-06
-6.16369e-06
-2.95392e-06
-2.89793e-06
2.57765e-05
-2.86409e-05
1.58771e-05
-1.68716e-05
-8.15015e-05
-3.00666e-05
-6.55739e-05
-2.60969e-05
-4.12532e-05
-2.27374e-05
-3.41767e-05
-2.98358e-05
-3.66599e-05
-5.22927e-05
-3.3528e-05
-5.86052e-05
-6.62072e-06
-5.01298e-05
-2.15423e-05
-5.11162e-05
6.35278e-06
-6.83604e-05
-2.25984e-05
-5.53065e-05
-3.48636e-05
-2.28216e-05
-2.73922e-05
-1.47093e-05
-1.44508e-05
-9.05906e-06
-7.19763e-06
-1.7932e-05
-1.36137e-06
-3.0059e-05
5.96331e-06
-3.92249e-05
6.26799e-06
-1.34483e-05
-9.03029e-05
-1.06682e-05
-0.000150419
-2.13859e-05
-0.000173623
-4.237e-05
-0.000162914
-5.19614e-05
-0.000150701
-4.63901e-05
-0.000162191
-2.51701e-05
-0.000145602
-5.01162e-05
-0.000126983
-2.52398e-05
-0.000107756
-4.07692e-05
-6.08385e-05
-4.05652e-05
-4.54025e-05
-3.80344e-05
-5.62106e-05
-2.40555e-05
-5.94034e-05
-2.41993e-05
-5.71535e-05
-1.67007e-05
-6.21705e-05
-2.18065e-06
-8.63439e-05
2.28121e-05
-6.35197e-05
-1.68609e-05
-7.07373e-05
1.34856e-05
-8.41857e-05
-0.000220224
-1.89052e-05
-0.000203706
-3.79036e-05
-0.000191936
-5.41406e-05
-0.000186293
-5.76036e-05
-0.000186079
-4.6604e-05
-0.000109857
-0.000101392
-9.34782e-05
-6.64952e-05
-6.23569e-05
-5.63612e-05
-8.09377e-05
-2.21884e-05
-8.17356e-05
-3.97673e-05
-9.15934e-05
-2.81766e-05
-9.00718e-05
-2.55771e-05
-8.97924e-05
-2.44788e-05
-0.00011264
6.14708e-06
-0.000127255
1.24341e-05
-0.000129585
2.51426e-05
-8.85061e-05
-5.79403e-05
-9.04839e-06
-6.59721e-05
-9.3234e-05
-0.000184902
-4.9911e-05
-0.000160708
-6.20978e-05
-0.00014383
-7.10185e-05
-0.000149033
-5.24003e-05
-0.000130675
-6.4962e-05
-0.000112098
-0.00011997
-0.00012137
-5.72231e-05
-0.000132772
-4.49589e-05
-0.000111821
-4.31389e-05
-0.000118001
-3.35882e-05
-8.45436e-05
-6.16337e-05
-8.29416e-05
-2.71791e-05
-0.000129537
2.21169e-05
-0.000158697
3.53072e-05
-0.000179647
3.33838e-05
-0.000112934
-4.15707e-05
-0.000114273
-5.66015e-05
-1.7645e-05
-0.0001626
-0.000110879
-0.00018643
-6.18839e-05
-0.000192658
-5.58695e-05
-0.000193913
-6.97635e-05
-0.000106637
-0.000139677
-7.42537e-05
-9.7345e-05
-0.000118732
-7.54913e-05
-0.000107223
-6.87321e-05
-9.25228e-05
-5.96592e-05
-9.51596e-05
-4.05022e-05
-9.51987e-05
-3.35491e-05
-0.00012668
-3.01521e-05
-0.000154291
4.3143e-07
-0.00015194
1.97656e-05
-0.000142209
2.55769e-05
-0.000129949
2.11234e-05
-0.000132359
-3.91606e-05
-0.000106304
-8.26559e-05
-3.53046e-05
-0.000233599
-0.000146184
-0.000193118
-4.36282e-05
-0.000113925
-0.000135063
-0.000107061
-7.6627e-05
-0.000173072
-7.3666e-05
-0.000159447
-0.00011097
-0.000127179
-0.000107759
-0.000104128
-9.17822e-05
-0.000104097
-5.96907e-05
-8.99016e-05
-5.46975e-05
-8.97802e-05
-3.36706e-05
-9.85385e-05
-2.13937e-05
-0.000100415
2.30829e-06
-9.95793e-05
1.89296e-05
-9.42176e-05
2.02152e-05
-9.97337e-05
2.66396e-05
-0.000107543
-3.13511e-05
-8.08314e-05
-0.000109368
-4.57127e-05
-0.000268718
-0.000191896
-7.35337e-05
-4.85706e-05
-0.000125373
-8.32235e-05
-8.40154e-05
-0.000117985
-6.74537e-05
-9.02277e-05
-6.56991e-05
-0.000112725
-7.33873e-05
-0.000100071
-7.18576e-05
-9.3312e-05
-5.39778e-05
-7.75705e-05
-8.08358e-05
-2.78394e-05
-9.03119e-05
-2.41945e-05
-8.39923e-05
-2.77133e-05
-6.48293e-05
-1.68548e-05
-3.62389e-05
-9.66077e-06
-1.69639e-05
9.40203e-07
-3.54957e-05
4.51713e-05
-4.79527e-05
-1.88941e-05
-5.05189e-05
-0.000106801
-3.45304e-05
-0.000284707
-0.000226427
-4.87027e-05
-6.70079e-05
-5.90976e-05
-7.28286e-05
-6.263e-05
-0.000114452
-5.64683e-05
-9.63894e-05
-5.5181e-05
-0.000114012
-5.46496e-05
-0.000100603
-6.13697e-05
-8.65918e-05
-5.93834e-05
-7.95568e-05
-4.62944e-05
-4.09285e-05
-3.68926e-05
-3.35963e-05
-4.0629e-05
-2.39769e-05
-2.36287e-05
-3.38551e-05
-1.58973e-05
-1.73921e-05
-6.95798e-06
-7.99915e-06
-1.23426e-05
5.05559e-05
-3.45223e-05
3.28567e-06
-2.78483e-05
-0.000113475
-2.43317e-05
-0.000288223
-0.000250758
-4.88755e-05
-6.68819e-05
-1.91211e-05
-0.000102583
-4.89021e-05
-8.46714e-05
-3.43663e-05
-0.000110925
-2.47547e-05
-0.000123624
-4.15836e-05
-8.37737e-05
-5.82658e-05
-6.99097e-05
-3.42307e-05
-0.000103592
-2.02059e-05
-5.49534e-05
-1.27792e-05
-4.1023e-05
-2.01358e-06
-3.47425e-05
-1.06315e-05
-2.52372e-05
-1.2988e-05
-1.50356e-05
-2.39229e-05
2.93575e-06
-2.03579e-05
4.69909e-05
-4.18667e-05
2.47945e-05
-4.0635e-05
-0.000114707
-8.12511e-05
-0.000247607
-0.00033201
-3.77081e-05
-7.92468e-05
-3.9666e-05
-0.000100625
-1.65198e-05
-0.000107818
-1.94372e-05
-0.000108008
-3.40719e-05
-0.000108989
-3.72481e-05
-8.05975e-05
-1.11343e-05
-9.60235e-05
-1.62273e-05
-9.84987e-05
-1.91984e-05
-5.19822e-05
-2.00559e-05
-4.01655e-05
-2.01317e-05
-3.46667e-05
-9.59871e-06
-3.57702e-05
-1.4835e-05
-9.79933e-06
-2.30307e-05
1.11314e-05
5.37267e-06
1.85876e-05
2.10433e-05
9.12389e-06
-2.6854e-05
-6.68099e-05
-3.4705e-05
-0.000239756
-0.000366715
9.01557e-06
-9.1718e-05
8.05363e-06
-9.96632e-05
-2.08026e-06
-9.76837e-05
-9.13414e-06
-0.000100954
-6.07474e-06
-0.000112049
1.06658e-05
-9.7338e-05
-1.96212e-05
-6.57365e-05
-4.88239e-05
-6.9296e-05
-2.34935e-05
-7.73127e-05
-1.24941e-05
-5.11648e-05
-1.02122e-05
-3.69487e-05
-2.59893e-05
-1.99931e-05
-1.95745e-05
-1.62141e-05
-1.90664e-05
1.06234e-05
-1.53492e-05
1.48703e-05
-7.32828e-07
-5.49249e-06
-8.19744e-06
-5.93453e-05
-2.47773e-05
-0.000223176
-0.000391492
2.19456e-05
-7.98881e-05
1.63915e-05
-9.41091e-05
3.01572e-05
-0.000111449
2.67534e-05
-9.75501e-05
-5.34293e-06
-7.99523e-05
-4.425e-06
-9.8256e-05
-5.67819e-06
-6.44833e-05
-6.26404e-06
-6.87102e-05
-5.96828e-06
-7.76084e-05
-5.18625e-06
-5.19469e-05
-5.67158e-06
-3.64633e-05
1.41727e-06
-2.70819e-05
3.3399e-06
-1.81367e-05
1.49925e-05
-1.02922e-06
1.98277e-05
1.00351e-05
2.86724e-05
-1.43372e-05
7.68614e-06
-3.83591e-05
-7.05678e-06
-0.000208433
-0.000398549
4.1576e-05
-6.68599e-05
4.39788e-05
-9.65119e-05
2.057e-05
-8.80407e-05
1.55759e-05
-9.25559e-05
3.77039e-05
-0.00010208
1.59026e-05
-7.64547e-05
2.22993e-05
-7.088e-05
2.40763e-05
-7.04872e-05
1.69135e-05
-7.04456e-05
1.5871e-05
-5.09044e-05
1.80016e-05
-3.85938e-05
1.61393e-05
-2.52197e-05
6.13647e-06
-8.13384e-06
1.01594e-05
-5.05211e-06
4.75141e-06
1.54431e-05
6.84084e-06
-1.64267e-05
1.97912e-05
-5.13094e-05
5.8269e-06
-0.000194469
-0.000392722
6.80071e-05
-5.22634e-05
7.05186e-05
-9.90235e-05
3.32047e-05
-5.07268e-05
4.68043e-05
-0.000106156
3.44673e-05
-8.97432e-05
2.10516e-05
-6.3039e-05
2.7875e-05
-7.77034e-05
2.63384e-05
-6.89506e-05
2.25145e-05
-6.66217e-05
2.20936e-05
-5.04836e-05
2.2519e-05
-3.90193e-05
2.44779e-05
-2.71785e-05
2.91384e-05
-1.27943e-05
2.00667e-05
4.01955e-06
3.96277e-05
-4.1179e-06
2.64052e-05
-3.2041e-06
2.7013e-05
-5.19172e-05
1.0583e-05
-0.000178039
-0.000382139
9.27622e-05
-4.89495e-05
3.76793e-05
-4.39406e-05
7.0396e-05
-8.34435e-05
2.86324e-05
-6.43919e-05
3.26529e-05
-9.37637e-05
2.65809e-05
-5.6967e-05
3.75466e-05
-8.8669e-05
1.41446e-05
-4.55487e-05
1.47451e-05
-6.72221e-05
2.60519e-05
-6.17903e-05
2.8296e-05
-4.12635e-05
1.56582e-05
-1.45407e-05
2.41817e-05
-2.13178e-05
2.60846e-05
2.11665e-06
3.01391e-05
-8.17236e-06
3.4957e-05
-8.02195e-06
3.31272e-05
-5.00875e-05
1.57829e-05
-0.000160695
-0.000366356
5.04343e-05
-5.87354e-05
6.99072e-05
-6.34134e-05
4.05984e-05
-5.41346e-05
5.61929e-05
-7.99864e-05
6.1879e-05
-9.94498e-05
5.75844e-05
-5.26724e-05
1.78811e-05
-4.89658e-05
4.00483e-05
-6.77159e-05
3.55277e-05
-6.27014e-05
3.13313e-05
-5.75939e-05
2.94795e-05
-3.94117e-05
3.79569e-05
-2.30181e-05
2.16766e-05
-5.03754e-06
3.66478e-05
-1.28546e-05
3.44496e-05
-5.97411e-06
3.9438e-05
-1.30104e-05
3.40117e-05
-4.46612e-05
1.71629e-05
-0.000143846
-0.000349193
5.46512e-05
-5.14117e-05
4.63736e-05
-5.51358e-05
4.70681e-05
-5.48291e-05
5.39847e-05
-8.6903e-05
2.02309e-05
-6.5696e-05
3.49046e-05
-6.7346e-05
6.6745e-05
-8.08063e-05
4.10414e-05
-4.20122e-05
3.71826e-05
-5.88426e-05
3.74929e-05
-5.79043e-05
1.85724e-05
-2.04912e-05
2.03246e-05
-2.47703e-05
1.97591e-05
-4.47204e-06
3.10903e-05
-2.41857e-05
3.39574e-05
-8.84123e-06
3.73256e-05
-1.63785e-05
3.52283e-05
-4.25639e-05
1.87883e-05
-0.000127406
-0.000330405
3.31857e-05
-2.42561e-05
5.25993e-05
-7.45494e-05
6.35581e-05
-6.57879e-05
2.5923e-05
-4.92679e-05
4.06852e-05
-8.04582e-05
3.94863e-05
-6.61472e-05
2.83563e-05
-6.96763e-05
5.46482e-05
-6.83041e-05
3.66232e-05
-4.08176e-05
3.73322e-05
-5.86133e-05
3.70794e-05
-2.02383e-05
2.36193e-05
-1.13102e-05
4.39562e-05
-2.4809e-05
4.43253e-05
-2.45548e-05
4.15185e-05
-6.03439e-06
3.97296e-05
-1.45897e-05
3.41278e-05
-3.69621e-05
1.78058e-05
-0.000111084
-0.000312599
8.52558e-05
-4.99589e-05
5.94694e-05
-4.8763e-05
4.862e-05
-5.49386e-05
5.83276e-05
-5.89754e-05
3.69051e-05
-5.90357e-05
3.58896e-05
-6.51317e-05
3.02767e-05
-6.40634e-05
2.41746e-05
-6.2202e-05
5.41043e-05
-7.07473e-05
2.7606e-05
-3.2115e-05
2.71361e-05
-1.97684e-05
4.86254e-05
-3.27995e-05
4.51562e-05
-2.13398e-05
4.16793e-05
-2.10779e-05
3.86497e-05
-3.00479e-06
3.59294e-05
-1.18694e-05
3.00129e-05
-3.10456e-05
1.76869e-05
-9.87578e-05
-0.000294912
3.93022e-05
-3.21713e-05
5.54902e-05
-6.4951e-05
6.05821e-05
-6.00304e-05
6.14153e-05
-5.98086e-05
7.4912e-05
-7.25323e-05
7.63899e-05
-6.66096e-05
5.61247e-05
-4.37982e-05
5.46529e-05
-6.07301e-05
2.37023e-05
-3.97968e-05
3.25842e-05
-4.09968e-05
5.84856e-05
-4.56699e-05
5.35322e-05
-2.78461e-05
5.48262e-05
-2.26337e-05
3.39956e-05
-2.47322e-07
4.53786e-05
-1.43877e-05
3.96017e-05
-6.09252e-06
2.94882e-05
-2.09322e-05
2.39543e-05
-9.32239e-05
-0.000270958
0.000100142
-7.17178e-05
8.37223e-05
-4.85318e-05
6.84571e-05
-4.47652e-05
5.83929e-05
-4.97444e-05
3.23322e-05
-4.64716e-05
3.70607e-05
-7.13381e-05
7.15336e-05
-7.82712e-05
5.29527e-05
-4.21493e-05
6.4086e-05
-5.093e-05
6.65705e-05
-4.34814e-05
5.72503e-05
-3.63497e-05
5.64799e-05
-2.70757e-05
4.28976e-05
-9.05145e-06
5.89101e-05
-1.62598e-05
4.54159e-05
-8.93582e-07
4.13909e-05
-2.06755e-06
2.8453e-05
-7.99428e-06
1.66212e-05
-8.1392e-05
-0.000254337
4.20693e-05
-6.48813e-05
3.51465e-05
-4.1609e-05
6.86531e-05
-7.82718e-05
6.86029e-05
-4.96943e-05
8.81478e-05
-6.60164e-05
8.25085e-05
-6.56988e-05
7.71983e-05
-7.2961e-05
7.29506e-05
-3.79016e-05
6.93732e-05
-4.73526e-05
7.0371e-05
-4.44792e-05
6.42987e-05
-3.02774e-05
6.20668e-05
-2.48438e-05
6.60199e-05
-1.30045e-05
6.86127e-05
-1.88525e-05
5.17752e-05
1.59439e-05
4.24269e-05
7.28073e-06
3.19223e-05
2.51034e-06
1.6568e-05
-6.60377e-05
-0.000237768
4.25587e-05
-4.45478e-05
6.7189e-05
-6.62393e-05
7.05387e-05
-8.16215e-05
9.36228e-05
-7.27784e-05
8.90886e-05
-6.14822e-05
7.81539e-05
-5.47641e-05
7.80433e-05
-7.28504e-05
8.50977e-05
-4.4956e-05
7.97146e-05
-4.19695e-05
7.34002e-05
-3.81647e-05
6.7711e-05
-2.45882e-05
6.48507e-05
-2.19835e-05
4.66131e-05
5.23312e-06
4.31158e-05
-1.53552e-05
4.6306e-05
1.27537e-05
3.69732e-05
1.66135e-05
3.2207e-05
7.27658e-06
1.9385e-05
-5.32158e-05
-0.000218383
9.29383e-05
-8.36909e-05
7.65057e-05
-4.98067e-05
7.84551e-05
-8.35709e-05
4.75294e-05
-4.18527e-05
5.42705e-05
-6.82233e-05
8.83288e-05
-8.88224e-05
9.77256e-05
-8.22472e-05
8.53847e-05
-3.26151e-05
8.08708e-05
-3.74556e-05
8.09409e-05
-3.82348e-05
7.72222e-05
-2.08695e-05
7.12458e-05
-1.60071e-05
6.78441e-05
8.63486e-06
4.2022e-05
1.04668e-05
5.5096e-05
-3.20362e-07
4.41418e-05
2.75678e-05
3.92827e-05
1.21357e-05
2.06516e-05
-3.45847e-05
-0.000197732
4.00366e-05
-7.50607e-05
8.3746e-05
-9.35161e-05
5.01039e-05
-4.99288e-05
0.000109709
-0.000101458
0.000101787
-6.03011e-05
8.49553e-05
-7.19904e-05
0.000105795
-0.000103086
0.000108231
-3.50512e-05
9.20788e-05
-2.13037e-05
8.8078e-05
-3.4234e-05
0.000101884
-3.4676e-05
9.30551e-05
-7.17774e-06
8.19995e-05
1.96904e-05
8.5469e-05
6.99736e-06
7.42859e-05
1.08628e-05
5.57408e-05
4.61128e-05
3.92511e-05
2.86254e-05
2.06865e-05
-1.60202e-05
-0.000177045
7.3654e-05
-8.05163e-05
7.83444e-05
-9.82064e-05
8.4905e-05
-5.64895e-05
8.51115e-05
-0.000101665
8.44805e-05
-5.96702e-05
0.000122227
-0.000109736
7.34086e-05
-5.42685e-05
7.02744e-05
-3.19169e-05
0.000110064
-6.10929e-05
0.00010562
-2.97907e-05
7.20319e-05
-1.0877e-06
6.51388e-05
-2.84604e-07
7.95217e-05
5.30751e-06
6.94303e-05
1.70887e-05
3.17406e-05
4.85526e-05
3.87793e-05
3.90741e-05
3.89338e-05
2.84709e-05
2.22376e-05
6.7601e-07
-0.000154808
3.59425e-05
-8.73257e-05
4.00666e-05
-0.00010233
8.86197e-05
-0.000105043
4.59251e-05
-5.89701e-05
9.1814e-05
-0.000105559
7.24546e-05
-9.03769e-05
9.12009e-05
-7.30149e-05
0.000150818
-9.15342e-05
0.000130149
-4.04234e-05
0.000124629
-2.42707e-05
0.000124115
-5.73982e-07
0.000109758
1.40724e-05
9.42216e-05
2.08438e-05
5.71659e-05
5.41444e-05
5.89607e-05
4.67578e-05
6.02233e-05
3.78115e-05
2.97566e-05
5.89376e-05
2.0664e-05
9.76866e-06
-0.000134144
7.91298e-05
-8.1991e-05
8.04182e-05
-0.000103619
8.64591e-05
-0.000111084
0.000100143
-7.26542e-05
0.000118716
-0.000124132
0.000132679
-0.00010434
0.000136653
-7.69885e-05
0.000140379
-9.52608e-05
0.000136003
-3.60465e-05
0.000124487
-1.27554e-05
0.000127649
-3.73557e-06
0.000122545
1.91766e-05
0.000125325
1.80633e-05
0.000129723
4.97464e-05
9.5516e-05
8.09649e-05
5.30755e-05
8.0252e-05
3.19068e-05
8.01063e-05
2.06877e-05
2.09877e-05
-0.000113456
6.68518e-05
-9.79547e-05
6.58038e-05
-0.000102571
6.85652e-05
-0.000113845
0.000112059
-0.000116148
0.00012723
-0.000139303
0.000129326
-0.000106436
0.000106769
-5.44317e-05
7.86719e-05
-6.71638e-05
8.77468e-05
-4.51213e-05
0.000120774
-4.57824e-05
0.000104799
1.22396e-05
0.000102476
2.14994e-05
5.99831e-05
6.05561e-05
5.59142e-05
5.38154e-05
3.89162e-05
9.79628e-05
2.0038e-05
9.91302e-05
3.73474e-05
6.27969e-05
2.21339e-05
3.62013e-05
-9.13221e-05
6.19015e-05
-0.000115151
6.55738e-05
-0.000106243
7.0884e-05
-0.000119155
5.91674e-05
-0.000104431
6.09685e-05
-0.000141104
6.24921e-05
-0.00010796
0.000112362
-0.000104302
0.000117716
-7.25177e-05
9.80403e-05
-2.54457e-05
7.39349e-05
-2.16769e-05
7.62539e-05
9.92063e-06
5.22353e-05
4.5518e-05
6.87193e-05
4.40721e-05
5.69656e-05
6.5569e-05
4.55117e-05
0.000109417
5.42714e-05
9.03706e-05
1.80814e-05
9.89868e-05
1.30346e-05
4.12481e-05
-7.82875e-05
4.2456e-05
-6.84749e-05
7.56923e-05
-0.000139479
3.61992e-05
-7.9662e-05
7.55846e-05
-0.000143816
5.98327e-05
-0.000125353
6.40557e-05
-0.000112183
8.23602e-05
-0.000122606
5.51261e-05
-4.52836e-05
5.38061e-05
-2.41257e-05
4.90282e-05
-1.6899e-05
5.92949e-05
-3.46047e-07
7.64142e-05
2.83986e-05
4.10519e-05
7.94344e-05
5.02683e-05
5.63526e-05
3.6741e-05
0.000122944
2.37843e-05
0.000103327
4.71408e-05
7.56304e-05
1.86297e-05
6.97591e-05
-5.96577e-05
3.55575e-05
-7.34939e-05
5.02169e-05
-0.000154139
5.51169e-05
-8.4562e-05
4.66634e-05
-0.000135363
4.82912e-05
-0.00012698
4.04078e-05
-0.000104299
3.40515e-05
-0.00011625
2.36764e-05
-3.49085e-05
3.41465e-05
-3.45959e-05
4.20914e-05
-2.48439e-05
5.27253e-05
-1.09799e-05
4.95793e-05
3.15446e-05
7.97588e-05
4.92549e-05
4.34994e-05
9.2612e-05
6.21519e-05
0.000104292
5.49313e-05
0.000110548
1.96015e-05
0.00011096
1.53035e-05
7.40571e-05
-4.43542e-05
6.06901e-05
-7.51327e-05
6.51678e-05
-0.000158616
6.7891e-05
-8.72852e-05
7.72633e-05
-0.000144735
8.14265e-05
-0.000131144
5.1167e-05
-7.40396e-05
-3.80808e-06
-6.12748e-05
-1.11927e-05
-2.75239e-05
-1.45111e-05
-3.12775e-05
-2.57e-06
-3.6785e-05
2.96798e-05
-4.32298e-05
5.0085e-05
1.11394e-05
2.61355e-05
7.32044e-05
2.9501e-05
8.92465e-05
4.33899e-05
9.04026e-05
3.30019e-05
0.000120936
2.2766e-05
0.000121196
2.87977e-05
6.80254e-05
-1.55565e-05
4.30729e-05
-7.2164e-05
2.6354e-05
-0.000141897
6.80298e-05
-0.000128961
5.62961e-05
-0.000133002
4.35003e-05
-0.000118348
2.96127e-05
-6.01519e-05
9.33066e-07
-3.25952e-05
-8.93102e-06
-1.76598e-05
-3.77372e-05
-2.47126e-06
-2.99048e-05
-4.46174e-05
-4.82149e-05
-2.49196e-05
-1.85974e-05
-1.84782e-05
9.54829e-06
4.50587e-05
3.07967e-05
6.79981e-05
5.93698e-05
6.18295e-05
5.04325e-05
0.000129873
4.62697e-05
0.000125359
7.72601e-06
0.000106569
-7.83051e-06
2.6338e-05
-7.29116e-05
2.85156e-05
-0.000144075
4.86225e-05
-0.000149068
3.96657e-05
-0.000124045
1.1903e-07
-7.8801e-05
1.31615e-05
-7.31945e-05
-1.17156e-05
-7.71803e-06
-3.72741e-05
7.8987e-06
-4.61516e-05
6.40627e-06
-7.37318e-05
-1.70373e-05
-3.18759e-05
-6.67755e-05
-8.95287e-06
-4.14012e-05
1.83461e-05
1.77597e-05
3.94467e-06
8.23995e-05
1.24571e-05
5.33171e-05
2.21732e-05
0.000120157
3.58844e-05
0.000111648
3.87619e-05
0.000103691
3.09314e-05
3.10468e-05
-8.33754e-05
5.98845e-05
-0.000172913
1.63912e-05
-0.000105575
-1.15299e-05
-9.61236e-05
-6.53841e-06
-8.37925e-05
-3.58558e-05
-4.38771e-05
-4.35837e-05
9.91852e-09
-6.2325e-05
2.664e-05
-7.53715e-05
1.94528e-05
-4.85744e-05
-4.38343e-05
-4.45448e-05
-7.08052e-05
-4.00524e-05
-4.58937e-05
-2.88931e-05
6.60038e-06
1.42011e-05
3.93053e-05
6.0223e-06
6.1496e-05
1.47246e-05
0.000111455
1.99919e-05
0.00010638
4.46039e-05
7.90795e-05
7.55353e-05
1.47906e-05
-8.70107e-05
1.91448e-05
-0.000177267
1.51722e-05
-0.000101602
1.3928e-05
-9.48795e-05
1.63057e-06
-7.14951e-05
-1.64537e-06
-4.06012e-05
-2.75265e-05
2.5891e-05
-6.51975e-05
6.4311e-05
-4.84083e-05
2.66364e-06
-4.30992e-05
-4.91435e-05
-5.87913e-05
-5.5113e-05
-4.23612e-05
-6.23238e-05
-3.68013e-05
1.04048e-06
-3.62676e-05
3.87717e-05
-7.36075e-06
3.25891e-05
2.72176e-05
7.68766e-05
5.74703e-05
7.61276e-05
2.33707e-05
0.000113179
9.8906e-05
3.15302e-05
-9.49665e-06
6.22959e-07
1.21061e-05
2.60122e-05
3.89696e-05
2.69752e-05
-2.32184e-05
-1.88423e-05
-3.78568e-05
-5.69256e-05
-7.45666e-05
-6.96721e-05
-4.69014e-05
-2.98379e-05
1.48345e-05
5.26117e-05
0.000100526
)
;

boundaryField
{
    leftWall
    {
        type            calculated;
        value           uniform 0;
    }
    rightWall
    {
        type            calculated;
        value           uniform 0;
    }
    lowerWall
    {
        type            calculated;
        value           uniform 0;
    }
    atmosphere
    {
        type            calculated;
        value           nonuniform List<scalar> 
46
(
0.00076793
0.000380863
0.000256714
5.67005e-05
-3.22082e-05
-9.10987e-05
-6.59879e-05
-5.48612e-05
-6.16719e-05
-3.8021e-05
-5.5962e-05
-4.87986e-05
-4.33988e-05
-4.54847e-05
-3.35093e-05
-5.08564e-05
-5.90572e-05
-5.12715e-05
-6.32512e-05
-6.33135e-05
-6.81863e-05
-8.53573e-05
-7.32665e-05
-4.17152e-05
-4.34153e-05
-4.43305e-05
-4.55476e-05
-0.000111096
-0.00013624
-0.000111722
-0.000106363
-8.54012e-05
-5.35586e-05
3.78855e-05
0.000114505
-1.71243e-06
-3.0129e-05
-3.60442e-05
-4.46828e-05
-3.85407e-06
1.60009e-05
1.55257e-05
3.22042e-05
3.83504e-05
6.52651e-05
0.000199432
)
;
    }
    defaultFaces
    {
        type            empty;
    }
}


// ************************************************************************* //
