/*--------------------------------*- C++ -*----------------------------------*\
| =========                 |                                                 |
| \\      /  F ield         | foam-extend: Open Source CFD                    |
|  \\    /   O peration     | Version:     4.1                                |
|   \\  /    A nd           | Web:         http://www.foam-extend.org         |
|    \\/     M anipulation  |                                                 |
\*---------------------------------------------------------------------------*/
FoamFile
{
    version     2.0;
    format      ascii;
    class       volVectorField;
    location    "0.5";
    object      U;
}
// * * * * * * * * * * * * * * * * * * * * * * * * * * * * * * * * * * * * * //

dimensions      [0 1 -1 0 0 0 0];

internalField   nonuniform List<vector> 
2268
(
(0.0472884 -0.00635821 0)
(0.0539869 -0.00432579 0)
(0.119198 -0.00533178 0)
(0.143939 -0.00577568 0)
(0.203782 -0.00207434 0)
(0.224949 -0.00512408 0)
(0.258443 -0.000836287 0)
(0.260815 0.0013864 0)
(0.268956 0.00754179 0)
(0.23545 0.0192554 0)
(0.17153 -0.0404251 0)
(0.172389 -0.0166165 0)
(0.187735 -0.0147028 0)
(0.183985 -0.00942899 0)
(0.183641 -0.00927255 0)
(0.163795 -0.00903667 0)
(0.167466 -0.0236451 0)
(0.164743 -0.0120321 0)
(0.132115 -0.019671 0)
(0.118049 0.0143203 0)
(0.0813393 0.0270573 0)
(0.063072 0.01016 0)
(0.08398 -0.0023936 0)
(0.0451905 -0.0175551 0)
(0.0541288 -0.0126761 0)
(0.120778 -0.0161093 0)
(0.14611 -0.0137845 0)
(0.200632 -0.0175707 0)
(0.226409 -0.0070262 0)
(0.265581 -0.00836546 0)
(0.270126 -0.00376545 0)
(0.284543 -0.00137142 0)
(0.246288 0.00638706 0)
(0.190854 -0.0239935 0)
(0.201546 0.00110816 0)
(0.200887 0.00377295 0)
(0.194943 0.0119957 0)
(0.194703 0.018284 0)
(0.167731 0.0296063 0)
(0.178153 0.0203612 0)
(0.201218 0.0306298 0)
(0.171923 0.0373399 0)
(0.133311 0.0106858 0)
(0.0573514 0.0192983 0)
(0.0632866 0.0634027 0)
(0.104324 0.0349963 0)
(0.0387773 -0.0297699 0)
(0.051757 -0.0221459 0)
(0.122348 -0.0272118 0)
(0.150877 -0.0241081 0)
(0.193328 -0.0214993 0)
(0.238566 -0.0198944 0)
(0.266613 -0.0110203 0)
(0.274382 -0.00192461 0)
(0.296211 0.0192712 0)
(0.223716 -0.0605228 0)
(0.182495 -0.0273519 0)
(0.186995 -0.0102581 0)
(0.180075 -0.00868512 0)
(0.168137 0.000896357 0)
(0.169895 0.00292091 0)
(0.148133 0.0118349 0)
(0.159696 0.0448195 0)
(0.168935 0.0182855 0)
(0.156035 0.0268116 0)
(0.128394 0.0149958 0)
(0.10086 0.0294469 0)
(0.0640029 0.0499071 0)
(0.0849014 0.0393277 0)
(0.0319018 -0.0389429 0)
(0.0505656 -0.0325195 0)
(0.128328 -0.0397194 0)
(0.154856 -0.0302947 0)
(0.200148 -0.0387547 0)
(0.245998 -0.0235613 0)
(0.258571 -0.0185608 0)
(0.295695 -0.0126995 0)
(0.261753 0.00319449 0)
(0.192645 -0.0498924 0)
(0.185382 -0.0125749 0)
(0.149173 0.00410326 0)
(0.136089 0.0143529 0)
(0.110871 0.0271533 0)
(0.116081 0.0279243 0)
(0.105687 0.0174922 0)
(0.111716 0.0554601 0)
(0.113215 0.0122841 0)
(0.118636 0.0196481 0)
(0.106006 0.0244137 0)
(0.0807778 0.0504617 0)
(0.0604485 0.0562922 0)
(0.0926808 0.0668472 0)
(0.028564 -0.0490815 0)
(0.0519714 -0.0447867 0)
(0.131199 -0.0518773 0)
(0.157554 -0.0404982 0)
(0.209802 -0.0441383 0)
(0.23574 -0.0336642 0)
(0.25265 -0.0215152 0)
(0.298722 0.000497048 0)
(0.235835 -0.0647467 0)
(0.162896 -0.0312314 0)
(0.153307 -0.00684748 0)
(0.117081 0.0130072 0)
(0.105478 0.0250037 0)
(0.0841686 0.0215501 0)
(0.0779621 0.0318677 0)
(0.0629268 0.0154621 0)
(0.0581369 0.0349142 0)
(0.052055 0.0173922 0)
(0.0503548 0.0254642 0)
(0.0584113 0.0399596 0)
(0.0603133 0.0409309 0)
(0.0483244 0.0772772 0)
(0.0841043 0.074765 0)
(0.0323688 -0.0580971 0)
(0.0596451 -0.0571139 0)
(0.135836 -0.0648171 0)
(0.160748 -0.0491712 0)
(0.205266 -0.0577728 0)
(0.232318 -0.0322095 0)
(0.276881 -0.0392599 0)
(0.238475 -0.0114658 0)
(0.166335 -0.0487279 0)
(0.153976 -0.0148501 0)
(0.125805 0.00945171 0)
(0.0952353 0.0277395 0)
(0.0864432 0.0447248 0)
(0.0640602 0.0575778 0)
(0.0602615 0.0474975 0)
(0.0402978 0.0282575 0)
(0.0335309 0.0622309 0)
(0.0294993 0.0160002 0)
(0.0336385 0.057817 0)
(0.00785183 0.0183639 0)
(0.0338181 0.0632012 0)
(0.0443412 0.0820624 0)
(0.0799384 0.0975519 0)
(0.0380242 -0.0705182 0)
(0.0654323 -0.0687833 0)
(0.135177 -0.075526 0)
(0.156849 -0.056675 0)
(0.208085 -0.061374 0)
(0.235598 -0.0530149 0)
(0.241395 -0.0156442 0)
(0.194717 -0.0643924 0)
(0.148799 -0.0343174 0)
(0.14263 -0.0090737 0)
(0.113664 0.0185437 0)
(0.0917066 0.03214 0)
(0.0861806 0.0505017 0)
(0.0632144 0.044479 0)
(0.0278583 0.0511169 0)
(0.0328719 0.0289644 0)
(0.0147066 0.0408562 0)
(0.0110642 0.0228048 0)
(0.0119594 0.0371427 0)
(0.00729352 0.059307 0)
(0.0393742 0.0530821 0)
(0.0224953 0.0881696 0)
(0.0789893 0.101599 0)
(0.0407043 -0.0825796 0)
(0.0676409 -0.0806716 0)
(0.13894 -0.0864196 0)
(0.159223 -0.0683175 0)
(0.208151 -0.079704 0)
(0.244293 -0.0348942 0)
(0.199224 -0.043589 0)
(0.169122 -0.0613105 0)
(0.152183 -0.0272087 0)
(0.136533 0.00180953 0)
(0.108251 0.0338931 0)
(0.0864161 0.0422466 0)
(0.0644665 0.0738017 0)
(0.0508191 0.0405809 0)
(0.0333423 0.0733777 0)
(0.0228899 0.0358576 0)
(0.0153831 0.0226996 0)
(0.0129513 0.0145768 0)
(0.0339644 0.0142898 0)
(-0.00658112 0.0580468 0)
(0.0146437 0.0308606 0)
(0.0210118 0.0725079 0)
(0.0639479 0.125968 0)
(-2.13929 0.442381 0)
(-2.51046 0.180345 0)
(-2.52341 -0.0760346 0)
(-2.2959 -0.139622 0)
(-2.17068 -0.0935175 0)
(-2.02631 -0.133165 0)
(-1.96037 -0.102308 0)
(-1.90506 -0.150877 0)
(-1.86067 -0.134483 0)
(-1.80022 -0.0982142 0)
(-1.80198 -0.0979463 0)
(-1.79871 -0.0972106 0)
(-1.80243 -0.0399867 0)
(-1.72804 -0.15229 0)
(-1.77697 -0.203942 0)
(-1.88683 -0.106056 0)
(-1.43021 0.00844376 0)
(-1.14413 -0.358208 0)
(-0.413393 -0.155299 0)
(-1.85817 0.646626 0)
(-1.58034 0.631086 0)
(-0.77882 0.103231 0)
(-0.894261 -0.120174 0)
(-0.794636 -0.214947 0)
(-0.712624 0.0206401 0)
(-0.622862 0.0484755 0)
(-0.641478 0.0528518 0)
(-0.733202 -0.0124272 0)
(-0.886943 0.0218067 0)
(-1.1358 0.103203 0)
(-1.39049 0.132485 0)
(-1.68828 0.0417926 0)
(-1.7983 -0.0280429 0)
(-1.75277 -0.280822 0)
(-1.91071 0.0132821 0)
(-1.64253 0.259803 0)
(-0.892738 -0.407322 0)
(-0.259271 -0.569421 0)
(-1.51784 1.09321 0)
(-0.662146 0.60548 0)
(-0.568406 -0.190228 0)
(-0.820028 -0.117671 0)
(-0.595746 -0.221098 0)
(-0.468414 0.0275383 0)
(-0.169245 -0.0632622 0)
(-0.363567 -0.0327509 0)
(-0.580127 -0.0092943 0)
(-0.875062 0.0540779 0)
(-1.11681 0.118267 0)
(-1.22279 -0.0314267 0)
(-1.12088 -0.372216 0)
(-1.29904 -0.217828 0)
(-1.5535 -0.419521 0)
(-1.67011 -0.120521 0)
(-1.60002 0.0303552 0)
(-0.774417 -0.315976 0)
(-0.00324888 -0.672002 0)
(-1.20678 1.12749 0)
(-0.177952 0.582862 0)
(-0.102555 -0.243141 0)
(-0.318956 -0.543414 0)
(0.141253 -0.459884 0)
(0.194884 -0.114253 0)
(0.591537 -0.0789019 0)
(0.321409 0.334706 0)
(-0.133701 0.224516 0)
(-0.470277 0.254369 0)
(-0.625771 0.243577 0)
(-0.588775 0.136687 0)
(-0.311392 -0.230792 0)
(-0.309446 -0.270953 0)
(-0.631846 -0.172321 0)
(-0.953058 -0.0371417 0)
(-0.926839 -0.17121 0)
(-0.839998 -0.308041 0)
(0.116746 -0.968906 0)
(-0.92398 1.31734 0)
(0.866186 0.629745 0)
(0.834302 0.11203 0)
(0.329189 -0.260006 0)
(0.583542 -0.542853 0)
(0.689175 -0.425778 0)
(0.980464 -0.0045593 0)
(0.643478 0.552254 0)
(0.112438 0.368883 0)
(-0.0689092 0.205086 0)
(-0.158776 0.180082 0)
(-0.224259 -0.0652176 0)
(-0.317264 -0.278485 0)
(-0.219839 -0.252668 0)
(-0.229785 -0.103634 0)
(-0.815675 0.225839 0)
(-0.610895 -0.230408 0)
(-0.731893 -0.332571 0)
(0.210161 -1.14213 0)
(-0.835645 1.22581 0)
(1.29226 0.372613 0)
(0.882836 0.166915 0)
(0.58263 -0.218639 0)
(0.690628 -0.575153 0)
(0.824038 -0.636063 0)
(1.15849 -0.368727 0)
(1.20331 0.406521 0)
(0.889075 0.488192 0)
(0.727851 0.373025 0)
(0.358035 0.289511 0)
(-0.083264 -0.00633348 0)
(-0.309204 -0.296255 0)
(-0.185601 -0.264756 0)
(-0.0690679 -0.0580367 0)
(-0.704 0.151043 0)
(-0.407579 -0.219592 0)
(-0.708418 -0.395014 0)
(0.222632 -1.211 0)
(-0.660909 1.17868 0)
(1.31597 0.311823 0)
(0.656436 0.113048 0)
(0.726733 -0.350523 0)
(0.547293 -0.512574 0)
(0.586496 -0.641372 0)
(0.965357 -0.288653 0)
(1.253 0.533873 0)
(1.16293 0.587033 0)
(1.12409 0.459737 0)
(0.876648 0.548794 0)
(0.116874 0.304327 0)
(-0.14467 -0.260774 0)
(-0.135745 -0.350854 0)
(0.188102 -0.0304778 0)
(-0.51088 0.195554 0)
(0.0629518 -0.224131 0)
(-0.608299 -0.411025 0)
(0.285218 -1.25283 0)
(-0.0540067 0.902612 0)
(1.10051 0.272775 0)
(0.626138 0.0438566 0)
(0.727083 -0.473063 0)
(0.52141 -0.400056 0)
(0.48739 -0.3687 0)
(0.610556 -0.294681 0)
(1.13256 0.224223 0)
(1.20104 0.516808 0)
(1.34893 0.550973 0)
(1.07051 0.685898 0)
(0.152273 0.349184 0)
(-0.0259049 -0.216095 0)
(-0.000877845 -0.375264 0)
(0.133562 0.0203431 0)
(-0.0292293 0.219694 0)
(0.334115 -0.187141 0)
(-0.389967 -0.453821 0)
(0.301529 -1.2931 0)
(0.0397882 -0.102148 0)
(0.0626065 -0.0961881 0)
(0.134676 -0.102335 0)
(0.140283 -0.07265 0)
(0.223573 -0.0805298 0)
(0.185562 -0.0708765 0)
(0.159723 -0.0813969 0)
(0.178013 -0.0475248 0)
(0.149774 -0.0142202 0)
(0.143879 0.0169439 0)
(0.112591 0.0453635 0)
(0.111652 0.0597327 0)
(0.07701 0.0804455 0)
(0.0596083 0.063193 0)
(0.035761 0.0719741 0)
(0.0143797 0.0408169 0)
(0.00732451 0.0481824 0)
(-0.0107124 0.0232199 0)
(-5.71913e-05 0.0510526 0)
(0.00622771 0.00216548 0)
(0.0511846 0.0539868 0)
(0.0872795 0.0687922 0)
(0.0620475 0.138903 0)
(0.0373287 -0.129823 0)
(0.0398364 -0.12721 0)
(0.128777 -0.122135 0)
(0.10207 -0.118288 0)
(0.0879516 -0.107281 0)
(0.107781 -0.143263 0)
(0.115953 -0.047999 0)
(0.124686 -0.0459056 0)
(0.127499 -0.0082452 0)
(0.118885 0.0331956 0)
(0.107535 0.0609999 0)
(0.095127 0.0712944 0)
(0.0763812 0.0576619 0)
(0.0662429 0.0703041 0)
(0.0539054 0.0567874 0)
(0.0446802 0.0592082 0)
(0.0313667 0.0450752 0)
(0.034475 0.0548361 0)
(0.0246022 0.0326405 0)
(0.0229077 0.0362763 0)
(0.0403774 -0.00278884 0)
(0.151568 0.0370585 0)
(0.0960446 0.0794935 0)
(0.00448573 -0.138588 0)
(0.00686143 -0.139634 0)
(0.0211977 -0.132471 0)
(0.0173386 -0.136858 0)
(0.0191461 -0.0905274 0)
(0.00981595 -0.0958709 0)
(-0.0270512 -0.0865914 0)
(-0.0563712 -0.0531621 0)
(-0.0659126 -0.00158273 0)
(-0.0701078 0.0424521 0)
(-0.00845501 0.072351 0)
(0.00337206 0.0981892 0)
(0.0162171 0.102313 0)
(0.0424312 0.0892426 0)
(0.0323766 0.0845059 0)
(0.0194998 0.0670225 0)
(0.0243434 0.0531126 0)
(0.01258 0.0472284 0)
(0.0136643 0.0132062 0)
(0.0230202 0.00590435 0)
(0.0596864 -0.0204469 0)
(0.15378 0.0113943 0)
(0.166236 0.0359179 0)
(0.00319605 -0.145406 0)
(0.00460477 -0.147432 0)
(0.0104646 -0.136889 0)
(0.00622604 -0.117511 0)
(0.000627734 -0.103777 0)
(-0.00582569 -0.0997393 0)
(-0.0758509 -0.0184645 0)
(-0.117654 0.0150046 0)
(-0.145675 0.00261693 0)
(-0.191584 -0.00458839 0)
(-0.16345 0.0254702 0)
(-0.182444 0.0421887 0)
(-0.154103 0.126391 0)
(-0.0704031 0.0509716 0)
(-0.0342355 0.0893173 0)
(-0.046129 0.0634109 0)
(-0.0282311 0.0548212 0)
(-0.0337979 0.0101474 0)
(-0.0176944 0.0247184 0)
(0.0107265 -0.0140385 0)
(0.042762 -0.0125049 0)
(0.121182 -0.045196 0)
(0.129682 0.0027204 0)
(0.000354626 -0.147001 0)
(0.000946192 -0.145985 0)
(-0.00253396 -0.134212 0)
(-0.0073517 -0.118724 0)
(-0.0309684 -0.0845628 0)
(-0.0672523 -0.0450377 0)
(-0.0950844 -0.0161342 0)
(-0.130759 0.0939985 0)
(-0.164663 0.0785585 0)
(-0.233743 0.0653674 0)
(-0.272537 0.00443101 0)
(-0.246776 -0.0442519 0)
(-0.357736 0.0356916 0)
(-0.246069 -0.00217906 0)
(-0.230561 0.0525171 0)
(-0.294249 0.0605767 0)
(-0.225399 0.0420684 0)
(-0.170283 0.0341114 0)
(-0.0654082 -0.0214005 0)
(-0.0667967 -0.0582229 0)
(0.0420795 -0.128917 0)
(0.232584 -0.0758903 0)
(0.177761 -0.0727434 0)
(7.2038e-05 -0.146866 0)
(-0.0192566 -0.140642 0)
(-0.0353785 -0.133435 0)
(-0.0532735 -0.103341 0)
(-0.0993571 -0.0708008 0)
(-0.155662 -0.0140732 0)
(-0.147244 0.0529507 0)
(-0.161533 0.0933401 0)
(-0.142742 0.0998036 0)
(-0.211638 0.0833775 0)
(-0.226792 0.0834127 0)
(-0.194631 0.0562042 0)
(-0.422741 -0.0513383 0)
(-0.403711 0.0716514 0)
(-0.30747 -0.0544964 0)
(-0.32981 0.0421773 0)
(-0.210426 0.000230422 0)
(-0.169679 0.0296856 0)
(-0.0600229 -0.0883461 0)
(-0.0836805 -0.131479 0)
(0.18548 -0.164822 0)
(0.187707 -0.124686 0)
(0.165549 -0.115029 0)
(-0.0110052 -0.126225 0)
(-0.0870631 -0.112238 0)
(-0.127145 -0.0979751 0)
(-0.0893299 -0.12056 0)
(-0.156746 -0.0375614 0)
(-0.158185 0.00596925 0)
(-0.181628 0.112567 0)
(-0.198794 0.101167 0)
(-0.204718 0.0973007 0)
(-0.236314 0.0539603 0)
(-0.241672 0.148641 0)
(-0.195408 0.0835589 0)
(-0.214554 -0.00409247 0)
(-0.357068 0.182242 0)
(-0.216076 -0.0168596 0)
(-0.136621 -0.0164935 0)
(-0.0564033 -0.112654 0)
(-0.0725717 -0.108336 0)
(0.000153225 -0.157128 0)
(0.0218163 -0.178709 0)
(-0.0134124 -0.274926 0)
(-0.0792007 -0.24778 0)
(-0.0617217 -0.229295 0)
(-0.0157079 -0.0934491 0)
(-0.084475 -0.0779622 0)
(-0.17539 -0.0486978 0)
(-0.121833 -0.0652498 0)
(-0.160372 0.00051479 0)
(-0.152551 0.00228682 0)
(-0.153024 0.110253 0)
(-0.236981 0.112149 0)
(-0.220908 0.14672 0)
(-0.116812 0.157151 0)
(-0.177513 0.206302 0)
(-0.156144 0.154154 0)
(-0.243541 0.0280027 0)
(-0.235743 -0.0621093 0)
(-0.124277 0.011618 0)
(-0.138945 -0.137226 0)
(-0.0734328 -0.189425 0)
(-0.0195722 -0.0828353 0)
(0.0176552 -0.137679 0)
(-0.03513 -0.170703 0)
(-0.0631473 -0.344913 0)
(-0.0920204 -0.326298 0)
(-0.167612 -0.105969 0)
(-0.0166914 -0.0258991 0)
(-0.0902318 -0.0811115 0)
(-0.176518 -0.0597301 0)
(-0.100313 -0.00675519 0)
(-0.163519 -0.0444106 0)
(-0.163988 0.039709 0)
(-0.135586 0.0723927 0)
(-0.188428 0.140988 0)
(-0.16946 0.166609 0)
(-0.197478 0.176466 0)
(-0.265685 0.0881259 0)
(-0.22917 0.0863116 0)
(-0.159176 -0.0439085 0)
(-0.203726 0.117593 0)
(-0.0909585 -0.0632673 0)
(-0.125383 -0.0932488 0)
(-0.111699 -0.131576 0)
(0.00038899 -0.15338 0)
(-0.0827994 -0.155865 0)
(-0.031337 -0.283443 0)
(-0.220113 0.0160198 0)
(-0.355109 -0.0898864 0)
(-0.365926 -0.24651 0)
(-0.0750401 0.00953094 0)
(-0.0669893 -0.0435171 0)
(-0.097621 -0.0321111 0)
(-0.0992689 0.0222975 0)
(-0.143056 -0.0319659 0)
(-0.14136 0.0887162 0)
(-0.153608 0.107726 0)
(-0.176433 0.11326 0)
(-0.160877 0.06679 0)
(-0.217545 0.114657 0)
(-0.302276 0.035446 0)
(-0.259681 0.152214 0)
(-0.16503 -0.041182 0)
(-0.261891 -0.0273578 0)
(-0.252559 -0.207948 0)
(-0.123648 -0.222564 0)
(-0.172031 -0.192222 0)
(-0.205662 -0.149215 0)
(-0.356399 -0.102037 0)
(-0.448327 0.0311579 0)
(-0.522059 0.0446474 0)
(-0.525706 -0.0388056 0)
(-0.646007 -0.155828 0)
(-0.0665478 0.0509369 0)
(-0.0538089 0.00367708 0)
(-0.0756294 -0.0203744 0)
(-0.0637507 0.0305952 0)
(-0.114531 0.00615071 0)
(-0.109803 0.0861186 0)
(-0.174085 0.106689 0)
(-0.193146 0.132761 0)
(-0.114464 0.195636 0)
(-0.204658 0.173772 0)
(-0.278146 0.105915 0)
(-0.376206 0.166322 0)
(-0.351841 -0.0569539 0)
(-0.254225 -0.187332 0)
(-0.366704 -0.284429 0)
(-0.395477 -0.174543 0)
(-0.569502 0.00315353 0)
(-0.650978 0.018039 0)
(-0.768665 0.0947736 0)
(-0.729299 0.214742 0)
(-0.715211 0.160113 0)
(-0.620452 0.0806055 0)
(-0.64194 0.000302895 0)
(-0.0753727 0.0728263 0)
(-0.0163451 0.0269491 0)
(-0.0615036 -0.0138698 0)
(-0.0865735 0.0524661 0)
(-0.0787658 0.0412058 0)
(-0.121582 0.0930546 0)
(-0.257257 0.137952 0)
(-0.144289 0.258649 0)
(-0.129316 0.230181 0)
(-0.306775 0.201376 0)
(-0.313341 0.172852 0)
(-0.38766 0.245096 0)
(-0.526857 0.22803 0)
(-0.843746 0.212515 0)
(-1.60134 0.17131 0)
(-2.3088 0.110952 0)
(-2.51574 0.018482 0)
(-2.55865 -0.00746085 0)
(-2.40458 -0.0740495 0)
(-2.10545 -0.157982 0)
(-1.96413 -0.16486 0)
(-1.855 -0.179947 0)
(-1.7711 -0.1782 0)
(-0.0722461 0.0934655 0)
(0.00320907 0.0259436 0)
(-0.0553157 -0.0191925 0)
(-0.0358981 0.110947 0)
(-0.0976131 0.0324006 0)
(-0.109338 0.123889 0)
(-0.106509 0.193583 0)
(-0.179089 0.310414 0)
(-0.190491 0.254239 0)
(-0.26091 0.275282 0)
(-0.212874 0.403488 0)
(-0.275674 0.42788 0)
(-0.377327 0.575534 0)
(-0.420717 0.599987 0)
(-0.445287 0.805559 0)
(-0.777991 0.601578 0)
(-0.824515 0.358328 0)
(-0.776403 0.221355 0)
(-0.750038 0.0411905 0)
(-0.487265 -0.146337 0)
(-0.300188 -0.164925 0)
(-0.262495 -0.160726 0)
(-0.222792 -0.20451 0)
(-0.0296422 0.151704 0)
(0.00223441 0.0165497 0)
(-0.0378134 0.0307204 0)
(-0.0934674 0.0897544 0)
(-0.0901996 0.042053 0)
(-0.123727 0.155607 0)
(-0.148812 0.178696 0)
(-0.132648 0.196312 0)
(-0.194715 0.253697 0)
(-0.125833 0.291798 0)
(-0.120285 0.407533 0)
(-0.150044 0.35982 0)
(-0.244321 0.47877 0)
(-0.195165 0.475316 0)
(0.0139266 0.693401 0)
(0.0656079 0.565853 0)
(0.281351 0.484341 0)
(0.200556 0.10702 0)
(0.179594 -0.602613 0)
(-0.0199134 -0.474472 0)
(-0.0785064 -0.286793 0)
(-0.22967 0.00921718 0)
(-0.211356 -0.223374 0)
(-0.0258897 0.112456 0)
(-0.004473 0.0285627 0)
(-0.0710566 0.0848246 0)
(-0.066176 0.0729941 0)
(-0.0551761 0.14529 0)
(-0.0951587 0.131904 0)
(-0.17236 0.210177 0)
(-0.14021 0.176255 0)
(-0.127206 0.235576 0)
(-0.119922 0.288071 0)
(-0.109095 0.305528 0)
(-0.101426 0.283817 0)
(-0.0953747 0.338647 0)
(0.00841102 0.348979 0)
(0.118226 0.393372 0)
(0.254563 0.312352 0)
(0.301597 0.212282 0)
(0.29452 0.059251 0)
(0.253301 -0.141675 0)
(0.0768462 -0.156212 0)
(0.0367594 -0.151412 0)
(-0.0284679 0.0137645 0)
(-0.0741225 -0.00594576 0)
(0.0220985 0.206058 0)
(0.0370136 0.0612554 0)
(-0.052535 0.136114 0)
(-0.0424226 0.168511 0)
(-0.0760225 0.176841 0)
(-0.088714 0.20382 0)
(-0.143962 0.237647 0)
(-0.130714 0.28757 0)
(-0.0774062 0.206785 0)
(-0.0938066 0.295804 0)
(-0.112184 0.320561 0)
(-0.0313212 0.398042 0)
(-0.0390132 0.355543 0)
(-0.0175519 0.348527 0)
(0.155104 0.324757 0)
(0.180584 0.240893 0)
(0.223643 0.0901044 0)
(0.227575 0.0717982 0)
(0.217694 -0.0856905 0)
(0.140148 -0.0964666 0)
(0.154122 -0.0225993 0)
(0.128839 0.0508871 0)
(0.0444402 0.115163 0)
(-0.0359854 0.202804 0)
(-0.0340523 0.0752255 0)
(-0.0294271 0.0948247 0)
(-0.0226662 0.146338 0)
(-0.0116419 0.141209 0)
(-0.0484127 0.204114 0)
(-0.0783457 0.221477 0)
(-0.153639 0.293483 0)
(-0.137574 0.261855 0)
(-0.0203255 0.283615 0)
(0.00353411 0.302455 0)
(-0.0260803 0.381173 0)
(-0.0711962 0.295512 0)
(0.0194105 0.401553 0)
(0.0950985 0.279053 0)
(0.148187 0.257925 0)
(0.218237 0.101307 0)
(0.205008 0.0746608 0)
(0.191639 -0.0585693 0)
(0.194127 -0.0420089 0)
(0.1416 0.0196528 0)
(0.191184 0.104676 0)
(0.176348 0.137856 0)
(-0.0194893 0.135634 0)
(-0.0247474 0.116162 0)
(-0.033663 0.137227 0)
(0.00525671 0.178544 0)
(-0.0236958 0.157313 0)
(-0.0234641 0.152031 0)
(-0.0689795 0.21463 0)
(-0.049698 0.173655 0)
(-0.0598929 0.30731 0)
(-0.061604 0.24355 0)
(-0.0195724 0.249577 0)
(0.00511486 0.294886 0)
(0.0796497 0.211047 0)
(0.0221501 0.267861 0)
(0.0258704 0.167599 0)
(0.10085 0.185848 0)
(0.149205 0.120532 0)
(0.152302 0.0202702 0)
(0.198807 -0.0176076 0)
(0.246917 -0.0510479 0)
(0.237412 0.00386853 0)
(0.243631 0.0791201 0)
(0.190103 0.109069 0)
(-0.0319114 0.197926 0)
(-0.00318727 0.0954616 0)
(-0.0146578 0.145427 0)
(-0.0195458 0.148276 0)
(-0.046222 0.163999 0)
(-0.0214768 0.165633 0)
(-0.0776733 0.242529 0)
(0.00107285 0.306431 0)
(0.0203727 0.20739 0)
(-0.0927341 0.246402 0)
(0.0201986 0.322622 0)
(0.0130831 0.269378 0)
(0.018527 0.258489 0)
(0.0930676 0.188713 0)
(0.0969488 0.181515 0)
(0.155964 0.154603 0)
(0.147508 0.119211 0)
(0.134788 0.0424072 0)
(0.174423 0.0167948 0)
(0.207103 -0.0434767 0)
(0.18715 0.00467356 0)
(0.222966 0.00281805 0)
(0.20403 0.175034 0)
(-0.0336216 0.159885 0)
(-0.0124251 0.0848365 0)
(-0.0361518 0.146762 0)
(-0.00350739 0.106924 0)
(-0.0469642 0.15461 0)
(-0.00111786 0.20595 0)
(0.0656153 0.224728 0)
(0.0346773 0.275489 0)
(-0.0127286 0.185189 0)
(0.0735662 0.208146 0)
(-0.0569476 0.355355 0)
(-0.0060815 0.353299 0)
(0.12245 0.355366 0)
(0.0922643 0.239909 0)
(0.102022 0.168339 0)
(0.104001 0.131496 0)
(0.138489 0.0469758 0)
(0.150396 0.0168503 0)
(0.168621 -0.069907 0)
(0.199886 -0.0261289 0)
(0.157877 -0.0141276 0)
(0.248628 0.0389281 0)
(0.274114 0.143742 0)
(0.0192618 0.260767 0)
(0.0809913 0.110872 0)
(-0.0524033 0.156774 0)
(-0.00789753 0.144403 0)
(0.00677099 0.156941 0)
(0.0217248 0.236147 0)
(-0.0136905 0.186836 0)
(0.058019 0.208498 0)
(0.08947 0.150847 0)
(0.0650602 0.109849 0)
(0.121965 0.189465 0)
(0.0814952 0.32414 0)
(0.0212189 0.319358 0)
(0.085769 0.199133 0)
(0.0993341 0.101679 0)
(0.121574 0.0997548 0)
(0.152081 0.0544312 0)
(0.124743 -0.00461551 0)
(0.193035 -0.0398607 0)
(0.199057 -0.0517532 0)
(0.113686 -0.0240914 0)
(0.169633 0.101476 0)
(0.265719 0.0692567 0)
(-0.0779728 0.282304 0)
(-0.0541066 0.111058 0)
(-0.0317991 0.131194 0)
(0.000485879 0.185206 0)
(-0.0185646 0.15743 0)
(-0.00762529 0.238094 0)
(0.0114049 0.229055 0)
(0.11105 0.342379 0)
(0.103425 0.272151 0)
(0.10611 0.162767 0)
(0.0790647 0.198837 0)
(0.173418 0.277539 0)
(0.159554 0.252773 0)
(0.111919 0.159755 0)
(0.139404 0.0792929 0)
(0.141255 0.063678 0)
(0.152803 0.0471368 0)
(0.160953 -0.00740416 0)
(0.166415 0.00610333 0)
(0.16394 -0.0752905 0)
(0.156211 -0.0180194 0)
(0.173832 0.0879483 0)
(0.213542 0.0643544 0)
(-0.00999472 0.180103 0)
(0.0533633 0.110069 0)
(0.0246603 0.0905931 0)
(0.0189404 0.121001 0)
(-0.0121608 0.124312 0)
(0.0209807 0.208801 0)
(0.0462655 0.23817 0)
(0.129149 0.278581 0)
(0.0800643 0.275721 0)
(0.0467308 0.162392 0)
(0.158509 0.22613 0)
(0.141021 0.330495 0)
(0.078937 0.15815 0)
(0.126959 0.195304 0)
(0.146868 0.0965953 0)
(0.210837 0.0113731 0)
(0.200001 0.070752 0)
(0.190675 -0.0145948 0)
(0.154398 -0.0524793 0)
(0.12496 -0.0451253 0)
(0.144754 -0.0256888 0)
(0.130135 0.061093 0)
(0.257891 0.0321921 0)
(0.0420222 0.231476 0)
(0.0650109 0.165069 0)
(0.0462884 0.150473 0)
(0.0326603 0.106149 0)
(0.0209624 0.175851 0)
(0.0467319 0.164734 0)
(0.0470571 0.192732 0)
(0.116463 0.156833 0)
(0.117935 0.185779 0)
(0.12256 0.120419 0)
(0.132313 0.195488 0)
(0.0910963 0.215647 0)
(0.169364 0.147922 0)
(0.208455 0.201695 0)
(0.114059 0.124094 0)
(0.226786 0.0336899 0)
(0.237745 0.0109404 0)
(0.154572 0.0174798 0)
(0.171632 -0.0655337 0)
(0.150129 -0.087725 0)
(0.129612 -0.0294735 0)
(0.133633 0.0121974 0)
(0.190488 0.12941 0)
(0.00932033 0.288711 0)
(0.011247 0.20382 0)
(0.00525939 0.190285 0)
(0.0475099 0.16025 0)
(0.0608143 0.171658 0)
(0.0297413 0.1746 0)
(0.0274933 0.193259 0)
(0.0636047 0.192336 0)
(0.0601356 0.136994 0)
(0.0715535 0.157766 0)
(0.0890763 0.16923 0)
(0.0887915 0.209952 0)
(0.23778 0.189474 0)
(0.234669 0.122257 0)
(0.0983697 0.0731421 0)
(0.191788 0.0879741 0)
(0.304498 -0.026984 0)
(0.216361 0.00747538 0)
(0.0931932 -0.0449531 0)
(0.172298 -0.0492022 0)
(0.242918 -0.0306417 0)
(0.224593 -0.0118621 0)
(0.284018 0.060478 0)
(0.00791055 0.231775 0)
(0.0146489 0.179628 0)
(0.0200371 0.170092 0)
(0.0092884 0.183796 0)
(0.0469086 0.156679 0)
(0.0678143 0.158607 0)
(0.0598689 0.169276 0)
(0.0494755 0.187873 0)
(0.0882939 0.16549 0)
(0.120702 0.208781 0)
(0.115172 0.192535 0)
(0.119716 0.236572 0)
(0.171381 0.209413 0)
(0.174394 0.138299 0)
(0.163582 0.0723655 0)
(0.220356 0.127714 0)
(0.240502 0.00384699 0)
(0.212366 0.00556757 0)
(0.164817 -0.0383733 0)
(0.187783 -0.0370427 0)
(0.20982 -0.0486284 0)
(0.250898 -0.0391846 0)
(0.281134 0.0241921 0)
(0.00479362 0.228406 0)
(0.0144953 0.173448 0)
(0.0214419 0.175034 0)
(0.0302223 0.172348 0)
(0.0430994 0.211204 0)
(0.0478482 0.167746 0)
(0.0560122 0.183096 0)
(0.0641702 0.170934 0)
(0.0782282 0.19384 0)
(0.0820902 0.165589 0)
(0.106494 0.16419 0)
(0.109289 0.156411 0)
(0.156722 0.130466 0)
(0.152531 0.1334 0)
(0.191532 0.0756697 0)
(0.219227 0.142161 0)
(0.253653 -0.0222849 0)
(0.220685 0.0361646 0)
(0.108156 -0.0290432 0)
(0.198441 -0.0109664 0)
(0.291367 -0.112141 0)
(0.312117 -0.073954 0)
(0.334896 -0.0186284 0)
(-0.00154014 0.202908 0)
(0.0183838 0.155031 0)
(0.0261209 0.150939 0)
(0.0499742 0.145431 0)
(0.0490813 0.153274 0)
(0.0459517 0.142796 0)
(0.0628972 0.151249 0)
(0.0665855 0.146996 0)
(0.083817 0.15566 0)
(0.0857329 0.152855 0)
(0.108819 0.159245 0)
(0.0888856 0.151228 0)
(0.148109 0.158738 0)
(0.153803 0.128813 0)
(0.216661 0.124879 0)
(0.219813 0.106099 0)
(0.248136 -0.00673785 0)
(0.272295 -0.033197 0)
(0.170744 -0.0423334 0)
(0.18065 -0.0212553 0)
(0.236936 -0.125384 0)
(0.374997 -0.0989468 0)
(0.335948 -0.0424316 0)
(0.0034446 0.19285 0)
(0.0174928 0.1534 0)
(0.0222904 0.140885 0)
(0.0360837 0.140393 0)
(0.0417899 0.126885 0)
(0.0524915 0.132482 0)
(0.0599547 0.137337 0)
(0.0678681 0.131679 0)
(0.0798755 0.139471 0)
(0.0856252 0.129795 0)
(0.105168 0.146385 0)
(0.120059 0.126524 0)
(0.13511 0.173244 0)
(0.14559 0.108248 0)
(0.193411 0.151357 0)
(0.164137 0.0173453 0)
(0.255644 0.103439 0)
(0.250961 -0.0717419 0)
(0.135438 0.0108695 0)
(0.177253 -0.06115 0)
(0.243717 0.00660243 0)
(0.387402 -0.127468 0)
(0.368562 -0.0305593 0)
(0.00322897 0.164128 0)
(0.0197329 0.123267 0)
(0.0253192 0.115944 0)
(0.0396497 0.114317 0)
(0.0453593 0.117778 0)
(0.0550698 0.113843 0)
(0.0644851 0.120949 0)
(0.0737349 0.114802 0)
(0.0845205 0.121317 0)
(0.0915861 0.113725 0)
(0.10506 0.124926 0)
(0.127021 0.10394 0)
(0.128075 0.123147 0)
(0.162655 0.075237 0)
(0.165208 0.108365 0)
(0.246952 0.0494786 0)
(0.261472 0.0840998 0)
(0.199681 -0.0645271 0)
(0.183814 -0.0644413 0)
(0.26101 -0.0549924 0)
(0.235889 -0.00617722 0)
(0.290754 -0.0382441 0)
(0.448814 -0.0294024 0)
(0.00409142 0.146146 0)
(0.0179314 0.107872 0)
(0.0227846 0.100229 0)
(0.0347174 0.099377 0)
(0.0402084 0.0965954 0)
(0.0519048 0.0939019 0)
(0.0577641 0.0978267 0)
(0.068671 0.0937335 0)
(0.0751275 0.0995096 0)
(0.0855413 0.0957453 0)
(0.0910662 0.104089 0)
(0.117065 0.0891238 0)
(0.0948079 0.100037 0)
(0.140185 0.0708469 0)
(0.207431 0.072197 0)
(0.233152 0.108464 0)
(0.211728 -0.0378204 0)
(0.149114 -0.115169 0)
(0.192257 -0.0741865 0)
(0.306576 -0.0161439 0)
(0.291838 -0.081756 0)
(0.353309 -0.101562 0)
(0.39589 -0.0770827 0)
(0.0036092 0.121486 0)
(0.0190614 0.0875151 0)
(0.0222686 0.083546 0)
(0.0353123 0.0816173 0)
(0.0394653 0.0834103 0)
(0.0515449 0.0815143 0)
(0.056362 0.0868964 0)
(0.0675208 0.083878 0)
(0.0726973 0.0865263 0)
(0.0837825 0.088685 0)
(0.0888754 0.0931397 0)
(0.117579 0.0960066 0)
(0.0984287 0.0962105 0)
(0.142212 0.116565 0)
(0.264876 0.0678199 0)
(0.248444 0.0444454 0)
(0.161067 -0.0631375 0)
(0.213173 -0.00142286 0)
(0.35088 0.0235356 0)
(0.280824 -0.110296 0)
(0.204088 -0.0286153 0)
(0.278973 -0.107151 0)
(0.465557 -0.128889 0)
(0.00328466 0.100281 0)
(0.015875 0.0700735 0)
(0.0190234 0.0669582 0)
(0.030662 0.0647033 0)
(0.0343152 0.0631559 0)
(0.0461186 0.0603186 0)
(0.0511057 0.0642532 0)
(0.0631036 0.0618718 0)
(0.0687601 0.0639014 0)
(0.0783539 0.0670898 0)
(0.0905246 0.0681171 0)
(0.117941 0.0751177 0)
(0.120362 0.0579342 0)
(0.151421 0.099515 0)
(0.174474 0.0834901 0)
(0.145178 -0.0120145 0)
(0.231197 0.0150219 0)
(0.286337 -0.0284558 0)
(0.179555 -0.0546923 0)
(0.295164 -0.157482 0)
(0.316722 -0.0857133 0)
(0.234962 -0.0160036 0)
(0.30497 -0.10593 0)
(0.0027141 0.0844162 0)
(0.0156877 0.0576 0)
(0.0170094 0.055321 0)
(0.0295766 0.0528099 0)
(0.0315471 0.0533657 0)
(0.0431104 0.0501282 0)
(0.0463439 0.0532008 0)
(0.0576663 0.051319 0)
(0.0633948 0.0542111 0)
(0.0690856 0.0503981 0)
(0.0869219 0.0509315 0)
(0.089669 0.0451026 0)
(0.116476 0.0290611 0)
(0.193273 0.0603306 0)
(0.183058 0.0675453 0)
(0.233633 -0.0132668 0)
(0.191648 -0.00652881 0)
(0.203666 -0.124172 0)
(0.170218 -0.0757628 0)
(0.288005 -0.124159 0)
(0.352503 -0.197629 0)
(0.209081 -0.0986767 0)
(0.284317 -0.123317 0)
(0.00213911 0.062429 0)
(0.0136003 0.0401369 0)
(0.0138857 0.0378333 0)
(0.0251767 0.0347151 0)
(0.0256449 0.0346267 0)
(0.0371169 0.0297486 0)
(0.0390473 0.0334697 0)
(0.0515268 0.0273479 0)
(0.056622 0.038942 0)
(0.0649399 0.0236142 0)
(0.0752523 0.0438558 0)
(0.0887532 0.00519744 0)
(0.115666 0.0635664 0)
(0.215242 0.0686144 0)
(0.140943 0.00263896 0)
(0.15262 -0.01908 0)
(0.159201 -0.117503 0)
(0.228524 -0.0543174 0)
(0.21502 -0.113745 0)
(0.23007 0.0228354 0)
(0.309847 -0.196216 0)
(0.258107 -0.0853336 0)
(0.341702 -0.158333 0)
(0.000321731 0.0552227 0)
(0.013677 0.0363461 0)
(0.012327 0.0333953 0)
(0.0256427 0.0307416 0)
(0.0234568 0.0305228 0)
(0.0375633 0.0249029 0)
(0.0339431 0.024841 0)
(0.0512499 0.0188778 0)
(0.0448932 0.025654 0)
(0.0679748 0.0171403 0)
(0.0588812 0.0281656 0)
(0.0948478 -0.00416284 0)
(0.184609 0.0611026 0)
(0.16639 0.0373569 0)
(0.139767 -0.0269573 0)
(0.150298 -0.0670315 0)
(0.183829 -0.0529262 0)
(0.245858 -0.0310484 0)
(0.289664 -0.106302 0)
(0.217328 -0.0654726 0)
(0.231451 -0.199876 0)
(0.233832 -0.138048 0)
(0.303158 -0.24279 0)
(0.000400452 0.0293248 0)
(0.0124371 0.0131271 0)
(0.00990507 0.0110013 0)
(0.0218892 0.00934151 0)
(0.0185686 0.00833218 0)
(0.0326358 0.00513691 0)
(0.026756 0.00552816 0)
(0.0438608 0.000868596 0)
(0.0370629 0.00571651 0)
(0.0578241 -0.00883819 0)
(0.0435025 0.020585 0)
(0.0843823 0.0199857 0)
(0.148192 0.0999779 0)
(0.135144 -0.0480142 0)
(0.101323 0.00594006 0)
(0.144202 -0.0383053 0)
(0.18981 -0.0200505 0)
(0.207228 -0.0774859 0)
(0.195981 -0.129059 0)
(0.0803357 -0.252216 0)
(0.26667 -0.206752 0)
(0.221168 -0.234908 0)
(0.251439 -0.278311 0)
(-0.000232589 0.0343529 0)
(0.0108673 0.0197276 0)
(0.00842349 0.0168538 0)
(0.020945 0.0160299 0)
(0.016292 0.0130525 0)
(0.032561 0.0104075 0)
(0.0223371 0.00704847 0)
(0.0470102 -6.35124e-05 0)
(0.0230777 0.0021084 0)
(0.0686964 0.00674666 0)
(0.0822908 0.00437839 0)
(0.14505 0.0067962 0)
(0.111253 0.0192542 0)
(0.130744 -0.0545499 0)
(0.158008 -0.0256327 0)
(0.110057 -0.0231227 0)
(0.135213 -0.061544 0)
(0.141889 -0.0630233 0)
(0.137257 -0.143345 0)
(0.155553 -0.210278 0)
(0.313919 -0.138425 0)
(0.178267 -0.26109 0)
(0.228141 -0.200262 0)
(2.47013e-05 0.00361475 0)
(0.00919397 -0.00535986 0)
(0.00559982 -0.00830671 0)
(0.0158655 -0.00678778 0)
(0.00945808 -0.012574 0)
(0.0236789 -0.00836516 0)
(0.009555 -0.0192947 0)
(0.0344905 -0.00729868 0)
(0.035858 -0.0269944 0)
(0.0590755 0.0070719 0)
(0.045132 -0.0380705 0)
(0.106976 -0.0238696 0)
(0.0569242 -0.0722511 0)
(0.095369 -0.0411979 0)
(0.120325 -0.0808317 0)
(0.0790893 -0.026643 0)
(0.102635 -0.0432965 0)
(0.110125 -0.0784179 0)
(0.119636 -0.135659 0)
(0.123127 -0.152819 0)
(0.287028 -0.236154 0)
(0.191709 -0.30815 0)
(0.162966 -0.229911 0)
(0.000608583 0.0167812 0)
(0.00747039 0.00902428 0)
(0.0053746 0.00476561 0)
(0.0130997 0.00754155 0)
(0.0105062 -0.000692577 0)
(0.0205434 0.00650013 0)
(0.0172998 -0.00869739 0)
(0.0314898 0.0105346 0)
(0.0288866 -0.0173394 0)
(0.0484006 -0.0049678 0)
(0.0498013 -0.0355203 0)
(0.071535 -0.0207261 0)
(0.0550909 -0.0742946 0)
(0.0917257 -0.0261085 0)
(0.127399 -0.0854031 0)
(0.0892403 -0.0429569 0)
(0.0514718 -0.0863506 0)
(0.110659 -0.091457 0)
(0.123553 -0.157851 0)
(0.0393814 -0.179946 0)
(0.170981 -0.213703 0)
(0.145575 -0.328611 0)
(0.0401267 -0.322538 0)
(0.000603725 -0.00715617 0)
(0.00515559 -0.0118448 0)
(0.00300198 -0.017067 0)
(0.00778784 -0.015506 0)
(0.00530701 -0.0249578 0)
(0.0115985 -0.0217318 0)
(0.0088478 -0.0375833 0)
(0.0170769 -0.0318976 0)
(0.0171683 -0.0539283 0)
(0.0258814 -0.0400876 0)
(0.0230102 -0.0722907 0)
(0.0371079 -0.0463932 0)
(0.0256357 -0.0885535 0)
(0.0459212 0.0193638 0)
(0.0767874 -0.072024 0)
(0.0408821 -0.0463757 0)
(0.0326256 -0.0449372 0)
(0.0963322 -0.0423162 0)
(0.0466141 -0.150938 0)
(0.0487962 -0.218304 0)
(0.154879 -0.192898 0)
(0.0935522 -0.29533 0)
(0.0560953 -0.348449 0)
(5.6243e-05 0.00170526 0)
(-0.000178541 -0.00105475 0)
(0.000262931 -0.00504973 0)
(0.00149621 -0.00351915 0)
(0.00107527 -0.0116928 0)
(0.0021101 -0.00795179 0)
(0.00219237 -0.0214789 0)
(0.00544676 -0.0150896 0)
(0.0136823 -0.0341109 0)
(0.016011 -0.027924 0)
(0.0303216 -0.051922 0)
(0.0359676 -0.0445088 0)
(0.0689695 -0.0711904 0)
(0.0677023 -0.0503398 0)
(0.0606569 -0.075725 0)
(0.0901759 -0.0708035 0)
(0.0256845 -0.09272 0)
(0.037679 -0.106501 0)
(0.0118558 -0.199199 0)
(-0.0219618 -0.207252 0)
(0.12382 -0.260252 0)
(0.0380346 -0.377828 0)
(0.0526222 -0.32855 0)
(0.130326 0.183009 0)
(0.102198 0.162398 0)
(0.0475403 0.183175 0)
(-0.0807978 0.0848475 0)
(0.117674 0.119023 0)
(0.0860383 0.139704 0)
(0.106411 0.147031 0)
(0.0694799 0.134989 0)
(0.269811 0.0596193 0)
(0.237779 0.068913 0)
(0.166702 0.106814 0)
(0.208577 0.0958813 0)
(0.184602 0.0377657 0)
(0.207578 0.0108271 0)
(0.213868 0.026284 0)
(0.233706 0.0432394 0)
(0.175217 -0.0543232 0)
(0.186499 -0.0407682 0)
(0.224465 -0.0191325 0)
(0.206877 -0.000858672 0)
(0.2013 -0.0745237 0)
(0.198304 -0.055211 0)
(0.213863 -0.028052 0)
(0.172629 -0.0370974 0)
(0.0136016 -0.073355 0)
(0.0541982 -0.0740907 0)
(0.129758 0.0102937 0)
(0.108753 -0.0255078 0)
(-0.157175 -0.268639 0)
(-0.125589 -0.227281 0)
(-0.0342299 -0.142193 0)
(-0.0278671 -0.169391 0)
(-0.27925 -0.269552 0)
(-0.498303 -0.241987 0)
(-0.639971 -0.219245 0)
(-0.461432 -0.103465 0)
(-0.761697 -0.138707 0)
(-0.872374 -0.175954 0)
(-0.933304 -0.131612 0)
(-0.913127 -0.0831344 0)
(-0.729265 -0.0704007 0)
(-0.751397 -0.0749248 0)
(-0.744276 -0.0696444 0)
(-0.706764 -0.0431217 0)
(-1.71847 -0.158782 0)
(-1.63774 -0.1461 0)
(-1.59981 -0.136673 0)
(-1.52541 -0.131681 0)
(-0.390835 -0.219216 0)
(-0.438618 -0.1623 0)
(-0.250976 -0.0610346 0)
(-0.182009 -0.109369 0)
(-0.258214 -0.346839 0)
(-0.387143 -0.197015 0)
(-0.386706 -0.102973 0)
(-0.452313 -0.0284817 0)
(-0.368101 -0.0308522 0)
(-0.510629 0.0440821 0)
(-0.423591 0.148024 0)
(-0.502205 0.187133 0)
(-0.0126352 0.100023 0)
(-0.0805323 0.185303 0)
(-0.0322731 0.305385 0)
(-0.0573709 0.330099 0)
(0.080777 0.180378 0)
(0.104853 0.252571 0)
(0.10012 0.29995 0)
(0.0972824 0.336068 0)
(0.193524 0.140008 0)
(0.188232 0.164386 0)
(0.151196 0.220377 0)
(0.207323 0.241338 0)
(0.168642 0.20716 0)
(0.230751 0.211712 0)
(0.22841 0.220827 0)
(0.220001 0.237163 0)
(0.209041 0.204322 0)
(0.178827 0.234287 0)
(0.160378 0.305917 0)
(0.292579 0.363193 0)
(0.261106 0.125401 0)
(0.322289 0.181827 0)
(0.431503 0.217442 0)
(0.348209 0.271764 0)
(0.26177 0.123273 0)
(0.232762 0.164827 0)
(0.270732 0.177435 0)
(0.461391 0.214144 0)
(0.340702 0.0952935 0)
(0.352899 0.127826 0)
(0.433514 0.180956 0)
(0.439604 0.213803 0)
(0.313916 0.112257 0)
(0.327389 0.145389 0)
(0.330469 0.148013 0)
(0.353176 0.147128 0)
(0.327777 0.100322 0)
(0.343091 0.0923863 0)
(0.349591 0.104346 0)
(0.396573 0.127727 0)
(0.297707 0.0495653 0)
(0.283156 0.0777725 0)
(0.290295 0.112272 0)
(0.353892 0.14285 0)
(0.387078 0.0209632 0)
(0.415112 0.0643653 0)
(0.423185 0.107704 0)
(0.377507 0.149978 0)
(0.360938 -0.0034519 0)
(0.348038 0.0321675 0)
(0.354186 0.0511519 0)
(0.406766 0.0873642 0)
(0.395948 0.016015 0)
(0.382078 0.0613171 0)
(0.420527 0.104274 0)
(0.389719 0.207055 0)
(0.447553 -0.031712 0)
(0.466893 -0.0305979 0)
(0.571043 -0.0270323 0)
(0.517443 -0.0206077 0)
(0.383586 -0.0666284 0)
(0.395151 -0.0701559 0)
(0.403994 -0.0512757 0)
(0.389528 -0.151225 0)
(0.433905 -0.120159 0)
(0.477597 -0.131034 0)
(0.426406 -0.160044 0)
(0.295888 -0.118436 0)
(0.305597 -0.132392 0)
(0.306156 -0.169328 0)
(0.384493 -0.185597 0)
(0.560825 -0.121562 0)
(0.274894 -0.0977629 0)
(0.328879 -0.0786093 0)
(0.470038 -0.00479781 0)
(0.432121 0.0380499 0)
(0.443034 -0.111242 0)
(0.458496 -0.10086 0)
(0.55184 -0.143809 0)
(0.513386 -0.178682 0)
(0.343523 -0.257403 0)
(0.28466 -0.263574 0)
(0.320466 -0.292246 0)
(0.297601 -0.382372 0)
(0.370122 -0.285476 0)
(0.321906 -0.279679 0)
(0.203493 -0.249922 0)
(0.293039 -0.291789 0)
(0.299094 -0.229618 0)
(0.347249 -0.277607 0)
(0.311748 -0.272336 0)
(0.28843 -0.263623 0)
(0.194177 -0.317225 0)
(0.284495 -0.3286 0)
(0.276672 -0.423663 0)
(0.207589 -0.402733 0)
(0.185195 -0.355313 0)
(0.252403 -0.384265 0)
(0.25788 -0.46605 0)
(0.276838 -0.467409 0)
(0.179366 -0.32443 0)
(0.109783 -0.446362 0)
(0.0736192 -0.490103 0)
(0.121798 -0.546123 0)
(0.0770853 -0.41482 0)
(0.000422489 -0.478105 0)
(-0.0197505 -0.497131 0)
(0.0630236 -0.51653 0)
(0.0948504 0.179086 0)
(0.538006 0.171522 0)
(0.689264 -0.136105 0)
(0.645604 -0.194167 0)
(0.430842 -0.197576 0)
(0.360793 -0.29222 0)
(0.373238 -0.371989 0)
(0.487938 -0.301964 0)
(0.856418 0.282558 0)
(1.4605 0.945005 0)
(1.33941 1.05573 0)
(0.865033 0.807613 0)
(0.400051 0.284426 0)
(0.170974 -0.312949 0)
(0.235553 -0.199219 0)
(0.23509 0.0918632 0)
(0.392424 -0.112227 0)
(-0.248916 -0.337137 0)
(0.3048 -1.28757 0)
(0.231177 0.292975 0)
(0.582868 0.0139088 0)
(0.573373 -0.130856 0)
(0.32661 0.0312423 0)
(0.297746 -0.163492 0)
(0.30941 -0.335294 0)
(0.270508 -0.398135 0)
(0.102546 -0.182659 0)
(0.738905 0.498046 0)
(1.16378 1.07154 0)
(1.06587 1.04583 0)
(0.794789 0.87559 0)
(0.384035 0.538232 0)
(0.218559 -0.233758 0)
(-0.0772387 0.0610441 0)
(-0.00225099 0.218768 0)
(-0.0185114 0.199631 0)
(0.00275948 -0.272283 0)
(0.319775 -1.19742 0)
(0.26505 0.182231 0)
(0.369238 0.0978543 0)
(0.611662 -0.176886 0)
(0.554853 -0.136022 0)
(0.404153 -0.189905 0)
(0.385641 -0.265124 0)
(0.347565 -0.240993 0)
(-0.113286 -0.308126 0)
(0.243482 -0.0921854 0)
(0.692042 0.757971 0)
(0.588047 0.726635 0)
(0.52685 0.932931 0)
(0.495489 0.667015 0)
(0.215178 -0.240962 0)
(0.14807 -0.0131882 0)
(-0.0894069 0.273928 0)
(0.210812 -0.229384 0)
(0.458268 -0.639565 0)
(0.369902 -1.33076 0)
(0.298942 -0.0141264 0)
(0.338844 0.0656462 0)
(0.426044 -0.0344113 0)
(0.503413 -0.198283 0)
(0.342846 -0.229753 0)
(0.373892 -0.213584 0)
(0.413823 -0.187317 0)
(-0.161022 -0.212224 0)
(-0.203653 -0.308433 0)
(0.0487865 0.305138 0)
(0.554629 0.870826 0)
(0.481424 1.1697 0)
(0.507827 0.891439 0)
(0.0694595 0.418841 0)
(-0.0155355 0.167802 0)
(-0.228128 -0.0091578 0)
(0.262172 -0.769736 0)
(0.173993 -1.21001 0)
(0.20967 -1.45095 0)
(0.342317 -0.0226506 0)
(0.402567 -0.0233186 0)
(0.390904 0.00150495 0)
(0.388485 -0.0811335 0)
(0.301587 -0.0816237 0)
(0.336602 -0.0676494 0)
(0.419063 -0.0815427 0)
(0.327131 0.0104651 0)
(-0.0458689 -0.0357744 0)
(-0.123635 -0.0342666 0)
(0.167814 0.365823 0)
(0.427805 1.70633 0)
(0.378921 1.03688 0)
(0.574728 0.655609 0)
(0.140333 0.215694 0)
(0.205749 0.0488132 0)
(-0.00259015 -0.671234 0)
(0.0523922 -0.73441 0)
(0.166733 -0.669934 0)
(0.324174 0.029504 0)
(0.352979 -0.205404 0)
(0.485691 -0.113994 0)
(0.420555 -0.189107 0)
(0.28471 -0.108448 0)
(0.273795 -0.0196577 0)
(0.230627 -0.0704663 0)
(0.200856 -0.0374194 0)
(0.218974 0.0914454 0)
(0.0309738 0.134174 0)
(-0.123699 0.325182 0)
(-0.0279786 0.587263 0)
(0.269902 0.699083 0)
(0.504867 0.555024 0)
(0.4747 0.288646 0)
(0.162719 0.0351163 0)
(0.551422 -0.37348 0)
(0.310568 -0.55787 0)
(0.259568 -0.43071 0)
(0.240002 0.0227824 0)
(0.345022 -0.10847 0)
(0.43898 -0.0923115 0)
(0.254655 -0.147951 0)
(0.156319 0.00842062 0)
(0.0614353 0.012212 0)
(0.114015 -0.030956 0)
(0.118691 0.0110954 0)
(0.14905 0.109386 0)
(0.230418 0.275562 0)
(0.104475 0.446887 0)
(-0.134615 0.63777 0)
(0.0365302 0.567983 0)
(0.193192 0.473979 0)
(0.424315 0.462351 0)
(0.629096 0.0252448 0)
(0.713025 -0.313122 0)
(0.390113 -0.627701 0)
(0.391072 -0.441467 0)
(0.0552478 -0.249462 0)
(0.196199 -0.140705 0)
(-0.214226 -0.261779 0)
(-0.211204 0.0906522 0)
(-0.0895914 0.11142 0)
(-0.149502 0.00882949 0)
(0.0114895 0.0180486 0)
(-0.113144 -0.0487362 0)
(0.135212 0.0488591 0)
(0.21569 0.229907 0)
(0.18713 0.336608 0)
(0.157438 0.649694 0)
(0.174579 0.781215 0)
(0.216987 0.371618 0)
(0.392181 0.378784 0)
(0.66705 -0.0979958 0)
(0.460107 -0.28671 0)
(0.064883 -0.319984 0)
(0.217433 -0.367599 0)
(-0.399871 -0.0739939 0)
(-0.568534 0.121023 0)
(-0.650732 -0.0405578 0)
(-0.847141 -0.222826 0)
(-0.783285 -0.0166115 0)
(-0.378616 -0.070308 0)
(-0.231478 -0.0682121 0)
(-0.257541 -0.0498324 0)
(-0.154639 -0.0313 0)
(-0.000922747 0.0272321 0)
(0.0480842 0.274731 0)
(0.151918 0.353644 0)
(0.246321 0.547744 0)
(0.286827 0.399781 0)
(0.565371 0.251595 0)
(0.603466 -0.000452769 0)
(0.426202 -0.212555 0)
(0.147968 -0.124544 0)
(0.239728 -0.156522 0)
(-0.864982 -0.0853509 0)
(-1.16363 0.000832978 0)
(-1.27956 0.0294365 0)
(-0.967169 -0.188231 0)
(-0.877385 -0.12425 0)
(-0.872907 -0.108611 0)
(-0.815128 -0.148358 0)
(-0.823198 -0.205057 0)
(-0.67696 -0.260426 0)
(-0.455225 0.0633426 0)
(-0.341261 0.174605 0)
(-0.0276756 0.359018 0)
(0.172448 0.333498 0)
(0.215821 0.410797 0)
(0.441955 0.249293 0)
(0.432559 -0.0424853 0)
(0.282158 -0.125295 0)
(0.117259 -0.0432209 0)
(0.154198 -0.0214133 0)
(-0.681581 -0.0663643 0)
(-0.695197 -0.162907 0)
(-0.989636 -0.0904143 0)
(-1.03683 -0.0647559 0)
(-1.041 -0.11896 0)
(-1.14617 -0.00407914 0)
(-1.26436 -0.0969895 0)
(-1.26323 -0.226574 0)
(-0.887288 -0.286465 0)
(-0.750921 -0.258625 0)
(-0.675478 0.0180745 0)
(-0.421159 0.229731 0)
(-0.259071 0.213802 0)
(0.0426288 0.125429 0)
(0.281174 0.132573 0)
(0.274204 0.057354 0)
(0.184729 -0.0386259 0)
(0.0671939 -0.0279349 0)
(0.15119 0.045103 0)
(-1.47171 -0.129022 0)
(-1.40861 -0.141396 0)
(-1.33745 -0.171114 0)
(-1.23832 -0.0793506 0)
(-1.15789 -0.021252 0)
(-1.10982 -0.0303905 0)
(-1.09933 -0.159404 0)
(-1.07831 -0.187047 0)
(-0.989683 -0.142821 0)
(-0.883964 -0.262961 0)
(-0.868815 -0.26033 0)
(-0.877433 -0.331864 0)
(-0.809653 -0.0883993 0)
(-0.251269 0.0440874 0)
(0.00542822 0.131241 0)
(0.0471417 0.00213619 0)
(0.174137 -0.0501733 0)
(0.0935029 -0.0135547 0)
(0.118675 0.0880289 0)
(-0.154633 -0.167001 0)
(-0.53479 -0.233781 0)
(-1.01707 -0.288359 0)
(-0.920151 -0.203404 0)
(-0.746119 -0.186084 0)
(-1.02266 -0.206332 0)
(-1.15273 -0.19393 0)
(-0.831078 -0.242565 0)
(-0.751391 -0.231837 0)
(-0.814526 -0.281528 0)
(-0.994819 -0.334276 0)
(-0.84718 -0.369574 0)
(-0.517842 -0.23861 0)
(-0.363579 -0.182503 0)
(-0.142511 -0.0651246 0)
(-0.105236 -0.0307967 0)
(0.122048 -0.0249841 0)
(0.0809051 -0.00085634 0)
(0.114105 0.137709 0)
(-0.513912 0.0757042 0)
(-0.629188 0.0262672 0)
(-0.854297 0.15822 0)
(-0.895658 0.26772 0)
(-0.700796 -0.17355 0)
(-0.688919 -0.347699 0)
(-1.11286 -0.0909955 0)
(-1.20319 0.113424 0)
(-0.631766 -0.162433 0)
(-0.544505 -0.340904 0)
(-0.744337 -0.443964 0)
(-0.865324 -0.135584 0)
(-0.732813 -0.340398 0)
(-0.486325 -0.313719 0)
(-0.330261 -0.263398 0)
(-0.172845 -0.240065 0)
(0.0224494 -0.129664 0)
(0.0247571 -0.0135914 0)
(0.111645 0.177367 0)
(-0.663491 0.141447 0)
(-0.708415 -0.00381106 0)
(-0.788377 -0.0730681 0)
(-0.743393 -0.153324 0)
(-0.714113 -0.221569 0)
(-0.806697 -0.353533 0)
(-0.919247 -0.489796 0)
(-1.04611 -0.350602 0)
(-0.912089 -0.285732 0)
(-0.840149 -0.513485 0)
(-0.859421 -0.581319 0)
(-0.911305 -0.507086 0)
(-0.743128 -0.394115 0)
(-0.50829 -0.365492 0)
(-0.440654 -0.522041 0)
(-0.271784 -0.396346 0)
(-0.16921 -0.391737 0)
(-0.0385002 -0.0552567 0)
(0.0810699 0.198706 0)
(-0.201694 0.245525 0)
(-0.249412 0.134188 0)
(-0.540669 0.152676 0)
(-0.656643 0.0700512 0)
(-0.546022 -0.0578572 0)
(-0.658792 -0.0329739 0)
(-0.778471 -0.145943 0)
(-0.829325 -0.0653296 0)
(-0.670064 -0.202195 0)
(-0.756671 -0.411304 0)
(-0.9318 -0.436226 0)
(-0.780653 -0.541381 0)
(-0.570007 -0.377708 0)
(-0.53869 -0.407124 0)
(-0.549251 -0.604844 0)
(-0.350147 -0.493322 0)
(-0.193707 -0.53541 0)
(0.0142683 -0.210959 0)
(0.046934 0.20053 0)
(0.0362586 0.436879 0)
(0.0656889 0.31483 0)
(-0.00734875 -0.0446569 0)
(-0.203958 -0.0635076 0)
(-0.364884 0.16777 0)
(-0.413797 -0.135971 0)
(-0.578006 -0.219491 0)
(-0.67108 -0.28629 0)
(-0.679036 -0.403953 0)
(-0.697788 -0.55323 0)
(-0.922477 -0.549974 0)
(-0.889792 -0.387517 0)
(-0.662516 -0.472144 0)
(-0.67268 -0.632756 0)
(-0.420229 -0.570401 0)
(-0.341908 -0.56871 0)
(-0.129579 -0.4816 0)
(0.078839 -0.260529 0)
(0.0454977 0.22568 0)
(0.199056 0.321453 0)
(0.339642 0.502995 0)
(0.198032 0.423913 0)
(0.22803 0.267997 0)
(0.114802 0.325737 0)
(0.0397753 0.213742 0)
(-0.131124 0.168678 0)
(-0.205376 0.0114697 0)
(-0.262148 -0.191017 0)
(-0.371384 -0.440781 0)
(-0.624636 -0.59521 0)
(-0.7068 -0.407986 0)
(-0.475523 -0.450245 0)
(-0.418602 -0.636581 0)
(-0.323781 -0.604882 0)
(-0.298766 -0.726756 0)
(-0.0262644 -0.559237 0)
(-0.0449592 -0.279379 0)
(0.031491 0.250427 0)
(0.30808 0.314621 0)
(0.423339 0.40123 0)
(0.226914 0.293487 0)
(0.257385 0.297643 0)
(0.418043 0.234852 0)
(0.315227 0.109422 0)
(0.139958 0.00786485 0)
(0.0555471 -0.103736 0)
(-0.00316493 -0.307496 0)
(-0.359069 -0.232869 0)
(-0.508946 -0.427356 0)
(-0.480433 -0.54494 0)
(-0.670661 -0.539025 0)
(-0.552693 -0.806888 0)
(-0.288047 -0.799645 0)
(-0.198077 -0.785869 0)
(-0.0411226 -0.724448 0)
(-0.101241 -0.292941 0)
(0.0122467 0.231161 0)
(0.471359 0.414622 0)
(0.361188 0.413071 0)
(0.175905 0.321786 0)
(0.325752 0.40478 0)
(0.452898 0.240813 0)
(0.365512 0.168765 0)
(0.301438 0.193217 0)
(0.192676 0.157876 0)
(0.222844 0.109409 0)
(-0.272205 -0.136062 0)
(-0.436995 -0.305158 0)
(-0.17746 -0.426632 0)
(-0.268285 -0.651098 0)
(-0.365036 -0.613273 0)
(-0.219855 -0.713691 0)
(-0.191651 -0.811963 0)
(-0.069327 -0.743219 0)
(-0.175009 -0.305943 0)
(-0.0204675 0.195676 0)
(0.380252 0.344133 0)
(0.369132 0.334411 0)
(0.27541 0.280361 0)
(0.231653 0.3163 0)
(0.297563 0.173374 0)
(0.437207 0.186894 0)
(0.409587 0.199868 0)
(0.299786 0.197655 0)
(0.197859 0.294761 0)
(0.199076 0.187583 0)
(-0.219217 -0.221174 0)
(-0.218931 -0.515706 0)
(-0.232834 -0.842573 0)
(-0.296821 -0.903442 0)
(-0.273209 -0.921833 0)
(-0.132997 -0.800523 0)
(-0.0752419 -0.731765 0)
(-0.184954 -0.395166 0)
(-0.0251293 0.139513 0)
(0.430541 0.299331 0)
(0.241864 0.224778 0)
(0.18547 0.195328 0)
(0.2623 0.165892 0)
(0.436885 0.100622 0)
(0.426191 0.156785 0)
(0.43291 0.138574 0)
(0.387422 0.162999 0)
(0.311297 0.272259 0)
(0.25515 0.19084 0)
(0.319932 0.158863 0)
(-0.304279 -0.520992 0)
(-0.441621 -0.733098 0)
(-0.262059 -0.91044 0)
(-0.221421 -0.960354 0)
(-0.10089 -0.844902 0)
(-0.0705805 -0.716209 0)
(-0.145046 -0.442482 0)
(-0.0268624 0.0927858 0)
(0.335694 0.181997 0)
(0.233265 0.254994 0)
(0.264133 0.210291 0)
(0.248184 0.249945 0)
(0.336479 0.149523 0)
(0.484503 0.165739 0)
(0.462889 0.188207 0)
(0.44897 0.107382 0)
(0.329145 0.114691 0)
(0.367368 0.212993 0)
(0.569552 0.2267 0)
(0.417015 -0.116055 0)
(-0.033948 -0.210285 0)
(-0.152079 -0.705037 0)
(-0.206961 -0.929622 0)
(-0.086984 -0.937584 0)
(-0.0824037 -0.732587 0)
(-0.10666 -0.490895 0)
(-0.00129178 0.0582475 0)
(0.359799 0.209526 0)
(0.224938 0.243439 0)
(0.245849 0.262174 0)
(0.297754 0.163754 0)
(0.335421 0.169447 0)
(0.441819 0.146466 0)
(0.403103 0.181002 0)
(0.327516 0.123827 0)
(0.459711 0.0792557 0)
(0.550555 0.311278 0)
(0.494493 0.221531 0)
(0.274885 -0.0961306 0)
(0.393837 -0.40153 0)
(0.0846031 -0.79482 0)
(-0.149908 -0.944908 0)
(-0.0955116 -0.966049 0)
(-0.0762707 -0.752331 0)
(-0.0670646 -0.479678 0)
(0.0128498 0.0378523 0)
(0.338813 0.19981 0)
(0.27777 0.183406 0)
(0.271827 0.271087 0)
(0.258407 0.191944 0)
(0.368547 0.181626 0)
(0.513223 0.105753 0)
(0.454541 0.0955918 0)
(0.296679 0.185474 0)
(0.410178 0.250833 0)
(0.610991 0.215602 0)
(0.412734 0.289439 0)
(0.359736 0.233565 0)
(-0.0366743 -0.489566 0)
(0.179474 -0.717363 0)
(0.0178269 -0.860279 0)
(-0.0388982 -0.9678 0)
(-0.0589197 -0.739378 0)
(-0.0429639 -0.506444 0)
(0.0128567 0.00985851 0)
(0.367407 0.107489 0)
(0.358782 0.215614 0)
(0.347617 0.156096 0)
(0.319007 0.156507 0)
(0.346056 0.155521 0)
(0.410311 0.131229 0)
(0.416759 0.0200502 0)
(0.406869 0.0467601 0)
(0.399228 0.173548 0)
(0.537717 0.158451 0)
(0.467253 0.1718 0)
(0.436027 0.194045 0)
(0.452864 0.0135045 0)
(0.236795 -0.310371 0)
(0.096947 -0.73434 0)
(-0.00637448 -0.912677 0)
(-0.0541504 -0.733138 0)
(0.00404958 -0.545004 0)
(-0.00693009 0.00730338 0)
(0.36884 0.176137 0)
(0.380611 0.177439 0)
(0.30621 0.125583 0)
(0.334705 0.0514842 0)
(0.405118 0.0903919 0)
(0.39044 0.185577 0)
(0.320276 0.150308 0)
(0.333709 0.201683 0)
(0.401238 0.180682 0)
(0.438425 0.290115 0)
(0.375191 0.183349 0)
(0.367556 0.183253 0)
(0.534104 -0.0149333 0)
(0.456743 -0.375283 0)
(0.423678 -0.692914 0)
(0.0736257 -1.12149 0)
(-0.0741848 -0.717596 0)
(0.018714 -0.557659 0)
(-0.0306656 0.00476763 0)
(0.395636 0.0904102 0)
(0.329321 0.138766 0)
(0.310092 0.0801676 0)
(0.37068 0.120495 0)
(0.572362 0.101657 0)
(0.470623 0.0613464 0)
(0.395175 0.09854 0)
(0.401346 0.157675 0)
(0.480379 0.260914 0)
(0.465205 0.244519 0)
(0.372017 0.307381 0)
(0.334072 0.351465 0)
(0.343243 0.232091 0)
(0.391029 -0.157973 0)
(0.247296 -0.738433 0)
(0.0875953 -1.19916 0)
(0.0155907 -0.694244 0)
(0.0384446 -0.537594 0)
(-0.0506778 -0.00315459 0)
(0.427979 -0.0187546 0)
(0.414388 0.0506535 0)
(0.319968 0.082949 0)
(0.369187 0.106432 0)
(0.430224 0.0584463 0)
(0.398433 -0.0254539 0)
(0.40084 0.00141919 0)
(0.442091 0.0571635 0)
(0.415278 0.232661 0)
(0.412444 0.133661 0)
(0.491192 0.299901 0)
(0.301916 0.233609 0)
(0.306936 0.102728 0)
(0.634585 -0.256992 0)
(0.260602 -0.833089 0)
(0.13116 -0.910042 0)
(0.0338025 -0.678004 0)
(0.0637192 -0.499578 0)
(-0.0579385 -0.00654132 0)
(0.294465 0.0130453 0)
(0.385794 -0.0393775 0)
(0.355701 0.0915837 0)
(0.37928 0.0486983 0)
(0.445247 0.0726841 0)
(0.421964 0.0451699 0)
(0.449948 0.0748716 0)
(0.500596 0.320777 0)
(0.308528 0.314836 0)
(0.425224 0.35322 0)
(0.475581 0.376999 0)
(0.524541 0.134968 0)
(0.409772 0.0556784 0)
(0.327432 -0.247008 0)
(-0.0162422 -0.991548 0)
(0.178744 -0.638344 0)
(0.0780188 -0.5768 0)
(0.0789057 -0.483324 0)
(-0.0547549 0.00286045 0)
(0.390484 0.0298592 0)
(0.504083 0.0178364 0)
(0.413172 0.0596217 0)
(0.344492 0.0776265 0)
(0.368761 0.107486 0)
(0.415338 0.0928 0)
(0.65707 0.257587 0)
(0.596404 0.201291 0)
(0.372881 0.272491 0)
(0.425569 0.392111 0)
(0.424693 0.37014 0)
(0.404919 0.344782 0)
(0.245159 0.00799341 0)
(0.272467 -0.298468 0)
(0.306371 -0.422009 0)
(0.332096 -0.533305 0)
(0.0341718 -0.663784 0)
(0.0444327 -0.446808 0)
(-0.0405087 0.0159789 0)
(0.318541 -0.00837865 0)
(0.335274 -0.0475965 0)
(0.352004 -0.0929965 0)
(0.388594 0.0071379 0)
(0.426762 0.0594985 0)
(0.49787 0.106079 0)
(0.556616 0.20859 0)
(0.473688 0.0147718 0)
(0.444784 0.127971 0)
(0.487732 0.311166 0)
(0.485899 0.395197 0)
(0.400275 0.338226 0)
(0.41029 0.178196 0)
(0.185926 0.0803943 0)
(0.269398 -0.280247 0)
(0.209279 -0.616001 0)
(0.0163743 -0.768574 0)
(0.109996 -0.458025 0)
(-0.0624455 0.0151894 0)
(0.380734 -0.0398012 0)
(0.342771 -0.0649734 0)
(0.411755 -0.0530213 0)
(0.490439 -0.115652 0)
(0.492106 -0.0551223 0)
(0.562634 0.0571453 0)
(0.460734 0.176566 0)
(0.496566 0.136527 0)
(0.554689 0.23579 0)
(0.504425 0.399994 0)
(0.420711 0.392971 0)
(0.366557 0.231778 0)
(0.475413 0.216505 0)
(0.610763 0.0225619 0)
(0.480105 -0.30938 0)
(0.17554 -0.495448 0)
(0.00352961 -0.403475 0)
(0.138496 -0.414428 0)
(-0.0542334 0.048934 0)
(0.351212 -0.145387 0)
(0.332918 -0.0704329 0)
(0.351329 -0.143264 0)
(0.4892 0.0279355 0)
(0.748018 -0.0870765 0)
(0.791895 0.0368704 0)
(0.53659 0.307024 0)
(0.493098 0.245336 0)
(0.578807 0.220622 0)
(0.529464 0.263437 0)
(0.38625 0.307049 0)
(0.414633 0.440889 0)
(0.614643 0.349425 0)
(0.640697 0.121043 0)
(0.565109 -0.345701 0)
(0.369804 -0.417545 0)
(0.093667 -0.32273 0)
(0.0982642 -0.355069 0)
(-0.0221812 0.0594775 0)
(0.324828 -0.244642 0)
(0.320336 -0.0848385 0)
(0.493151 -0.121779 0)
(0.560934 -0.114568 0)
(0.557762 -0.0400868 0)
(0.928688 0.10732 0)
(0.774986 0.261361 0)
(0.424871 0.302842 0)
(0.550623 0.263893 0)
(0.526777 0.357428 0)
(0.59349 0.43207 0)
(0.581231 0.568613 0)
(0.554505 0.407707 0)
(0.60496 0.0105049 0)
(0.538902 -0.0966843 0)
(0.314739 -0.44746 0)
(0.213521 -0.512142 0)
(0.123859 -0.377389 0)
(-0.0309427 0.117193 0)
(0.341813 -0.17413 0)
(0.493649 -0.18823 0)
(0.411827 -0.110791 0)
(0.588961 -0.21861 0)
(0.821217 0.0186418 0)
(1.03553 0.0301858 0)
(0.891728 -0.0471733 0)
(0.649061 0.199149 0)
(0.717442 0.212085 0)
(0.756056 0.435359 0)
(0.561123 0.819075 0)
(0.440482 0.693739 0)
(0.432487 0.52075 0)
(0.698391 0.21233 0)
(0.612191 -0.033948 0)
(0.164751 -0.253285 0)
(0.21251 -0.359186 0)
(0.14824 -0.408012 0)
(0.00142916 0.111768 0)
(0.601151 -0.193844 0)
(0.525082 -0.440302 0)
(0.488355 -0.320745 0)
(0.598765 -0.180878 0)
(0.77571 -0.179823 0)
(0.778533 -0.0313943 0)
(0.753736 -0.0475055 0)
(0.665846 0.141445 0)
(0.8422 0.202014 0)
(1.2211 0.642273 0)
(0.855453 0.948034 0)
(0.391693 0.730921 0)
(0.574823 0.65774 0)
(0.775816 0.260629 0)
(0.454215 -0.106499 0)
(0.175328 -0.135002 0)
(0.215187 -0.141143 0)
(-0.0879524 0.122041 0)
(-0.0158267 0.168659 0)
(0.280791 -0.411163 0)
(0.50982 -0.482976 0)
(0.653432 -0.351776 0)
(0.647911 -0.294147 0)
(0.84534 -0.286525 0)
(0.894194 0.0224697 0)
(0.808106 0.0391249 0)
(0.759349 0.159662 0)
(0.900069 0.302884 0)
(1.24423 0.632063 0)
(0.978409 0.917972 0)
(0.44966 0.909903 0)
(0.630081 0.97488 0)
(0.896929 0.442952 0)
(0.46415 -0.102347 0)
(0.211717 -0.0564384 0)
(0.104484 -0.0867744 0)
(0.0689901 -0.0177843 0)
(0.0367583 0.276249 0)
(0.309337 -0.45116 0)
(0.586593 -0.379156 0)
(0.567795 -0.511666 0)
(0.517682 -0.361128 0)
(0.858676 -0.163184 0)
(0.947 0.0114638 0)
(0.755742 0.138519 0)
(0.831836 0.38608 0)
(1.0654 0.611986 0)
(1.36199 0.629627 0)
(1.20449 0.703916 0)
(0.760707 0.792951 0)
(0.664553 0.910957 0)
(0.734661 0.681123 0)
(0.519488 0.0719519 0)
(0.530398 0.0901863 0)
(0.302583 0.106668 0)
(0.098445 0.0552443 0)
(0.0976604 0.355075 0)
(0.443973 -0.453518 0)
(0.402494 -0.621664 0)
(0.508673 -0.793189 0)
(0.539012 -0.772379 0)
(0.500285 -0.31042 0)
(0.455151 -0.33307 0)
(0.605435 -0.141618 0)
(0.704574 0.321308 0)
(0.899598 0.625447 0)
(1.14695 0.543633 0)
(1.00185 0.453384 0)
(0.711127 0.642098 0)
(0.772013 0.669316 0)
(0.867131 0.548801 0)
(0.537235 0.230013 0)
(0.565621 0.176701 0)
(0.268408 0.0722304 0)
(0.261369 0.297848 0)
(0.0449385 0.655128 0)
(0.367802 -0.624983 0)
(0.231323 -0.742265 0)
(0.197773 -0.94998 0)
(0.373269 -0.958611 0)
(0.474941 -0.818854 0)
(0.303677 -0.536687 0)
(0.561749 -0.0827196 0)
(0.665726 0.259456 0)
(0.760474 0.443631 0)
(0.886253 0.557285 0)
(0.782663 0.376849 0)
(0.704011 0.67358 0)
(0.752957 0.672983 0)
(0.932369 0.618458 0)
(0.963013 0.317623 0)
(0.745892 0.278801 0)
(0.862408 0.192364 0)
(0.661072 0.232724 0)
(0.371187 0.901536 0)
(0.251524 -0.62623 0)
(0.0543579 -0.898215 0)
(-0.00112192 -0.819785 0)
(0.131214 -0.659884 0)
(0.222074 -0.690594 0)
(0.303019 -0.586487 0)
(0.266499 -0.0299084 0)
(0.302112 0.206674 0)
(0.540985 0.459965 0)
(0.573166 0.483688 0)
(0.599615 0.567434 0)
(0.593295 0.633571 0)
(0.608508 0.623765 0)
(0.85889 0.599508 0)
(0.876513 0.389881 0)
(1.08672 0.0213197 0)
(2.64846 0.236047 0)
(1.31379 0.0429649 0)
(1.02168 2.59963 0)
)
;

boundaryField
{
    leftWall
    {
        type            fixedValue;
        value           uniform (0 0 0);
    }
    rightWall
    {
        type            fixedValue;
        value           uniform (0 0 0);
    }
    lowerWall
    {
        type            fixedValue;
        value           uniform (0 0 0);
    }
    atmosphere
    {
        type            pressureInletOutletVelocity;
        value           nonuniform List<vector> 
46
(
(0 0.00170526 0)
(0 -0.00105475 0)
(0 -0.00504973 0)
(0 -0.00351915 0)
(0 -0.0116928 0)
(0 -0.00795179 0)
(0 -0.0214789 0)
(0 -0.0150896 0)
(0 -0.0341109 0)
(0 -0.027924 0)
(0 -0.051922 0)
(0 -0.0445088 0)
(0 -0.0711904 0)
(0 -0.0503398 0)
(0 -0.075725 0)
(0 -0.0708035 0)
(0 -0.09272 0)
(0 -0.106501 0)
(0 -0.199199 0)
(0 -0.207252 0)
(0 -0.260252 0)
(0 -0.377828 0)
(0 -0.32855 0)
(0 -0.41482 0)
(0 -0.478105 0)
(0 -0.497131 0)
(0 -0.51653 0)
(0 -0.62623 0)
(0 -0.898215 0)
(0 -0.819785 0)
(0 -0.659884 0)
(0 -0.690594 0)
(0 -0.586487 0)
(0 -0.0299084 0)
(0.302112 0.206674 0)
(0.540985 0.459965 0)
(0.573166 0.483688 0)
(0.599615 0.567434 0)
(0.593295 0.633571 0)
(0.608508 0.623765 0)
(0.85889 0.599508 0)
(0.876513 0.389881 0)
(1.08672 0.0213197 0)
(2.64846 0.236047 0)
(0 0.0429649 0)
(1.02168 2.59963 0)
)
;
    }
    defaultFaces
    {
        type            empty;
    }
}


// ************************************************************************* //
