/*--------------------------------*- C++ -*----------------------------------*\
| =========                 |                                                 |
| \\      /  F ield         | foam-extend: Open Source CFD                    |
|  \\    /   O peration     | Version:     4.1                                |
|   \\  /    A nd           | Web:         http://www.foam-extend.org         |
|    \\/     M anipulation  |                                                 |
\*---------------------------------------------------------------------------*/
FoamFile
{
    version     2.0;
    format      ascii;
    class       surfaceScalarField;
    location    "0.55";
    object      phi;
}
// * * * * * * * * * * * * * * * * * * * * * * * * * * * * * * * * * * * * * //

dimensions      [0 3 -1 0 0 0 0];

internalField   nonuniform List<scalar> 
4432
(
2.97106e-06
-2.97106e-06
4.78193e-06
-1.81088e-06
6.96944e-06
-2.18751e-06
8.98142e-06
-2.01197e-06
1.08547e-05
-1.87323e-06
1.16699e-05
-8.15261e-07
1.18617e-05
-1.9183e-07
1.13327e-05
5.29018e-07
9.58418e-06
1.74854e-06
6.41913e-06
3.16505e-06
1.028e-05
-3.86091e-06
1.07878e-05
-5.07808e-07
1.14474e-05
-6.59511e-07
1.14484e-05
-1.00238e-09
1.07569e-05
6.91477e-07
1.00581e-05
6.98788e-07
9.90012e-06
1.57969e-07
8.22648e-06
1.67364e-06
6.39358e-06
1.8329e-06
5.37706e-06
1.01652e-06
3.87866e-06
1.4984e-06
1.47981e-06
2.39885e-06
1.47981e-06
2.84778e-06
-5.81884e-06
4.8259e-06
-3.789e-06
7.12966e-06
-4.49127e-06
9.0299e-06
-3.91221e-06
1.08017e-05
-3.64507e-06
1.18781e-05
-1.89159e-06
1.22682e-05
-5.81974e-07
1.17776e-05
1.01959e-06
1.06038e-05
2.9224e-06
1.64618e-05
-2.69295e-06
1.39834e-05
-1.38251e-06
1.36386e-05
-1.62995e-07
1.34037e-05
-4.2464e-07
1.3062e-05
3.40641e-07
1.20195e-05
1.73398e-06
1.13428e-05
1.37547e-06
6.24976e-06
5.25105e-06
6.06659e-06
1.85681e-06
4.72644e-06
3.17305e-06
5.07688e-06
6.66073e-07
2.66289e-06
3.9124e-06
2.10873e-06
2.95301e-06
3.58854e-06
2.47621e-06
-8.29505e-06
4.77993e-06
-6.09272e-06
7.40358e-06
-7.11492e-06
9.08117e-06
-5.58979e-06
1.10044e-05
-5.56827e-06
1.23511e-05
-3.23827e-06
1.26037e-05
-8.34655e-07
1.23628e-05
1.2605e-06
1.02474e-05
5.03781e-06
1.44137e-05
-6.85921e-06
1.24145e-05
6.16674e-07
1.17537e-05
4.9774e-07
1.08064e-05
5.22716e-07
9.94094e-06
1.20609e-06
9.06427e-06
2.61065e-06
8.86469e-06
1.57506e-06
9.86061e-06
4.25512e-06
9.90016e-06
1.81727e-06
8.7094e-06
4.36381e-06
7.05593e-06
2.31955e-06
4.25585e-06
6.71248e-06
1.66813e-06
5.54074e-06
5.25667e-06
2.21769e-06
-1.05127e-05
4.94616e-06
-8.82119e-06
7.72095e-06
-9.8897e-06
9.51214e-06
-7.38098e-06
1.16452e-05
-7.70135e-06
1.24994e-05
-4.09242e-06
1.26669e-05
-1.00215e-06
1.21491e-05
1.77829e-06
1.8696e-05
-1.50911e-06
1.4107e-05
-2.27019e-06
1.11095e-05
3.61418e-06
7.14913e-06
4.45807e-06
4.37459e-06
3.29726e-06
2.94792e-06
2.63276e-06
2.82648e-06
2.7321e-06
3.15321e-06
1.24833e-06
3.62206e-06
3.78627e-06
4.12378e-06
1.31555e-06
4.61703e-06
3.87056e-06
4.16594e-06
2.77063e-06
3.05724e-06
7.82119e-06
1.70889e-06
6.88909e-06
6.96556e-06
2.31533e-06
-1.28281e-05
5.19833e-06
-1.17042e-05
7.94973e-06
-1.26411e-05
9.98294e-06
-9.4142e-06
1.17861e-05
-9.50449e-06
1.20915e-05
-4.39779e-06
1.2664e-05
-1.57467e-06
1.16323e-05
2.80993e-06
1.54715e-05
-5.34825e-06
9.66986e-06
3.53142e-06
5.98066e-06
7.30338e-06
2.08478e-06
8.35395e-06
-3.47089e-07
5.72912e-06
-2.1225e-06
4.40817e-06
-3.09898e-06
3.70858e-06
-3.66286e-06
1.81221e-06
-3.70618e-06
3.82959e-06
-3.9673e-06
1.57667e-06
-2.9811e-06
2.88437e-06
-6.04405e-07
3.93931e-07
-8.40673e-08
7.30085e-06
8.35216e-07
5.9698e-06
7.80077e-06
2.8087e-06
-1.56368e-05
5.64819e-06
-1.45437e-05
8.25075e-06
-1.52437e-05
1.00915e-05
-1.1255e-05
1.16907e-05
-1.11036e-05
1.26682e-05
-5.3753e-06
1.21647e-05
-1.07117e-06
1.71523e-05
-2.1777e-06
1.00999e-05
1.70418e-06
5.76895e-06
7.86236e-06
1.15644e-06
1.19159e-05
-2.11601e-06
1.16264e-05
-3.86788e-06
7.481e-06
-5.15844e-06
5.69872e-06
-6.02972e-06
4.57986e-06
-6.94002e-06
2.72251e-06
-7.21666e-06
4.10623e-06
-4.38954e-06
-1.25045e-06
-4.86056e-06
3.35539e-06
-6.05967e-06
1.59305e-06
-1.51068e-06
2.75186e-06
3.6937e-07
4.08975e-06
8.17014e-06
3.10681e-06
-1.87436e-05
5.82935e-06
-1.72662e-05
8.22089e-06
-1.76352e-05
1.01774e-05
-1.32114e-05
1.20526e-05
-1.29789e-05
1.19873e-05
-5.30995e-06
9.69905e-06
1.21706e-06
1.19733e-05
-4.45196e-06
6.41945e-06
7.25803e-06
2.74934e-06
1.15325e-05
-1.08718e-06
1.57524e-05
-3.47901e-06
1.40182e-05
-5.03119e-06
9.03318e-06
-8.13676e-06
8.80429e-06
-9.36653e-06
5.80963e-06
-9.29967e-06
2.65565e-06
-9.66536e-06
4.47192e-06
-9.75327e-06
-1.16255e-06
-5.22582e-06
-1.17206e-06
-4.49622e-06
8.63451e-07
-3.07824e-06
1.33388e-06
-5.91969e-07
1.60348e-06
7.57817e-06
3.11619e-06
-2.18598e-05
5.87857e-06
-2.00286e-05
8.37804e-06
-2.01347e-05
1.0317e-05
-1.51504e-05
1.2208e-05
-1.48699e-05
1.15055e-05
-4.60752e-06
1.56115e-05
-2.88892e-06
9.64295e-06
1.51661e-06
5.14646e-06
1.17545e-05
3.88761e-07
1.62902e-05
-3.5241e-06
1.96653e-05
-6.46775e-06
1.69619e-05
-7.98035e-06
1.05458e-05
-9.07426e-06
9.89821e-06
-9.83359e-06
6.56896e-06
-9.94703e-06
2.76909e-06
-5.64377e-06
1.6866e-07
-5.66074e-06
-1.14558e-06
-5.97753e-06
-8.55268e-07
-9.38286e-06
4.26878e-06
-7.50165e-06
-5.47334e-07
-2.19725e-06
-3.70092e-06
5.38092e-06
-0.000132814
0.000132814
-0.000248529
0.000115715
-0.000268592
2.00636e-05
-0.0002538
-1.47928e-05
-0.000233673
-2.01266e-05
-0.000200432
-3.32411e-05
-0.000183707
-1.67252e-05
-0.000191145
7.4383e-06
-0.000211393
2.02481e-05
-0.000220904
9.51115e-06
-0.000225214
4.30965e-06
-0.000214972
-1.02421e-05
-0.000202868
-1.21038e-05
-0.000186096
-1.67719e-05
-0.000122182
-6.39139e-05
-0.000108287
-1.38946e-05
-0.000156006
4.7718e-05
-9.42807e-05
-6.17248e-05
-9.42807e-05
-0.000100168
0.000232982
-0.000146689
0.000162235
-0.000128388
1.7628e-06
-0.000124859
-1.83214e-05
-7.38329e-05
-7.11531e-05
-0.000107721
6.46903e-07
-0.000119919
-4.52719e-06
-0.000151448
3.89678e-05
-0.000170933
3.97327e-05
-0.000175327
1.39053e-05
-0.000177216
6.19861e-06
-0.000181295
-6.1631e-06
-0.00011559
-7.78087e-05
-0.000112316
-2.00465e-05
-0.000120631
-5.55985e-05
-0.000112258
-2.22676e-05
-8.38655e-05
1.93256e-05
-7.78044e-05
-6.77859e-05
-0.000172085
-6.74775e-05
0.00030046
-9.06559e-05
0.000185414
-8.59663e-05
-2.92682e-06
-6.21044e-05
-4.21833e-05
-0.000104599
-2.86581e-05
-6.96699e-05
-3.42826e-05
-5.64459e-05
-1.77511e-05
-6.32545e-05
4.57763e-05
-7.34476e-05
4.99259e-05
-7.48907e-05
1.53484e-05
-8.07885e-05
1.20964e-05
-0.00010152
1.4568e-05
-0.00014313
-3.61981e-05
-9.75219e-05
-6.56547e-05
-0.000110229
-4.28911e-05
-0.000104031
-2.84659e-05
-7.58734e-05
-8.8322e-06
-5.75269e-05
-8.61324e-05
-0.000229612
-4.45891e-05
0.000345049
-5.14426e-05
0.000192267
-5.52968e-05
9.27417e-07
-5.11447e-05
-4.63354e-05
-3.35926e-05
-4.62102e-05
-2.49798e-07
-6.76254e-05
3.47532e-05
-5.27541e-05
3.86871e-05
4.18424e-05
8.86506e-06
7.97479e-05
-1.72196e-05
4.1433e-05
-2.55398e-05
2.04166e-05
-3.76628e-05
2.66911e-05
-6.20075e-05
-1.18535e-05
-9.19855e-05
-3.56767e-05
-7.58353e-05
-5.90413e-05
-0.000123617
1.93161e-05
-6.20798e-05
-7.03697e-05
-5.14913e-05
-9.67209e-05
-0.000281103
-2.65871e-05
0.000371636
1.28167e-06
0.000164398
-1.97078e-05
2.19169e-05
-7.39632e-06
-5.86469e-05
1.37817e-05
-6.73883e-05
3.45162e-05
-8.83599e-05
6.028e-05
-7.85179e-05
8.74153e-05
1.4707e-05
7.80629e-05
8.91004e-05
3.48651e-05
8.46308e-05
-5.75176e-06
6.10334e-05
-2.90682e-05
5.00075e-05
-4.17282e-05
8.06463e-07
-3.97645e-05
-3.76404e-05
-6.06201e-05
-3.81857e-05
-5.35403e-05
1.22363e-05
-5.12119e-05
-7.26981e-05
-3.12036e-05
-0.000116729
-0.000312307
9.39847e-07
0.000370696
3.06607e-05
0.000134678
8.29286e-06
4.42847e-05
6.4871e-06
-5.68411e-05
3.77898e-05
-9.8691e-05
4.52458e-05
-9.58158e-05
6.22648e-05
-9.55369e-05
9.53554e-05
-1.83836e-05
0.000116472
6.79833e-05
9.12033e-05
0.0001099
1.23201e-05
0.000139917
-3.58051e-05
9.81327e-05
-5.06326e-05
1.5634e-05
-6.98135e-05
-1.84595e-05
-5.41683e-05
-5.38309e-05
-4.57057e-05
3.77371e-06
-4.59335e-05
-7.24703e-05
-1.67117e-05
-0.000145951
-0.000329019
2.55366e-05
0.00034516
5.45689e-05
0.000105645
6.17739e-05
3.70797e-05
3.642e-05
-3.14871e-05
4.34736e-05
-0.000105745
2.97205e-05
-8.20627e-05
3.99558e-05
-0.000105772
9.11837e-05
-6.96115e-05
0.000124947
3.42203e-05
0.000135751
9.90954e-05
8.55105e-05
0.000190157
1.00679e-05
0.000173575
-1.37309e-05
3.94328e-05
-2.43805e-05
-7.80994e-06
-2.93867e-05
-4.88247e-05
-2.7465e-05
1.85208e-06
-3.36501e-05
-6.62851e-05
-1.16757e-05
-0.000167925
-0.000340694
3.49079e-05
0.000310252
5.028e-05
9.02732e-05
5.42739e-05
3.30858e-05
4.36108e-05
-2.0824e-05
2.62839e-05
-8.84178e-05
3.51404e-05
-9.09191e-05
3.86277e-05
-0.00010926
7.1406e-05
-0.00010239
0.000113194
-7.56745e-06
8.27265e-05
0.000129563
5.10301e-05
0.000221854
1.92293e-05
0.000205376
-4.47056e-06
6.31327e-05
-8.6942e-06
-3.58631e-06
-1.43045e-05
-4.32144e-05
-1.24367e-05
-1.57274e-08
-1.85073e-05
-6.02145e-05
-1.17374e-05
-0.000174695
-0.000352432
6.03624e-06
-2.7896e-05
1.16534e-05
-2.56458e-05
1.60139e-05
-2.44952e-05
2.0534e-05
-1.96704e-05
2.18421e-05
-1.6178e-05
3.04682e-05
-1.32337e-05
2.29865e-05
4.59283e-06
1.60381e-05
8.46496e-06
6.52544e-06
2.12672e-05
-1.5417e-06
2.43573e-05
-7.45001e-06
2.55736e-05
-1.05389e-05
2.00507e-05
-1.73785e-05
1.73855e-05
-2.10341e-05
1.35538e-05
-2.41944e-05
9.72924e-06
-2.49085e-05
3.48316e-06
-2.48477e-05
1.07838e-07
-2.49978e-05
-9.95452e-07
-2.34007e-05
-2.45233e-06
-1.32293e-05
-5.90265e-06
-8.43431e-06
-5.34231e-06
-7.43268e-06
-4.70256e-06
1.04706e-06
-3.09882e-06
1.22501e-06
-2.9121e-05
3.2423e-06
-2.76631e-05
3.43691e-06
-2.46898e-05
8.71969e-07
-1.71055e-05
-6.33288e-06
-8.97313e-06
-1.17549e-05
-7.81163e-06
-1.39265e-05
6.76444e-06
-1.27942e-05
7.33266e-06
-8.36887e-06
1.68418e-05
-1.15496e-05
2.75381e-05
-1.48783e-05
2.89022e-05
-1.79882e-05
2.31607e-05
-1.77067e-05
1.7104e-05
-1.84184e-05
1.42655e-05
-1.79534e-05
9.26428e-06
-1.82164e-05
3.7461e-06
-1.77955e-05
-3.1304e-07
-1.81189e-05
-6.72027e-07
-1.01421e-05
-1.04292e-05
-1.06837e-05
-5.36103e-06
-7.62602e-06
-8.40002e-06
-7.26592e-06
-5.06265e-06
4.19592e-06
-1.04148e-05
-1.53258e-06
-2.75884e-05
-3.55762e-06
-2.56381e-05
-1.06888e-05
-1.75587e-05
-1.83168e-05
-9.47754e-06
-2.30404e-05
-4.2495e-06
-3.54871e-05
4.63507e-06
-4.06451e-05
1.19224e-05
-5.6295e-05
2.29826e-05
-5.18589e-05
1.24057e-05
-3.84706e-05
1.41498e-05
-2.01238e-05
1.05554e-05
-2.90114e-05
3.20483e-05
-2.22036e-05
1.02961e-05
-2.04218e-05
1.24837e-05
-2.15108e-05
1.03533e-05
-1.94861e-05
1.72143e-06
-1.90709e-05
-7.28242e-07
-1.17071e-05
-8.03581e-06
-1.80919e-05
-4.04442e-06
-9.51752e-06
-1.39354e-05
-3.71896e-06
-1.41986e-05
4.37317e-07
-9.21892e-06
1.5368e-07
4.47956e-06
-3.65653e-06
-2.3932e-05
-1.12403e-05
-1.80543e-05
-2.00823e-05
-8.71679e-06
-3.51926e-05
5.63276e-06
-4.05336e-05
1.09151e-06
-4.94298e-05
1.35313e-05
-5.55697e-05
1.80623e-05
-7.6439e-05
4.38519e-05
-7.87606e-05
1.47273e-05
-7.3661e-05
9.05021e-06
-6.69613e-05
3.85574e-06
-3.8164e-05
3.25101e-06
-4.66999e-05
1.88321e-05
-3.47291e-05
5.12885e-07
-3.2364e-05
7.98817e-06
-2.99657e-05
-6.76922e-07
-2.88266e-05
-1.86731e-06
-2.71498e-05
-9.71266e-06
-2.21064e-05
-9.0878e-06
-1.72753e-05
-1.87665e-05
-6.52605e-06
-2.49478e-05
2.5408e-07
-1.59991e-05
-4.01553e-06
4.42329e-06
-7.69284e-06
-1.62392e-05
-1.71609e-05
-8.58631e-06
-1.9682e-05
-6.1957e-06
-3.43013e-05
2.02521e-05
-4.79649e-05
1.47551e-05
-8.55677e-05
5.11341e-05
-9.98874e-05
3.2382e-05
-0.000100549
4.45137e-05
-0.000107249
2.14271e-05
-0.000114205
1.60062e-05
-0.000105806
-4.54353e-06
-9.76168e-05
-4.93769e-06
-8.32769e-05
4.49221e-06
-7.33483e-05
-9.41575e-06
-4.54747e-05
-1.98855e-05
-3.95132e-05
-6.63836e-06
-2.94748e-05
-1.19057e-05
-3.79465e-05
-1.24098e-06
-3.17559e-05
-1.52784e-05
-1.48693e-05
-3.56531e-05
-1.37146e-06
-3.84456e-05
5.74818e-06
-2.31187e-05
-1.1801e-05
1.35336e-05
-1.56707e-05
-5.6846e-07
-2.97147e-05
5.45771e-06
-4.67038e-05
1.07934e-05
-4.47001e-05
1.82484e-05
-5.91183e-05
2.91732e-05
-4.85543e-05
4.05701e-05
-7.34565e-05
5.72842e-05
-7.44578e-05
4.55149e-05
-8.02696e-05
2.72389e-05
-6.71162e-05
2.8528e-06
-9.77921e-05
2.61324e-05
-9.69934e-05
-5.73644e-06
-6.23936e-05
-3.01076e-05
-7.18518e-05
4.24311e-08
-6.75963e-05
-2.41409e-05
-5.73113e-05
-1.69234e-05
-4.89191e-05
-2.02979e-05
-4.01144e-05
-1.00457e-05
-2.43734e-05
-3.10195e-05
-2.51821e-05
-3.48443e-05
-3.52555e-05
-2.83723e-05
-2.47236e-05
-3.36506e-05
-1.52383e-05
-2.12863e-05
-1.37934e-05
1.32249e-05
-2.40139e-05
1.56783e-05
-5.18338e-05
3.86135e-05
-6.74463e-05
3.38609e-05
-7.62333e-05
3.79602e-05
-7.40778e-05
3.84146e-05
-7.623e-05
5.94364e-05
-7.68674e-05
4.61523e-05
-8.42412e-05
3.46127e-05
-9.23113e-05
1.09229e-05
-8.54189e-05
1.924e-05
-7.31126e-05
-1.80427e-05
-8.31348e-05
-2.00854e-05
-4.30629e-05
-4.00294e-05
-4.90722e-05
-1.81316e-05
-4.15131e-05
-2.44826e-05
-6.54372e-05
3.62609e-06
-8.60205e-05
1.05377e-05
-0.000138659
2.16188e-05
-0.000144007
-2.94955e-05
-0.00013894
-3.34399e-05
-0.000149048
-2.35423e-05
-2.77734e-05
-0.000136513
-2.55259e-05
3.87509e-05
-2.88804e-05
1.9033e-05
-2.55064e-05
3.52396e-05
-4.12824e-05
4.9637e-05
-5.88796e-05
5.55574e-05
-5.99141e-05
3.94491e-05
-3.32367e-05
3.2759e-05
-3.902e-05
5.19356e-05
-3.85146e-05
3.41073e-05
-6.03616e-05
3.27699e-05
-7.03505e-05
2.92289e-05
-8.12607e-05
-7.13242e-06
-6.83334e-05
-3.30126e-05
-0.000108211
-1.52122e-07
-0.000152464
2.61221e-05
-0.000221841
4.48942e-05
-0.000228531
1.0316e-05
-0.000227893
9.89882e-06
-0.000210317
4.04313e-06
-0.000225067
-1.47451e-05
-0.00021307
-4.54373e-05
-0.00021134
-2.5272e-05
-1.57727e-05
-0.000223341
-2.05615e-05
5.93126e-05
-2.30626e-05
2.15342e-05
-3.26134e-05
4.47905e-05
-3.58722e-05
5.28959e-05
-8.17566e-06
2.78609e-05
-2.80844e-05
5.93579e-05
-3.13057e-05
3.59802e-05
-3.91771e-05
5.9807e-05
-7.8514e-05
7.34441e-05
-0.000119815
7.40706e-05
-0.000147062
5.64766e-05
-0.000221533
6.73389e-05
-0.000322355
6.78084e-05
-0.000375544
5.30369e-05
-0.000400475
5.10531e-05
-0.000400241
4.46602e-05
-0.000382308
-7.61654e-06
-0.000352739
-1.96698e-05
-0.000320565
-2.81309e-05
-0.000300802
-3.45082e-05
-0.000297984
-4.82556e-05
-0.000273602
-4.96537e-05
-5.96972e-05
-0.000229678
-1.59645e-05
7.52771e-05
-4.66042e-05
5.21738e-05
-5.20346e-05
5.0221e-05
-4.06918e-05
4.15532e-05
-3.5301e-05
2.24702e-05
-2.72045e-05
5.12615e-05
4.23373e-06
4.54193e-06
-7.31595e-06
7.13566e-05
-7.94015e-05
0.00014553
-0.000123487
0.000118157
-0.00021189
0.00014488
-0.000260512
0.00011596
-0.00028946
9.67568e-05
-0.000301886
6.5463e-05
-0.000286156
3.53228e-05
-0.000260987
1.94912e-05
-0.000271864
3.26049e-06
-0.000282636
-8.89802e-06
-0.000286902
-2.38643e-05
-0.000283403
-3.8007e-05
-0.000285029
-4.66301e-05
-0.000284195
-5.04875e-05
-5.19444e-05
-0.000291948
-2.12168e-05
9.6494e-05
-4.73735e-05
7.83304e-05
-5.44807e-05
5.73282e-05
-3.1399e-05
1.84716e-05
1.48581e-06
-1.04146e-05
6.42616e-06
4.63211e-05
-5.94857e-06
1.69166e-05
-2.42139e-05
8.96219e-05
-3.6407e-05
0.000157723
-7.70006e-05
0.00015875
-7.86512e-05
0.00014653
-8.57848e-05
0.000123094
-8.24352e-05
9.34072e-05
-9.26242e-05
7.56519e-05
-0.000112167
5.48661e-05
-0.000141794
4.91174e-05
-0.000182154
4.3621e-05
-0.000219054
2.80023e-05
-0.000244814
1.89491e-06
-0.000265901
-1.692e-05
-0.000277777
-3.47536e-05
-0.000282307
-4.59571e-05
-4.78901e-05
-0.000286362
-2.56409e-05
0.000122135
-7.13439e-05
0.000124033
-0.000120143
0.000106127
-0.000210486
0.000108815
-0.000325235
0.000104335
-0.000375604
9.66897e-05
-0.000498919
0.000140232
-0.000540545
0.000131248
-0.000516147
0.000133324
-0.00054733
0.000189934
-0.000599478
0.000198678
-0.000627551
0.000151166
-0.000622727
8.85835e-05
-0.000594855
4.77795e-05
-0.000564609
2.46199e-05
-0.000535859
2.03678e-05
-0.000503
1.07618e-05
-0.000468089
-6.9081e-06
-0.000432998
-3.31969e-05
-0.00039866
-5.1258e-05
-0.000373016
-6.03976e-05
-0.000349389
-6.95834e-05
-8.03885e-05
-0.000316891
-4.28681e-05
0.000165003
-8.17731e-05
0.000162938
-0.000144669
0.000169024
-0.000263656
0.000227801
-0.000413406
0.000254084
-0.0005362
0.000219484
-0.000573619
0.000177651
-0.000601914
0.000159543
-0.000597523
0.000128934
-0.000572313
0.000164723
-0.000534843
0.000161208
-0.000496441
0.000112764
-0.000401007
-6.8501e-06
-0.000281308
-7.19191e-05
-0.000186628
-7.00609e-05
-0.000126396
-3.98634e-05
-7.3083e-05
-4.25516e-05
-3.16079e-05
-4.83832e-05
-1.07864e-05
-5.40184e-05
-7.14663e-06
-5.48978e-05
-5.93065e-06
-6.16135e-05
-1.20111e-05
-6.35029e-05
-5.57608e-05
-3.66388e-05
-2.60372e-05
0.00019104
-4.94276e-05
0.000186328
-8.5509e-05
0.000205105
-0.000112343
0.000254635
-0.000198101
0.000339843
-0.000207647
0.00022903
-0.000289822
0.000259826
-0.000335293
0.000205014
-0.000434748
0.000228389
-0.000378241
0.000108216
-0.000351188
0.000134155
-0.000275019
3.65956e-05
-0.00019828
-8.35895e-05
-0.000126568
-0.00014363
-6.01955e-05
-0.000136434
-4.88102e-05
-5.12487e-05
-3.38176e-05
-5.75441e-05
-3.16961e-05
-5.05046e-05
-3.96531e-05
-4.60614e-05
-5.723e-05
-3.73209e-05
-9.87097e-05
-2.01339e-05
-0.000155391
-6.82196e-06
-1.43937e-05
-0.000196758
-1.5971e-05
0.000207011
-2.15172e-05
0.000191875
-2.53915e-05
0.000208979
6.88113e-06
0.000222362
6.44978e-05
0.000282226
-5.91759e-06
0.000299446
-9.13177e-05
0.000345226
-0.000127612
0.000241308
-0.000113054
0.00021383
-6.78148e-05
6.29772e-05
-4.18134e-05
0.000108154
-1.94777e-05
1.426e-05
-6.15185e-06
-9.69154e-05
3.34422e-07
-0.000150117
-5.66519e-06
-0.000130434
-1.81197e-06
-5.51017e-05
-4.39801e-06
-5.4958e-05
-1.01168e-05
-4.47858e-05
-2.04899e-05
-3.56883e-05
-4.12022e-05
-1.66086e-05
-7.90109e-05
1.7675e-05
-0.000141192
5.53592e-05
3.37499e-05
-0.000189336
7.64847e-07
0.000206246
-6.18849e-06
0.000198828
-1.03508e-05
0.000213141
6.16871e-05
0.000150324
7.33383e-05
0.000270574
9.07531e-05
0.000282031
0.000127566
0.000308413
0.000136151
0.000232723
0.000167331
0.00018265
0.000190055
4.02526e-05
0.000203411
9.47983e-05
0.000186387
3.12846e-05
0.000150533
-6.10617e-05
9.15435e-05
-9.11273e-05
6.63073e-05
-0.000105198
5.57637e-05
-4.4558e-05
3.95392e-05
-3.87334e-05
2.49349e-05
-3.01815e-05
1.46994e-05
-2.54528e-05
7.81638e-06
-9.72556e-06
1.22193e-05
1.32721e-05
2.96527e-05
3.79259e-05
5.06607e-05
1.27419e-05
2.15082e-06
0.000204095
5.0481e-06
0.000195931
2.81826e-05
0.000190007
3.96817e-05
0.000138825
7.67733e-05
0.000233483
0.000101557
0.000257247
0.000162584
0.000247386
0.000161933
0.000233374
0.000259045
8.55388e-05
0.000226643
7.26547e-05
0.000260514
6.09269e-05
0.000246141
4.56579e-05
0.000199183
-1.41038e-05
0.000135378
-2.73227e-05
9.14638e-05
-6.1283e-05
7.33723e-05
-2.64665e-05
5.9124e-05
-2.4485e-05
5.00359e-05
-2.10934e-05
6.0937e-05
-3.63539e-05
6.347e-05
-1.22586e-05
8.15902e-05
-4.84795e-06
7.48646e-05
4.46517e-05
2.54161e-05
0.000100109
5.10021e-07
0.000203585
1.2998e-06
0.000195141
5.39222e-05
0.000137384
4.95244e-05
0.000143222
6.47931e-05
0.000218214
0.00011615
0.000205891
0.000160579
0.000202957
0.00018432
0.000209633
0.000161888
0.000107972
0.000164212
7.03298e-05
0.000148169
7.69703e-05
0.000186693
7.1341e-06
0.00015903
1.35587e-05
0.000129879
1.82895e-06
8.52322e-05
-1.66365e-05
7.0478e-05
-1.17122e-05
6.51499e-05
-1.91569e-05
6.37673e-05
-1.97107e-05
3.97534e-05
-1.234e-05
4.84475e-05
-2.09527e-05
5.9139e-05
-1.55394e-05
0.000113849
-1.00585e-05
6.50098e-06
0.000132764
1.40885e-05
0.000189497
3.54203e-05
0.000173809
5.8774e-05
0.000114031
3.22647e-05
0.000169732
7.03851e-05
0.000180094
9.59136e-05
0.000180362
9.43635e-05
0.000204507
0.00019665
0.000107346
0.000127984
0.000176638
0.00013537
6.29435e-05
0.000185354
2.69863e-05
0.000147411
4.50769e-05
0.00014753
1.34397e-05
0.000124642
2.47171e-05
0.000107157
8.48475e-07
9.61935e-05
-7.48254e-07
8.25482e-05
-5.51154e-06
7.13176e-05
-8.48009e-06
8.32639e-05
-2.42863e-05
8.4399e-05
-2.20878e-05
9.07742e-05
-2.19146e-05
0.000112821
-3.21054e-05
-2.39e-06
0.000121712
8.10745e-06
0.000181389
2.52354e-05
0.000156681
2.35214e-05
0.000115744
4.52948e-05
0.000147958
4.66694e-05
0.000178719
0.000121383
0.000105649
0.000154874
0.000171016
0.00010864
0.00015358
0.000178904
0.000106375
0.000156159
8.5688e-05
0.000111273
7.18728e-05
0.000133492
2.2858e-05
8.0963e-05
6.59686e-05
7.24799e-05
3.32003e-05
8.67797e-05
-1.34514e-05
8.14629e-05
4.5686e-06
8.28862e-05
-6.93486e-06
8.33672e-05
-8.96104e-06
8.96943e-05
-3.06134e-05
8.2105e-05
-1.44985e-05
9.05827e-05
-3.03922e-05
8.06778e-05
-2.22005e-05
-1.90151e-05
9.7303e-05
3.21007e-05
0.000149288
4.46474e-05
0.000144135
8.78263e-06
0.000151609
5.17753e-05
0.000104966
5.04786e-05
0.000180016
5.99209e-05
9.62063e-05
7.1724e-05
0.000159213
0.000142106
8.31973e-05
0.000104326
0.000144155
9.92424e-05
9.07718e-05
0.000138127
3.29883e-05
8.43522e-05
7.66329e-05
0.000111245
3.9076e-05
0.000106419
3.8026e-05
7.74867e-05
1.54812e-05
9.19822e-05
-9.92687e-06
8.50863e-05
-3.89518e-08
8.61428e-05
-1.00176e-05
5.96432e-05
-4.11377e-06
8.39142e-05
-3.87694e-05
7.552e-05
-2.19979e-05
5.98428e-05
-6.52326e-06
-1.98961e-05
6.07239e-05
-1.20348e-05
0.000161323
3.47354e-05
9.73643e-05
3.2404e-05
0.00015394
3.49539e-05
0.000102416
4.99625e-05
0.000165008
4.46037e-05
0.000101565
0.000112414
9.14027e-05
9.30323e-05
0.000102579
0.000155697
8.14899e-05
0.00014776
9.8709e-05
9.81836e-05
8.25649e-05
0.000140185
3.46316e-05
0.00011491
6.43513e-05
0.000117065
3.5871e-05
0.000104909
2.76371e-05
0.000101696
-6.71404e-06
9.66951e-05
4.96203e-06
9.02271e-05
-3.54969e-06
8.88864e-05
-2.77306e-06
8.33913e-05
-3.32742e-05
8.97425e-05
-2.83491e-05
9.64745e-05
-1.32552e-05
-2.51754e-05
0.000101754
1.30908e-05
0.000148233
2.33199e-05
8.71351e-05
5.37959e-05
0.000123465
2.64601e-05
0.000129752
5.67785e-05
0.000134689
7.72626e-05
8.1081e-05
9.34391e-05
7.52262e-05
0.000123957
7.20605e-05
6.78618e-05
0.000137585
7.4431e-05
9.214e-05
0.000121929
3.50668e-05
7.54382e-05
8.11228e-05
9.33446e-05
4.64449e-05
6.49472e-05
6.42683e-05
6.9279e-05
2.33053e-05
7.14686e-05
-8.9037e-06
6.25549e-05
1.38758e-05
5.78761e-05
1.12904e-06
8.11136e-05
-2.60105e-05
8.01039e-05
-3.22644e-05
7.95226e-05
-2.77678e-05
8.55945e-05
-1.93271e-05
-1.32191e-05
7.36382e-05
3.41298e-05
0.000114103
2.2898e-05
9.8367e-05
5.65186e-05
8.98439e-05
6.01895e-05
0.000126081
6.23633e-05
0.000132516
6.95956e-05
7.38489e-05
6.38488e-05
8.09731e-05
7.6286e-05
5.96234e-05
0.000109271
0.000104601
0.000117972
8.34392e-05
7.89833e-05
7.40553e-05
0.00010856
5.15464e-05
0.000107036
4.79692e-05
0.000102332
6.89716e-05
0.000105116
2.05214e-05
8.29782e-05
1.32341e-05
0.000101802
-4.94835e-06
9.43974e-05
8.53388e-06
9.29055e-05
-2.45185e-05
9.42652e-05
-3.36241e-05
8.28304e-05
-1.6333e-05
8.1552e-05
-1.80486e-05
3.24203e-07
6.80088e-05
8.21519e-06
0.000105888
1.65269e-05
9.00554e-05
1.73629e-05
8.90081e-05
6.25975e-05
8.08463e-05
6.57862e-05
0.000129327
6.70562e-05
7.25789e-05
7.52361e-05
7.27934e-05
6.42187e-05
7.06409e-05
8.21629e-05
8.66566e-05
0.000107427
5.81752e-05
9.812e-05
8.33622e-05
0.000105331
4.43357e-05
7.70238e-05
7.6276e-05
9.44986e-05
5.14968e-05
8.88409e-05
2.6179e-05
8.07434e-05
2.13316e-05
7.87327e-05
-2.93766e-06
8.89077e-05
-1.64107e-06
7.45955e-05
-1.02062e-05
5.39887e-05
-1.30172e-05
6.13493e-05
-2.36936e-05
5.89904e-05
-1.56896e-05
-8.68098e-06
6.79956e-05
1.08559e-05
9.50321e-05
1.76783e-05
8.32332e-05
2.33869e-05
8.32995e-05
2.08038e-05
8.34294e-05
6.702e-05
8.31108e-05
6.58976e-05
7.37014e-05
6.73492e-05
7.13419e-05
6.98581e-05
6.8132e-05
9.56025e-05
6.09122e-05
9.80545e-05
5.57233e-05
9.53316e-05
8.6085e-05
9.75423e-05
4.2125e-05
0.000104959
6.88592e-05
9.78485e-05
5.86073e-05
0.000106811
1.72165e-05
7.07345e-05
5.7408e-05
5.7731e-05
1.00658e-05
4.76106e-05
8.47939e-06
5.11186e-05
-1.37142e-05
5.72464e-05
-1.9145e-05
5.54119e-05
-2.1859e-05
5.75933e-05
-1.78709e-05
-1.51162e-05
6.40285e-05
1.13403e-05
8.36919e-05
2.03267e-05
7.42468e-05
2.91686e-05
7.44576e-05
4.06779e-05
7.19202e-05
4.73727e-05
7.6416e-05
5.47792e-05
6.6295e-05
6.18441e-05
6.4277e-05
7.08278e-05
5.91483e-05
7.55521e-05
5.61879e-05
8.16554e-05
4.96199e-05
8.55835e-05
8.21568e-05
8.83203e-05
3.93881e-05
9.42911e-05
6.28884e-05
9.4547e-05
5.83514e-05
6.6168e-05
4.55955e-05
6.92962e-05
5.42798e-05
6.60243e-05
1.33378e-05
7.33482e-05
1.15558e-06
7.15601e-05
-1.1926e-05
5.71568e-05
-4.74159e-06
6.40606e-05
-2.87627e-05
6.46663e-05
-1.84765e-05
-2.09859e-05
7.0536e-05
6.94129e-06
7.67506e-05
1.08657e-05
7.03223e-05
1.73223e-05
6.8001e-05
2.4279e-05
6.49635e-05
3.92619e-05
6.14331e-05
4.65843e-05
5.89725e-05
5.35962e-05
5.7265e-05
6.05227e-05
5.22218e-05
6.60483e-05
5.06622e-05
7.05535e-05
4.51146e-05
7.01485e-05
8.25618e-05
7.04819e-05
3.90547e-05
9.16726e-05
4.16977e-05
9.28019e-05
5.7222e-05
7.50506e-05
6.33469e-05
0.000111547
1.77838e-05
0.000104396
2.04885e-05
9.82665e-05
7.28524e-06
9.10541e-05
-4.71362e-06
9.05035e-05
-4.19086e-06
7.10955e-05
-9.35474e-06
7.48093e-05
-2.21903e-05
-1.62438e-05
7.00671e-05
8.43256e-06
6.83179e-05
1.58657e-05
6.28891e-05
2.42497e-05
5.96169e-05
3.07487e-05
5.84645e-05
3.7855e-05
5.43268e-05
4.39365e-05
5.2891e-05
4.98604e-05
5.13411e-05
5.48338e-05
4.72483e-05
5.97354e-05
4.57606e-05
6.38302e-05
4.10198e-05
6.81174e-05
7.82745e-05
7.16908e-05
3.54814e-05
7.67379e-05
3.66506e-05
8.52234e-05
4.87365e-05
9.23382e-05
5.62322e-05
9.37842e-05
1.63378e-05
6.81711e-05
4.61017e-05
7.65909e-05
-1.13457e-06
7.35258e-05
-1.64848e-06
7.62439e-05
-6.90893e-06
6.4709e-05
2.18022e-06
7.55691e-05
-3.30504e-05
-1.49044e-05
7.42297e-05
7.59958e-06
6.07183e-05
1.48769e-05
5.56117e-05
2.21024e-05
5.23915e-05
2.92188e-05
5.13481e-05
3.39395e-05
4.96062e-05
3.97899e-05
4.70407e-05
4.51745e-05
4.59564e-05
4.99386e-05
4.24843e-05
5.45525e-05
4.11468e-05
5.8373e-05
3.71993e-05
6.42076e-05
7.24401e-05
6.78155e-05
3.18734e-05
7.33369e-05
3.11293e-05
8.04548e-05
4.16186e-05
8.93558e-05
4.73313e-05
5.84721e-05
4.72215e-05
8.53888e-05
1.9185e-05
8.77705e-05
-3.51624e-06
9.49253e-05
-8.80317e-06
9.08131e-05
-2.79675e-06
9.61792e-05
-3.1859e-06
7.25779e-05
-9.44913e-06
-2.62021e-05
8.38756e-05
6.60804e-06
5.41102e-05
1.31427e-05
4.90772e-05
1.89041e-05
4.66301e-05
2.47402e-05
4.55121e-05
3.00998e-05
4.42466e-05
3.51052e-05
4.20354e-05
3.99372e-05
4.11245e-05
4.39909e-05
3.84306e-05
4.79972e-05
3.71406e-05
5.08878e-05
3.43087e-05
5.59289e-05
6.7399e-05
5.59857e-05
3.18167e-05
5.77884e-05
2.93267e-05
4.64316e-05
5.29754e-05
5.44826e-05
3.92804e-05
5.57769e-05
4.59272e-05
7.08961e-05
4.06588e-06
6.57006e-05
1.67922e-06
4.99953e-05
6.90217e-06
5.55994e-05
-8.4008e-06
6.04054e-05
-7.992e-06
7.50219e-05
-2.40656e-05
-2.43584e-05
7.31781e-05
6.23734e-06
4.78729e-05
1.20081e-05
4.33065e-05
1.71379e-05
4.15005e-05
2.22631e-05
4.0387e-05
2.71345e-05
3.93753e-05
3.16549e-05
3.75151e-05
3.59537e-05
3.68258e-05
3.95989e-05
3.47854e-05
4.34468e-05
3.32929e-05
4.58876e-05
3.18679e-05
5.19056e-05
6.13811e-05
5.16972e-05
3.20251e-05
5.29269e-05
2.8097e-05
4.39507e-05
6.19516e-05
5.53933e-05
2.78379e-05
8.40151e-05
1.73054e-05
7.88182e-05
9.26283e-06
5.91274e-05
2.137e-05
6.29712e-05
3.0584e-06
8.76399e-05
-3.30696e-05
8.24446e-05
-2.79665e-06
6.55269e-05
-7.14797e-06
-3.7642e-05
7.88105e-05
5.32546e-06
4.25476e-05
1.01849e-05
3.84472e-05
1.46112e-05
3.70743e-05
1.89585e-05
3.60398e-05
2.323e-05
3.5104e-05
2.72782e-05
3.3467e-05
3.12914e-05
3.28127e-05
3.48434e-05
3.12334e-05
3.82039e-05
2.99325e-05
4.11732e-05
2.88986e-05
4.93076e-05
5.32468e-05
5.30768e-05
2.8256e-05
5.91575e-05
2.20163e-05
7.01051e-05
5.10041e-05
7.03455e-05
2.75975e-05
7.00729e-05
1.7578e-05
5.0068e-05
2.92677e-05
7.78217e-05
-6.38367e-06
8.24296e-05
-1.54954e-06
6.13561e-05
-1.19961e-05
8.89371e-05
-3.03777e-05
0.000100673
-1.88835e-05
-3.57192e-05
9.87497e-05
4.764e-06
3.77837e-05
8.97813e-06
3.42332e-05
1.29332e-05
3.31193e-05
1.6877e-05
3.20961e-05
2.06585e-05
3.13226e-05
2.44178e-05
2.97078e-05
2.81095e-05
2.91211e-05
3.20156e-05
2.73274e-05
3.52638e-05
2.66844e-05
3.90027e-05
2.51598e-05
4.63013e-05
4.59483e-05
4.29184e-05
3.1639e-05
3.27676e-05
3.21671e-05
3.90174e-05
4.47544e-05
3.55704e-05
3.10445e-05
4.3324e-05
9.82437e-06
7.11347e-05
1.45707e-06
7.49119e-05
-1.01609e-05
7.77127e-05
-4.35038e-06
6.70845e-05
-1.3679e-06
8.95565e-05
-5.28497e-05
8.58944e-05
-1.52215e-05
-4.01583e-05
9.03335e-05
3.94047e-06
3.38433e-05
7.32407e-06
3.08497e-05
1.05546e-05
2.98888e-05
1.37279e-05
2.89228e-05
1.67923e-05
2.82583e-05
1.98524e-05
2.66477e-05
2.28981e-05
2.60754e-05
2.60683e-05
2.41573e-05
2.87816e-05
2.3971e-05
3.11744e-05
2.27671e-05
3.46741e-05
4.24486e-05
4.1328e-05
2.49852e-05
3.49578e-05
3.85373e-05
3.70957e-05
4.26164e-05
5.70088e-05
1.11315e-05
5.7584e-05
9.24916e-06
6.6035e-05
-6.99397e-06
4.89792e-05
6.89488e-06
6.03361e-05
-1.57073e-05
5.33295e-05
5.63861e-06
4.6809e-05
-4.63292e-05
4.78896e-05
-1.63021e-05
-5.18694e-05
5.96006e-05
3.47581e-06
3.03676e-05
6.51841e-06
2.78072e-05
9.45739e-06
2.69499e-05
1.23135e-05
2.60668e-05
1.51845e-05
2.53873e-05
1.80856e-05
2.37466e-05
2.11787e-05
2.29823e-05
2.49591e-05
2.0377e-05
2.8374e-05
2.05561e-05
2.19547e-05
2.91863e-05
2.66086e-05
3.77947e-05
2.51235e-05
2.64702e-05
3.73251e-05
2.63358e-05
6.10594e-05
1.88821e-05
5.10396e-05
2.11512e-05
5.79341e-05
2.35462e-06
4.09239e-05
1.00163e-05
4.75406e-05
2.78159e-07
4.19692e-05
-1.0136e-05
7.26982e-05
-2.50904e-05
4.54253e-05
-1.90562e-05
8.29332e-05
-5.38101e-05
-3.96095e-05
7.06733e-05
2.75078e-06
2.76168e-05
5.1772e-06
2.53808e-05
7.51982e-06
2.46073e-05
9.61098e-06
2.39756e-05
1.18152e-05
2.31831e-05
1.36747e-05
2.18871e-05
1.55726e-05
2.10844e-05
1.7315e-05
1.86346e-05
1.89563e-05
1.89147e-05
1.85833e-05
2.95594e-05
2.12745e-05
3.51035e-05
2.66351e-05
2.11097e-05
2.82837e-05
2.46871e-05
4.32394e-05
3.92644e-06
4.26016e-05
2.1789e-05
3.20019e-05
1.29543e-05
3.74233e-05
4.59492e-06
4.15619e-05
-3.8605e-06
5.46719e-05
-2.32459e-05
5.74305e-05
-2.78491e-05
6.14295e-05
-2.30552e-05
6.49364e-05
-5.7317e-05
-3.30037e-05
5.83306e-05
2.34105e-06
2.52758e-05
4.33678e-06
2.3385e-05
6.33757e-06
2.26064e-05
8.02451e-06
2.22887e-05
1.00589e-05
2.11487e-05
1.14615e-05
2.04844e-05
1.3465e-05
1.90809e-05
1.42605e-05
1.78391e-05
1.63439e-05
1.68313e-05
1.25175e-05
3.33858e-05
1.93096e-05
2.83114e-05
2.33996e-05
1.70196e-05
3.71462e-05
1.09405e-05
2.73083e-05
1.37643e-05
4.39091e-05
5.18813e-06
4.83035e-05
8.55983e-06
4.94066e-05
3.49176e-06
4.89113e-05
-3.36522e-06
4.7823e-05
-2.21576e-05
3.94773e-05
-1.95035e-05
4.04601e-05
-2.4038e-05
5.18752e-05
-6.87321e-05
-2.84583e-05
4.73298e-05
1.31197e-06
2.39638e-05
2.8641e-06
2.18328e-05
4.59957e-06
2.08709e-05
5.13556e-06
2.17527e-05
6.87183e-06
1.94124e-05
6.86657e-06
2.04896e-05
8.44908e-06
1.74984e-05
6.89551e-06
1.93926e-05
8.63846e-06
1.50883e-05
1.08988e-05
3.11254e-05
1.65935e-05
2.26168e-05
1.44536e-05
1.91595e-05
2.19029e-05
3.49115e-06
2.57345e-05
9.93271e-06
3.39553e-05
-3.03268e-06
3.20258e-05
1.04893e-05
3.49723e-05
5.45232e-07
3.79898e-05
-6.38281e-06
3.84605e-05
-2.26282e-05
3.40161e-05
-1.50592e-05
3.76013e-05
-2.76232e-05
4.65271e-05
-7.76579e-05
-3.5302e-05
5.33708e-05
1.47975e-06
2.2484e-05
2.48857e-06
2.0824e-05
3.41028e-06
1.99492e-05
4.43628e-06
2.07266e-05
5.53422e-06
1.83145e-05
6.62844e-06
1.93954e-05
8.03525e-06
1.60915e-05
9.46466e-06
1.79632e-05
1.14898e-05
1.30631e-05
1.62257e-05
2.63894e-05
2.1742e-05
1.71005e-05
2.30427e-05
1.78589e-05
2.24494e-05
4.08438e-06
1.92598e-05
1.31223e-05
1.81876e-05
-1.96051e-06
2.38165e-05
4.86051e-06
2.61603e-05
-1.7986e-06
2.07763e-05
-9.98827e-07
2.7129e-05
-2.89809e-05
3.26341e-05
-2.05643e-05
2.68428e-05
-2.18319e-05
2.70586e-05
-7.78737e-05
-4.2878e-05
3.46345e-05
-4.41235e-06
2.68963e-05
2.68832e-07
1.61428e-05
4.34509e-06
1.58729e-05
5.89527e-07
2.44822e-05
3.82497e-06
1.5079e-05
1.2247e-06
2.19957e-05
4.38156e-06
1.29346e-05
1.14626e-06
2.11985e-05
3.92519e-06
1.02842e-05
7.57649e-06
2.27381e-05
1.21165e-05
1.25604e-05
1.42029e-05
1.57724e-05
1.58706e-05
2.41673e-06
1.00241e-05
1.89688e-05
7.72122e-06
3.42312e-07
1.09709e-05
1.61079e-06
1.01728e-05
-1.00053e-06
1.14852e-05
-2.31115e-06
1.50908e-05
-3.25865e-05
1.60929e-05
-2.15665e-05
1.91024e-05
-2.48414e-05
2.15565e-05
-8.03278e-05
-4.11545e-05
1.98331e-05
5.48098e-06
1.24225e-06
-1.84266e-06
2.13775e-06
1.12389e-07
2.49071e-06
6.61662e-07
3.6758e-06
1.19908e-06
5.56692e-06
5.57356e-06
7.66494e-06
6.78223e-06
1.44751e-05
1.10876e-05
9.20348e-06
1.05188e-05
1.19546e-05
2.95144e-06
8.49133e-06
2.29107e-05
5.92305e-06
1.90102e-05
-5.36e-06
2.26118e-06
-8.65751e-06
3.29752e-06
-1.38889e-05
5.2314e-06
2.84653e-05
-4.23542e-05
-1.3478e-05
5.32445e-06
-1.80544e-05
7.87388e-06
-1.95865e-05
6.76344e-06
2.42757e-05
-1.53968e-05
4.77841e-06
5.0256e-06
9.47401e-06
3.17828e-06
1.10793e-05
5.15818e-06
1.41198e-05
2.12352e-05
9.67617e-06
-2.27274e-07
1.17587e-05
1.09577e-06
1.40297e-05
2.8872e-06
6.37835e-06
2.17711e-05
1.47439e-05
-1.43758e-06
1.76173e-05
-1.77763e-06
2.00137e-05
4.90818e-07
-1.03095e-06
2.7423e-05
-1.57581e-05
-6.96573e-06
-8.82041e-06
-8.71536e-06
-2.37015e-06
-5.95944e-06
-1.28902e-05
9.48906e-06
-0.00011348
-2.99984e-05
-8.91603e-05
-3.30354e-05
-6.55822e-05
-2.95376e-05
-2.97774e-05
-4.8695e-05
-0.000229197
-2.41419e-05
-0.000215605
-4.66281e-05
-0.000200397
-4.47458e-05
-3.93568e-05
-0.000190817
-0.000229384
-2.4436e-05
-0.000255092
-2.09199e-05
-0.000284776
-1.50621e-05
-1.62249e-05
-0.000307907
-0.000300611
-1.57726e-05
-0.000295896
-2.56354e-05
-0.000279492
-3.14656e-05
-2.39026e-05
-0.000271815
-0.000276401
-2.57334e-05
-0.000275457
-2.65794e-05
-0.000280398
-2.65244e-05
-2.69463e-05
-0.000277354
-0.000307407
-3.52174e-05
-0.00030935
-2.46358e-05
-0.000311344
-2.45305e-05
-3.67024e-05
-0.000301588
-5.03596e-05
-2.14966e-05
-5.17962e-05
-2.31993e-05
-6.08716e-05
-1.54551e-05
-1.70624e-05
-8.05115e-05
-0.000203015
-1.52394e-05
-0.000212607
-1.36073e-05
-0.000208246
-1.98163e-05
-2.48417e-05
-0.000200466
-0.000198953
-5.62198e-06
-0.000194887
-1.76734e-05
-0.000185447
-2.92561e-05
-2.23407e-05
-0.000187948
1.87915e-06
5.24082e-06
-7.1762e-06
-8.61801e-06
-1.87743e-05
-1.7658e-05
-2.075e-05
-2.03649e-05
9.6148e-05
9.20219e-06
9.0044e-05
-2.51393e-06
7.78863e-05
-5.50016e-06
-5.88718e-06
6.30235e-05
0.00013816
3.80722e-06
0.000134541
1.10436e-06
0.000129391
-3.49955e-07
-1.41885e-06
0.000124923
0.000126158
-6.3803e-07
0.000127903
-6.40556e-07
0.0001268
7.52944e-07
4.73317e-07
0.000124908
9.97449e-05
-3.07985e-06
9.87605e-05
3.43912e-07
9.43157e-05
5.19778e-06
1.5612e-05
7.91771e-05
6.72187e-05
-9.57458e-06
7.04744e-05
-2.91167e-06
7.63253e-05
-6.53095e-07
1.13419e-05
8.05954e-05
9.4534e-05
-2.35468e-06
9.14582e-05
1.64236e-07
8.30614e-05
7.74367e-06
8.96646e-06
8.54369e-05
7.3882e-05
-2.59844e-06
7.47147e-05
-6.68447e-07
8.01875e-05
2.27086e-06
3.33266e-06
8.58214e-05
6.73232e-05
-1.91283e-06
6.76568e-05
-1.002e-06
6.97741e-05
1.53602e-07
1.747e-06
7.13597e-05
6.95161e-05
-3.43332e-06
7.34345e-05
-4.92042e-06
7.83558e-05
-4.76772e-06
-2.47291e-06
8.25757e-05
6.61924e-05
-5.59723e-06
6.62812e-05
-5.00922e-06
6.70186e-05
-5.50515e-06
-2.2815e-06
6.68272e-05
7.43052e-05
-9.36649e-06
7.78622e-05
-8.5662e-06
7.62942e-05
-3.93714e-06
-1.53442e-06
7.55471e-05
7.20024e-05
-1.13018e-05
7.28489e-05
-9.41277e-06
7.58891e-05
-6.97734e-06
1.24865e-06
7.3106e-05
7.3472e-05
-1.05441e-05
6.95507e-05
-5.49146e-06
6.65491e-05
-3.97583e-06
4.8947e-07
6.73083e-05
8.6379e-05
-1.30476e-05
9.53248e-05
-1.44372e-05
0.000106442
-1.50929e-05
-2.29584e-05
0.00012989
7.13197e-05
-1.11892e-05
6.86977e-05
-1.18153e-05
6.51394e-05
-1.15347e-05
-1.5687e-05
5.7868e-05
8.08245e-05
-1.32032e-05
8.61265e-05
-1.71173e-05
0.000107757
-3.31653e-05
-1.38215e-05
0.000105892
9.49721e-05
-9.42576e-06
9.88857e-05
-2.10309e-05
7.52051e-05
-9.4847e-06
-1.27858e-05
7.41693e-05
8.96399e-05
-8.73214e-06
7.6431e-05
-7.82205e-06
7.48133e-05
-7.86699e-06
-7.74771e-06
6.97752e-05
6.4085e-05
-1.32165e-05
8.1419e-05
-2.51562e-05
9.08174e-05
-1.72654e-05
-4.04483e-05
0.000123518
9.35806e-05
-3.61238e-05
8.82835e-05
-1.98591e-05
9.16208e-05
-2.06027e-05
-2.60528e-05
7.72253e-05
5.43441e-05
-3.21373e-05
6.98608e-05
-3.53758e-05
6.67274e-05
-1.74693e-05
-1.84684e-05
5.91429e-05
4.72859e-05
-3.20934e-05
4.92006e-05
-3.72906e-05
7.37585e-05
-4.20271e-05
-2.28078e-05
7.8098e-05
5.95368e-05
-3.82594e-05
4.3945e-05
-2.16988e-05
5.55568e-05
-5.36389e-05
-2.79813e-05
6.07302e-05
3.49782e-05
-3.86031e-05
6.30792e-05
-4.97999e-05
3.84932e-05
-2.90528e-05
-3.23042e-05
4.28161e-05
2.17429e-05
-4.05129e-05
2.42832e-05
-5.23402e-05
2.55981e-05
-3.03678e-05
-3.26405e-05
2.59345e-05
1.1042e-05
-2.70413e-06
6.61529e-06
1.51152e-05
7.91249e-05
0.000188773
0.00010862
6.07779e-05
0.000137741
3.96507e-06
0.000139922
-2.30052e-05
0.000116941
-6.54363e-05
0.000123751
-9.77296e-05
0.000134391
-0.0001199
0.000130585
-9.8583e-05
0.000131516
-8.4986e-06
0.000191689
6.9389e-05
0.000288388
0.000125155
0.000274495
0.000219269
0.000200842
0.000136786
0.000110403
8.68521e-05
5.5211e-05
1.19778e-05
4.70673e-05
8.12793e-06
-1.22795e-05
-8.67608e-07
1.40053e-05
-0.00020098
-0.000338426
8.48757e-05
8.85e-05
8.44603e-05
6.11933e-05
9.24953e-05
-4.06999e-06
7.72995e-05
-7.80936e-06
6.68691e-05
-5.50059e-05
7.06744e-05
-0.000101535
6.65743e-05
-0.0001158
5.86554e-05
-9.06641e-05
0.000120495
-7.0338e-05
0.000181601
8.28325e-06
0.000283816
2.294e-05
0.000301486
0.000201599
0.000211036
0.000227236
0.000128034
0.000169854
3.39418e-05
0.00010607
2.27952e-06
3.97902e-05
-2.60673e-06
4.01867e-06
3.10188e-05
-0.000234606
-0.000307408
7.30445e-05
3.66908e-05
6.80703e-05
6.61675e-05
8.19762e-05
-1.79759e-05
0.00013119
-5.70232e-05
0.00011585
-3.9666e-05
6.22302e-05
-4.7915e-05
5.20137e-05
-0.000105583
5.24766e-05
-9.1127e-05
5.24933e-05
-7.03547e-05
9.78361e-05
-3.70595e-05
0.000127552
-6.77563e-06
0.000231318
9.78326e-05
0.000183904
0.00027465
0.00016074
0.000193018
6.67318e-05
0.000200078
7.39855e-05
3.25365e-05
0.000145794
-6.77896e-05
9.23325e-05
-0.000181145
-0.000215075
4.93396e-05
9.12225e-06
8.42959e-05
3.12113e-05
6.02737e-05
6.04623e-06
5.06109e-05
-4.73603e-05
4.55331e-05
-3.45882e-05
5.60319e-05
-5.84138e-05
3.95321e-05
-8.90836e-05
6.00647e-06
-5.76014e-05
3.16182e-05
-9.59664e-05
7.93707e-05
-8.4812e-05
0.000110607
-3.80117e-05
0.00010621
0.000102229
8.03677e-05
0.000300493
4.80134e-05
0.000225372
3.05276e-05
0.000217564
7.21093e-06
5.58533e-05
4.71863e-05
-0.000107765
3.77696e-05
-0.000171728
-0.000177305
3.41021e-05
2.44313e-06
8.13537e-05
-1.60403e-05
9.63918e-05
-8.99187e-06
7.71214e-05
-2.80899e-05
7.37975e-05
-3.12643e-05
3.78168e-05
-2.24331e-05
2.64966e-05
-7.77634e-05
4.40326e-05
-7.51374e-05
9.03876e-06
-6.09726e-05
-2.37246e-06
-7.34008e-05
-1.13214e-05
-2.90627e-05
5.9532e-06
8.49547e-05
7.93648e-06
0.00029851
-6.65895e-05
0.000299898
-8.84838e-06
0.000159823
1.35479e-06
4.56501e-05
-1.75118e-05
-8.88983e-05
-1.84593e-07
-0.000189055
-0.00017749
2.74828e-05
-1.55506e-05
3.42552e-05
-2.28127e-05
4.00321e-05
-1.47688e-05
4.89517e-05
-3.70096e-05
3.98941e-05
-2.22067e-05
4.18249e-05
-2.43639e-05
8.96184e-06
-4.49003e-05
-8.06192e-06
-5.81136e-05
-3.69825e-05
-3.2052e-05
-8.74808e-05
-2.29025e-05
-8.75391e-05
-2.90044e-05
-0.000117575
0.000114991
-1.42875e-05
0.000195222
-2.51426e-05
0.000310753
-5.24341e-06
0.000139924
3.92042e-05
1.20249e-06
8.38616e-05
-0.000133556
1.85248e-05
-0.000123718
-0.000158965
-1.10445e-05
-5.32011e-05
-3.70972e-05
3.24007e-06
-5.3128e-05
1.26202e-06
-8.97896e-05
-3.47912e-07
-6.87885e-05
-4.32078e-05
-1.68122e-05
-7.63401e-05
-1.20099e-05
-4.97027e-05
-1.79539e-05
-5.21696e-05
-2.84796e-05
-2.15262e-05
-7.50543e-05
2.36722e-05
-0.000142977
3.8918e-05
-0.000143267
0.000115281
-0.000113147
0.000165101
-7.48971e-06
0.000205096
2.47041e-05
0.00010773
3.74302e-05
-1.15236e-05
5.24729e-05
-0.000148598
4.19878e-05
-0.000113233
-0.000116977
-0.000200527
-4.34913e-05
-0.000155766
-4.15211e-05
-0.000122642
-3.1862e-05
-0.000114736
-8.25394e-06
-0.000115673
-4.22702e-05
-8.15739e-05
-0.00011044
-5.02121e-05
-8.10645e-05
-4.63665e-05
-5.60152e-05
-3.91121e-05
-2.87807e-05
-7.61833e-05
6.07434e-05
-0.000125013
8.77479e-05
-0.000101083
9.13517e-05
-0.000112577
0.000176596
-1.34471e-05
0.000105966
4.22331e-05
5.20498e-05
8.77781e-05
-5.70687e-05
2.83553e-05
-8.91756e-05
3.62266e-05
-0.000121104
-8.07508e-05
-0.000284556
-6.68429e-05
-0.000299083
-2.69936e-05
-0.00028668
-4.42655e-05
-0.000161678
-0.000133255
-0.000113519
-9.04294e-05
-0.000150647
-7.33119e-05
-0.000108561
-0.00012315
-0.000107496
-5.70802e-05
-8.9595e-05
-4.66816e-05
-8.44773e-05
5.56257e-05
-9.34992e-05
9.67697e-05
-0.000109427
0.00010728
-7.48484e-05
0.000142017
-2.30382e-06
3.34211e-05
3.1789e-05
1.7957e-05
4.84206e-05
-7.37002e-05
7.23499e-05
-0.000113105
2.30215e-05
-7.1776e-05
-5.77293e-05
-0.000287731
-5.09265e-05
-0.000206967
-0.000107757
-0.000205157
-4.60761e-05
-0.000287188
-5.12247e-05
-0.000279787
-9.78297e-05
-0.000249545
-0.000103554
-0.000232203
-0.000140492
-0.000203195
-8.60882e-05
-0.000155505
-9.43719e-05
-0.000121619
2.17391e-05
-8.14534e-05
5.66046e-05
-4.83568e-05
7.41833e-05
-3.61628e-06
9.72761e-05
2.32155e-05
6.58933e-06
4.29353e-05
-1.76274e-06
3.92814e-05
-7.00463e-05
2.01725e-05
-9.39961e-05
9.75889e-06
-6.13624e-05
-4.79704e-05
-0.000261963
-6.63177e-05
-0.00028411
-8.56105e-05
-0.000201936
-0.00012825
-0.000168435
-8.47263e-05
-0.000160668
-0.000105596
-0.000159286
-0.000104935
-0.000170124
-0.000129654
-0.000143899
-0.000112313
-0.000191078
-4.71929e-05
-0.000146204
-2.31345e-05
-0.000107206
1.76057e-05
-7.13587e-05
3.83364e-05
-1.90563e-05
4.49738e-05
1.49268e-05
-2.73938e-05
3.36864e-05
-2.05223e-05
3.06218e-05
-6.69817e-05
6.19578e-06
-6.95701e-05
1.95961e-05
-7.47627e-05
-2.83743e-05
-0.000276963
-9.09427e-05
-0.000259953
-0.000102621
-0.000271608
-0.000116594
-0.000269203
-8.71322e-05
-0.000282632
-9.21673e-05
-0.00030803
-7.95375e-05
-0.000315178
-0.000122506
-0.00031713
-0.000110361
-0.000278198
-8.61252e-05
-0.000242603
-5.87292e-05
-0.000207689
-1.73082e-05
-0.000100286
-6.90672e-05
-5.09423e-05
-4.36965e-06
-2.36129e-05
-5.47232e-05
-1.05835e-05
-3.35517e-05
-1.5474e-06
-7.60178e-05
1.97308e-05
-9.08483e-05
1.30587e-05
-6.80906e-05
-1.53157e-05
-0.000112339
-5.91149e-05
-9.78559e-05
-0.000117105
-0.000103894
-0.000110556
-0.000139204
-5.18225e-05
-0.000134323
-9.70483e-05
-9.09222e-05
-0.000122938
-0.000141895
-7.1533e-05
-0.000219185
-3.30714e-05
-0.000242589
-6.27207e-05
-0.000236805
-6.45138e-05
-0.000153882
-0.000100231
-0.000178985
-4.39639e-05
-0.000112898
-7.04563e-05
-7.59816e-05
-9.16398e-05
-5.81283e-05
-5.1405e-05
-1.3331e-05
-0.000120815
1.19523e-05
-0.000116132
8.33153e-06
-6.44699e-05
-6.98413e-06
-0.000185932
-7.36493e-05
-0.000200383
-0.000102653
-0.000228556
-8.23833e-05
-0.000202029
-7.8349e-05
-0.000215633
-8.34444e-05
-0.00024226
-9.63113e-05
-0.000172358
-0.000141435
-0.000139413
-6.60165e-05
-0.000169272
-3.28618e-05
-0.00017056
-6.32251e-05
-0.000144195
-0.000126597
-0.000123549
-6.46099e-05
-8.77125e-05
-0.000106293
-0.00011478
-6.45724e-05
-7.82801e-05
-8.79048e-05
-2.44246e-05
-0.000174671
-3.23278e-05
-0.000108228
-1.7222e-06
-9.50754e-05
-8.70632e-06
-0.000172492
-8.91057e-05
-0.000189653
-8.54913e-05
-0.000218225
-5.38117e-05
-0.000223534
-7.30403e-05
-0.000213666
-9.33125e-05
-0.000231338
-7.86394e-05
-0.000282842
-8.99308e-05
-0.000270794
-7.80643e-05
-0.000231865
-7.1791e-05
-0.000220206
-7.48846e-05
-0.000216862
-0.00012994
-0.000130866
-0.000150607
-0.000178142
-5.90163e-05
-0.000128903
-0.000113811
-0.000108524
-0.000108284
-6.70858e-05
-0.000216109
-4.23225e-05
-0.000132992
-4.44484e-06
-0.000132953
-1.31512e-05
-6.62008e-05
-4.32698e-05
-0.000108893
-4.27995e-05
-7.76834e-05
-8.5021e-05
-9.12897e-05
-5.94339e-05
-0.000143777
-4.08255e-05
-0.000137869
-8.4547e-05
-0.000158484
-6.93162e-05
-0.000181411
-5.51367e-05
-0.000175999
-7.72032e-05
-0.000116777
-0.000134107
-0.000118905
-0.000127812
-0.000189289
-8.02217e-05
-0.000140457
-0.000107849
-7.73307e-05
-0.000176937
-6.43615e-05
-0.000121254
-3.7002e-05
-0.000243468
-2.93418e-05
-0.000140652
-5.48117e-06
-0.000156814
-1.86323e-05
3.12577e-05
-1.1504e-05
4.71053e-06
-1.62523e-05
-5.84429e-05
-2.18676e-05
-6.44578e-05
-5.3419e-05
-0.000114872
9.58897e-06
-0.000141804
-5.76155e-05
-0.00016491
-4.62105e-05
-0.000169345
-5.07011e-05
-0.000172786
-7.37625e-05
-0.000172691
-0.000134202
-0.000147627
-0.000152876
-0.000174011
-5.38378e-05
-0.000143307
-0.000138553
-0.000137972
-0.000182272
-6.25551e-05
-0.00019667
-7.80811e-05
-0.000227942
-1.32861e-05
-0.000205447
-8.02719e-06
-0.000162073
-2.66595e-05
0.000102283
1.11356e-05
7.36065e-05
1.24247e-05
4.19362e-05
9.80269e-06
1.1886e-06
-1.26714e-05
-1.60924e-05
2.68699e-05
-4.85046e-05
-2.52033e-05
-4.41091e-05
-5.0606e-05
-5.13492e-05
-4.3461e-05
-7.2695e-05
-5.24168e-05
-0.000106
-0.000100897
-0.000192373
-6.65028e-05
-0.000115737
-0.000130473
-0.000123945
-0.000130345
-0.000112294
-0.000193924
-9.03011e-05
-0.000218663
-6.31155e-05
-0.000255128
-3.10205e-05
-0.000237542
-1.49473e-05
-0.000178146
-4.16068e-05
0.000111952
2.40916e-05
5.53657e-05
6.90107e-05
5.98948e-05
5.27354e-06
3.3738e-05
1.34854e-05
3.39584e-05
2.66495e-05
2.39744e-05
-1.52194e-05
-2.21446e-05
-4.48702e-06
-8.62786e-05
2.06729e-05
-0.000140236
1.54036e-06
-0.000178892
-6.22408e-05
-0.000119816
-0.000125579
-0.000183781
-6.65082e-05
-0.000147542
-0.000166584
-0.000125955
-0.000215512
-9.30167e-05
-0.000251601
-6.69831e-05
-0.000281161
-3.63423e-05
-0.000268183
-1.52435e-05
-0.000199245
-5.68503e-05
8.5891e-05
1.73777e-05
9.54476e-05
5.94541e-05
8.713e-05
1.35912e-05
7.56853e-05
2.493e-05
0.000105266
-2.93131e-06
8.26626e-05
7.38396e-06
4.4871e-05
3.33046e-05
3.5967e-05
2.95769e-05
-1.27455e-06
3.87818e-05
-3.86231e-05
-2.48923e-05
-8.86857e-05
-7.55163e-05
-4.26587e-05
-0.000112535
-9.83553e-05
-0.000110887
-9.88824e-05
-0.000214984
-8.0693e-05
-0.00026979
-6.40107e-05
-0.000297844
-5.62735e-05
-0.00027592
-1.82544e-05
-0.000237264
-7.51046e-05
7.88102e-05
1.91629e-05
0.000113178
2.50862e-05
9.7722e-05
2.90472e-05
8.99007e-05
3.27512e-05
6.87441e-05
1.82253e-05
6.38061e-05
1.23219e-05
8.92795e-05
7.8311e-06
7.73532e-05
4.15031e-05
8.34275e-05
3.27075e-05
2.45565e-05
3.39787e-05
-4.29809e-05
-7.97891e-06
-3.7232e-05
-0.000118284
-2.62935e-05
-0.000121826
-7.26234e-05
-0.000168655
-5.62195e-05
-0.000286194
-4.04198e-05
-0.000313643
-3.97968e-05
-0.000276543
-1.68731e-05
-0.000260187
-9.19777e-05
7.06776e-05
3.39221e-05
8.56146e-05
1.01492e-05
8.05658e-05
3.4096e-05
6.68324e-05
4.64846e-05
7.30789e-05
1.19788e-05
6.71825e-05
1.82182e-05
6.56569e-05
9.35669e-06
0.000102834
4.32609e-06
0.000101787
3.37544e-05
0.000111479
2.42865e-05
5.67224e-05
4.67778e-05
-2.74801e-05
-3.40816e-05
-2.00285e-05
-0.000129277
-3.57734e-06
-0.000185106
-3.33555e-05
-0.000256416
-3.31434e-05
-0.000313855
-2.89958e-05
-0.000280691
-1.68971e-05
-0.000272286
-0.000108875
0.000113311
6.43288e-06
9.402e-05
2.94398e-05
9.07763e-05
3.73396e-05
9.36218e-05
4.3639e-05
6.96427e-05
3.59578e-05
7.02657e-05
1.75953e-05
6.71185e-05
1.25038e-05
6.61943e-05
5.25023e-06
0.000110579
-1.063e-05
9.17659e-05
4.30992e-05
9.77212e-05
4.08225e-05
0.000107079
-4.34397e-05
3.36464e-05
-5.58447e-05
1.35289e-05
-0.000164988
-1.86959e-05
-0.000224191
-2.62099e-05
-0.000306341
-1.52365e-05
-0.000291664
-1.24923e-05
-0.00027503
-0.000121367
5.95365e-05
1.82561e-05
8.0793e-05
8.1833e-06
9.0183e-05
2.79496e-05
0.000100518
3.33036e-05
0.000119347
1.7129e-05
0.000117962
1.89805e-05
0.000109744
2.07215e-05
0.000111567
3.42733e-06
9.03397e-05
1.05972e-05
0.000104456
2.89827e-05
0.000146553
-1.27433e-06
0.000119613
-1.64998e-05
0.000127427
-6.36584e-05
4.05106e-05
-7.80721e-05
6.88237e-06
-0.000190563
-5.82028e-06
-0.000293639
-7.97888e-06
-0.000289506
-7.67132e-06
-0.000275338
-0.000129038
0.00010898
-8.14859e-06
9.132e-05
2.58436e-05
7.966e-05
3.96095e-05
9.41861e-05
1.87775e-05
7.27302e-05
3.85849e-05
7.8519e-05
1.31918e-05
0.000109719
-1.04786e-05
0.000113784
-6.37565e-07
9.9535e-05
2.4846e-05
0.000139541
-1.10232e-05
0.000132257
6.00981e-06
0.000110574
5.18277e-06
6.69827e-05
-2.00669e-05
7.12919e-05
-8.23813e-05
1.17071e-05
-0.000130978
-5.02803e-07
-0.000281429
-8.2715e-06
-0.000281737
-7.14629e-06
-0.000276463
-0.000136185
6.00011e-05
-1.3225e-06
5.64731e-05
2.93715e-05
9.2548e-05
3.53459e-06
0.000101207
1.01186e-05
0.000119569
2.0223e-05
0.000121045
1.17149e-05
0.000116434
-5.86775e-06
0.000116103
-3.05942e-07
0.000131526
9.42307e-06
0.000101743
1.87599e-05
0.00011906
-1.13076e-05
0.00011734
6.90239e-06
0.000111286
-1.40126e-05
7.23876e-05
-4.34828e-05
1.90795e-05
-7.767e-05
1.02134e-06
-0.00026337
-2.77687e-06
-0.000277939
-5.69605e-06
-0.000273544
-0.000141881
7.18151e-05
2.40944e-06
9.78011e-05
3.38551e-06
9.8031e-05
3.30457e-06
0.000112635
-4.48506e-06
0.000124161
8.69676e-06
0.000118686
1.719e-05
0.000119687
-6.86941e-06
0.000117479
1.90248e-06
0.000126004
8.97975e-07
0.000114425
3.03391e-05
0.00010585
-2.73263e-06
0.000102387
1.03654e-05
7.33789e-05
1.49954e-05
6.71159e-05
-3.72198e-05
9.35826e-05
-0.000104137
5.64906e-06
-0.000175437
-5.77067e-07
-0.000271713
-4.41361e-06
-0.000269707
-0.000146294
0.000100925
-2.54098e-05
9.81667e-05
6.144e-06
0.000100226
1.24504e-06
7.98777e-05
1.58633e-05
8.51399e-05
3.43456e-06
0.00011821
-1.58806e-05
0.000117798
-6.45675e-06
0.000119771
-7.11873e-08
9.05033e-05
3.0166e-05
0.000122637
-1.79458e-06
0.000114112
5.79263e-06
8.56402e-05
3.88369e-05
7.8075e-05
2.25606e-05
3.53397e-05
5.51549e-06
5.05417e-05
-0.000119339
1.82099e-05
-0.000143105
4.6455e-06
-0.000258148
3.73006e-08
-0.000265099
-0.000146257
7.24869e-05
-3.05885e-05
0.000106504
-2.78732e-05
0.000107733
1.65175e-08
0.000122792
8.03595e-07
0.000128363
-2.13673e-06
0.000126972
-1.44895e-05
0.000140053
-1.95374e-05
0.000130703
9.27822e-06
0.000123774
3.70958e-05
0.000118352
3.62684e-06
6.99274e-05
5.42175e-05
9.52949e-05
1.34694e-05
7.09033e-05
4.69522e-05
9.49739e-05
-1.85551e-05
6.10527e-05
-8.54176e-05
1.83177e-05
-0.00010037
7.65176e-06
-0.000247482
8.50559e-07
-0.000258298
-0.000145407
0.000114439
-1.51376e-05
0.00010776
-2.11944e-05
0.000110545
-2.76827e-06
0.000123022
-1.16733e-05
0.000125158
-4.27306e-06
0.000126884
-1.6216e-05
8.59684e-05
2.13786e-05
6.9839e-05
2.54076e-05
9.71202e-05
9.81457e-06
7.17331e-05
2.9014e-05
6.58088e-05
6.01418e-05
5.41294e-05
2.51487e-05
7.74914e-05
2.35902e-05
5.14061e-05
7.53022e-06
2.11199e-05
-5.51314e-05
3.26216e-05
-0.000111872
1.87293e-05
-0.00023359
2.13341e-06
-0.000241702
-0.000143273
6.69428e-05
-2.42124e-05
7.63998e-05
-3.06514e-05
0.000111687
-3.8055e-05
0.000109497
-9.4838e-06
0.00011252
-7.29654e-06
8.70305e-05
9.27399e-06
9.39644e-05
1.44447e-05
0.000132467
-1.30946e-05
0.000126533
1.57484e-05
0.000136551
1.89959e-05
0.000128522
6.81705e-05
0.000117208
3.6463e-05
0.000108923
3.18747e-05
7.65005e-05
3.99529e-05
7.05411e-05
-4.91719e-05
9.2075e-05
-0.000133406
1.45339e-05
-0.000156049
-2.40038e-07
-0.000226928
-0.000143513
9.97829e-05
-1.81039e-05
0.00010956
-4.04281e-05
0.000102377
-3.08721e-05
0.000114643
-2.17501e-05
0.000133687
-2.63403e-05
0.000148936
-5.97579e-06
0.000140534
2.2847e-05
0.000136398
-8.95809e-06
0.000133704
1.84423e-05
8.62995e-05
6.64002e-05
0.000128329
2.61406e-05
0.00011593
4.88623e-05
0.000110344
3.74605e-05
9.69784e-05
5.33189e-05
5.27404e-05
-4.934e-06
6.40402e-05
-0.000144705
2.38411e-05
-0.00011585
3.33767e-06
-0.000206425
-0.000140175
0.000105226
-4.91611e-05
0.000106346
-4.15478e-05
0.000125469
-4.99951e-05
0.000147251
-4.35318e-05
0.000150909
-2.99986e-05
0.000150263
-5.32958e-06
0.000127983
4.51264e-05
9.42953e-05
2.47301e-05
9.13975e-05
2.134e-05
0.000137156
2.06419e-05
0.000115642
4.76543e-05
0.000127025
3.74792e-05
8.53819e-05
7.91039e-05
7.37945e-05
6.49063e-05
5.98128e-05
9.04766e-06
2.71903e-05
-0.000112083
3.16186e-05
-0.000120278
8.29849e-06
-0.000183104
-0.000131877
9.36671e-05
-7.3053e-05
9.93992e-05
-4.728e-05
0.000107039
-5.76348e-05
8.41813e-05
-2.06742e-05
0.00011134
-5.71574e-05
0.00011631
-1.02991e-05
0.00014491
1.6526e-05
0.000152233
1.74072e-05
0.000147897
2.56761e-05
0.000131923
3.66155e-05
0.000118894
6.0684e-05
8.6697e-05
6.96758e-05
0.000104867
6.09338e-05
0.000101682
6.80916e-05
9.02063e-05
2.05232e-05
8.41408e-05
-0.000106017
2.38134e-05
-5.99507e-05
1.59387e-05
-0.00017523
-0.000115938
9.55093e-05
-4.50443e-05
0.000106909
-5.868e-05
8.14827e-05
-3.22083e-05
0.000148622
-8.78136e-05
0.000112319
-2.08542e-05
0.000125547
-2.35268e-05
0.000152258
-1.0185e-05
0.000155615
1.40498e-05
0.000157889
2.34018e-05
0.000161644
3.28609e-05
0.000160664
6.16642e-05
0.000158946
7.13939e-05
9.88386e-05
0.000121041
0.000109697
5.72333e-05
7.94356e-05
5.07845e-05
6.18199e-05
-8.84017e-05
7.864e-05
-7.67708e-05
7.86633e-06
-0.000104456
-0.000108072
6.87054e-05
-3.65245e-05
0.000112684
-0.000102659
0.000126856
-4.63799e-05
8.82865e-05
-4.92446e-05
0.000119871
-5.2439e-05
0.000138267
-4.19223e-05
0.000186324
-5.82418e-05
0.000199032
1.34152e-06
0.000220199
2.23515e-06
0.000195898
5.71615e-05
0.000151251
0.000106311
0.000140384
8.22611e-05
0.000178821
8.26041e-05
0.000106365
0.000129689
7.82693e-05
7.88805e-05
2.02905e-05
-3.0423e-05
3.68708e-05
-9.33511e-05
1.30577e-05
-8.0643e-05
-9.50142e-05
7.68534e-05
-5.4235e-05
0.000116237
-0.000142042
0.000130449
-6.05924e-05
0.000182189
-0.000100985
0.000196476
-6.67252e-05
0.000194412
-3.98584e-05
0.000173949
-3.77791e-05
0.000185584
-1.02932e-05
0.000164214
2.36054e-05
0.000157365
6.40098e-05
0.000163752
9.99248e-05
0.000142475
0.000103538
0.000109705
0.000115374
0.00010547
0.000133923
9.97438e-05
8.46071e-05
4.52938e-05
2.4027e-05
1.42393e-05
-6.22966e-05
3.64759e-05
-0.00010288
-5.85383e-05
9.3184e-05
-6.93211e-05
7.53317e-05
-0.00012419
0.000152359
-0.00013762
0.000171104
-0.00011973
0.000206657
-0.000102278
0.000211951
-4.51523e-05
0.000218972
-4.48001e-05
0.000218977
-1.0299e-05
0.000162068
8.05153e-05
0.000161103
6.49741e-05
0.000162095
9.89327e-05
0.000157214
0.00010842
0.000111671
0.000160916
0.000124782
0.000120812
0.000131662
7.77276e-05
0.00010082
5.48686e-05
6.13564e-05
-2.28331e-05
1.48722e-05
-5.63953e-05
-4.36661e-05
5.91534e-05
-6.77443e-05
7.42059e-05
-0.000139242
0.000117994
-0.000181408
0.000143843
-0.000145579
9.67751e-05
-5.521e-05
0.000158413
-0.000106791
0.000157306
-4.36924e-05
0.000124446
2.25608e-05
0.000164715
4.02466e-05
0.000180496
4.91931e-05
0.000241165
3.82639e-05
0.000220226
0.000129358
0.000193075
0.000188068
0.000113381
0.000200506
8.86411e-05
0.000102468
7.40085e-05
6.95011e-05
7.04659e-05
-1.92905e-05
4.50413e-05
-3.09706e-05
1.37514e-06
5.50031e-05
-7.99314e-05
0.000114994
-0.000199233
6.42318e-05
-0.000130646
5.48596e-05
-0.000136206
9.29452e-05
-9.32957e-05
7.64263e-05
-9.02717e-05
0.000131123
-9.8389e-05
0.000165071
-1.1387e-05
0.000128359
7.69584e-05
0.000136859
4.06931e-05
0.000118535
5.65878e-05
0.000116448
0.000131445
0.00013495
0.000169566
0.000238886
9.657e-05
0.000201144
0.00014021
0.000134743
0.000135902
8.77478e-05
2.77051e-05
5.09304e-05
5.84672e-06
5.23056e-05
3.65705e-05
-9.05674e-05
5.26903e-05
-0.000215353
6.03574e-05
-0.000138313
5.15964e-05
-0.000127445
7.98233e-05
-0.000121523
8.26874e-05
-9.31358e-05
4.4884e-05
-6.05856e-05
5.9349e-05
-2.5852e-05
9.23316e-05
4.39758e-05
0.000110306
2.27183e-05
0.00011575
5.11437e-05
0.000200271
4.69245e-05
0.00022148
0.000148357
0.000140645
0.000177405
0.000138784
0.000142071
0.000185989
8.86963e-05
0.000146264
6.74298e-05
0.000140994
1.11173e-05
0.000193299
4.27546e-05
-7.28015e-08
1.34331e-05
1.4332e-05
1.79452e-05
3.03304e-05
2.60256e-05
4.53398e-05
8.70817e-05
0.000113943
0.000145445
0.000149287
0.000189493
0.000233564
0.00026373
0.000223427
0.000238996
0.000316533
)
;

boundaryField
{
    leftWall
    {
        type            calculated;
        value           uniform 0;
    }
    rightWall
    {
        type            calculated;
        value           uniform 0;
    }
    lowerWall
    {
        type            calculated;
        value           uniform 0;
    }
    atmosphere
    {
        type            calculated;
        value           nonuniform List<scalar> 
46
(
2.14153e-05
2.03815e-05
1.89578e-05
2.05018e-05
1.71044e-05
1.96173e-05
1.47637e-05
1.81843e-05
1.27609e-05
1.83703e-05
1.25538e-05
1.36811e-05
3.29943e-06
1.12759e-05
3.7298e-06
3.49491e-06
-2.31585e-06
-3.74697e-06
-2.35834e-05
-2.71064e-05
-3.92608e-05
-6.33401e-05
-5.42417e-05
-3.25447e-05
-3.8594e-05
-3.96872e-05
-4.11404e-05
-0.000118207
-0.000172525
-0.000151819
-0.000128344
-0.000125136
-0.000105521
-5.62808e-05
-4.51663e-05
2.23398e-06
-4.14285e-06
1.96418e-05
4.3082e-05
0.000108151
0.000133334
0.000111906
0.000128999
5.18607e-05
-6.64201e-05
0.000509832
)
;
    }
    defaultFaces
    {
        type            empty;
    }
}


// ************************************************************************* //
