/*--------------------------------*- C++ -*----------------------------------*\
| =========                 |                                                 |
| \\      /  F ield         | foam-extend: Open Source CFD                    |
|  \\    /   O peration     | Version:     4.1                                |
|   \\  /    A nd           | Web:         http://www.foam-extend.org         |
|    \\/     M anipulation  |                                                 |
\*---------------------------------------------------------------------------*/
FoamFile
{
    version     2.0;
    format      ascii;
    class       volVectorField;
    location    "0.55";
    object      U_0;
}
// * * * * * * * * * * * * * * * * * * * * * * * * * * * * * * * * * * * * * //

dimensions      [0 1 -1 0 0 0 0];

internalField   nonuniform List<vector> 
2268
(
(0.0436778 -0.00566009 0)
(0.0475434 -0.00324104 0)
(0.0987569 -0.00374637 0)
(0.115422 -0.00481562 0)
(0.160875 -0.000744291 0)
(0.173066 -0.00325929 0)
(0.186812 0.000621559 0)
(0.180109 0.00274523 0)
(0.17064 0.00370559 0)
(0.127993 0.0141229 0)
(0.0761968 -0.0245116 0)
(0.080697 -0.0123727 0)
(0.087748 -0.0136003 0)
(0.0886621 -0.00988704 0)
(0.0885775 -0.00954742 0)
(0.0777901 -0.00947677 0)
(0.0785453 -0.0161723 0)
(0.0747417 -0.00946342 0)
(0.0535741 -0.017382 0)
(0.0451024 0.00302765 0)
(0.0394582 0.0125233 0)
(0.0174114 0.00480285 0)
(0.0333822 -0.00525206 0)
(0.0405479 -0.015764 0)
(0.0469894 -0.00988164 0)
(0.10067 -0.0120802 0)
(0.118417 -0.00974496 0)
(0.159111 -0.0128438 0)
(0.173149 -0.00263019 0)
(0.193032 -0.00216472 0)
(0.185889 0.0035312 0)
(0.179146 0.0107363 0)
(0.150756 0.010383 0)
(0.105424 -0.00406926 0)
(0.109228 0.00443229 0)
(0.104394 0.00430675 0)
(0.101384 0.00979898 0)
(0.100332 0.0144261 0)
(0.0854289 0.0192539 0)
(0.0904891 0.0167885 0)
(0.104145 0.0205544 0)
(0.0864157 0.0304338 0)
(0.0613403 0.00424743 0)
(0.019199 0.0107455 0)
(0.0188792 0.0298342 0)
(0.051319 0.0156853 0)
(0.0326768 -0.0261671 0)
(0.0436614 -0.0174821 0)
(0.102594 -0.0203943 0)
(0.12493 -0.0185041 0)
(0.154203 -0.0135726 0)
(0.184076 -0.0112145 0)
(0.197023 -0.00197166 0)
(0.192583 0.0103504 0)
(0.189752 0.0258515 0)
(0.128996 -0.0319256 0)
(0.0949691 -0.00583146 0)
(0.0946168 -0.00522344 0)
(0.0884837 -0.00805066 0)
(0.0774672 -0.00426683 0)
(0.0762805 -0.00158617 0)
(0.0641317 0.00172665 0)
(0.0734649 0.022635 0)
(0.0798024 0.0079241 0)
(0.0744507 0.0158447 0)
(0.0608248 0.0062654 0)
(0.0491187 0.0164632 0)
(0.015173 0.0167169 0)
(0.0402432 0.011341 0)
(0.0261286 -0.0336354 0)
(0.0423371 -0.02658 0)
(0.108921 -0.0310242 0)
(0.128381 -0.0219097 0)
(0.163658 -0.026679 0)
(0.193735 -0.0122222 0)
(0.191279 -0.00482295 0)
(0.19961 0.00701634 0)
(0.175953 0.0141805 0)
(0.114746 -0.0167099 0)
(0.104065 0.00915858 0)
(0.0665377 0.0116147 0)
(0.0452198 0.0163277 0)
(0.0221444 0.02227 0)
(0.0248803 0.020302 0)
(0.0195977 0.0090264 0)
(0.0299632 0.0387006 0)
(0.0265474 0.00446046 0)
(0.0384454 0.0164059 0)
(0.0334176 0.0106885 0)
(0.0325281 0.033534 0)
(0.013199 0.0223404 0)
(0.0437802 0.0266448 0)
(0.0254517 -0.0421684 0)
(0.0459041 -0.0370952 0)
(0.11281 -0.0404808 0)
(0.131625 -0.0313175 0)
(0.173898 -0.0294535 0)
(0.187224 -0.017898 0)
(0.185687 -0.00202238 0)
(0.204411 0.0152658 0)
(0.15612 -0.0290349 0)
(0.0823529 -0.000797735 0)
(0.0664795 0.0170364 0)
(0.0260182 0.0209574 0)
(0.00823096 0.0307946 0)
(-0.0119142 0.0161971 0)
(-0.0197631 0.0206349 0)
(-0.0284118 0.000897351 0)
(-0.0260379 0.0181141 0)
(-0.0304412 0.00959883 0)
(-0.028883 0.00993669 0)
(-0.0155588 0.00664793 0)
(0.0085246 0.0231049 0)
(-0.00870936 0.0289749 0)
(0.0383561 0.0248134 0)
(0.0316863 -0.0502114 0)
(0.0546449 -0.0473858 0)
(0.117677 -0.0507574 0)
(0.136077 -0.0367002 0)
(0.172819 -0.0395872 0)
(0.185726 -0.0139233 0)
(0.20325 -0.0121593 0)
(0.172343 0.00746494 0)
(0.0927218 -0.00824807 0)
(0.0618904 0.0248564 0)
(0.0286099 0.0359908 0)
(-0.00905852 0.0389239 0)
(-0.0216283 0.0524974 0)
(-0.0387892 0.0477205 0)
(-0.0380035 0.0335316 0)
(-0.053437 0.0117546 0)
(-0.0511546 0.0367525 0)
(-0.0603041 0.000291778 0)
(-0.0652864 0.0352734 0)
(-0.0731639 0.00464854 0)
(-0.0225684 0.0279283 0)
(-0.0178287 0.0148022 0)
(0.0327869 0.0323876 0)
(0.0361728 -0.062711 0)
(0.0594333 -0.0577297 0)
(0.118312 -0.0596107 0)
(0.134496 -0.04475 0)
(0.176625 -0.0410975 0)
(0.191932 -0.0261188 0)
(0.176891 0.00540819 0)
(0.122951 -0.0258365 0)
(0.0620415 0.0177273 0)
(0.0381413 0.0321371 0)
(0.00589773 0.048858 0)
(-0.0221967 0.0451438 0)
(-0.0294673 0.0552685 0)
(-0.047245 0.034881 0)
(-0.0757368 0.0340097 0)
(-0.0670972 0.00934781 0)
(-0.0741384 0.0255589 0)
(-0.07463 -0.00767216 0)
(-0.0731854 0.00657191 0)
(-0.0811368 0.00101388 0)
(-0.0463317 0.0182113 0)
(-0.0436195 0.0177817 0)
(0.0352306 0.0281853 0)
(0.0369773 -0.0718897 0)
(0.0592904 -0.0663234 0)
(0.120439 -0.0671321 0)
(0.137863 -0.0507434 0)
(0.176737 -0.0538253 0)
(0.197016 -0.0123209 0)
(0.155326 0.000779493 0)
(0.0873007 -0.00450645 0)
(0.0600858 0.0349963 0)
(0.0217233 0.0498875 0)
(-0.0124085 0.0651244 0)
(-0.0408003 0.0559744 0)
(-0.0576116 0.0742023 0)
(-0.0639536 0.0300975 0)
(-0.0748344 0.0512709 0)
(-0.0743295 0.0101312 0)
(-0.07805 0.00388849 0)
(-0.0865339 -0.00613053 0)
(-0.0795742 -0.0126238 0)
(-0.0911494 0.0192166 0)
(-0.0550293 -0.00916724 0)
(-0.0584713 -0.00689735 0)
(0.0271699 0.0273387 0)
(-1.80777 0.406045 0)
(-2.10498 0.176823 0)
(-2.13775 -0.0507258 0)
(-2.02384 -0.120478 0)
(-1.89158 -0.1043 0)
(-1.67544 -0.1324 0)
(-1.55254 -0.051795 0)
(-1.49909 -0.0312326 0)
(-1.71215 0.0640574 0)
(-1.87382 0.00498008 0)
(-1.8847 -0.0228903 0)
(-1.77209 -0.0911818 0)
(-1.71986 -0.081121 0)
(-1.66436 -0.141138 0)
(-1.71714 -0.195198 0)
(-1.81404 -0.118188 0)
(-1.35052 -0.00584495 0)
(-1.0619 -0.384512 0)
(-0.300435 -0.116943 0)
(-1.6023 0.550631 0)
(-1.48294 0.526358 0)
(-0.975497 0.124911 0)
(-1.07122 -0.0955677 0)
(-1.08189 -0.198125 0)
(-0.907386 -0.0734338 0)
(-0.784519 -0.0478719 0)
(-1.09483 0.112943 0)
(-1.32462 0.152987 0)
(-1.43281 0.0803254 0)
(-1.47449 0.0556386 0)
(-1.4361 -0.00994545 0)
(-1.56269 -0.10844 0)
(-1.67825 -0.0730974 0)
(-1.6778 -0.256555 0)
(-1.81039 0.0268029 0)
(-1.57028 0.235843 0)
(-0.891353 -0.443959 0)
(-0.220824 -0.503214 0)
(-1.36946 0.931841 0)
(-0.831697 0.617021 0)
(-0.56329 -0.0519374 0)
(-0.886136 -0.152679 0)
(-0.929791 -0.206647 0)
(-0.679788 0.0731286 0)
(-0.386208 0.0124482 0)
(-0.508364 0.169959 0)
(-0.625767 0.121876 0)
(-0.558684 0.0335378 0)
(-0.596345 0.0251242 0)
(-0.64049 -0.0681886 0)
(-0.943629 -0.373939 0)
(-1.36215 -0.216221 0)
(-1.55011 -0.392343 0)
(-1.67708 -0.143878 0)
(-1.54109 0.0622943 0)
(-0.723647 -0.347533 0)
(-0.0937723 -0.631355 0)
(-1.12809 1.07042 0)
(-0.379314 0.620751 0)
(-0.340275 -0.0210586 0)
(-0.520612 -0.373263 0)
(-0.30589 -0.206425 0)
(-0.166331 -0.337214 0)
(0.205186 -0.130807 0)
(0.346471 0.421749 0)
(0.179246 0.221226 0)
(-0.0697908 0.0548808 0)
(-0.183546 0.102218 0)
(-0.228668 0.162949 0)
(-0.361653 -0.0828153 0)
(-0.589931 -0.186264 0)
(-1.00728 -0.192561 0)
(-1.07399 -0.060678 0)
(-1.00472 -0.198759 0)
(-0.780106 -0.307058 0)
(0.056584 -0.884181 0)
(-0.96481 1.16737 0)
(0.0524287 0.697975 0)
(0.0683123 0.0243389 0)
(-0.298482 -0.215277 0)
(0.0799318 -0.4299 0)
(0.191823 -0.530346 0)
(0.410668 -0.45657 0)
(0.601747 0.167457 0)
(0.717471 0.332388 0)
(0.487991 0.229768 0)
(0.0702707 0.076294 0)
(-0.187317 0.149581 0)
(-0.257792 -0.0193597 0)
(-0.392448 -0.110471 0)
(-0.793487 -0.166208 0)
(-0.941149 0.15157 0)
(-0.735352 -0.244897 0)
(-0.68689 -0.358171 0)
(0.116617 -1.11279 0)
(-0.788017 1.2386 0)
(0.709689 0.973979 0)
(0.381544 0.237315 0)
(-0.0689081 -0.199629 0)
(0.301845 -0.356077 0)
(0.299921 -0.611309 0)
(0.463098 -0.551029 0)
(0.560696 -0.0800105 0)
(0.923127 0.259935 0)
(0.916201 0.344194 0)
(0.54937 0.347776 0)
(-0.23008 0.193425 0)
(-0.356725 0.00334278 0)
(-0.418719 -0.124622 0)
(-0.708465 -0.146352 0)
(-0.830115 0.0310602 0)
(-0.618316 -0.235537 0)
(-0.633236 -0.416846 0)
(0.131087 -1.2245 0)
(-0.712399 1.23385 0)
(0.984267 0.775789 0)
(0.797238 0.187532 0)
(0.216915 -0.191492 0)
(0.358845 -0.330034 0)
(0.338195 -0.593612 0)
(0.553774 -0.425476 0)
(0.609633 -0.127049 0)
(0.864406 0.243852 0)
(1.1182 0.392396 0)
(1.04306 0.590116 0)
(0.443448 0.53574 0)
(-0.337903 0.152068 0)
(-0.121541 -0.00807659 0)
(-0.26106 -0.203556 0)
(-0.576226 -0.0150727 0)
(-0.314009 -0.239626 0)
(-0.497693 -0.534637 0)
(0.13512 -1.22398 0)
(-0.534699 1.28733 0)
(1.02822 0.52096 0)
(0.579792 0.135286 0)
(0.268651 -0.156246 0)
(0.404185 -0.341241 0)
(0.421209 -0.37329 0)
(0.56307 -0.371263 0)
(0.545102 -0.32652 0)
(0.634989 0.00313545 0)
(1.21205 0.368528 0)
(1.14376 0.713744 0)
(0.464042 0.673144 0)
(-0.187827 0.108363 0)
(-0.00733042 -0.192393 0)
(-0.0861446 -0.141897 0)
(-0.295881 0.0459297 0)
(-0.133629 -0.215007 0)
(-0.356478 -0.55636 0)
(0.153351 -1.18027 0)
(0.0354456 -0.0946965 0)
(0.0527204 -0.0857039 0)
(0.115171 -0.0855564 0)
(0.118708 -0.0645014 0)
(0.176254 -0.056818 0)
(0.139053 -0.029998 0)
(0.0837884 -0.0340429 0)
(0.0823697 0.0189848 0)
(0.0355947 0.0542233 0)
(0.0151511 0.0764866 0)
(-0.0227648 0.0829843 0)
(-0.0277317 0.0753407 0)
(-0.0544064 0.0781645 0)
(-0.0683202 0.0485782 0)
(-0.0814466 0.0429725 0)
(-0.0917631 0.010982 0)
(-0.0854844 0.00291139 0)
(-0.0946886 -0.00858793 0)
(-0.0824652 0.0113909 0)
(-0.092852 -0.0058693 0)
(-0.0824785 0.0151238 0)
(-0.0292417 -0.0195462 0)
(-0.0259083 0.00716194 0)
(0.0143801 -0.105582 0)
(0.00580292 -0.0990537 0)
(0.0440098 -0.0906711 0)
(0.0151179 -0.0766141 0)
(-0.00822094 -0.0606907 0)
(-0.0471359 -0.0664192 0)
(-0.039455 0.0628805 0)
(-0.0563525 0.0424777 0)
(-0.0343171 0.0996345 0)
(-0.0312682 0.0972797 0)
(-0.049862 0.102121 0)
(-0.0567942 0.0685371 0)
(-0.0682666 0.051803 0)
(-0.0626535 0.0494232 0)
(-0.0657049 0.0286492 0)
(-0.0634838 0.0148142 0)
(-0.0663371 -0.00192067 0)
(-0.0611366 0.00256452 0)
(-0.069357 -0.031621 0)
(-0.0680523 -0.0297267 0)
(-0.081222 -0.0549416 0)
(-0.0179916 -0.0165377 0)
(-0.0748127 0.0062318 0)
(-0.00379061 -0.105461 0)
(-0.0156021 -0.101332 0)
(-0.0288309 -0.0870388 0)
(-0.0453689 -0.0514752 0)
(-0.0935274 -0.00503809 0)
(-0.195988 0.00637091 0)
(-0.304926 -0.00450809 0)
(-0.229747 0.0557558 0)
(-0.203249 0.126449 0)
(-0.15502 0.105869 0)
(-0.138087 0.101394 0)
(-0.124173 0.108234 0)
(-0.0884366 0.0710839 0)
(-0.0703969 0.0565909 0)
(-0.0756151 0.0385712 0)
(-0.0782875 0.0138146 0)
(-0.0591965 0.00186475 0)
(-0.0815705 -0.00992573 0)
(-0.0748409 -0.0405672 0)
(-0.0611576 -0.048011 0)
(-0.0633173 -0.0597543 0)
(0.015516 -0.0200689 0)
(0.000466023 0.0218166 0)
(-0.0108959 -0.0945911 0)
(-0.0272816 -0.0839314 0)
(-0.0570053 -0.0437694 0)
(-0.0761565 -0.0162108 0)
(-0.202771 -0.0286634 0)
(-0.300083 0.0460549 0)
(-0.397381 0.0963664 0)
(-0.313476 0.121671 0)
(-0.28383 0.05614 0)
(-0.296434 0.090572 0)
(-0.23908 0.0615799 0)
(-0.28321 0.108987 0)
(-0.222495 0.0838795 0)
(-0.130531 0.0345613 0)
(-0.119007 0.0415734 0)
(-0.114581 0.000799832 0)
(-0.101043 -0.00646325 0)
(-0.105949 -0.0433959 0)
(-0.0888834 -0.0132782 0)
(-0.0701982 -0.0472573 0)
(-0.0555198 -0.0451415 0)
(0.0117376 -0.0449169 0)
(-0.00563971 -0.0186931 0)
(-0.0157616 -0.0803469 0)
(-0.0355899 -0.051128 0)
(-0.094752 -0.0265362 0)
(-0.16366 0.0463711 0)
(-0.316606 0.036943 0)
(-0.295932 0.138654 0)
(-0.354595 0.145279 0)
(-0.375438 0.186128 0)
(-0.38035 0.0519443 0)
(-0.431785 0.0397664 0)
(-0.413539 -0.0392544 0)
(-0.382843 -0.0490226 0)
(-0.345192 0.0562065 0)
(-0.261943 -0.021906 0)
(-0.297469 0.0126102 0)
(-0.329992 -0.0033329 0)
(-0.23791 -0.0142773 0)
(-0.178167 -0.0261316 0)
(-0.0970541 -0.0521696 0)
(-0.136228 -0.0966886 0)
(-0.0691968 -0.142908 0)
(0.0627259 -0.0763158 0)
(0.0365343 -0.0421917 0)
(-0.0171161 -0.0389485 0)
(-0.0944251 -0.0126578 0)
(-0.113659 -0.0145502 0)
(-0.222767 0.104435 0)
(-0.405627 0.143897 0)
(-0.384773 0.237624 0)
(-0.279352 0.147946 0)
(-0.282318 0.171661 0)
(-0.259235 0.111855 0)
(-0.428223 0.0614964 0)
(-0.414038 0.015817 0)
(-0.320666 -0.0203211 0)
(-0.458157 -0.0348492 0)
(-0.350357 -0.0466216 0)
(-0.229103 -0.146442 0)
(-0.260639 -0.043534 0)
(-0.170417 -0.0660894 0)
(-0.180277 0.0144709 0)
(-0.121856 -0.0723899 0)
(-0.191073 -0.152912 0)
(-0.126434 -0.123394 0)
(-0.155154 -0.0869272 0)
(-0.134615 -0.0420908 0)
(-0.0323104 0.0294938 0)
(-0.164678 0.0573226 0)
(-0.180625 0.0764603 0)
(-0.201042 0.110537 0)
(-0.291495 0.254314 0)
(-0.274839 0.300108 0)
(-0.277618 0.249228 0)
(-0.272769 0.160222 0)
(-0.292366 0.0898397 0)
(-0.333346 0.00351964 0)
(-0.356259 0.162895 0)
(-0.266293 -0.0598339 0)
(-0.279551 -0.147516 0)
(-0.360791 0.0370437 0)
(-0.222021 -0.179351 0)
(-0.149717 -0.0885455 0)
(-0.152451 -0.0821111 0)
(-0.376851 -0.0947602 0)
(-0.4986 -0.113612 0)
(-0.530692 -0.11459 0)
(-0.525461 -0.12578 0)
(-0.532584 -0.167055 0)
(-0.54083 -0.113211 0)
(-0.0212115 0.0886858 0)
(-0.168168 0.133693 0)
(-0.235165 0.213116 0)
(-0.132992 0.152993 0)
(-0.19892 0.248791 0)
(-0.222563 0.25095 0)
(-0.22023 0.225643 0)
(-0.2484 0.183625 0)
(-0.280015 0.185213 0)
(-0.198858 0.159184 0)
(-0.264246 0.139411 0)
(-0.228819 -0.0680025 0)
(-0.430641 -0.162687 0)
(-0.41605 -0.288195 0)
(-0.430593 -0.0836761 0)
(-0.58226 -0.0524486 0)
(-1.25695 0.0660671 0)
(-1.54828 0.148801 0)
(-1.50286 0.218965 0)
(-0.979911 -0.0656303 0)
(-0.837565 -0.175774 0)
(-0.802139 -0.155707 0)
(-0.834716 -0.0586881 0)
(-0.0191653 0.188544 0)
(-0.119398 0.131462 0)
(-0.240062 0.197987 0)
(-0.165991 0.197724 0)
(-0.0949987 0.181975 0)
(-0.0863216 0.231374 0)
(-0.106865 0.194178 0)
(-0.122212 0.20794 0)
(-0.191635 0.287387 0)
(-0.347647 0.285019 0)
(-0.491578 0.104858 0)
(-0.597682 0.0334384 0)
(-0.998101 -0.0314728 0)
(-1.33211 0.251262 0)
(-1.53543 0.244982 0)
(-1.61846 0.318526 0)
(-1.47294 0.134948 0)
(-1.35779 0.0399158 0)
(-1.25949 -0.139749 0)
(-1.2303 -0.201874 0)
(-1.20371 -0.239625 0)
(-1.19168 -0.209186 0)
(-1.49512 -0.188447 0)
(-0.0845762 0.23665 0)
(-0.136396 0.160786 0)
(-0.212623 0.164319 0)
(-0.167478 0.196732 0)
(-0.154671 0.166005 0)
(-0.139582 0.236733 0)
(-0.0484742 0.316286 0)
(0.0463921 0.603068 0)
(-0.0624332 0.736334 0)
(-0.46085 0.787753 0)
(-0.729115 0.6632 0)
(-0.916357 0.652045 0)
(-1.12366 0.480575 0)
(-1.17343 0.478915 0)
(-1.10215 0.144842 0)
(-0.976669 -0.0163002 0)
(-1.01914 -0.230294 0)
(-1.10767 -0.312563 0)
(-1.12519 -0.30372 0)
(-1.11277 -0.247274 0)
(-1.08786 -0.210015 0)
(-1.14815 -0.181357 0)
(-1.22572 -0.224638 0)
(-0.120925 0.30511 0)
(-0.155077 0.225482 0)
(-0.198116 0.200558 0)
(-0.189405 0.0949378 0)
(-0.087645 -0.0568973 0)
(0.0513375 0.0729972 0)
(-0.0156326 -0.368768 0)
(-0.15466 -0.130688 0)
(-0.0238822 0.469274 0)
(-0.253999 0.573095 0)
(-0.351374 0.534338 0)
(-0.351691 0.49417 0)
(-0.358296 0.441995 0)
(-0.346766 0.426862 0)
(-0.387578 0.359173 0)
(-0.46316 0.341223 0)
(-0.598331 0.337135 0)
(-0.735226 0.297551 0)
(-0.847654 0.200562 0)
(-0.929306 0.0221135 0)
(-1.02271 -0.130675 0)
(-1.11379 -0.231442 0)
(-1.14885 -0.256063 0)
(-0.140224 0.391394 0)
(-0.169869 0.359071 0)
(-0.345514 0.27389 0)
(-0.532038 0.186592 0)
(-0.845699 0.0695599 0)
(-1.72195 0.228771 0)
(-2.4664 0.508764 0)
(-2.4795 0.6101 0)
(-2.2107 0.718587 0)
(-2.26881 0.79507 0)
(-2.31225 0.721986 0)
(-2.32178 0.472155 0)
(-2.32738 0.224683 0)
(-2.21387 0.0952542 0)
(-2.08047 0.013599 0)
(-1.98371 -0.0273442 0)
(-1.87177 -0.0744916 0)
(-1.74237 -0.148531 0)
(-1.62125 -0.207757 0)
(-1.49311 -0.273993 0)
(-1.40088 -0.356288 0)
(-1.32915 -0.414328 0)
(-1.28617 -0.426175 0)
(-0.121963 0.492631 0)
(-0.181019 0.521012 0)
(-0.37702 0.505854 0)
(-0.600867 0.629608 0)
(-1.16263 0.667702 0)
(-1.94504 0.637179 0)
(-2.45443 0.640005 0)
(-2.56871 0.581376 0)
(-2.40518 0.595812 0)
(-2.24227 0.778197 0)
(-2.1441 0.776453 0)
(-1.99628 0.626668 0)
(-1.73331 0.375964 0)
(-1.27208 0.19411 0)
(-0.819618 0.111086 0)
(-0.55792 0.140024 0)
(-0.41222 0.134924 0)
(-0.136555 0.048471 0)
(-0.0981501 -0.0907837 0)
(-0.0622933 -0.09652 0)
(-0.0392857 -0.110392 0)
(-0.0377799 -0.154026 0)
(-0.131539 -0.210899 0)
(-0.0815293 0.663951 0)
(-0.0955266 0.628084 0)
(-0.232977 0.673537 0)
(-0.352834 0.949853 0)
(-0.614293 1.19672 0)
(-0.83528 1.1362 0)
(-1.43688 0.819521 0)
(-1.94316 0.685307 0)
(-1.87697 0.53433 0)
(-1.58023 0.52467 0)
(-1.48181 0.408827 0)
(-1.1114 0.225558 0)
(-0.903842 -0.367696 0)
(-0.545369 -0.639743 0)
(-0.458991 -0.586384 0)
(-0.33582 -0.399433 0)
(-0.120311 -0.392534 0)
(-0.133339 -0.360648 0)
(-0.11898 -0.307443 0)
(-0.18135 -0.302838 0)
(-0.253697 -0.317328 0)
(-0.466739 -0.293886 0)
(-0.74689 -0.215306 0)
(-0.0496542 0.700036 0)
(-0.0621215 0.678221 0)
(-0.0819927 0.745043 0)
(-0.0720835 0.834623 0)
(0.118417 1.1824 0)
(0.296376 1.56996 0)
(-0.154252 1.38977 0)
(-0.53438 0.933698 0)
(-0.742368 1.00055 0)
(-0.0717409 0.616991 0)
(-0.474928 0.573273 0)
(-0.0658801 0.0633228 0)
(-0.0316573 -0.332324 0)
(0.0519644 -0.509873 0)
(-0.0217418 -0.460487 0)
(-0.0370031 -0.403275 0)
(0.00639551 -0.473232 0)
(-0.0394295 -0.398254 0)
(-0.0865166 -0.352145 0)
(-0.154128 -0.229362 0)
(-0.156737 -0.0210906 0)
(-0.394931 0.176862 0)
(-0.637973 0.0564982 0)
(-0.011276 0.787358 0)
(0.0259498 0.731812 0)
(-0.106684 0.825927 0)
(0.0518694 0.860946 0)
(0.340007 1.02862 0)
(0.484167 1.09751 0)
(0.514645 1.2842 0)
(0.569137 0.978049 0)
(0.464275 0.782387 0)
(0.851533 0.319166 0)
(0.731493 0.396044 0)
(0.791758 0.120798 0)
(0.697263 -0.322384 0)
(0.427963 -0.567125 0)
(0.271532 -0.482375 0)
(0.201905 -0.397681 0)
(0.188415 -0.330236 0)
(0.105585 -0.248642 0)
(0.0650224 -0.184332 0)
(0.0504794 -0.0480212 0)
(0.00789074 0.147318 0)
(0.167402 0.260224 0)
(0.0135307 0.194115 0)
(-0.0266253 0.800692 0)
(0.0330901 0.73855 0)
(0.00767123 0.751074 0)
(0.174934 1.00108 0)
(0.27482 0.977361 0)
(0.428699 0.960398 0)
(0.53175 1.00683 0)
(0.769902 0.92285 0)
(0.821746 0.614499 0)
(1.19633 0.372423 0)
(1.17359 0.317215 0)
(0.971627 0.209578 0)
(0.843508 -0.12026 0)
(0.583565 -0.26964 0)
(0.408189 -0.282671 0)
(0.260338 -0.224317 0)
(0.256633 -0.224915 0)
(0.178965 -0.192984 0)
(0.193491 -0.179123 0)
(0.24673 -0.107376 0)
(0.213589 -0.0161894 0)
(0.399495 0.259853 0)
(0.435403 0.194861 0)
(0.0028275 0.755363 0)
(-0.0220318 0.744132 0)
(0.0408555 0.788207 0)
(0.299345 0.932675 0)
(0.312644 0.865523 0)
(0.389949 0.900106 0)
(0.498746 0.784484 0)
(0.64027 0.827066 0)
(0.838958 0.67749 0)
(1.1382 0.545347 0)
(1.10043 0.251521 0)
(0.876428 0.089006 0)
(0.575285 0.0548005 0)
(0.548493 -0.0234918 0)
(0.385766 -0.151687 0)
(0.251311 -0.13487 0)
(0.257549 -0.110191 0)
(0.224859 -0.097837 0)
(0.248537 -0.0936148 0)
(0.304179 -0.071543 0)
(0.385675 -0.0441163 0)
(0.412329 0.0710986 0)
(0.438315 0.0391927 0)
(0.0375381 0.759502 0)
(0.076188 0.718806 0)
(0.188996 0.824784 0)
(0.221861 0.847913 0)
(0.19772 0.762833 0)
(0.302616 0.712417 0)
(0.47323 0.759821 0)
(0.658423 0.789468 0)
(0.812241 0.757359 0)
(0.872743 0.508985 0)
(0.772687 0.258164 0)
(0.671788 0.0959216 0)
(0.627012 0.0461115 0)
(0.473667 0.0504263 0)
(0.42082 0.0468164 0)
(0.353652 -0.0293704 0)
(0.336501 -0.0387757 0)
(0.266172 -0.0548759 0)
(0.274612 -0.0710628 0)
(0.327916 -0.0791357 0)
(0.30188 -0.0675703 0)
(0.387607 -0.128379 0)
(0.431575 0.00559511 0)
(0.0216995 0.688094 0)
(0.0678924 0.616422 0)
(0.119754 0.784968 0)
(0.16578 0.533262 0)
(0.192823 0.650008 0)
(0.371855 0.684418 0)
(0.517793 0.739243 0)
(0.662108 0.682311 0)
(0.740165 0.563439 0)
(0.599986 0.402097 0)
(0.59595 0.261316 0)
(0.552382 0.201462 0)
(0.507365 0.188888 0)
(0.582663 0.114186 0)
(0.409768 -0.0494818 0)
(0.264043 0.038643 0)
(0.312946 -0.0238268 0)
(0.290442 -0.0547649 0)
(0.32241 -0.124594 0)
(0.338156 -0.07894 0)
(0.27743 -0.0927904 0)
(0.421894 -0.117231 0)
(0.454874 -0.0135911 0)
(0.0504659 0.746809 0)
(0.216232 0.559641 0)
(0.0598585 0.646888 0)
(0.0779335 0.597242 0)
(0.267814 0.690899 0)
(0.354349 0.69465 0)
(0.434819 0.606433 0)
(0.487351 0.509974 0)
(0.601471 0.410846 0)
(0.725433 0.26567 0)
(0.58277 0.218231 0)
(0.533631 0.226864 0)
(0.499523 0.301461 0)
(0.367559 0.173984 0)
(0.443053 -0.0146018 0)
(0.415515 -0.0192998 0)
(0.307481 -0.0154751 0)
(0.286879 -0.0644797 0)
(0.372035 -0.0870462 0)
(0.402994 -0.139774 0)
(0.250456 -0.143998 0)
(0.334183 -0.0417591 0)
(0.436481 -0.131863 0)
(-0.122766 0.741308 0)
(0.056207 0.599645 0)
(0.171286 0.576932 0)
(0.210843 0.759202 0)
(0.218629 0.686219 0)
(0.224947 0.67373 0)
(0.337008 0.598791 0)
(0.51787 0.665542 0)
(0.616531 0.583747 0)
(0.566 0.395936 0)
(0.572228 0.255965 0)
(0.607519 0.262527 0)
(0.496359 0.258133 0)
(0.405765 0.109358 0)
(0.435982 0.104048 0)
(0.37889 -0.0355307 0)
(0.376031 0.012305 0)
(0.345919 -0.0227472 0)
(0.336032 0.0269607 0)
(0.311361 -0.125768 0)
(0.313619 -0.132638 0)
(0.348384 -0.0384673 0)
(0.378522 -0.0911211 0)
(-0.0393523 0.546321 0)
(0.121541 0.617028 0)
(0.193621 0.49879 0)
(0.180676 0.609486 0)
(0.17655 0.565402 0)
(0.229329 0.644384 0)
(0.357706 0.577932 0)
(0.507548 0.648519 0)
(0.45603 0.579309 0)
(0.463452 0.344598 0)
(0.471293 0.310665 0)
(0.498632 0.303333 0)
(0.426221 0.219701 0)
(0.355189 0.184345 0)
(0.470876 0.124912 0)
(0.520004 -0.0621746 0)
(0.456571 0.070392 0)
(0.427944 -0.0210478 0)
(0.352256 -0.0752351 0)
(0.269322 -0.11966 0)
(0.3115 -0.087073 0)
(0.27952 -0.0623231 0)
(0.386376 -0.103568 0)
(0.0628753 0.621412 0)
(0.160921 0.615907 0)
(0.167753 0.510082 0)
(0.233403 0.418054 0)
(0.218541 0.472055 0)
(0.222433 0.498933 0)
(0.323411 0.52343 0)
(0.514776 0.370849 0)
(0.465761 0.476794 0)
(0.390856 0.324301 0)
(0.494966 0.241608 0)
(0.492305 0.263933 0)
(0.39058 0.148171 0)
(0.408496 0.282334 0)
(0.353276 0.194843 0)
(0.4809 0.00157066 0)
(0.497581 0.0212592 0)
(0.344812 0.0450332 0)
(0.337037 -0.0973113 0)
(0.348039 -0.136242 0)
(0.345814 -0.126479 0)
(0.274293 -0.0753341 0)
(0.35102 0.00954878 0)
(0.0285424 0.803609 0)
(0.0761069 0.659545 0)
(0.0465147 0.641528 0)
(0.193683 0.499561 0)
(0.246882 0.489985 0)
(0.250432 0.49963 0)
(0.228823 0.531882 0)
(0.370729 0.454857 0)
(0.352126 0.316846 0)
(0.346975 0.331548 0)
(0.418763 0.294905 0)
(0.3553 0.232939 0)
(0.467076 0.234979 0)
(0.478096 0.222087 0)
(0.289089 0.1009 0)
(0.403051 0.10779 0)
(0.639456 -0.0528559 0)
(0.462366 -0.00593398 0)
(0.225306 -0.0850691 0)
(0.307835 -0.100992 0)
(0.44184 -0.0830618 0)
(0.405203 -0.0776843 0)
(0.432805 -0.000573695 0)
(0.0254187 0.685359 0)
(0.0538092 0.593583 0)
(0.0765185 0.594 0)
(0.083354 0.602015 0)
(0.206776 0.516091 0)
(0.264157 0.506093 0)
(0.244614 0.485141 0)
(0.243071 0.496129 0)
(0.316295 0.365789 0)
(0.378081 0.405791 0)
(0.368985 0.33655 0)
(0.346013 0.332831 0)
(0.388884 0.320382 0)
(0.396508 0.212679 0)
(0.336928 0.0986784 0)
(0.456068 0.189115 0)
(0.477576 0.0344141 0)
(0.355539 0.0160799 0)
(0.314733 -0.0546779 0)
(0.388727 -0.0871884 0)
(0.398793 -0.0972548 0)
(0.384767 -0.117597 0)
(0.422615 -0.0835321 0)
(0.0275819 0.619311 0)
(0.053053 0.547617 0)
(0.0917428 0.553326 0)
(0.118424 0.549145 0)
(0.167538 0.591503 0)
(0.190045 0.5033 0)
(0.208792 0.480852 0)
(0.239802 0.452021 0)
(0.268364 0.440589 0)
(0.281461 0.380337 0)
(0.312831 0.30424 0)
(0.304222 0.274276 0)
(0.354975 0.226075 0)
(0.342099 0.213908 0)
(0.389823 0.137208 0)
(0.481225 0.231493 0)
(0.491303 0.0370748 0)
(0.388963 0.0194021 0)
(0.195781 -0.0474756 0)
(0.318837 -0.0453597 0)
(0.45959 -0.216174 0)
(0.448715 -0.131255 0)
(0.465068 -0.074872 0)
(0.00297291 0.554114 0)
(0.051281 0.496866 0)
(0.0920201 0.493241 0)
(0.149633 0.454855 0)
(0.159087 0.475241 0)
(0.143932 0.424428 0)
(0.188201 0.419924 0)
(0.197847 0.381536 0)
(0.237836 0.364198 0)
(0.235362 0.323301 0)
(0.276248 0.294681 0)
(0.231042 0.276422 0)
(0.316482 0.263091 0)
(0.323989 0.213993 0)
(0.405973 0.2135 0)
(0.483311 0.169165 0)
(0.382525 0.0643063 0)
(0.370605 0.0185169 0)
(0.343542 -0.0409673 0)
(0.32105 -0.0205834 0)
(0.379598 -0.14395 0)
(0.56361 -0.137618 0)
(0.499364 -0.086213 0)
(0.0138065 0.514656 0)
(0.0452479 0.474003 0)
(0.0682099 0.452606 0)
(0.103386 0.438565 0)
(0.122675 0.383712 0)
(0.144987 0.391777 0)
(0.170309 0.379505 0)
(0.182904 0.35157 0)
(0.209034 0.342081 0)
(0.215332 0.308513 0)
(0.243928 0.301176 0)
(0.252515 0.266566 0)
(0.279053 0.294856 0)
(0.292581 0.212193 0)
(0.351759 0.242605 0)
(0.329068 0.093519 0)
(0.411174 0.118363 0)
(0.390803 0.00691471 0)
(0.25184 6.24715e-05 0)
(0.261601 -0.0147113 0)
(0.337525 0.00854436 0)
(0.529548 -0.16466 0)
(0.529909 -0.137735 0)
(0.0118174 0.446419 0)
(0.0424796 0.409519 0)
(0.0632294 0.386145 0)
(0.0945798 0.378863 0)
(0.113004 0.369796 0)
(0.129179 0.350367 0)
(0.15407 0.343606 0)
(0.16659 0.316048 0)
(0.190073 0.305694 0)
(0.198126 0.27332 0)
(0.22628 0.273982 0)
(0.238375 0.230724 0)
(0.25639 0.227818 0)
(0.287444 0.157316 0)
(0.311489 0.197718 0)
(0.378146 0.141311 0)
(0.382687 0.201341 0)
(0.288452 -0.00259367 0)
(0.331719 -0.0292635 0)
(0.351281 -0.0335458 0)
(0.327822 0.00306279 0)
(0.400225 -0.0665135 0)
(0.585833 -0.0618057 0)
(0.0103358 0.403361 0)
(0.0370215 0.365371 0)
(0.0561336 0.346238 0)
(0.078451 0.338649 0)
(0.0979634 0.326503 0)
(0.116078 0.310259 0)
(0.134403 0.302982 0)
(0.148876 0.282124 0)
(0.165568 0.274613 0)
(0.174563 0.251345 0)
(0.190601 0.251947 0)
(0.214305 0.218385 0)
(0.189155 0.206567 0)
(0.254518 0.15988 0)
(0.366466 0.143022 0)
(0.404954 0.194671 0)
(0.352041 0.067588 0)
(0.194192 -0.0579283 0)
(0.276164 -0.0246048 0)
(0.412651 0.0115468 0)
(0.380476 -0.0321108 0)
(0.471126 -0.0828621 0)
(0.548664 -0.149918 0)
(0.00959428 0.356856 0)
(0.0349951 0.322374 0)
(0.0503724 0.308184 0)
(0.0715927 0.30024 0)
(0.0871226 0.293912 0)
(0.105522 0.280505 0)
(0.120537 0.275684 0)
(0.134458 0.259196 0)
(0.14904 0.249342 0)
(0.158494 0.233414 0)
(0.171359 0.233275 0)
(0.199282 0.225976 0)
(0.177709 0.203813 0)
(0.221307 0.230926 0)
(0.382455 0.160799 0)
(0.37257 0.14848 0)
(0.268628 -0.00287558 0)
(0.319981 0.0827839 0)
(0.489566 0.0618269 0)
(0.386736 -0.093424 0)
(0.283719 -0.0145048 0)
(0.341163 -0.0781861 0)
(0.559645 -0.177315 0)
(0.00838068 0.314225 0)
(0.0296795 0.283229 0)
(0.0427603 0.272872 0)
(0.0612192 0.265504 0)
(0.0739981 0.258091 0)
(0.09097 0.245994 0)
(0.103977 0.241992 0)
(0.117999 0.230557 0)
(0.131623 0.220128 0)
(0.13913 0.217341 0)
(0.15911 0.208932 0)
(0.19167 0.22385 0)
(0.204589 0.185098 0)
(0.23021 0.223989 0)
(0.287217 0.219126 0)
(0.233497 0.0907437 0)
(0.305456 0.125339 0)
(0.350286 0.049532 0)
(0.250542 -0.0115401 0)
(0.377244 -0.136392 0)
(0.401292 -0.0370298 0)
(0.336115 -0.0283491 0)
(0.384429 -0.105133 0)
(0.00711425 0.283286 0)
(0.026913 0.255411 0)
(0.0370153 0.247029 0)
(0.0550136 0.239915 0)
(0.0654582 0.234317 0)
(0.0811838 0.223403 0)
(0.0936175 0.218604 0)
(0.105342 0.207281 0)
(0.124867 0.199942 0)
(0.124367 0.185952 0)
(0.164939 0.177483 0)
(0.161055 0.160157 0)
(0.168634 0.121748 0)
(0.281785 0.160462 0)
(0.248097 0.161791 0)
(0.275218 0.0515811 0)
(0.286152 0.0770462 0)
(0.273186 -0.0812562 0)
(0.25931 -0.0153089 0)
(0.356346 -0.0438343 0)
(0.430692 -0.192695 0)
(0.294292 -0.12108 0)
(0.34468 -0.157022 0)
(0.00580409 0.246221 0)
(0.0223322 0.223224 0)
(0.0298604 0.216453 0)
(0.0452084 0.209375 0)
(0.0528673 0.204543 0)
(0.0663485 0.193245 0)
(0.0757685 0.190477 0)
(0.0866445 0.177873 0)
(0.100541 0.176925 0)
(0.102977 0.17076 0)
(0.122982 0.161317 0)
(0.129423 0.0864771 0)
(0.175744 0.117325 0)
(0.302778 0.168587 0)
(0.216985 0.0703246 0)
(0.206063 0.0671984 0)
(0.203521 -0.0548426 0)
(0.305991 0.00270029 0)
(0.276009 -0.0577162 0)
(0.274682 0.0388257 0)
(0.370155 -0.192485 0)
(0.304606 -0.0839076 0)
(0.374888 -0.147335 0)
(0.00383924 0.228738 0)
(0.0209453 0.208723 0)
(0.0255992 0.202179 0)
(0.0416908 0.19557 0)
(0.0464603 0.191014 0)
(0.0613552 0.179169 0)
(0.0687434 0.174074 0)
(0.0805964 0.157705 0)
(0.101898 0.157061 0)
(0.0954583 0.136935 0)
(0.0717397 0.145746 0)
(0.119437 0.0862546 0)
(0.237897 0.162774 0)
(0.26819 0.135483 0)
(0.188436 0.0829204 0)
(0.18366 0.00185893 0)
(0.238152 0.00716421 0)
(0.329734 0.0364158 0)
(0.341784 -0.0453629 0)
(0.252272 -0.00587237 0)
(0.300534 -0.136585 0)
(0.304301 -0.157163 0)
(0.33019 -0.248746 0)
(0.00227099 0.196295 0)
(0.0173464 0.179618 0)
(0.01967 0.174317 0)
(0.0338394 0.168698 0)
(0.0349572 0.16391 0)
(0.0492723 0.153301 0)
(0.0485192 0.147882 0)
(0.0631596 0.129659 0)
(0.0605791 0.131296 0)
(0.0791556 0.0870283 0)
(0.0507243 0.130271 0)
(0.121424 0.120252 0)
(0.228249 0.20417 0)
(0.178416 0.0136928 0)
(0.134509 0.0757388 0)
(0.185002 0.0275777 0)
(0.251614 0.057024 0)
(0.289766 -0.0296303 0)
(0.273909 -0.0696557 0)
(0.142603 -0.199358 0)
(0.26868 -0.163284 0)
(0.220611 -0.220392 0)
(0.287731 -0.282731 0)
(0.00150083 0.190727 0)
(0.0152661 0.175215 0)
(0.0158458 0.169511 0)
(0.0295191 0.166208 0)
(0.0281843 0.159494 0)
(0.0440606 0.151657 0)
(0.0381623 0.145316 0)
(0.0592814 0.127862 0)
(0.0422389 0.129675 0)
(0.078949 0.123457 0)
(0.0934836 0.122108 0)
(0.181882 0.156916 0)
(0.134376 0.139333 0)
(0.160599 0.0372155 0)
(0.190712 0.0771109 0)
(0.154203 0.0671418 0)
(0.183761 0.00721397 0)
(0.183271 -0.0059744 0)
(0.164213 -0.0900971 0)
(0.193828 -0.182559 0)
(0.351486 -0.135174 0)
(0.20758 -0.223851 0)
(0.256712 -0.189284 0)
(-0.000296735 0.159717 0)
(0.0100219 0.148883 0)
(0.0108174 0.143997 0)
(0.0215954 0.141917 0)
(0.0163533 0.133807 0)
(0.0325558 0.131876 0)
(0.0168823 0.119346 0)
(0.0453976 0.120771 0)
(0.0497295 0.103622 0)
(0.0721475 0.118082 0)
(0.0813694 0.0852157 0)
(0.148657 0.0792991 0)
(0.0514128 0.012654 0)
(0.12428 0.0596881 0)
(0.161746 -0.00905799 0)
(0.102273 0.0467414 0)
(0.122821 0.0235353 0)
(0.133145 -0.0194518 0)
(0.1356 -0.0728709 0)
(0.152262 -0.0967468 0)
(0.3166 -0.209002 0)
(0.20899 -0.281562 0)
(0.16966 -0.216737 0)
(0.000800505 0.178174 0)
(0.00966238 0.15705 0)
(0.00819481 0.147737 0)
(0.0169469 0.164352 0)
(0.0144621 0.136255 0)
(0.0262974 0.156081 0)
(0.0207152 0.12327 0)
(0.0380459 0.149624 0)
(0.0294752 0.105439 0)
(0.054535 0.10905 0)
(0.0611856 0.0776513 0)
(0.0968443 0.0647896 0)
(0.0646105 0.0204267 0)
(0.107443 0.0801963 0)
(0.155974 -0.0109709 0)
(0.106167 0.0301225 0)
(0.0630657 -0.0205102 0)
(0.133499 -0.0253854 0)
(0.148185 -0.0992971 0)
(0.0552829 -0.125415 0)
(0.192419 -0.173312 0)
(0.163182 -0.295949 0)
(0.0498062 -0.291708 0)
(-0.0152519 0.116945 0)
(-0.0137806 0.12515 0)
(0.0184281 0.124585 0)
(0.00745826 0.105144 0)
(0.00478138 0.116832 0)
(0.0159743 0.0965975 0)
(0.00586063 0.0985536 0)
(0.0197836 0.0881203 0)
(0.000401059 0.0739289 0)
(0.0260806 0.0777725 0)
(0.0292366 0.0423795 0)
(0.0569494 0.0582113 0)
(0.0466651 0.0133106 0)
(0.0665656 0.0952745 0)
(0.0749293 -0.0117941 0)
(0.0375728 0.0041234 0)
(0.0401511 0.00657493 0)
(0.105177 0.00938109 0)
(0.0557778 -0.107963 0)
(0.055364 -0.166119 0)
(0.172375 -0.144408 0)
(0.095013 -0.263416 0)
(0.0662381 -0.307211 0)
(0.0147337 0.108291 0)
(0.0218827 0.105929 0)
(-0.01437 0.0992977 0)
(0.00592829 0.103345 0)
(0.00312979 0.0906758 0)
(0.00359684 0.0987541 0)
(0.00748426 0.0783683 0)
(0.00593196 0.0910814 0)
(0.0138475 0.0668463 0)
(0.007007 0.0941699 0)
(0.0338004 0.0618057 0)
(0.0455903 0.0682659 0)
(0.0551101 0.0156184 0)
(0.0460643 0.0559382 0)
(0.0574212 0.0158045 0)
(0.098259 0.0166514 0)
(0.0323501 -0.0143845 0)
(0.0476091 -0.0236548 0)
(0.0346574 -0.12914 0)
(0.00707091 -0.146941 0)
(0.116356 -0.212543 0)
(0.0395131 -0.338964 0)
(0.0546907 -0.291154 0)
(-0.00155306 0.0629371 0)
(-0.0396951 0.0667749 0)
(-0.0771468 0.092108 0)
(-0.12377 0.261373 0)
(-0.0452947 0.022552 0)
(-0.0781003 0.0536797 0)
(-0.0531637 0.0858427 0)
(-0.116244 0.208516 0)
(0.0554549 0.0515703 0)
(0.0324838 0.061396 0)
(0.0377318 0.108686 0)
(0.0437517 0.14729 0)
(0.0281434 0.0277321 0)
(0.0444319 0.0305483 0)
(0.0436042 0.0460292 0)
(0.0627111 0.0741857 0)
(0.0570132 -0.0325105 0)
(0.0521598 -0.0143032 0)
(0.0817187 0.00535829 0)
(0.0637844 0.0213735 0)
(-0.05807 -0.0143364 0)
(-0.0634649 -0.0144912 0)
(0.0100407 0.00163101 0)
(-0.0274036 -0.0385909 0)
(-0.463068 -0.0844907 0)
(-0.357381 -0.112261 0)
(-0.281805 -0.0926596 0)
(-0.213409 -0.161989 0)
(-0.927151 -0.386433 0)
(-0.862214 -0.448105 0)
(-0.776326 -0.402403 0)
(-0.758102 -0.322615 0)
(-1.51041 -0.258053 0)
(-1.17062 -0.266452 0)
(-1.07013 -0.257791 0)
(-1.06195 -0.246503 0)
(-1.23101 -0.165979 0)
(-1.16149 -0.150003 0)
(-1.1258 -0.207733 0)
(-1.0956 -0.245467 0)
(-1.12919 -0.275869 0)
(-1.12392 -0.300245 0)
(-1.1533 -0.328159 0)
(-1.13245 -0.35241 0)
(-1.22449 -0.41336 0)
(-1.20199 -0.432529 0)
(-1.16547 -0.405415 0)
(-1.1104 -0.392871 0)
(-0.292997 -0.190625 0)
(-0.351333 -0.246444 0)
(-0.269334 -0.264645 0)
(-0.279352 -0.199282 0)
(-0.813375 -0.1581 0)
(-0.796029 -0.146181 0)
(-0.751491 -0.195185 0)
(-0.71899 -0.299134 0)
(-0.734243 -0.11077 0)
(-0.714275 -0.230761 0)
(-0.679229 -0.343503 0)
(-0.703138 -0.428568 0)
(0.045235 0.0445636 0)
(-0.0429695 -0.0433214 0)
(-0.078892 -0.108813 0)
(-0.155454 -0.169492 0)
(0.36412 0.101962 0)
(0.34196 -0.0446045 0)
(0.300411 -0.124164 0)
(0.278541 -0.149453 0)
(0.478279 0.0359204 0)
(0.502593 0.00787881 0)
(0.50745 -0.00519139 0)
(0.509446 0.00294763 0)
(0.451595 0.019915 0)
(0.47144 0.00724275 0)
(0.474545 -0.00116604 0)
(0.491741 -0.0362977 0)
(0.378684 -0.00471647 0)
(0.382207 0.0126945 0)
(0.360078 0.0546734 0)
(0.417185 0.0838724 0)
(0.438306 -0.0874876 0)
(0.468551 -0.0134153 0)
(0.523875 0.00460021 0)
(0.541308 0.140658 0)
(0.386794 -0.0473443 0)
(0.344853 -0.00625135 0)
(0.406227 0.0168903 0)
(0.619026 0.0718792 0)
(0.530131 -0.0239684 0)
(0.50561 0.00356782 0)
(0.518057 0.0816279 0)
(0.586108 0.0680481 0)
(0.491673 -0.00565497 0)
(0.468385 0.00049124 0)
(0.472506 0.0154587 0)
(0.494014 0.0169856 0)
(0.479356 -0.019995 0)
(0.510428 -0.0263081 0)
(0.522459 -0.014106 0)
(0.57364 0.0045121 0)
(0.463549 -0.0810725 0)
(0.473145 -0.0685863 0)
(0.466109 -0.0511549 0)
(0.475037 -0.0348527 0)
(0.514311 -0.0736227 0)
(0.537373 -0.0643082 0)
(0.551972 -0.0374209 0)
(0.529329 0.00176858 0)
(0.491455 -0.0758108 0)
(0.506188 -0.0714462 0)
(0.517737 -0.0676978 0)
(0.529361 -0.0408864 0)
(0.530246 -0.0976073 0)
(0.500703 -0.0725762 0)
(0.484268 -0.0293742 0)
(0.45552 0.099236 0)
(0.57873 -0.0733273 0)
(0.597586 -0.0867694 0)
(0.697463 -0.0940612 0)
(0.646556 -0.106994 0)
(0.503401 -0.137307 0)
(0.489661 -0.133675 0)
(0.475976 -0.121001 0)
(0.416307 -0.230337 0)
(0.554967 -0.20659 0)
(0.579852 -0.22567 0)
(0.524712 -0.24482 0)
(0.387157 -0.233566 0)
(0.353375 -0.146359 0)
(0.343088 -0.21353 0)
(0.420921 -0.247935 0)
(0.56464 -0.178308 0)
(0.344202 -0.139101 0)
(0.401832 -0.127904 0)
(0.548827 -0.0520531 0)
(0.510356 -0.0142756 0)
(0.436898 -0.114191 0)
(0.480936 -0.111575 0)
(0.624996 -0.175402 0)
(0.574807 -0.229257 0)
(0.40534 -0.276506 0)
(0.347022 -0.280308 0)
(0.343993 -0.318035 0)
(0.321124 -0.426312 0)
(0.408742 -0.29356 0)
(0.347454 -0.298296 0)
(0.220147 -0.270928 0)
(0.297212 -0.302099 0)
(0.326307 -0.215635 0)
(0.35492 -0.273102 0)
(0.313625 -0.268062 0)
(0.281201 -0.262666 0)
(0.198876 -0.292425 0)
(0.282966 -0.310093 0)
(0.272642 -0.402733 0)
(0.202994 -0.390804 0)
(0.183919 -0.321848 0)
(0.248131 -0.355558 0)
(0.243926 -0.43158 0)
(0.264503 -0.448703 0)
(0.179027 -0.2917 0)
(0.109618 -0.405504 0)
(0.0715423 -0.453579 0)
(0.117584 -0.512698 0)
(0.0717102 -0.367056 0)
(0.00337253 -0.437566 0)
(-0.0144791 -0.455107 0)
(0.059453 -0.47116 0)
(-0.166582 0.792162 0)
(0.68738 0.074269 0)
(0.505819 0.00413389 0)
(0.543245 -0.146509 0)
(0.473273 -0.232976 0)
(0.423821 -0.299345 0)
(0.524782 -0.406218 0)
(0.483365 -0.367411 0)
(0.534011 -0.0670912 0)
(1.26684 0.502334 0)
(1.37088 0.874299 0)
(1.15711 0.864644 0)
(0.897568 0.889096 0)
(0.625391 0.434957 0)
(0.153318 -0.106414 0)
(0.288901 -0.08393 0)
(-0.0148612 -0.140459 0)
(-0.0548942 -0.538891 0)
(0.17707 -1.16783 0)
(0.114328 0.581564 0)
(0.47545 0.370957 0)
(0.715241 0.0312407 0)
(0.608269 0.023934 0)
(0.468127 -0.173077 0)
(0.467916 -0.351755 0)
(0.527121 -0.418857 0)
(0.376982 -0.296299 0)
(0.459122 -0.00778806 0)
(1.21476 0.430402 0)
(1.28667 0.600432 0)
(1.18321 0.797394 0)
(1.01102 0.838792 0)
(0.67696 0.523194 0)
(0.193435 0.172667 0)
(0.293105 0.19167 0)
(-0.327716 0.125103 0)
(0.305325 -0.727644 0)
(0.187177 -1.12768 0)
(0.16448 0.411372 0)
(0.360011 0.332308 0)
(0.605715 -0.103261 0)
(0.5563 -0.143182 0)
(0.417046 -0.197821 0)
(0.407538 -0.318786 0)
(0.487955 -0.348524 0)
(0.23502 -0.298741 0)
(0.15405 -0.45084 0)
(0.617571 -0.216963 0)
(0.794737 -0.162181 0)
(0.978651 0.56612 0)
(0.872767 0.820739 0)
(0.611143 0.78926 0)
(0.504955 0.542752 0)
(0.44283 0.273989 0)
(0.593021 -0.104125 0)
(0.456607 -0.957192 0)
(0.256433 -1.27298 0)
(0.121303 0.0554395 0)
(0.238321 0.13794 0)
(0.381534 0.0054858 0)
(0.448303 -0.217013 0)
(0.286922 -0.304735 0)
(0.367246 -0.276795 0)
(0.433003 -0.337622 0)
(0.0987447 -0.347353 0)
(-0.00546529 -0.389639 0)
(0.195954 -0.260584 0)
(0.383164 0.0485906 0)
(0.399089 0.626194 0)
(0.498736 0.997174 0)
(0.0980337 1.41864 0)
(0.261309 0.789053 0)
(-0.0760304 0.115059 0)
(0.192444 -0.716803 0)
(0.139477 -1.26094 0)
(0.142608 -1.37518 0)
(0.2146 0.00242283 0)
(0.262097 0.0417469 0)
(0.345322 0.0216324 0)
(0.342862 -0.100966 0)
(0.24782 -0.127882 0)
(0.291391 -0.12689 0)
(0.218964 -0.269838 0)
(0.194003 -0.304417 0)
(0.125504 -0.253861 0)
(-0.0673519 -0.278918 0)
(0.0153678 -0.253217 0)
(-0.111 0.752018 0)
(0.250289 0.998046 0)
(-0.22451 1.30674 0)
(-0.186515 0.629554 0)
(0.0609089 0.235865 0)
(-0.0600361 -0.681048 0)
(-0.0444534 -0.793697 0)
(0.0558549 -0.716898 0)
(0.210666 0.0106325 0)
(0.179719 -0.137178 0)
(0.336774 -0.133777 0)
(0.23626 -0.250965 0)
(0.134163 -0.0992328 0)
(0.173465 -0.145394 0)
(0.117417 -0.216341 0)
(-0.0472959 -0.202034 0)
(-0.00108099 -0.14118 0)
(-0.262993 -0.220021 0)
(-0.434716 -0.105695 0)
(-0.761509 0.462537 0)
(-0.0112823 1.07215 0)
(-0.166568 1.10685 0)
(0.0265583 0.48436 0)
(-0.0854158 0.0190857 0)
(0.433286 -0.435065 0)
(0.160388 -0.676138 0)
(0.141415 -0.54121 0)
(-0.0433484 -0.106141 0)
(-0.0683746 0.00126306 0)
(-0.20359 -0.0739393 0)
(-0.380432 -0.164488 0)
(-0.296727 -0.031364 0)
(-0.188957 -0.157781 0)
(-0.0559266 -0.349675 0)
(-0.114746 -0.168497 0)
(-0.0936717 -0.0578528 0)
(-0.104673 0.092853 0)
(-0.405859 -0.0192007 0)
(-0.706156 0.459137 0)
(-0.549029 1.30098 0)
(-0.202584 0.94816 0)
(0.138317 0.448959 0)
(0.0445616 -0.000443744 0)
(0.482189 -0.480011 0)
(0.262221 -0.837507 0)
(0.297777 -0.685261 0)
(-0.71847 -0.271076 0)
(-1.00611 -0.0405668 0)
(-1.02172 0.0978352 0)
(-0.55205 0.210371 0)
(-0.428274 -0.258042 0)
(-0.409357 -0.337784 0)
(-0.180652 -0.26522 0)
(-0.208069 -0.163508 0)
(-0.118885 -0.0817581 0)
(-0.144701 0.228112 0)
(-0.397234 0.26532 0)
(-0.477053 0.30914 0)
(-0.585578 0.792257 0)
(-0.186517 0.409538 0)
(0.015821 0.26852 0)
(0.61018 -0.158057 0)
(0.372038 -0.578472 0)
(0.0814233 -0.505024 0)
(0.158198 -0.666742 0)
(-1.07871 -0.192363 0)
(-1.13058 -0.155969 0)
(-1.16532 -0.309281 0)
(-1.1727 -0.372302 0)
(-0.938503 -0.246416 0)
(-0.648532 -0.40931 0)
(-0.459085 -0.279836 0)
(-0.368622 -0.216522 0)
(-0.411318 -0.123993 0)
(-0.228806 0.169193 0)
(-0.377242 0.319668 0)
(-0.328283 0.293806 0)
(-0.471964 0.472061 0)
(-0.065977 0.278624 0)
(0.0556723 0.0695647 0)
(0.409513 -0.209951 0)
(0.313957 -0.466143 0)
(0.20629 -0.40546 0)
(0.135612 -0.374145 0)
(-1.05812 -0.256004 0)
(-1.34291 -0.231664 0)
(-1.47161 -0.254403 0)
(-1.23197 -0.45608 0)
(-1.07275 -0.365927 0)
(-0.98007 -0.451549 0)
(-0.904778 -0.540269 0)
(-0.82244 -0.530352 0)
(-0.634277 -0.195547 0)
(-0.486568 0.201346 0)
(-0.374513 0.338535 0)
(-0.229238 0.472842 0)
(-0.111002 0.450786 0)
(0.0934994 0.155878 0)
(0.259019 0.0690851 0)
(0.349535 -0.264295 0)
(0.227619 -0.303374 0)
(0.0392939 -0.458498 0)
(0.101238 -0.353266 0)
(-1.07635 -0.374092 0)
(-1.09964 -0.453167 0)
(-1.30782 -0.304149 0)
(-1.27495 -0.196234 0)
(-1.07919 -0.314269 0)
(-1.05862 -0.303121 0)
(-1.1441 -0.455769 0)
(-1.15589 -0.492101 0)
(-0.807533 -0.382305 0)
(-0.610282 0.0584006 0)
(-0.454527 0.364106 0)
(-0.374283 0.460892 0)
(-0.120838 0.214588 0)
(-0.0235848 -0.0920151 0)
(0.242432 -0.0736181 0)
(0.253828 -0.199956 0)
(0.128259 -0.389603 0)
(-0.0167961 -0.288061 0)
(0.144653 -0.239808 0)
(-1.06997 -0.422061 0)
(-1.07981 -0.519843 0)
(-1.09281 -0.53478 0)
(-1.07905 -0.394392 0)
(-1.04541 -0.42495 0)
(-1.1331 -0.46006 0)
(-1.17826 -0.439208 0)
(-1.18942 -0.353758 0)
(-1.11623 -0.284243 0)
(-0.961253 -0.214494 0)
(-0.874647 -0.109513 0)
(-0.78848 -0.170705 0)
(-0.574125 0.100953 0)
(-0.162847 -0.117133 0)
(-0.0105659 -0.0476001 0)
(-0.125739 -0.220584 0)
(0.123839 -0.366578 0)
(0.115509 -0.226535 0)
(0.071647 -0.118658 0)
(-0.300863 -0.181773 0)
(-0.603111 -0.289628 0)
(-0.761307 -0.357224 0)
(-0.620228 -0.222016 0)
(-0.479978 -0.249678 0)
(-0.54826 -0.454599 0)
(-0.812826 -0.430055 0)
(-0.872652 -0.331981 0)
(-0.834165 -0.256648 0)
(-0.951135 -0.184001 0)
(-1.05361 -0.178741 0)
(-0.87934 -0.272057 0)
(-0.478849 -0.150562 0)
(-0.345983 -0.242649 0)
(-0.218987 -0.176438 0)
(-0.202141 -0.28132 0)
(0.0357139 -0.240471 0)
(0.0437031 -0.204624 0)
(0.0807132 -0.0553147 0)
(-0.713211 -0.384932 0)
(-0.758186 -0.507137 0)
(-0.901584 -0.427834 0)
(-0.855328 -0.320836 0)
(-0.737865 -0.438204 0)
(-0.896179 -0.489734 0)
(-1.15197 -0.433996 0)
(-1.13534 -0.132299 0)
(-0.693562 -0.181326 0)
(-0.645037 -0.304914 0)
(-0.857933 -0.429383 0)
(-1.03441 -0.0691313 0)
(-0.722065 -0.339438 0)
(-0.497961 -0.367154 0)
(-0.341275 -0.466701 0)
(-0.204026 -0.492549 0)
(-0.154508 -0.534931 0)
(-0.0720816 -0.223119 0)
(0.0646284 -0.0214297 0)
(-0.646162 -0.4953 0)
(-0.665337 -0.572807 0)
(-0.809771 -0.489304 0)
(-0.86899 -0.316183 0)
(-0.834752 -0.547705 0)
(-0.814841 -0.634855 0)
(-1.0765 -0.559052 0)
(-1.13018 -0.308141 0)
(-0.972373 -0.26746 0)
(-0.888676 -0.47961 0)
(-0.894816 -0.534051 0)
(-0.949135 -0.454176 0)
(-0.79316 -0.364785 0)
(-0.512815 -0.42168 0)
(-0.485575 -0.646741 0)
(-0.291509 -0.67111 0)
(-0.224303 -0.797637 0)
(-0.0700788 -0.383677 0)
(0.0381061 -0.0430095 0)
(-0.136021 -0.0948288 0)
(-0.343059 -0.0582042 0)
(-0.471924 -0.229041 0)
(-0.663447 -0.162569 0)
(-0.5993 -0.113191 0)
(-0.485154 -0.357991 0)
(-0.594311 -0.508828 0)
(-0.697625 -0.261995 0)
(-0.687617 -0.228323 0)
(-0.745912 -0.432067 0)
(-0.84826 -0.45504 0)
(-0.774669 -0.536364 0)
(-0.627612 -0.367128 0)
(-0.499614 -0.471116 0)
(-0.562064 -0.722558 0)
(-0.339186 -0.793809 0)
(-0.171178 -0.865018 0)
(-0.035856 -0.491072 0)
(0.00128752 -0.0641336 0)
(0.126218 -0.178981 0)
(0.109237 -0.20711 0)
(-0.0463223 -0.326135 0)
(-0.39544 -0.207761 0)
(-0.482942 -0.129413 0)
(-0.41454 -0.265139 0)
(-0.637907 -0.404174 0)
(-0.659245 -0.405671 0)
(-0.641802 -0.331769 0)
(-0.726256 -0.533913 0)
(-0.914072 -0.531323 0)
(-0.840693 -0.413014 0)
(-0.561974 -0.440813 0)
(-0.581219 -0.685983 0)
(-0.460834 -0.755652 0)
(-0.412599 -0.850551 0)
(-0.140397 -0.780544 0)
(-0.0553315 -0.530935 0)
(0.00653099 -0.0692658 0)
(0.422725 0.0483441 0)
(0.341876 0.00947603 0)
(0.177858 0.0436376 0)
(0.162836 -0.155534 0)
(-0.158238 0.181209 0)
(-0.0545992 -0.0857394 0)
(-0.303948 -0.152429 0)
(-0.313923 -0.198711 0)
(-0.368405 -0.149843 0)
(-0.624604 -0.402145 0)
(-0.74621 -0.478609 0)
(-0.840598 -0.332349 0)
(-0.583914 -0.459973 0)
(-0.487646 -0.628997 0)
(-0.391523 -0.674802 0)
(-0.294964 -0.808733 0)
(-0.201737 -0.751088 0)
(-0.216166 -0.54856 0)
(0.0166423 -0.0998849 0)
(0.431987 0.0247846 0)
(0.427241 0.162612 0)
(0.318394 0.00728182 0)
(0.170733 -0.00381618 0)
(0.260144 0.114793 0)
(0.236528 -0.102463 0)
(-0.0594221 -0.18931 0)
(-0.215031 -0.0937352 0)
(-0.398745 -0.234028 0)
(-0.668426 -0.407192 0)
(-0.77531 -0.434507 0)
(-0.747401 -0.515581 0)
(-0.6654 -0.481941 0)
(-0.539305 -0.745005 0)
(-0.398764 -0.850977 0)
(-0.277506 -0.91444 0)
(-0.23781 -0.872432 0)
(-0.237917 -0.595064 0)
(0.0102824 -0.160364 0)
(0.703452 0.133577 0)
(0.514939 0.267027 0)
(0.2298 0.078187 0)
(0.4264 0.171629 0)
(0.492867 0.0320152 0)
(0.339484 0.0102351 0)
(0.254639 0.135985 0)
(0.0733136 0.206924 0)
(0.184076 0.255976 0)
(-0.233228 -0.285363 0)
(-0.334643 -0.36083 0)
(-0.308434 -0.346271 0)
(-0.317836 -0.649227 0)
(-0.424316 -0.688505 0)
(-0.320748 -0.873045 0)
(-0.265997 -0.951547 0)
(-0.193758 -0.895069 0)
(-0.202811 -0.699662 0)
(-0.0593191 -0.203958 0)
(0.5925 0.111813 0)
(0.506684 0.156302 0)
(0.360263 0.0967746 0)
(0.325076 0.13558 0)
(0.384279 -0.0148329 0)
(0.521774 0.0283276 0)
(0.390186 0.0669012 0)
(0.263236 0.173723 0)
(0.282649 0.241055 0)
(0.328218 0.110473 0)
(-0.181495 -0.183731 0)
(-0.112049 -0.42551 0)
(-0.17378 -0.792906 0)
(-0.262109 -0.920611 0)
(-0.247852 -0.950273 0)
(-0.15949 -1.0055 0)
(-0.145117 -0.923245 0)
(-0.1441 -0.821711 0)
(-0.0888581 -0.271539 0)
(0.578198 0.149457 0)
(0.408141 0.00957308 0)
(0.248268 0.103942 0)
(0.348492 0.119789 0)
(0.5541 0.0915408 0)
(0.489857 0.0635242 0)
(0.471283 0.0455152 0)
(0.431171 0.0816742 0)
(0.349222 0.201397 0)
(0.399708 0.118083 0)
(0.416494 0.140666 0)
(-0.0220622 -0.350082 0)
(-0.18058 -0.689252 0)
(0.0269852 -0.857631 0)
(-0.112893 -0.915012 0)
(-0.116608 -1.03643 0)
(-0.12793 -0.990153 0)
(-0.112487 -0.882073 0)
(-0.0932717 -0.322956 0)
(0.544282 0.0592272 0)
(0.339156 0.082731 0)
(0.341357 0.11138 0)
(0.327598 0.177353 0)
(0.394554 0.0954086 0)
(0.543062 0.0526335 0)
(0.461937 0.0649237 0)
(0.484363 -0.0101604 0)
(0.412267 0.00380066 0)
(0.465396 0.0766535 0)
(0.748833 0.171035 0)
(0.60791 -0.11431 0)
(0.244562 -0.217834 0)
(0.160688 -0.527497 0)
(-0.0779398 -0.784672 0)
(-0.0560882 -1.02542 0)
(-0.134186 -0.994619 0)
(-0.0863315 -0.921091 0)
(-0.0363098 -0.381306 0)
(0.501476 0.0560464 0)
(0.318658 0.0926715 0)
(0.298201 0.166931 0)
(0.350493 0.117697 0)
(0.392931 0.115519 0)
(0.462217 0.0753889 0)
(0.435406 0.106888 0)
(0.378632 0.0366498 0)
(0.497609 -0.0495758 0)
(0.720649 0.193019 0)
(0.677798 0.0708922 0)
(0.449651 -0.162633 0)
(0.565896 -0.490597 0)
(0.373585 -0.598885 0)
(0.112028 -0.694098 0)
(-0.010617 -1.00092 0)
(-0.0802868 -0.976814 0)
(-0.0308406 -0.901598 0)
(-0.0220608 -0.400749 0)
(0.518683 0.0440619 0)
(0.33146 0.0456604 0)
(0.314323 0.183115 0)
(0.301449 0.124671 0)
(0.402558 0.121804 0)
(0.596596 0.0405997 0)
(0.506196 0.0133965 0)
(0.330325 0.0243616 0)
(0.506762 0.111791 0)
(0.617114 -0.0066014 0)
(0.523276 -0.010908 0)
(0.409839 0.00287234 0)
(0.455166 -0.259789 0)
(0.396471 -0.408607 0)
(0.138443 -0.548894 0)
(0.0435662 -1.0021 0)
(-0.0529635 -0.947445 0)
(-0.00596829 -0.905335 0)
(-0.0420005 -0.428341 0)
(0.44764 -0.0776478 0)
(0.406402 0.120576 0)
(0.366412 0.0770112 0)
(0.346418 0.108199 0)
(0.403495 0.128547 0)
(0.469196 0.0658694 0)
(0.432901 -0.0671489 0)
(0.431812 -0.0304395 0)
(0.427028 0.0637397 0)
(0.589143 -0.0338946 0)
(0.583992 0.014168 0)
(0.408216 0.02858 0)
(0.47386 -0.0422756 0)
(0.33524 -0.143288 0)
(0.22058 -0.309106 0)
(0.0645422 -0.93023 0)
(-0.0613446 -0.918603 0)
(0.0229512 -0.895713 0)
(-0.0639189 -0.448523 0)
(0.535549 0.0715362 0)
(0.444703 0.0516554 0)
(0.317797 -0.0112491 0)
(0.381818 -0.0450033 0)
(0.448333 0.0111887 0)
(0.454935 0.0922198 0)
(0.445897 -0.0104366 0)
(0.439271 0.0274749 0)
(0.463192 -0.00785202 0)
(0.47197 0.140983 0)
(0.423109 -0.0494989 0)
(0.351252 0.0162623 0)
(0.475154 -0.0392414 0)
(0.497466 -0.23734 0)
(0.480524 -0.310889 0)
(0.149783 -1.00572 0)
(-0.0530316 -0.904142 0)
(0.0344313 -0.887042 0)
(-0.0698284 -0.470224 0)
(0.445157 -0.0572846 0)
(0.337169 0.0230685 0)
(0.353941 0.0230909 0)
(0.418728 0.0287956 0)
(0.669239 0.0350997 0)
(0.516403 0.00496778 0)
(0.412722 -0.0184452 0)
(0.419482 0.0138192 0)
(0.540093 0.043807 0)
(0.555431 0.0471907 0)
(0.439912 0.0175998 0)
(0.37023 0.138239 0)
(0.288138 0.135761 0)
(0.262488 0.023853 0)
(0.244962 -0.366405 0)
(0.117257 -1.12867 0)
(0.0141345 -0.884892 0)
(0.0493014 -0.864699 0)
(-0.058268 -0.482891 0)
(0.504868 -0.0998443 0)
(0.473163 -0.00620817 0)
(0.358793 0.00500777 0)
(0.419994 0.0648119 0)
(0.486507 0.0241346 0)
(0.465418 -0.0923192 0)
(0.498482 -0.0744432 0)
(0.506452 -0.0154806 0)
(0.481564 0.138945 0)
(0.436175 -0.0400188 0)
(0.489917 0.0814183 0)
(0.397736 0.103446 0)
(0.400799 0.157685 0)
(0.498505 -0.0140594 0)
(0.245688 -0.467963 0)
(0.177512 -0.736864 0)
(0.034732 -0.855389 0)
(0.0604406 -0.858372 0)
(-0.0487597 -0.487713 0)
(0.389813 -0.10176 0)
(0.429695 -0.153235 0)
(0.400184 0.00222903 0)
(0.423523 -0.0470651 0)
(0.482731 -0.0441675 0)
(0.454524 -0.0898081 0)
(0.525944 -0.0293381 0)
(0.62828 0.13896 0)
(0.363786 0.0973773 0)
(0.400033 0.0963019 0)
(0.508937 0.24703 0)
(0.446086 0.091776 0)
(0.29278 0.147489 0)
(0.302015 -0.0807192 0)
(0.059359 -0.603239 0)
(0.217115 -0.531959 0)
(0.0710133 -0.807506 0)
(0.0650667 -0.802213 0)
(-0.0464183 -0.482975 0)
(0.390869 -0.0761832 0)
(0.544279 -0.0999781 0)
(0.491926 -0.040339 0)
(0.380502 -0.0176873 0)
(0.397489 -0.0028574 0)
(0.471746 -0.00272156 0)
(0.702566 0.143371 0)
(0.608177 0.0249426 0)
(0.433358 0.0661836 0)
(0.491181 0.103176 0)
(0.503159 0.220161 0)
(0.478553 0.236821 0)
(0.379562 0.146926 0)
(0.507209 0.115268 0)
(0.490008 -0.1674 0)
(0.489068 -0.365552 0)
(0.158417 -0.918692 0)
(0.0609976 -0.772036 0)
(-0.0667966 -0.474116 0)
(0.365394 -0.0973395 0)
(0.391703 -0.116388 0)
(0.403537 -0.201293 0)
(0.382903 -0.104092 0)
(0.439479 -0.0390333 0)
(0.522088 0.0528938 0)
(0.549083 0.0693342 0)
(0.530662 -0.0936995 0)
(0.470507 0.0182439 0)
(0.559731 0.164456 0)
(0.569851 0.204561 0)
(0.45009 0.215932 0)
(0.439337 0.104745 0)
(0.375019 0.164612 0)
(0.377811 -0.119318 0)
(0.336858 -0.526007 0)
(0.160399 -0.979651 0)
(0.129508 -0.730161 0)
(-0.0743382 -0.476835 0)
(0.432957 -0.125551 0)
(0.362997 -0.14057 0)
(0.409263 -0.165046 0)
(0.521714 -0.182788 0)
(0.539435 -0.159295 0)
(0.588922 -0.0790229 0)
(0.502224 0.0898757 0)
(0.538839 0.0413076 0)
(0.692904 0.10168 0)
(0.588348 0.238945 0)
(0.442668 0.176793 0)
(0.40709 0.141264 0)
(0.56327 0.155062 0)
(0.537358 0.184954 0)
(0.531117 0.0209229 0)
(0.294092 -0.467891 0)
(0.107018 -0.472014 0)
(0.116475 -0.647306 0)
(-0.0110096 -0.450138 0)
(0.37336 -0.200869 0)
(0.349284 -0.147768 0)
(0.38134 -0.192388 0)
(0.467373 -0.0703001 0)
(0.683896 -0.196089 0)
(0.882728 0.00971557 0)
(0.689406 0.198562 0)
(0.493308 0.111973 0)
(0.594847 0.0664611 0)
(0.555462 0.0602893 0)
(0.441009 0.141126 0)
(0.455249 0.361359 0)
(0.737292 0.367816 0)
(0.689694 0.248565 0)
(0.77061 0.0411711 0)
(0.482654 -0.338329 0)
(0.16697 -0.357816 0)
(0.123067 -0.612326 0)
(-0.00841104 -0.407948 0)
(0.35088 -0.293783 0)
(0.349281 -0.159566 0)
(0.473403 -0.188029 0)
(0.588675 -0.22863 0)
(0.609865 -0.17877 0)
(0.907545 -0.0786474 0)
(0.797516 0.0321978 0)
(0.495867 0.137805 0)
(0.613552 0.124373 0)
(0.604451 0.202594 0)
(0.600545 0.260502 0)
(0.589375 0.446964 0)
(0.647943 0.409481 0)
(0.737454 0.247969 0)
(0.762966 0.103855 0)
(0.429561 -0.357121 0)
(0.403355 -0.453378 0)
(0.156535 -0.649919 0)
(-0.0338637 -0.360338 0)
(0.379469 -0.241178 0)
(0.49143 -0.255057 0)
(0.410358 -0.210712 0)
(0.54723 -0.313537 0)
(0.68573 -0.0739995 0)
(1.00106 -0.0674683 0)
(0.869585 -0.151402 0)
(0.701197 0.0302917 0)
(0.802271 0.0282559 0)
(0.85974 0.221463 0)
(0.630751 0.54874 0)
(0.538933 0.479891 0)
(0.575484 0.453643 0)
(0.769255 0.441854 0)
(0.606394 0.291143 0)
(0.0318673 -0.22659 0)
(0.121536 -0.388811 0)
(0.13175 -0.636768 0)
(0.0617766 -0.334751 0)
(0.584675 -0.25038 0)
(0.483081 -0.463249 0)
(0.450212 -0.372502 0)
(0.552345 -0.319318 0)
(0.772958 -0.324642 0)
(0.779936 -0.212616 0)
(0.73396 -0.235992 0)
(0.652951 -0.0147268 0)
(0.845577 0.0253428 0)
(1.23781 0.43027 0)
(0.945813 0.71745 0)
(0.450387 0.576876 0)
(0.590517 0.581016 0)
(0.8329 0.429096 0)
(0.598273 0.248169 0)
(0.185793 0.0177555 0)
(0.0947705 -0.255161 0)
(0.13548 -0.352027 0)
(0.102883 -0.330185 0)
(0.2738 -0.417766 0)
(0.457054 -0.483935 0)
(0.575645 -0.400129 0)
(0.585348 -0.372993 0)
(0.722241 -0.411535 0)
(0.811328 -0.291642 0)
(0.781707 -0.200293 0)
(0.790599 -0.117209 0)
(0.86684 0.129255 0)
(1.22986 0.407539 0)
(1.02431 0.624378 0)
(0.516221 0.75317 0)
(0.641057 0.882831 0)
(0.915722 0.603915 0)
(0.770442 0.331488 0)
(0.312526 0.123147 0)
(0.374049 -0.16944 0)
(0.111848 -0.366727 0)
(0.0200951 -0.326372 0)
(0.300475 -0.444009 0)
(0.523999 -0.378575 0)
(0.492899 -0.493161 0)
(0.438816 -0.402719 0)
(0.654723 -0.27163 0)
(0.662795 -0.25066 0)
(0.558226 -0.151464 0)
(0.676874 0.0801874 0)
(1.03592 0.361246 0)
(1.28813 0.410783 0)
(1.1739 0.424655 0)
(0.854508 0.555251 0)
(0.763468 0.828904 0)
(0.813561 0.797969 0)
(0.671579 0.628628 0)
(0.617033 0.259031 0)
(0.369196 -0.101521 0)
(0.163143 -0.328547 0)
(0.15746 -0.219069 0)
(0.415839 -0.436011 0)
(0.359329 -0.581268 0)
(0.468263 -0.766415 0)
(0.417312 -0.767066 0)
(0.38515 -0.44725 0)
(0.288793 -0.486803 0)
(0.368357 -0.347757 0)
(0.543118 0.0367371 0)
(0.705298 0.218312 0)
(1.05337 0.23487 0)
(0.895493 0.130316 0)
(0.774336 0.427984 0)
(0.861997 0.567819 0)
(0.967766 0.665162 0)
(0.892226 0.609557 0)
(0.672519 0.536607 0)
(0.357293 -0.0167768 0)
(0.266674 -0.0662932 0)
(0.0993169 0.264047 0)
(0.339056 -0.584898 0)
(0.198686 -0.695962 0)
(0.163443 -0.896378 0)
(0.320432 -0.913651 0)
(0.368903 -0.785203 0)
(0.262324 -0.66257 0)
(0.324649 -0.373643 0)
(0.327601 -0.0901076 0)
(0.556621 0.270884 0)
(0.773406 0.309694 0)
(0.828935 0.243221 0)
(0.764093 0.432133 0)
(0.779993 0.527196 0)
(0.890492 0.562264 0)
(1.0331 0.434646 0)
(0.873059 0.452997 0)
(0.838776 0.173923 0)
(0.479124 0.101223 0)
(0.552031 0.41627 0)
(0.22858 -0.574982 0)
(0.0441637 -0.818803 0)
(-0.0149602 -0.757655 0)
(0.0980339 -0.636311 0)
(0.110651 -0.627563 0)
(0.12345 -0.517265 0)
(0.113242 -0.282869 0)
(0.0656028 -0.216831 0)
(0.281093 0.0199181 0)
(0.350134 -0.0103776 0)
(0.503505 0.101134 0)
(0.555769 0.215505 0)
(0.595352 0.521537 0)
(0.801556 0.65447 0)
(1.02208 0.545506 0)
(1.06247 0.620801 0)
(2.23338 0.262673 0)
(1.18182 -0.164551 0)
(1.23171 2.23353 0)
)
;

boundaryField
{
    leftWall
    {
        type            fixedValue;
        value           uniform (0 0 0);
    }
    rightWall
    {
        type            fixedValue;
        value           uniform (0 0 0);
    }
    lowerWall
    {
        type            fixedValue;
        value           uniform (0 0 0);
    }
    atmosphere
    {
        type            pressureInletOutletVelocity;
        value           nonuniform List<vector> 
46
(
(0.0147337 0.108291 0)
(0.0218827 0.105929 0)
(-0.01437 0.0992977 0)
(0.00592829 0.103345 0)
(0.00312979 0.0906758 0)
(0.00359684 0.0987541 0)
(0.00748426 0.0783683 0)
(0.00593196 0.0910814 0)
(0.0138475 0.0668463 0)
(0.007007 0.0941699 0)
(0.0338004 0.0618057 0)
(0.0455903 0.0682659 0)
(0.0551101 0.0156184 0)
(0.0460643 0.0559382 0)
(0.0574212 0.0158045 0)
(0.098259 0.0166514 0)
(0 -0.0143845 0)
(0 -0.0236548 0)
(0 -0.12914 0)
(0 -0.146941 0)
(0 -0.212543 0)
(0 -0.338964 0)
(0 -0.291154 0)
(0 -0.367056 0)
(0 -0.437566 0)
(0 -0.455107 0)
(0 -0.47116 0)
(0 -0.574982 0)
(0 -0.818803 0)
(0 -0.757655 0)
(0 -0.636311 0)
(0 -0.627563 0)
(0 -0.517265 0)
(0 -0.282869 0)
(0 -0.216831 0)
(0.281093 0.0199181 0)
(0 -0.0103776 0)
(0.503505 0.101134 0)
(0.555769 0.215505 0)
(0.595352 0.521537 0)
(0.801556 0.65447 0)
(1.02208 0.545506 0)
(1.06247 0.620801 0)
(2.23338 0.262673 0)
(0 -0.164551 0)
(1.23171 2.23353 0)
)
;
    }
    defaultFaces
    {
        type            empty;
    }
}


// ************************************************************************* //
