/*--------------------------------*- C++ -*----------------------------------*\
| =========                 |                                                 |
| \\      /  F ield         | foam-extend: Open Source CFD                    |
|  \\    /   O peration     | Version:     4.1                                |
|   \\  /    A nd           | Web:         http://www.foam-extend.org         |
|    \\/     M anipulation  |                                                 |
\*---------------------------------------------------------------------------*/
FoamFile
{
    version     2.0;
    format      ascii;
    class       volVectorField;
    location    "0.65";
    object      U;
}
// * * * * * * * * * * * * * * * * * * * * * * * * * * * * * * * * * * * * * //

dimensions      [0 1 -1 0 0 0 0];

internalField   nonuniform List<vector> 
2268
(
(-0.481884 0.0858996 0)
(-0.0495202 -0.309202 0)
(0.467537 0.0275247 0)
(0.242301 0.00559862 0)
(0.293274 -0.000475584 0)
(0.267463 -0.00255425 0)
(0.340096 -0.0201404 0)
(0.417006 0.0188251 0)
(0.319606 0.0130907 0)
(0.266571 -0.00425794 0)
(0.186707 0.0541565 0)
(0.166755 0.0167039 0)
(0.143642 0.0291614 0)
(0.102495 0.00967699 0)
(0.0568952 0.0245791 0)
(0.0384829 0.00855197 0)
(0.016573 0.00723082 0)
(-0.00023017 0.0217604 0)
(-0.0640199 0.0613527 0)
(-0.086984 -0.0154889 0)
(-0.0989724 -0.0594019 0)
(0.0107358 -0.00688059 0)
(-0.0165446 -0.00839857 0)
(-0.245979 0.23188 0)
(0.0864844 -0.330437 0)
(0.229279 0.0750822 0)
(0.228466 0.0195706 0)
(0.296654 -0.00246417 0)
(0.2688 -0.0179477 0)
(0.364101 -0.0643584 0)
(0.423968 0.0173467 0)
(0.328511 0.0155583 0)
(0.31764 -0.0728186 0)
(0.239745 0.034876 0)
(0.152704 0.022743 0)
(0.138811 0.0341805 0)
(0.0914366 0.0673378 0)
(0.0676068 0.031072 0)
(0.0277948 0.00953828 0)
(-0.0110735 -0.000108333 0)
(-0.00234458 0.00576967 0)
(-0.00905652 0.0299914 0)
(-0.0203537 0.0256046 0)
(0.00573734 -0.022944 0)
(-0.0307558 -0.0363849 0)
(0.0208243 0.00561379 0)
(-0.200167 0.276375 0)
(0.0425016 -0.372878 0)
(0.0588996 0.0153031 0)
(0.129555 0.014474 0)
(0.298566 -0.00843302 0)
(0.251385 -0.0532223 0)
(0.279531 -0.0870267 0)
(0.411195 0.0718555 0)
(0.309055 0.0228088 0)
(0.347897 -0.0958595 0)
(0.236117 0.0907394 0)
(0.118524 0.0282597 0)
(0.092252 0.101119 0)
(0.0390242 0.0655516 0)
(0.0120343 0.0544657 0)
(0.0144289 0.0458457 0)
(-0.0108562 0.0365433 0)
(-0.0311134 0.0193389 0)
(-0.0391009 0.0271264 0)
(-0.0219545 0.0026685 0)
(-0.0304814 -0.0229239 0)
(-0.0472842 -0.0453222 0)
(0.0262556 -0.015638 0)
(-0.155928 0.389959 0)
(0.149689 -0.331139 0)
(0.141559 -0.0506992 0)
(0.311832 -0.00259302 0)
(0.34165 -0.0229784 0)
(-0.158821 0.0327596 0)
(-0.193698 -0.27356 0)
(0.412858 0.127334 0)
(0.228635 0.0526884 0)
(0.36125 -0.0512141 0)
(0.261719 0.114493 0)
(0.00629685 0.105116 0)
(0.0260118 0.0969169 0)
(-0.046426 0.0527254 0)
(-0.029459 0.116979 0)
(-0.0301659 0.0780895 0)
(-0.044124 0.0272858 0)
(-0.0441108 0.0169224 0)
(-0.0397944 0.0221632 0)
(-0.0388228 -0.0152785 0)
(-0.0279768 -0.00865801 0)
(-0.0499732 -0.0250662 0)
(0.0205543 -0.00981981 0)
(-0.242691 0.257241 0)
(0.2747 -0.41633 0)
(0.102581 -0.1509 0)
(0.466066 0.0869467 0)
(0.465663 0.0219338 0)
(-0.0768936 0.253909 0)
(0.037732 -0.581003 0)
(0.16857 0.140033 0)
(0.117341 -0.023975 0)
(0.299719 -0.138317 0)
(0.281925 0.12136 0)
(0.0301328 0.144444 0)
(-0.0504292 0.0608711 0)
(-0.0475087 0.0946637 0)
(-0.075358 0.0654203 0)
(-0.123925 0.034411 0)
(-0.129157 0.0314478 0)
(-0.0973373 0.0156859 0)
(-0.076869 0.0318024 0)
(-0.0523046 -0.0119979 0)
(-0.0353492 -0.00716566 0)
(-0.0545906 -0.0480629 0)
(0.0268134 -0.0277476 0)
(-0.199839 0.146208 0)
(0.31267 -0.485776 0)
(0.259035 -0.435865 0)
(0.454028 0.0518302 0)
(0.412067 0.0547573 0)
(0.368889 0.354879 0)
(0.478914 -0.30336 0)
(0.32601 0.163099 0)
(0.264045 0.0232922 0)
(0.146283 -0.204785 0)
(0.331521 0.210538 0)
(0.0141758 0.168314 0)
(-0.0196366 0.0965421 0)
(-0.0518861 0.0540967 0)
(-0.088007 0.0599293 0)
(-0.111401 0.039662 0)
(-0.142515 0.0557144 0)
(-0.128497 0.0445631 0)
(-0.117064 -0.0198723 0)
(-0.0804124 -0.0298837 0)
(-0.0473432 -0.00865207 0)
(-0.062666 -0.0535893 0)
(0.0215105 -0.0226932 0)
(0.0911882 0.0748595 0)
(0.393283 -0.449159 0)
(0.307006 -0.527562 0)
(0.467904 -0.0104441 0)
(0.273479 0.162593 0)
(0.697569 0.159692 0)
(0.418609 -0.344185 0)
(0.180313 0.235594 0)
(-0.673124 -0.049959 0)
(-0.29478 -0.198244 0)
(0.0798151 0.344964 0)
(-0.0306173 0.205391 0)
(-0.0240719 0.0960011 0)
(-0.0208622 0.126318 0)
(-0.0728937 0.0858283 0)
(-0.115507 0.050697 0)
(-0.148851 0.0708586 0)
(-0.17197 -0.017949 0)
(-0.148612 0.0112919 0)
(-0.0526325 -0.0299126 0)
(-0.0185333 -0.024794 0)
(-0.0392935 -0.0780369 0)
(0.0253265 -0.0545731 0)
(0.0902377 -0.0565438 0)
(0.433686 -0.440521 0)
(0.242908 -0.387928 0)
(0.388662 -0.022643 0)
(-0.15972 0.164973 0)
(0.260956 -0.00779102 0)
(-0.0995781 -0.290044 0)
(0.17685 0.555126 0)
(-0.360946 -0.0743172 0)
(-0.225739 -0.307159 0)
(0.0212182 0.215258 0)
(0.0752377 0.202054 0)
(0.024238 0.10476 0)
(-0.0532646 0.169574 0)
(-0.152978 0.114111 0)
(-0.177213 0.0456076 0)
(-0.221951 0.0684601 0)
(-0.223628 0.00346541 0)
(-0.137673 0.00802431 0)
(0.0237687 -0.102897 0)
(0.0985228 -0.0120632 0)
(0.0199263 -0.0706291 0)
(0.0247221 -0.0297836 0)
(-0.585399 0.239128 0)
(-0.883578 0.0694593 0)
(-1.07655 0.0321741 0)
(-1.14215 0.00600403 0)
(-1.12698 -0.0524996 0)
(-1.06508 -0.024709 0)
(-1.03017 -0.0518247 0)
(-1.08563 -0.142824 0)
(-1.19395 -0.0267228 0)
(-0.943168 -0.0346579 0)
(-0.945086 -0.100077 0)
(-1.06137 0.112694 0)
(-0.917118 -0.0478109 0)
(-0.825872 0.0012607 0)
(-0.807887 -0.022626 0)
(-0.618925 -0.150628 0)
(-0.265907 -0.0788074 0)
(-0.0377863 -0.0435264 0)
(0.376438 0.0559643 0)
(-0.4744 0.426116 0)
(-0.639396 0.125374 0)
(-0.766937 0.0403618 0)
(-0.794765 -0.0115475 0)
(-0.841527 0.0422929 0)
(-0.706511 0.000683196 0)
(-0.787669 -0.0691564 0)
(-0.984724 -0.142958 0)
(-1.12637 0.0434724 0)
(-0.970838 0.139213 0)
(-0.933637 -0.0273867 0)
(-1.09981 0.162555 0)
(-0.877476 -0.0262894 0)
(-0.748297 -0.0212513 0)
(-0.787746 -0.0993898 0)
(-0.620648 -0.0905088 0)
(-0.315013 -0.220876 0)
(-0.217349 -0.188887 0)
(0.324539 0.0975391 0)
(-0.444488 0.942672 0)
(-0.318497 0.483489 0)
(-0.120356 0.0532118 0)
(-0.550388 -0.183329 0)
(-0.720819 0.167511 0)
(-0.394019 -0.0484991 0)
(-0.515903 -0.185395 0)
(-0.744948 -0.0983431 0)
(-0.782809 0.0888046 0)
(-0.784402 0.144056 0)
(-0.633278 -0.139805 0)
(-0.825188 -0.126273 0)
(-0.732206 0.0908901 0)
(-0.521192 -0.120056 0)
(-0.542709 -0.207052 0)
(-0.529444 -0.124552 0)
(-0.299209 -0.267932 0)
(-0.242536 -0.332439 0)
(0.254467 0.114056 0)
(-0.343776 1.04042 0)
(-0.146896 0.609609 0)
(-0.155228 0.106381 0)
(-0.478131 0.095361 0)
(-0.579319 0.250386 0)
(-0.289346 -0.0901732 0)
(-0.438783 -0.0760043 0)
(-0.836289 -0.147284 0)
(-0.430928 0.00859188 0)
(-0.338808 0.246633 0)
(-0.615452 0.0431374 0)
(-0.615846 -0.0337059 0)
(-0.657898 0.096467 0)
(-0.396412 0.0107884 0)
(-0.346689 -0.110805 0)
(-0.372311 -0.151928 0)
(-0.23561 -0.26471 0)
(-0.212207 -0.409506 0)
(0.222998 0.111355 0)
(-0.260365 1.10606 0)
(-0.0226712 0.63942 0)
(-0.0793937 0.0985959 0)
(0.00324611 0.0451053 0)
(-0.370221 0.131855 0)
(0.159171 -0.298116 0)
(-0.360454 -0.08023 0)
(-0.420628 0.0249019 0)
(-0.0450135 -0.0905642 0)
(0.124241 0.251268 0)
(-0.173019 0.120423 0)
(0.310045 -0.164786 0)
(-0.30912 -0.158513 0)
(-0.0571668 -0.15369 0)
(0.0452362 -0.198945 0)
(-0.152588 -0.359284 0)
(-0.16738 -0.493189 0)
(-0.223224 -0.506858 0)
(0.149242 0.10156 0)
(-0.173537 1.14306 0)
(0.125962 0.552867 0)
(-0.0276812 0.0820667 0)
(0.255715 0.182795 0)
(-0.221789 0.268341 0)
(0.307808 -0.149495 0)
(0.120814 -0.063903 0)
(-0.0252856 -0.141878 0)
(0.162411 -0.152075 0)
(0.291695 0.211265 0)
(0.783508 0.151212 0)
(0.733473 -0.0513992 0)
(0.425096 0.205412 0)
(0.533766 -0.0242735 0)
(0.304906 -0.0544469 0)
(-0.0463607 -0.389717 0)
(-0.0874681 -0.559588 0)
(-0.176237 -0.546157 0)
(-0.0505945 0.0912844 0)
(-0.0817236 1.09849 0)
(0.190427 0.609332 0)
(-0.199205 0.0729016 0)
(0.326541 0.187029 0)
(0.00404257 0.423576 0)
(0.34323 -0.103493 0)
(0.139401 0.100224 0)
(0.284669 -0.109246 0)
(0.415652 -0.292963 0)
(0.5245 -0.0361937 0)
(0.978689 0.00957256 0)
(0.96437 -0.103619 0)
(0.907114 -0.0536264 0)
(0.827638 0.0062262 0)
(0.611406 -0.0601646 0)
(0.162487 -0.218874 0)
(0.0850763 -0.265666 0)
(-0.0732305 -0.435621 0)
(-0.36552 -0.00945591 0)
(-0.072683 0.922825 0)
(0.153762 0.556375 0)
(-0.101279 -0.0460504 0)
(0.363906 -0.0890525 0)
(0.395152 0.270496 0)
(0.675781 -0.0760189 0)
(0.777337 -0.123209 0)
(0.573846 -0.141501 0)
(0.429057 -0.143174 0)
(0.476383 -0.013049 0)
(0.796371 -0.0808486 0)
(0.731536 -0.0412035 0)
(0.684119 0.119739 0)
(0.784167 0.0882319 0)
(0.6809 0.0871158 0)
(0.484187 -0.125514 0)
(0.199043 -0.172597 0)
(0.123394 -0.355623 0)
(-0.347296 -0.099856 0)
(0.174361 -0.363399 0)
(0.455217 -0.408548 0)
(0.0982301 -0.290036 0)
(0.137591 0.246242 0)
(-0.470929 0.158966 0)
(0.0831416 0.00251131 0)
(-0.276754 -0.0466778 0)
(0.119877 0.557736 0)
(0.27613 0.255303 0)
(-0.0635289 -0.159468 0)
(0.0863381 0.23436 0)
(0.0863959 0.280532 0)
(-0.0864207 0.148114 0)
(-0.0637927 0.0912341 0)
(-0.132826 0.166669 0)
(-0.128517 0.0698935 0)
(-0.158633 0.115896 0)
(-0.158538 -0.000132357 0)
(-0.0269467 -0.193869 0)
(0.099455 -0.169533 0)
(0.140684 0.00588396 0)
(0.0781552 -0.00674056 0)
(0.0201908 -0.0348782 0)
(0.0271141 -0.545336 0)
(0.042942 -0.338092 0)
(-0.33233 0.0342914 0)
(0.124629 0.523316 0)
(-0.0916718 0.115742 0)
(0.154126 -0.100354 0)
(-0.192284 -0.16506 0)
(-0.0736248 0.0597265 0)
(-0.128593 -0.00606599 0)
(-0.123817 -0.166876 0)
(0.104331 -0.118368 0)
(0.121493 0.314568 0)
(-0.0295832 0.220005 0)
(0.027962 0.209331 0)
(0.0426387 0.152317 0)
(0.103543 0.0850066 0)
(-0.0280233 0.118567 0)
(-0.0720307 -0.142604 0)
(-0.150374 -0.357987 0)
(-0.124443 -0.235181 0)
(-0.079631 -0.0184789 0)
(0.043675 0.0228601 0)
(0.0236313 -0.0823607 0)
(-0.162389 -0.561773 0)
(-0.176615 -0.318693 0)
(-0.305524 -0.176675 0)
(-0.00652429 0.297465 0)
(-0.159631 0.0948066 0)
(0.0499489 -0.0275412 0)
(-0.23098 0.133588 0)
(-0.100435 0.193857 0)
(0.0330316 0.0379996 0)
(0.268684 -0.288879 0)
(0.0724795 -0.0887271 0)
(0.0825051 0.471802 0)
(-0.00671428 0.193504 0)
(0.20302 0.238384 0)
(0.0232342 0.126485 0)
(-0.145961 0.17194 0)
(-0.149474 0.080953 0)
(0.171657 0.11275 0)
(0.3178 -0.213674 0)
(0.17687 -0.235941 0)
(0.00490277 -0.0939339 0)
(0.0474068 -0.0536071 0)
(-0.0292243 0.0981629 0)
(0.0146517 -0.548862 0)
(0.347405 -0.434552 0)
(0.234544 -0.240928 0)
(-0.107406 0.201052 0)
(-0.0167275 0.105035 0)
(-0.28709 0.065113 0)
(-0.359152 0.108109 0)
(-0.314594 0.040178 0)
(-0.545654 -0.30549 0)
(-0.639916 -0.164661 0)
(-0.54136 0.196255 0)
(-0.323402 0.386782 0)
(-0.439681 0.0471429 0)
(-0.300175 0.151212 0)
(-0.11975 0.26977 0)
(-0.0841154 0.293694 0)
(0.245988 -0.214443 0)
(0.238223 -0.460407 0)
(0.429814 -0.139811 0)
(0.645774 0.00826956 0)
(0.625003 0.0220285 0)
(0.501356 -0.0223166 0)
(0.317405 -0.0648662 0)
(-0.0925425 -0.566956 0)
(0.0765167 -0.351692 0)
(-0.148874 0.211441 0)
(-0.37529 0.357777 0)
(-0.2129 0.282706 0)
(-0.349837 0.210385 0)
(-0.358848 0.149306 0)
(-0.434102 0.00601742 0)
(-0.366811 -0.132945 0)
(-0.350526 -0.12656 0)
(-0.317304 -0.198341 0)
(-0.447796 0.298959 0)
(-0.374263 -0.117983 0)
(-0.358157 -0.00742464 0)
(-0.0547873 0.215122 0)
(0.120618 0.0774151 0)
(0.327869 -0.242945 0)
(0.332451 -0.434777 0)
(0.378875 -0.244569 0)
(0.396202 -0.199309 0)
(0.41754 -0.0270784 0)
(0.559162 0.158561 0)
(0.548844 0.0433435 0)
(-0.116401 -0.533826 0)
(-0.323929 -0.107903 0)
(-0.382791 0.324654 0)
(-0.47174 0.467166 0)
(-0.30232 0.301108 0)
(-0.279117 0.253655 0)
(-0.352198 0.138693 0)
(-0.356037 -0.193188 0)
(-0.371721 -0.0541787 0)
(-0.286868 0.0236057 0)
(-0.25365 0.16811 0)
(-0.400678 0.477743 0)
(0.101756 -0.137142 0)
(-0.0166073 -0.241728 0)
(0.143357 -0.206585 0)
(0.336867 -0.27733 0)
(0.280726 -0.406424 0)
(0.193034 -0.48268 0)
(0.129135 -0.287803 0)
(0.131789 -0.249454 0)
(0.266365 -0.276193 0)
(0.557385 -0.130765 0)
(0.636272 -0.106603 0)
(-0.0232508 -0.59404 0)
(-0.247467 -0.229794 0)
(-0.444185 0.297351 0)
(-0.538811 0.325268 0)
(-0.353426 0.437775 0)
(-0.12179 0.275325 0)
(-0.209759 0.0104015 0)
(-0.192647 -0.186359 0)
(-0.289926 -0.0962475 0)
(-0.269914 0.0751924 0)
(-0.290385 -0.0367824 0)
(-0.291811 0.442952 0)
(0.0146855 -0.517893 0)
(0.0571016 -0.296287 0)
(0.169461 -0.0296877 0)
(0.242708 -0.147343 0)
(0.253575 -0.23201 0)
(0.143794 -0.149555 0)
(0.0577074 -0.0949724 0)
(0.0816322 -0.189578 0)
(0.150732 -0.383708 0)
(0.242941 -0.167773 0)
(0.166399 0.0413478 0)
(-0.0671875 -0.161323 0)
(-0.329404 0.0869323 0)
(-0.39752 0.185364 0)
(-0.343636 0.19495 0)
(-0.271081 0.472445 0)
(-0.089286 0.315812 0)
(-0.135792 0.0908219 0)
(-0.132393 -0.257665 0)
(-0.207346 -0.0358305 0)
(-0.129324 0.21952 0)
(-0.231526 0.0715295 0)
(0.142615 -0.292081 0)
(0.128629 -0.734266 0)
(0.145355 -0.544496 0)
(0.0992368 -0.389567 0)
(0.271471 -0.135194 0)
(0.33751 -0.200516 0)
(0.18827 -0.193017 0)
(0.0629959 -0.191474 0)
(-0.0428198 -0.348233 0)
(-0.197024 -0.398332 0)
(-0.233644 -0.134403 0)
(-0.324768 0.139023 0)
(-0.0121371 -0.0385271 0)
(-0.127327 0.239264 0)
(-0.285138 0.240998 0)
(-0.181528 0.338151 0)
(-0.147193 0.310227 0)
(-0.112788 0.276485 0)
(-0.037204 0.177005 0)
(-0.104782 -0.157531 0)
(-0.0330987 -0.0379624 0)
(-0.0546877 0.196627 0)
(-0.19502 -0.166321 0)
(0.100712 -0.399311 0)
(0.172279 -0.606399 0)
(0.143114 -0.582465 0)
(0.143271 -0.4546 0)
(0.241519 -0.155744 0)
(0.211865 -0.162829 0)
(0.201646 -0.119634 0)
(0.0886495 0.0670142 0)
(-0.134511 -0.107958 0)
(-0.279832 -0.201099 0)
(-0.328909 -0.139029 0)
(-0.260966 -0.0186251 0)
(-0.0515178 0.125854 0)
(-0.0255645 0.291121 0)
(-0.0838947 0.269962 0)
(-0.121707 0.294526 0)
(-0.143793 0.162249 0)
(-0.0611417 0.25163 0)
(0.144353 0.160582 0)
(0.0702421 -0.101185 0)
(0.0321579 -0.142669 0)
(0.161525 0.115338 0)
(0.0995478 0.084277 0)
(0.0991069 -0.332658 0)
(-0.0286623 -0.422168 0)
(0.194499 -0.41607 0)
(0.121614 -0.342305 0)
(0.119661 -0.353385 0)
(0.0511467 -0.202894 0)
(-0.0807328 0.025749 0)
(-0.153322 0.104713 0)
(-0.224276 -0.172549 0)
(-0.245929 -0.328218 0)
(-0.257628 -0.338149 0)
(-0.129057 -0.19698 0)
(0.0133325 0.0415591 0)
(0.00815075 0.282279 0)
(-0.0764179 0.300389 0)
(-0.0285241 0.171132 0)
(0.00554957 0.0142769 0)
(0.0378864 0.182306 0)
(0.117549 0.0329835 0)
(0.308177 -0.186459 0)
(0.197606 -0.117029 0)
(0.180882 0.0247165 0)
(0.150724 -0.0272673 0)
(0.237631 -0.31924 0)
(0.099094 -0.278776 0)
(0.1407 -0.331947 0)
(0.0264877 -0.293154 0)
(-0.041079 -0.0841184 0)
(-0.106017 -0.0478033 0)
(-0.0994179 0.157949 0)
(-0.0626576 0.244983 0)
(-0.0505402 0.123419 0)
(-0.123563 -0.142965 0)
(-0.0828139 -0.248824 0)
(-0.0678747 -0.136309 0)
(-0.0515578 0.0861394 0)
(-0.000103279 0.166663 0)
(0.0521576 0.317289 0)
(0.0577261 0.1958 0)
(0.100275 0.0910399 0)
(0.101782 0.0474953 0)
(0.172272 0.0525038 0)
(0.199392 -0.0308106 0)
(0.108834 -0.0737519 0)
(0.131246 -0.0408387 0)
(0.243829 0.0680378 0)
(0.255411 -0.308665 0)
(0.0904852 -0.271221 0)
(0.121707 -0.310574 0)
(-0.0202526 -0.185518 0)
(-0.19086 -0.0869023 0)
(-0.261544 0.00160159 0)
(-0.141982 0.0337619 0)
(-0.0558028 0.136183 0)
(-0.0746943 0.0579635 0)
(-0.0951352 -0.112207 0)
(-0.137851 -0.239498 0)
(-0.190684 -0.293082 0)
(-0.0168536 0.0842687 0)
(0.0188474 0.163543 0)
(0.0422186 0.178245 0)
(0.0453207 0.136128 0)
(0.141999 0.0760843 0)
(0.114318 -0.0257166 0)
(0.116081 -0.033907 0)
(0.108094 -0.0940908 0)
(0.121457 -0.0633568 0)
(0.263608 -0.104615 0)
(0.274378 0.025676 0)
(0.203046 -0.327036 0)
(0.12705 -0.186049 0)
(-0.0450847 -0.255877 0)
(-0.216979 -0.13421 0)
(-0.208654 -0.0188233 0)
(-0.193796 -0.0174876 0)
(-0.232262 0.0605053 0)
(-0.20248 0.0853397 0)
(-0.17841 0.0660954 0)
(-0.222085 -0.0597734 0)
(-0.30807 -0.0989882 0)
(-0.560036 -0.211332 0)
(-0.0167349 0.1011 0)
(-0.00066129 0.119125 0)
(0.045289 0.0867687 0)
(0.0737592 0.0766204 0)
(0.0883394 0.0518496 0)
(0.113241 -0.035563 0)
(0.194994 0.0198804 0)
(0.162229 -0.0527696 0)
(0.0689669 -0.0434917 0)
(0.152595 -0.0978202 0)
(0.163277 -0.0984801 0)
(0.132965 -0.367873 0)
(0.0773371 -0.147982 0)
(-0.0737306 -0.207011 0)
(-0.0826373 -0.0327699 0)
(-0.225154 0.0423912 0)
(-0.325722 0.00675854 0)
(-0.24323 0.0856816 0)
(-0.202887 0.082214 0)
(-0.246476 0.0586868 0)
(-0.270126 -0.0136291 0)
(-0.349334 0.0584317 0)
(-0.516723 0.111406 0)
(-0.0603121 0.0917569 0)
(-0.0152399 0.109483 0)
(0.0263214 0.10076 0)
(0.0227662 0.051368 0)
(0.0563282 0.0391523 0)
(0.0641385 0.00822623 0)
(0.0464498 -0.0344616 0)
(0.0736435 -0.121767 0)
(0.0720344 -0.152786 0)
(0.147879 -0.0780726 0)
(0.122707 -0.115728 0)
(0.0461634 -0.113674 0)
(-0.0242741 -0.0222048 0)
(-0.125052 0.0585574 0)
(-0.1548 -0.00474245 0)
(-0.184296 -0.00318294 0)
(-0.153589 0.0313206 0)
(-0.251841 0.141474 0)
(-0.310798 0.122433 0)
(-0.328347 0.170732 0)
(-0.300215 0.140767 0)
(-0.335808 0.152021 0)
(-0.402465 0.126309 0)
(-0.00408041 0.0771834 0)
(0.0275907 0.0699841 0)
(0.0168434 0.0694059 0)
(0.0451527 0.0495192 0)
(0.043486 0.0373879 0)
(-0.00826185 -0.0187117 0)
(0.0369996 -0.0282577 0)
(0.026849 -0.0795343 0)
(-0.0326191 -0.150784 0)
(0.0201447 -0.113853 0)
(-0.0413119 -0.0972649 0)
(-0.10069 -0.128142 0)
(-0.0666294 -0.0207351 0)
(-0.169153 0.0804981 0)
(-0.21254 0.0441562 0)
(-0.265393 0.00731281 0)
(-0.201248 0.0495872 0)
(-0.167637 0.0587079 0)
(-0.196083 0.169954 0)
(-0.230732 0.200015 0)
(-0.235716 0.200227 0)
(-0.316173 0.184493 0)
(-0.365467 0.249358 0)
(-0.0310144 0.152428 0)
(0.0257875 0.100359 0)
(0.0206112 0.0649707 0)
(0.0265374 0.06741 0)
(0.0333682 0.0239077 0)
(0.000599605 -0.00774799 0)
(0.0570875 -0.00911926 0)
(-0.0108228 -0.104223 0)
(-0.0605565 -0.132497 0)
(-0.0367379 -0.0843835 0)
(-0.0969027 -0.0222963 0)
(-0.160413 0.0586255 0)
(-0.130533 0.0243785 0)
(-0.197369 0.0179761 0)
(-0.256781 0.0802988 0)
(-0.203768 0.0502546 0)
(-0.17233 0.135796 0)
(-0.169675 0.117983 0)
(-0.179498 0.146442 0)
(-0.251172 0.137047 0)
(-0.226282 0.212277 0)
(-0.149795 0.163475 0)
(-0.18158 0.254087 0)
(0.024484 0.105409 0)
(-0.000508121 0.0821212 0)
(-0.000122566 0.0872031 0)
(0.028142 0.0684737 0)
(0.00214604 0.0308581 0)
(-0.00348738 -0.0066584 0)
(-0.0239231 -0.0173628 0)
(-0.0288899 -0.0957559 0)
(-0.0744198 -0.107024 0)
(-0.101392 -0.0702583 0)
(-0.110188 -0.000382803 0)
(-0.17165 0.0211753 0)
(-0.201267 0.020221 0)
(-0.191544 -0.0046696 0)
(-0.239821 0.0551414 0)
(-0.141029 0.103542 0)
(-0.108472 0.136249 0)
(-0.136885 0.101986 0)
(-0.143861 0.111858 0)
(-0.166752 0.102646 0)
(-0.188784 0.234192 0)
(-0.209356 0.196525 0)
(-0.160644 0.278616 0)
(-0.00566743 0.0901781 0)
(0.0356427 0.0761668 0)
(0.0158864 0.0795193 0)
(0.00266866 0.0901969 0)
(-0.0088557 0.0399744 0)
(-0.0225022 0.031867 0)
(-0.0111948 0.001337 0)
(-0.0652392 -0.0065148 0)
(-0.0728307 -0.00165958 0)
(-0.0677232 -0.00832568 0)
(-0.104751 0.0109035 0)
(-0.144557 -0.0389896 0)
(-0.133657 0.0349927 0)
(-0.132094 0.0190149 0)
(-0.193704 0.0567082 0)
(-0.139815 0.119786 0)
(-0.131576 0.114116 0)
(-0.176397 0.123065 0)
(-0.108137 0.0708012 0)
(-0.111818 0.0860739 0)
(-0.171047 0.11046 0)
(-0.142121 0.166364 0)
(-0.104378 0.268335 0)
(0.00400262 0.0799948 0)
(-0.000372778 0.0964857 0)
(0.0139302 0.0908295 0)
(0.0200913 0.0823123 0)
(-0.00201507 0.0853197 0)
(-0.0173268 0.0296251 0)
(-0.0244721 0.0103086 0)
(-0.0383036 -0.0129749 0)
(-0.0511282 0.0123112 0)
(-0.0553312 -0.00383557 0)
(-0.0749308 -0.0199459 0)
(-0.0596082 0.0435017 0)
(-0.124667 0.0101025 0)
(-0.172012 0.0420924 0)
(-0.129907 0.0790509 0)
(-0.108097 0.106101 0)
(-0.118576 0.0826254 0)
(-0.182981 0.148506 0)
(-0.178728 0.137078 0)
(-0.147739 0.157892 0)
(-0.109391 0.100166 0)
(-0.0833666 0.139922 0)
(-0.0610186 0.178337 0)
(-0.00498678 0.0744754 0)
(0.0146736 0.0948819 0)
(-0.021932 0.118001 0)
(0.0221978 0.132745 0)
(0.00973305 0.0900153 0)
(-0.0138843 0.061704 0)
(-0.00134081 0.0207031 0)
(-0.0422354 0.00687406 0)
(-0.0393977 0.0226858 0)
(-0.0440988 0.0254242 0)
(-0.0543086 0.00549693 0)
(-0.114207 0.0126787 0)
(-0.111811 0.0105939 0)
(-0.0749617 0.0277867 0)
(-0.128743 0.09223 0)
(-0.101734 0.068947 0)
(-0.0864428 0.0649042 0)
(-0.145598 0.0950341 0)
(-0.128781 0.1452 0)
(-0.158013 0.153686 0)
(-0.17474 0.169347 0)
(-0.042414 0.152594 0)
(-0.01578 0.0959017 0)
(-0.00166114 0.0750615 0)
(0.00660004 0.105258 0)
(0.016809 0.113965 0)
(0.000666163 0.140077 0)
(-0.0245115 0.0622925 0)
(-0.017131 0.0627404 0)
(-0.019332 0.0286817 0)
(-0.0188463 0.0219693 0)
(-0.0414637 0.0491696 0)
(-0.0445603 0.0510231 0)
(-0.0520843 0.0413192 0)
(-0.0684011 0.00327308 0)
(-0.108063 0.0649613 0)
(-0.0640291 0.0441138 0)
(-0.0751394 0.102153 0)
(-0.11956 0.111736 0)
(-0.0846286 0.0933003 0)
(-0.0942004 0.0751775 0)
(-0.106537 0.15415 0)
(-0.113971 0.114596 0)
(-0.104045 0.18913 0)
(-0.0884505 0.209837 0)
(-0.0752182 0.148432 0)
(-0.0043215 0.0583854 0)
(0.0119136 0.0793742 0)
(-0.034043 0.0821552 0)
(-0.00946938 0.0820552 0)
(-0.000742971 0.0733014 0)
(-0.0102608 0.0385406 0)
(-0.0237558 0.0629677 0)
(-0.0128438 0.0283858 0)
(-0.0279256 0.0196651 0)
(-0.0367994 0.0315681 0)
(-0.0252964 0.0430125 0)
(-0.0730256 0.0554178 0)
(-0.0772643 0.0512096 0)
(-0.0489223 0.0755702 0)
(-0.0587189 0.0614154 0)
(-0.0930824 0.0880136 0)
(-0.0907636 0.120731 0)
(-0.057024 0.0745943 0)
(-0.0834227 0.136981 0)
(-0.110632 0.121972 0)
(-0.0780539 0.158194 0)
(-0.0600091 0.164448 0)
(-0.00866003 0.174295 0)
(-0.015931 0.0655969 0)
(-0.00526622 0.0549752 0)
(-0.00982822 0.0599929 0)
(-0.000436955 0.0805402 0)
(-0.00736953 0.0720796 0)
(0.0189945 0.0646501 0)
(-0.00015079 0.0613956 0)
(-0.0168308 0.0534444 0)
(-0.0200187 0.0480122 0)
(-0.0235021 0.0509494 0)
(-0.0343041 0.0510098 0)
(-0.0519943 0.0538192 0)
(-0.0589004 0.0935683 0)
(-0.0328731 0.085965 0)
(-0.0478612 0.0667132 0)
(-0.041282 0.0528478 0)
(-0.0809055 0.0648706 0)
(-0.0593407 0.0652486 0)
(-0.0512271 0.073673 0)
(-0.0842811 0.117216 0)
(-0.044083 0.131084 0)
(-0.0532989 0.146966 0)
(-0.0413134 0.15601 0)
(-0.00334099 0.0991727 0)
(-0.00495066 0.0598742 0)
(-0.00624704 0.0733434 0)
(-0.00622761 0.0784327 0)
(0.000528238 0.065791 0)
(-0.000807467 0.0742252 0)
(0.00412089 0.0638976 0)
(-0.00203071 0.0510676 0)
(-0.010325 0.0505751 0)
(-0.00829592 0.0592301 0)
(-0.0237484 0.0566646 0)
(-0.0295336 0.0702997 0)
(-0.0320803 0.0710595 0)
(-0.0367186 0.0723299 0)
(-0.0329359 0.0716779 0)
(-0.0734443 0.0388344 0)
(-0.0650546 0.0749691 0)
(-0.046004 0.100709 0)
(-0.0393654 0.0885638 0)
(-0.0415222 0.108328 0)
(-0.0395095 0.137688 0)
(-0.0367376 0.147048 0)
(0.00066659 0.176131 0)
(-0.0105599 0.073713 0)
(-0.0194804 0.0580429 0)
(-0.0102144 0.0631559 0)
(0.00165128 0.0726082 0)
(0.0064253 0.0665301 0)
(-0.00069476 0.0583547 0)
(-0.0138068 0.0594902 0)
(-0.0116273 0.0808412 0)
(-0.0137626 0.0634405 0)
(-0.0175701 0.0677871 0)
(-0.0110767 0.0742344 0)
(-0.0161956 0.0829637 0)
(-0.0309588 0.0712592 0)
(0.000729339 0.0530614 0)
(-0.0624372 0.0609736 0)
(-0.0389246 0.078712 0)
(-0.0119689 0.0944989 0)
(-0.0246424 0.0903194 0)
(-0.0455691 0.0834131 0)
(-0.0250186 0.068504 0)
(-0.00537972 0.114898 0)
(-0.0281882 0.123276 0)
(-0.028224 0.147575 0)
(-0.00355961 0.0579819 0)
(-0.00057624 0.0493906 0)
(-0.00353838 0.0635295 0)
(0.00107762 0.0682349 0)
(-0.000710334 0.0639245 0)
(0.0038675 0.0444333 0)
(0.0112256 0.0579445 0)
(-0.0039608 0.0712333 0)
(-0.0190606 0.0563523 0)
(-0.00675802 0.0631293 0)
(-0.00729334 0.0580266 0)
(-0.0117541 0.0605483 0)
(-0.0185154 0.070502 0)
(-0.034878 0.0820977 0)
(-0.0205531 0.0558675 0)
(-0.0258229 0.0948098 0)
(-0.0348341 0.0684148 0)
(-0.0256626 0.0740634 0)
(-0.0386458 0.0489711 0)
(-0.00588719 0.0886521 0)
(0.00567382 0.0656574 0)
(-0.0190875 0.0894065 0)
(-0.0374648 0.106377 0)
(-0.00330178 0.0678744 0)
(-0.00137812 0.0529933 0)
(-0.00390847 0.0601789 0)
(0.00185236 0.0699477 0)
(-0.00651045 0.0617933 0)
(3.89124e-05 0.048789 0)
(-0.00197079 0.0590359 0)
(-0.00294264 0.0568214 0)
(-0.00798874 0.0583426 0)
(-0.0104737 0.0522966 0)
(-0.00118526 0.0613553 0)
(0.00239131 0.0630906 0)
(-0.0059543 0.0660229 0)
(-0.0235066 0.0703541 0)
(-0.0303222 0.0972348 0)
(-0.00558201 0.0391641 0)
(-0.0211674 0.0944731 0)
(-0.0273053 0.0699373 0)
(-0.0269329 0.106423 0)
(-0.0306528 0.121452 0)
(-0.0296174 0.0983797 0)
(-0.0104472 0.111138 0)
(-0.0124335 0.0709172 0)
(-0.00280055 0.0667798 0)
(0.0034102 0.052078 0)
(-0.0014302 0.0604162 0)
(0.00453706 0.0710354 0)
(-0.00674787 0.0627566 0)
(0.00095842 0.0457463 0)
(-0.00104832 0.0551414 0)
(0.000926224 0.0712464 0)
(-0.00486588 0.0609092 0)
(0.00308313 0.057297 0)
(0.00260099 0.0572669 0)
(-0.00227908 0.0711203 0)
(-0.00668148 0.0719754 0)
(0.00664998 0.0671862 0)
(-0.010328 0.0960308 0)
(-0.0203327 0.0532774 0)
(-0.0270277 0.0958457 0)
(-0.0218755 0.0665147 0)
(0.00302924 0.103441 0)
(-0.0273709 0.0911707 0)
(-0.0244383 0.089044 0)
(-0.0271805 0.151622 0)
(-0.0235127 0.109686 0)
(-0.00217125 0.0660804 0)
(0.0024834 0.0511775 0)
(-0.00246457 0.0589096 0)
(0.00206003 0.0760778 0)
(-0.0104216 0.064119 0)
(-0.0057727 0.0423179 0)
(-0.00203066 0.0575218 0)
(0.00295531 0.066304 0)
(-0.00249002 0.052315 0)
(-0.0145931 0.0490252 0)
(0.00158856 0.0546042 0)
(0.00718292 0.0683248 0)
(-0.00648901 0.0685705 0)
(-0.00725303 0.064195 0)
(-0.0267791 0.069596 0)
(-0.0134974 0.0695897 0)
(-0.00988993 0.0759859 0)
(-0.00235917 0.0903006 0)
(-0.00274383 0.0855362 0)
(-0.0414294 0.0767121 0)
(0.00776418 0.108929 0)
(0.01139 0.102077 0)
(-0.0171713 0.1519 0)
(-0.00208215 0.0665892 0)
(0.00408744 0.0523904 0)
(0.0015714 0.0602035 0)
(0.00771892 0.0806075 0)
(-0.00571207 0.0681719 0)
(0.00163695 0.0426959 0)
(-0.00690292 0.056585 0)
(0.0014382 0.0711987 0)
(-0.0040044 0.0757686 0)
(-0.00499423 0.0691441 0)
(-0.00426569 0.0845423 0)
(-0.00687448 0.0795851 0)
(-0.00324741 0.0769363 0)
(-0.00433357 0.0746749 0)
(-0.000838263 0.0837215 0)
(-0.000654437 0.112161 0)
(0.00159957 0.0939795 0)
(-0.00668441 0.105873 0)
(-0.0292563 0.0633324 0)
(-0.0236722 0.0726638 0)
(-0.0262378 0.108033 0)
(0.00360029 0.0777428 0)
(-0.00850023 0.0951433 0)
(-0.00166044 0.0644917 0)
(0.00243368 0.0508471 0)
(-0.000114179 0.0568681 0)
(0.00371566 0.0801801 0)
(0.00289413 0.0674407 0)
(-0.0116588 0.0421213 0)
(-0.00542947 0.0498744 0)
(0.0133753 0.0668933 0)
(0.0177979 0.0611253 0)
(0.00122505 0.0541007 0)
(-0.000450176 0.0456659 0)
(-0.0132994 0.0691959 0)
(-0.000979107 0.0691936 0)
(-0.00575602 0.0664657 0)
(0.00227431 0.0741538 0)
(-0.00417559 0.0973247 0)
(-0.00224727 0.0676852 0)
(-0.0057072 0.0810681 0)
(-0.0320462 0.0556187 0)
(-0.00585919 0.0979592 0)
(0.00515335 0.097099 0)
(-0.0079283 0.0819953 0)
(0.00234466 0.0712148 0)
(-0.00100909 0.0656001 0)
(0.00212212 0.051753 0)
(0.00176821 0.0574661 0)
(0.00774447 0.0817448 0)
(0.00784553 0.0743716 0)
(0.0061867 0.0618732 0)
(-0.0113532 0.0775964 0)
(0.00687194 0.0648849 0)
(0.00879147 0.0912952 0)
(-0.00179871 0.0850922 0)
(-0.000530537 0.0503181 0)
(-0.0118445 0.0696762 0)
(0.00491302 0.0733436 0)
(-0.00290628 0.0689315 0)
(0.0196708 0.083668 0)
(-0.015954 0.0904058 0)
(-0.0118643 0.11771 0)
(0.0130722 0.095456 0)
(-0.00133523 0.09802 0)
(0.0166371 0.102386 0)
(-0.0294895 0.117902 0)
(-0.0191432 0.0765663 0)
(0.023629 0.0689413 0)
(-0.00113255 0.0633735 0)
(0.000262763 0.0489119 0)
(-0.00152079 0.0547885 0)
(0.00118805 0.0773106 0)
(0.00215453 0.0616955 0)
(0.00541871 0.0611123 0)
(0.015112 0.0479266 0)
(0.00886662 0.0517857 0)
(0.0245508 0.0681174 0)
(-0.021639 0.0622277 0)
(-0.00658809 0.0592975 0)
(0.00219129 0.0538994 0)
(0.00633478 0.0663088 0)
(0.00292536 0.0615347 0)
(0.0135769 0.0744661 0)
(0.0282636 0.0639393 0)
(0.00100126 0.111647 0)
(-0.00461464 0.0922403 0)
(-0.00465305 0.138743 0)
(0.0124588 0.0714806 0)
(0.00448909 0.0804802 0)
(-0.0301842 0.0726673 0)
(-0.0132426 0.0629978 0)
(-0.00172526 0.0664331 0)
(7.80408e-06 0.0512651 0)
(-0.00152077 0.0574908 0)
(-0.00404271 0.079897 0)
(0.000531565 0.0690908 0)
(0.00454188 0.0595894 0)
(0.00861471 0.0608145 0)
(-0.00364359 0.0478408 0)
(-0.000941037 0.0568795 0)
(-0.00163342 0.0580837 0)
(-0.0147626 0.0635691 0)
(-0.0146349 0.070955 0)
(0.012807 0.0685668 0)
(0.000535394 0.0648119 0)
(0.00612718 0.0721223 0)
(0.00943962 0.0710402 0)
(0.00634288 0.0708692 0)
(0.0328014 0.0860672 0)
(-0.00323217 0.0942503 0)
(-0.0262781 0.0677902 0)
(0.00759647 0.0849685 0)
(0.00901726 0.0652636 0)
(0.0202908 0.107134 0)
(-0.00250351 0.0642429 0)
(-0.000227433 0.0491546 0)
(-0.00690069 0.0554821 0)
(-0.00126301 0.0780855 0)
(-0.00344944 0.0508891 0)
(-0.00106198 0.056951 0)
(-0.0112078 0.056591 0)
(0.00370059 0.0627724 0)
(0.0077764 0.0610295 0)
(0.00357777 0.0553368 0)
(-0.00285344 0.0478338 0)
(-0.00322389 0.0814756 0)
(0.00387552 0.0636949 0)
(0.00281813 0.0620982 0)
(0.00161072 0.0648472 0)
(0.0122988 0.0725408 0)
(0.00197995 0.082562 0)
(0.00985781 0.0870796 0)
(-0.00860093 0.0740626 0)
(0.012265 0.091887 0)
(0.0166253 0.132868 0)
(0.0332948 0.0775158 0)
(-0.020751 0.0760225 0)
(-0.00310288 0.0699563 0)
(0.000931857 0.0534091 0)
(-0.00475979 0.0593582 0)
(-0.00952386 0.082375 0)
(0.00259989 0.0730465 0)
(0.00966973 0.0654503 0)
(-0.00622348 0.0694246 0)
(-0.00396912 0.0905445 0)
(-0.0212371 0.0689302 0)
(0.00568228 0.069922 0)
(0.0116618 0.0613337 0)
(0.00704244 0.0623672 0)
(0.0063325 0.0586624 0)
(0.0032577 0.0661511 0)
(-0.00197042 0.0639127 0)
(0.00470042 0.0725528 0)
(0.00191486 0.0773285 0)
(0.0137921 0.0900852 0)
(0.0183682 0.0864706 0)
(0.026689 0.140008 0)
(0.00386829 0.0939675 0)
(-0.00504833 0.0808017 0)
(-0.0301462 0.056044 0)
(-0.0060164 0.0651281 0)
(-0.000480799 0.0439412 0)
(-0.00923704 0.0589494 0)
(0.00357019 0.0790948 0)
(0.00312767 0.101217 0)
(0.00237607 0.0685239 0)
(-0.00555913 0.0688128 0)
(0.00347453 0.0824963 0)
(-0.00582646 0.0667839 0)
(0.00810352 0.0812674 0)
(-0.00581896 0.064548 0)
(-0.0179258 0.0733984 0)
(-0.00680899 0.0785974 0)
(0.0111224 0.0688465 0)
(-0.0102506 0.0638897 0)
(0.00155107 0.0715999 0)
(-0.00187703 0.0735838 0)
(0.00150397 0.0828318 0)
(0.0241742 0.0713784 0)
(-0.00113062 0.0885844 0)
(-0.0229064 0.0649531 0)
(0.00360718 0.0868533 0)
(-0.0130742 0.0741088 0)
(-0.0122378 0.0813848 0)
(0.00524912 0.0622055 0)
(0.00233037 0.0637664 0)
(0.00325471 0.0684358 0)
(0.00364266 0.0866299 0)
(0.00588819 0.0723276 0)
(-0.00879706 0.0720935 0)
(-0.00251055 0.0838669 0)
(-0.00865261 0.0689696 0)
(-0.00342091 0.071979 0)
(-0.00483544 0.0716142 0)
(-0.00322273 0.0885402 0)
(-0.00901774 0.10164 0)
(-0.00690647 0.0712 0)
(-0.0123249 0.0689909 0)
(-0.00701634 0.0662567 0)
(-0.00461555 0.0791616 0)
(-0.00346451 0.0734746 0)
(0.00703424 0.0745747 0)
(-0.000961643 0.0846517 0)
(0.000805002 0.0627337 0)
(-0.0115899 0.0897759 0)
(-0.0193932 0.0742778 0)
(-0.0141099 0.0664317 0)
(-0.00833419 0.0769526 0)
(-0.0212111 0.0632546 0)
(-0.00116484 0.0781583 0)
(0.00947753 0.0933229 0)
(0.0160519 0.0815204 0)
(-0.00616486 0.0860268 0)
(0.00900392 0.0927067 0)
(-0.00265164 0.0541537 0)
(0.000978981 0.0952164 0)
(-0.00538147 0.0563524 0)
(-0.00760026 0.0854547 0)
(-0.00648126 0.0934079 0)
(-0.00168794 0.0732772 0)
(-0.0234469 0.0602218 0)
(-0.00769129 0.0788185 0)
(-0.011208 0.0609979 0)
(-0.0194278 0.0840964 0)
(0.010521 0.061326 0)
(-0.0323382 0.0934313 0)
(-0.019711 0.0821934 0)
(0.0151818 0.0885164 0)
(-0.0177159 0.0609917 0)
(0.0108338 0.111859 0)
(0.0173599 0.109129 0)
(-0.00598676 0.0604463 0)
(0.00538243 0.0691518 0)
(-0.0154245 0.0750624 0)
(0.0012872 0.068295 0)
(-0.00247033 0.0882544 0)
(-0.00691494 0.068655 0)
(-0.00711761 0.0862246 0)
(0.000957302 0.0657744 0)
(-0.018693 0.0834526 0)
(0.0193152 0.0910171 0)
(-0.00251667 0.08646 0)
(-0.0278669 0.0727266 0)
(-0.0130678 0.10418 0)
(-0.0189929 0.138628 0)
(-0.00727177 0.125107 0)
(-0.0142734 0.141803 0)
(0.00137263 0.110322 0)
(0.00225028 0.0922309 0)
(-0.00142286 0.13673 0)
(-0.0241029 0.0916339 0)
(-0.000895144 0.0993993 0)
(-0.00820015 0.126892 0)
(-0.0265728 0.104998 0)
(-0.0301738 0.0775745 0)
(-0.00570813 0.0655098 0)
(-0.00968652 0.0551204 0)
(0.0216236 0.0897754 0)
(-0.00525999 0.0812141 0)
(0.0111125 0.0646876 0)
(0.000540852 0.0984957 0)
(-0.00413277 0.0710852 0)
(0.00972521 0.095923 0)
(-0.0287329 0.0754953 0)
(-0.00357924 0.0612381 0)
(0.0192811 0.0920842 0)
(0.0264236 0.119467 0)
(0.000150512 0.114453 0)
(-0.00952544 0.127185 0)
(-0.0407502 0.108252 0)
(-0.0441686 0.125739 0)
(-0.0259027 0.103313 0)
(-0.0264089 0.100041 0)
(-0.00233846 0.108596 0)
(0.0144275 0.114503 0)
(0.0728739 0.0575624 0)
(0.137437 0.195343 0)
(-0.00228151 0.219263 0)
(-0.130747 0.117837 0)
(-0.0998034 0.0083298 0)
(0.0638616 -0.054605 0)
(0.14128 0.0739321 0)
(0.124604 0.217312 0)
(-0.0128618 -0.0143229 0)
(-0.0431226 -0.1826 0)
(-0.0861653 -0.133327 0)
(-0.0182321 -0.042822 0)
(0.233221 0.00332003 0)
(0.260576 0.0151676 0)
(0.252708 -0.0115892 0)
(0.234664 -0.0758036 0)
(0.529499 -0.00931475 0)
(0.536247 -0.0522095 0)
(0.569424 -0.0724139 0)
(0.595807 -0.0488683 0)
(0.622749 -0.0707361 0)
(0.54966 -0.00745855 0)
(0.489188 0.0314352 0)
(0.308323 0.103619 0)
(0.13338 0.154383 0)
(0.111902 0.258537 0)
(0.140387 0.352614 0)
(0.135061 0.363221 0)
(-0.298547 0.194908 0)
(-0.283876 0.144914 0)
(-0.14054 0.0896421 0)
(-0.138226 -0.0666843 0)
(-0.194219 -0.102203 0)
(-0.0856039 -0.138311 0)
(-0.0657298 -0.200525 0)
(0.0894535 -0.133619 0)
(-0.0866879 0.10499 0)
(-0.0963223 -0.174619 0)
(-0.12598 -0.297896 0)
(-0.0354676 -0.317266 0)
(0.0530862 -0.101274 0)
(0.11946 -0.212307 0)
(0.040124 -0.256 0)
(0.019665 -0.214021 0)
(-0.119081 -0.347391 0)
(-0.119856 -0.4644 0)
(-0.0443974 -0.470022 0)
(-0.119606 -0.361191 0)
(-0.683867 -0.323702 0)
(-0.796754 -0.310792 0)
(-0.861743 -0.215299 0)
(-0.982495 -0.0583022 0)
(-0.636985 0.291651 0)
(-0.73972 0.309043 0)
(-0.834701 0.249736 0)
(-0.932927 0.147309 0)
(-0.462655 0.322563 0)
(-0.528728 0.431333 0)
(-0.607048 0.467179 0)
(-0.680649 0.409039 0)
(-0.326459 0.319649 0)
(-0.348649 0.320376 0)
(-0.358635 0.428869 0)
(-0.345894 0.523302 0)
(-0.326743 0.29737 0)
(-0.310015 0.365764 0)
(-0.131126 0.408319 0)
(0.0200043 0.413045 0)
(-0.0456969 0.21042 0)
(-0.120864 0.329595 0)
(-0.109713 0.355477 0)
(-0.0350271 0.356658 0)
(-0.0846395 0.246219 0)
(0.00671013 0.267229 0)
(0.05197 0.252789 0)
(-0.0205401 0.286641 0)
(0.0168071 0.180094 0)
(-0.0471786 0.190696 0)
(-0.016626 0.181678 0)
(0.038476 0.14232 0)
(-0.0300948 0.137414 0)
(0.0159146 0.159312 0)
(0.00146684 0.163291 0)
(-0.0127948 0.172494 0)
(0.0225347 0.196318 0)
(0.000316668 0.18891 0)
(-0.0197883 0.182779 0)
(0.00755628 0.22484 0)
(-0.0462084 0.188851 0)
(-0.0339225 0.176766 0)
(0.040773 0.194856 0)
(-0.00943661 0.170592 0)
(-0.002116 0.150334 0)
(0.0196821 0.134555 0)
(-0.0456185 0.133532 0)
(-0.0366366 0.142241 0)
(-0.0480464 0.165655 0)
(-0.0494216 0.154105 0)
(0.028335 0.152379 0)
(0.0313728 0.156204 0)
(-0.0322239 0.119004 0)
(-0.00693346 0.127764 0)
(-0.0430413 0.128063 0)
(-0.0283049 0.0987963 0)
(-0.0293649 0.0987312 0)
(-0.00633982 0.107463 0)
(-0.0140928 0.100347 0)
(-0.0201522 0.128011 0)
(0.0192508 0.10432 0)
(0.00603541 0.108546 0)
(0.0144039 0.121563 0)
(0.0318795 0.125549 0)
(0.000358433 0.120288 0)
(0.00978053 0.0809234 0)
(0.020169 0.0930231 0)
(-0.0023495 0.0812099 0)
(-0.019803 0.0938937 0)
(-0.0540491 0.111332 0)
(-0.0273274 0.0942778 0)
(0.0148147 0.115839 0)
(-0.00492427 0.0746878 0)
(0.00905626 0.0821345 0)
(-0.0097404 0.103814 0)
(-0.00927594 0.105973 0)
(0.00445377 0.10115 0)
(0.00257745 0.065749 0)
(-0.00775486 0.086091 0)
(-0.00431438 0.0646693 0)
(-0.00985016 0.0876619 0)
(0.00295256 0.103464 0)
(-4.88468e-05 0.0909053 0)
(-0.0105672 0.103997 0)
(0.028755 0.0753849 0)
(0.0244082 0.0978733 0)
(0.00934199 0.0759002 0)
(0.0075397 0.0974325 0)
(-0.00493945 0.0861867 0)
(-0.0101108 0.0883489 0)
(-0.00923096 0.0804256 0)
(-0.00613275 0.0595168 0)
(-0.0145792 0.0622581 0)
(-0.00840471 0.0892561 0)
(-0.0412048 0.078171 0)
(-0.00894101 0.0880115 0)
(0.00470431 0.0907006 0)
(-0.0018407 0.0881473 0)
(0.0118976 0.0907253 0)
(0.0203281 0.0920033 0)
(-0.021729 0.0994145 0)
(-0.0285359 0.0935177 0)
(-0.00586167 0.0966654 0)
(0.000842215 0.0676328 0)
(-0.000954697 0.0676431 0)
(0.00378073 0.0816907 0)
(0.00329496 0.0711891 0)
(-0.0133402 0.0744904 0)
(0.00525501 0.0759247 0)
(-0.000754716 0.0575536 0)
(-0.0101817 0.0693477 0)
(0.00453337 0.0561902 0)
(-0.00679643 0.113162 0)
(0.00572215 0.0856509 0)
(-0.000960651 0.101818 0)
(-0.0240197 0.0913192 0)
(-0.0185319 0.0949027 0)
(-0.0274007 0.0974199 0)
(-0.00949938 0.0898771 0)
(-0.0163096 0.0911915 0)
(0.0620489 0.0767361 0)
(0.589841 -0.0424643 0)
(0.908 -0.00108136 0)
(0.674784 0.0698391 0)
(0.661831 0.0603791 0)
(0.747835 -0.0550916 0)
(0.733707 0.00630131 0)
(0.371989 0.101869 0)
(0.357886 -0.053411 0)
(0.517824 0.0975884 0)
(0.501564 0.0464945 0)
(0.326221 -0.0609705 0)
(0.406143 -0.149251 0)
(0.627614 -0.143268 0)
(0.76226 -0.0326769 0)
(0.75305 -0.0498592 0)
(0.525185 -0.166837 0)
(0.348579 -0.263297 0)
(-0.0693533 -0.0924849 0)
(0.188227 0.163154 0)
(0.131489 -0.0101786 0)
(0.0837778 0.0182424 0)
(0.164854 -0.00905792 0)
(0.206239 0.0287446 0)
(0.158454 0.000163417 0)
(0.188396 0.0590696 0)
(0.207823 0.121754 0)
(0.421735 0.00989268 0)
(0.705929 -0.105342 0)
(0.929584 -0.121589 0)
(1.00657 0.125979 0)
(1.08112 0.0566661 0)
(1.0664 0.0336389 0)
(1.06325 0.140581 0)
(1.03265 0.122901 0)
(0.925806 0.0507732 0)
(0.688882 -0.169777 0)
(0.196552 -0.00965753 0)
(0.110787 0.0508386 0)
(0.153576 0.0529224 0)
(0.141866 -0.0278316 0)
(0.243008 -0.00347092 0)
(0.429807 0.00888878 0)
(0.422333 -0.0161714 0)
(0.438654 0.0140639 0)
(0.499335 -0.0307034 0)
(0.70367 -0.0447981 0)
(0.865066 -0.0877306 0)
(1.2257 -0.122348 0)
(1.18487 -0.204827 0)
(1.09554 -0.198266 0)
(1.11298 -0.141297 0)
(1.1191 -0.0114754 0)
(1.19965 -0.00382589 0)
(1.16805 0.0479309 0)
(0.988731 0.141463 0)
(0.561423 0.375607 0)
(0.215167 -0.0157395 0)
(0.0555529 -0.0224152 0)
(0.114081 -0.152527 0)
(0.33435 0.00428141 0)
(0.402459 -0.0353835 0)
(0.563926 -0.0738215 0)
(0.618062 -0.0176918 0)
(0.868811 -0.0939771 0)
(0.890288 -0.357687 0)
(0.820721 -0.361804 0)
(0.827566 -0.315298 0)
(0.90095 -0.396507 0)
(1.11765 -0.315813 0)
(1.2978 -0.106415 0)
(1.21429 0.0188555 0)
(1.06056 0.117135 0)
(0.702535 0.246243 0)
(0.524851 0.655734 0)
(0.322932 0.704904 0)
(0.488855 0.165178 0)
(0.335397 0.153038 0)
(0.439131 0.0263796 0)
(0.559623 -0.11722 0)
(0.483634 -0.150361 0)
(0.63063 -0.170345 0)
(0.639963 -0.113829 0)
(0.670704 -0.314774 0)
(0.7253 -0.447947 0)
(0.829821 -0.376986 0)
(1.05306 -0.269646 0)
(1.0522 -0.0344173 0)
(0.934193 -0.0837783 0)
(0.732938 -0.00420716 0)
(0.483351 0.262279 0)
(0.539576 0.386027 0)
(0.279707 0.27517 0)
(0.239799 0.801721 0)
(0.140542 0.834681 0)
(0.311936 0.240213 0)
(0.390516 0.0713884 0)
(0.52827 -0.00755471 0)
(0.58019 -0.0207448 0)
(0.488159 -0.155491 0)
(0.583704 -0.038913 0)
(0.699709 -0.0665134 0)
(0.626802 -0.245821 0)
(0.829173 -0.41886 0)
(0.820827 -0.275726 0)
(0.942192 -0.269321 0)
(1.11964 -0.162014 0)
(0.999178 -0.177849 0)
(0.756479 0.0260318 0)
(0.266045 0.197191 0)
(0.317314 0.245931 0)
(-0.0533462 0.18204 0)
(-0.0325904 0.885606 0)
(-0.017769 0.877265 0)
(0.310821 0.0857382 0)
(0.494506 -0.152951 0)
(0.558886 -0.16033 0)
(0.487331 0.0774843 0)
(0.510061 -0.0450949 0)
(0.610146 0.0801423 0)
(0.481071 -0.0537442 0)
(0.577993 -0.185184 0)
(0.498118 -0.40628 0)
(0.466062 -0.438072 0)
(0.532391 -0.452935 0)
(0.640605 -0.146427 0)
(0.381704 0.100231 0)
(0.169546 0.0407887 0)
(-0.00830605 0.323182 0)
(0.109182 0.311134 0)
(-0.229801 0.405786 0)
(-0.111172 0.803602 0)
(-0.027658 0.839319 0)
(0.239417 -0.284962 0)
(0.618913 -0.249273 0)
(0.809718 -0.163214 0)
(0.742572 -0.0109584 0)
(0.472154 0.172717 0)
(0.282705 0.150102 0)
(0.383328 -0.0666872 0)
(0.381513 -0.267788 0)
(0.166063 -0.318315 0)
(-0.0567658 -0.243083 0)
(-0.321475 -0.25532 0)
(0.00786343 -0.0701856 0)
(-0.0601959 0.115721 0)
(-0.159243 0.229929 0)
(-0.326695 0.594603 0)
(-0.249601 0.420326 0)
(-0.305053 0.451917 0)
(-0.185684 0.67957 0)
(-0.0208035 0.728945 0)
(0.110497 -0.244813 0)
(0.11364 -0.233814 0)
(0.0117641 -0.0890763 0)
(-0.0256103 -0.175652 0)
(0.224505 0.31889 0)
(0.196539 0.248291 0)
(0.29451 -0.0831522 0)
(0.189947 -0.105162 0)
(0.0350712 -0.214906 0)
(-0.274769 -0.300289 0)
(-0.660094 -0.443547 0)
(-0.581356 -0.294039 0)
(-0.341118 0.065265 0)
(-0.54157 0.325429 0)
(-0.471243 0.509245 0)
(-0.336363 0.301955 0)
(-0.259586 0.407275 0)
(-0.202027 0.544213 0)
(0.0216292 0.592239 0)
(0.0264166 -0.297382 0)
(-0.0953413 -0.179862 0)
(-0.0605543 -0.0251242 0)
(-0.0682355 -0.296651 0)
(-0.0148365 0.589733 0)
(0.0477651 0.217837 0)
(-0.191835 -0.0496954 0)
(-0.403045 -0.149479 0)
(-0.559953 0.0364864 0)
(-0.832001 0.105707 0)
(-1.02221 -0.174471 0)
(-0.937873 -0.21579 0)
(-0.799749 0.019871 0)
(-0.684262 0.088915 0)
(-0.699078 0.240356 0)
(-0.416734 0.177933 0)
(-0.136746 0.264986 0)
(-0.115871 0.515706 0)
(0.0386598 0.554288 0)
(-0.00746771 -0.235453 0)
(-0.0851577 -0.301208 0)
(-0.0826905 -0.184547 0)
(-0.560718 -0.0962343 0)
(-0.705596 0.463125 0)
(-0.986842 0.434716 0)
(-1.15462 0.256054 0)
(-0.983294 0.190912 0)
(-0.912261 0.0449391 0)
(-1.09991 -0.0612814 0)
(-1.17333 -0.113863 0)
(-0.756471 -0.210958 0)
(-0.608262 -0.08156 0)
(-0.561008 0.0375281 0)
(-0.374287 0.0729649 0)
(-0.264124 0.1753 0)
(-0.128016 0.111115 0)
(-0.105205 0.422597 0)
(0.0582475 0.527545 0)
(-0.160301 -0.303752 0)
(-0.32851 -0.19892 0)
(-0.468701 0.198832 0)
(-1.40606 0.353345 0)
(-1.63858 0.47433 0)
(-1.50951 0.498234 0)
(-1.01308 0.189565 0)
(-0.827686 -0.0587863 0)
(-0.728634 -0.142513 0)
(-0.737034 -0.244659 0)
(-0.768518 -0.204263 0)
(-0.576567 -0.207302 0)
(-0.451855 -0.270324 0)
(-0.410667 -0.329204 0)
(-0.119425 -0.158852 0)
(-0.03698 0.0288805 0)
(0.141756 0.11468 0)
(0.0150821 0.361936 0)
(0.110135 0.53129 0)
(-1.17841 0.143078 0)
(-1.35858 0.34298 0)
(-1.46048 0.405979 0)
(-1.51696 0.332583 0)
(-1.43564 0.353969 0)
(-1.12373 0.266334 0)
(-0.82368 0.180503 0)
(-0.763672 -0.108488 0)
(-0.699466 -0.196317 0)
(-0.72922 -0.33004 0)
(-0.704744 -0.37571 0)
(-0.582991 -0.338645 0)
(-0.575682 -0.330096 0)
(-0.349723 -0.3543 0)
(0.0930201 -0.296643 0)
(0.0333414 -0.0484918 0)
(0.190885 0.0824126 0)
(0.0761727 0.447094 0)
(0.134317 0.585223 0)
(-1.02625 0.128875 0)
(-1.17274 0.229924 0)
(-1.41172 0.270128 0)
(-1.45506 0.266632 0)
(-1.31602 0.176302 0)
(-0.809644 0.0302237 0)
(-0.580797 -0.0127479 0)
(-0.510336 -0.104892 0)
(-0.480259 -0.14515 0)
(-0.644007 -0.332532 0)
(-0.755763 -0.391133 0)
(-0.389892 -0.408092 0)
(-0.254898 -0.539918 0)
(-0.179026 -0.415925 0)
(0.125841 -0.398092 0)
(0.0804637 0.0675674 0)
(-0.0862754 -0.00494237 0)
(0.0625246 0.496032 0)
(0.0933776 0.624381 0)
(-0.753816 0.337202 0)
(-0.933223 0.0970715 0)
(-0.916315 -0.0116747 0)
(-1.03687 0.120551 0)
(-1.06628 0.178952 0)
(-0.647376 0.257108 0)
(-0.288138 -0.114371 0)
(-0.281765 -0.159027 0)
(-0.120463 -0.0987359 0)
(-0.107461 -0.307868 0)
(-0.208454 -0.192326 0)
(-0.307366 -0.280894 0)
(-0.00855934 -0.49755 0)
(0.00465367 -0.745453 0)
(-0.00954182 -0.698195 0)
(0.35278 0.192117 0)
(0.0577277 0.120499 0)
(0.0495282 0.454787 0)
(0.0757276 0.64977 0)
(-0.384405 0.595308 0)
(-0.477132 0.404302 0)
(-0.42062 0.00655851 0)
(-0.432697 -0.246307 0)
(-0.569296 0.0468284 0)
(-0.545996 0.118055 0)
(-0.232946 -0.30012 0)
(-0.328645 -0.410923 0)
(-0.278896 -0.385502 0)
(-0.252856 -0.56755 0)
(-0.0580631 -0.439245 0)
(-0.164414 -0.592348 0)
(-0.0282586 -0.732653 0)
(0.074098 -0.848353 0)
(-0.114852 -0.730043 0)
(0.0244665 0.0770396 0)
(0.115017 0.184056 0)
(-0.00836395 0.471059 0)
(0.00452388 0.67542 0)
(0.0549024 0.487801 0)
(-0.0428547 0.603018 0)
(0.0240229 0.342617 0)
(-0.177471 0.17361 0)
(-0.228753 0.0599662 0)
(-0.297356 -0.0506757 0)
(-0.116048 -0.34561 0)
(-0.13078 -0.438775 0)
(-0.0308308 -0.568175 0)
(-0.0310033 -0.573804 0)
(-0.02103 -0.452816 0)
(0.0915128 -0.818941 0)
(0.20606 -0.614546 0)
(0.212694 -0.39928 0)
(-0.136424 -0.553155 0)
(-0.358433 -0.0317622 0)
(0.0485898 0.211136 0)
(-0.113201 0.494381 0)
(-0.0358847 0.665205 0)
(0.0150934 0.240333 0)
(0.120389 0.42139 0)
(0.145128 0.237611 0)
(0.138223 0.135901 0)
(0.132936 0.100622 0)
(0.0980506 -0.0473132 0)
(0.0950739 -0.263007 0)
(-0.0468988 -0.242635 0)
(-0.0355314 -0.333034 0)
(-0.0126622 -0.592733 0)
(-0.167032 -0.479073 0)
(-0.158719 -0.686079 0)
(0.088543 -0.952253 0)
(0.181901 -0.630062 0)
(-0.0286478 -0.533639 0)
(-0.418931 -0.0685627 0)
(-0.234905 0.3844 0)
(-0.220514 0.477864 0)
(-0.0586248 0.612474 0)
(0.043918 0.252353 0)
(0.0268482 0.284718 0)
(0.120436 0.232394 0)
(0.217602 0.157322 0)
(0.255431 0.105107 0)
(0.273603 -0.0484418 0)
(0.119141 -0.234399 0)
(0.0134498 -0.267403 0)
(-0.025226 -0.249712 0)
(-0.00521528 -0.292698 0)
(-0.0968126 -0.471466 0)
(-0.174014 -0.550065 0)
(-0.318447 -0.869898 0)
(-0.529536 -0.794989 0)
(-0.545097 -0.199946 0)
(-0.514881 0.221808 0)
(-0.5189 0.317891 0)
(-0.244421 0.352958 0)
(-0.0656919 0.457984 0)
(0.0639398 0.19517 0)
(0.101298 0.11649 0)
(0.150985 0.251866 0)
(0.218968 0.111628 0)
(0.189599 0.0750597 0)
(0.150497 -0.102878 0)
(0.0917594 -0.205723 0)
(0.0473927 -0.160774 0)
(-0.021042 -0.217161 0)
(-0.18791 -0.223763 0)
(-0.198303 -0.397537 0)
(-0.141469 -0.455989 0)
(-0.385942 -0.633386 0)
(-0.387874 -0.578742 0)
(-0.293562 -0.211599 0)
(0.0403113 0.173019 0)
(-0.202534 0.0755944 0)
(0.0160957 -0.0865564 0)
(0.0272582 0.460439 0)
(0.0385193 0.164538 0)
(0.0971531 0.231543 0)
(0.119407 0.171606 0)
(0.0781125 0.120906 0)
(0.130114 0.0349329 0)
(0.101784 0.00518512 0)
(0.0252421 -0.0936422 0)
(-0.000708346 -0.110548 0)
(-0.144801 -0.187553 0)
(-0.223095 -0.191733 0)
(-0.24069 -0.219312 0)
(-0.521783 -0.4923 0)
(-0.904556 -0.749601 0)
(-0.818644 -0.731881 0)
(-0.586602 -0.467645 0)
(-0.421734 -0.104465 0)
(0.274742 0.195218 0)
(-0.205377 0.08977 0)
(0.0159544 0.476422 0)
(0.0479026 0.171349 0)
(0.0817573 0.225418 0)
(0.00388071 0.128405 0)
(0.0648148 0.186254 0)
(0.0579171 0.0953848 0)
(0.0196876 0.0192514 0)
(-0.0280985 -0.0228177 0)
(-0.0889386 -0.0492841 0)
(-0.139465 -0.0945939 0)
(-0.185265 -0.0681872 0)
(-0.235839 -0.205566 0)
(-0.472909 -0.399173 0)
(-0.559496 -0.519799 0)
(-0.501701 -0.456139 0)
(-0.525037 -0.439197 0)
(-0.566342 -0.38218 0)
(-0.554017 -0.090785 0)
(-0.320677 0.170328 0)
(0.00538898 0.314418 0)
(-0.0379888 0.194683 0)
(0.0363143 0.123658 0)
(0.0459744 0.138126 0)
(0.0402953 0.143379 0)
(0.0170955 0.0883729 0)
(-0.0244877 0.0452472 0)
(-0.053568 0.020822 0)
(-0.0927892 0.0311614 0)
(-0.164934 -0.0325758 0)
(-0.257476 -0.0589788 0)
(-0.369236 -0.173839 0)
(-0.510888 -0.295581 0)
(-0.352534 -0.537892 0)
(-0.279799 -0.563513 0)
(-0.312944 -0.57968 0)
(-0.374643 -0.355225 0)
(-0.549607 -0.0513732 0)
(-0.266697 0.0436584 0)
(0.0116707 0.113947 0)
(-0.0150393 0.165366 0)
(0.00618992 0.130222 0)
(0.0167476 0.123274 0)
(0.0251364 0.0533166 0)
(0.0119195 0.0503685 0)
(-0.0138719 0.0699914 0)
(-0.0483204 0.0512814 0)
(-0.126814 0.0647479 0)
(-0.16324 0.104918 0)
(-0.23271 0.0110025 0)
(-0.301325 0.0173774 0)
(-0.413635 -0.311522 0)
(-0.317738 -0.594206 0)
(-0.411936 -0.693899 0)
(-0.426171 -0.649269 0)
(-0.278345 -0.400688 0)
(-0.0929115 -0.0780533 0)
(-0.16295 -0.0520586 0)
(0.0206498 0.0583203 0)
(-0.0288756 0.141533 0)
(-0.0242722 0.12346 0)
(-0.0303928 0.129749 0)
(-0.023625 0.130117 0)
(0.0289396 0.142233 0)
(-0.00525747 0.0899315 0)
(-0.0662555 0.113325 0)
(-0.0665952 0.113739 0)
(-0.186469 0.160881 0)
(-0.272724 0.0611724 0)
(-0.338213 0.128183 0)
(-0.35635 -0.243969 0)
(-0.26839 -0.594178 0)
(-0.456918 -0.770407 0)
(-0.476072 -0.596303 0)
(-0.312264 -0.414049 0)
(-0.00108574 -0.180917 0)
(-0.0312312 -0.0365027 0)
(0.0358216 0.00706056 0)
(-0.0118919 0.0948434 0)
(-0.00614056 0.0893407 0)
(-0.0144791 0.124366 0)
(0.0261209 0.154476 0)
(-0.044381 0.163145 0)
(-0.0442219 0.175143 0)
(-0.0484729 0.199345 0)
(-0.12287 0.158504 0)
(-0.219148 0.211433 0)
(-0.216061 0.17948 0)
(-0.258589 0.0981355 0)
(-0.27917 -0.325012 0)
(-0.398236 -0.655599 0)
(-0.28636 -0.7686 0)
(-0.30412 -0.610643 0)
(-0.333073 -0.431346 0)
(-0.208604 -0.367984 0)
(-0.0761489 -0.0509072 0)
(0.107307 0.0351138 0)
(-0.0124509 0.115847 0)
(-0.00308856 0.168578 0)
(0.0417013 0.0947851 0)
(0.0114067 0.182564 0)
(0.0290712 0.0919564 0)
(0.0168417 0.193457 0)
(-0.0802511 0.177622 0)
(-0.0682618 0.214149 0)
(-0.142231 0.26874 0)
(-0.183295 0.369715 0)
(-0.190092 0.161004 0)
(-0.380855 -0.232163 0)
(-0.462009 -0.637943 0)
(-0.3321 -0.71298 0)
(-0.225569 -0.709127 0)
(-0.273126 -0.537084 0)
(-0.145496 -0.374474 0)
(-0.0802774 -0.166116 0)
(0.0807057 0.0362774 0)
(0.0264863 0.11463 0)
(-0.0131167 0.155684 0)
(0.0236569 0.124131 0)
(0.0251763 0.149533 0)
(-0.0231439 0.135455 0)
(0.0451733 0.132835 0)
(-0.00645735 0.135027 0)
(-0.0179881 0.173601 0)
(-0.0237726 0.172937 0)
(-0.110527 0.293783 0)
(-0.137059 0.155425 0)
(-0.480425 -0.192713 0)
(-0.403958 -0.618973 0)
(-0.297842 -0.738603 0)
(-0.201611 -0.710689 0)
(-0.227838 -0.654473 0)
(-0.130761 -0.375185 0)
(-0.0482866 -0.162695 0)
(0.0151908 0.0254276 0)
(0.0128773 0.117448 0)
(0.0107135 0.0825593 0)
(0.0366502 0.178567 0)
(0.0373375 0.105571 0)
(0.0264318 0.225653 0)
(0.0334265 0.176522 0)
(-0.0112098 0.210002 0)
(-0.00439321 0.266541 0)
(0.0888707 0.31281 0)
(0.0872694 0.269202 0)
(-0.050351 0.148782 0)
(-0.512659 -0.172991 0)
(-0.506653 -0.507183 0)
(-0.312587 -0.690697 0)
(-0.216803 -0.756852 0)
(-0.346438 -0.770303 0)
(-0.180794 -0.454743 0)
(-0.0355863 -0.198813 0)
(0.0122047 0.00931276 0)
(0.0303415 0.112245 0)
(0.025726 0.0915569 0)
(0.027596 0.128777 0)
(0.0613035 0.109912 0)
(0.0436407 0.155205 0)
(0.0467718 0.153524 0)
(0.080497 0.169108 0)
(0.127012 0.250462 0)
(0.0783478 0.359697 0)
(0.134631 0.383081 0)
(0.290036 0.376684 0)
(0.349726 0.06848 0)
(-0.0266332 -0.267654 0)
(-0.206686 -0.568466 0)
(-0.242847 -0.817374 0)
(-0.48279 -0.894069 0)
(-0.363767 -0.573796 0)
(-0.0386786 -0.245895 0)
(0.00101354 -0.00489169 0)
(-0.0435141 0.10745 0)
(0.00942333 0.10089 0)
(0.0352872 0.112647 0)
(0.0330871 0.105305 0)
(0.047054 0.103052 0)
(0.0387047 0.131324 0)
(0.0738976 0.161787 0)
(0.171858 0.121646 0)
(0.243815 0.138831 0)
(0.292433 0.330586 0)
(0.490517 0.323232 0)
(0.681727 0.138951 0)
(0.611244 -0.235998 0)
(0.42874 -0.361107 0)
(0.192314 -0.537826 0)
(-0.504153 -0.908622 0)
(-0.442429 -0.686936 0)
(-0.0984546 -0.321916 0)
(0.0143892 -0.0301435 0)
(-0.00340165 0.0995743 0)
(0.0217242 0.143134 0)
(0.0296256 0.12203 0)
(0.0297009 0.0921681 0)
(0.0552397 0.110345 0)
(0.0817883 0.129804 0)
(0.0745634 0.165731 0)
(0.0854732 0.156375 0)
(0.241018 0.116235 0)
(0.316204 0.0964689 0)
(0.423214 0.100553 0)
(0.443915 0.0201773 0)
(0.611944 -0.149556 0)
(0.619196 -0.532635 0)
(0.435098 -0.414448 0)
(0.193797 -0.497179 0)
(-0.286493 -0.752142 0)
(-0.212028 -0.477736 0)
(-0.039448 -0.0635933 0)
(0.0217801 0.0865607 0)
(0.0394013 0.0850133 0)
(-0.0183548 0.080284 0)
(0.00504204 0.123765 0)
(0.0634781 0.0916035 0)
(0.0768825 0.0860204 0)
(0.104844 0.0685704 0)
(0.13101 0.0829077 0)
(0.163311 0.0705945 0)
(0.252604 0.0230906 0)
(0.366672 -0.0156147 0)
(0.642601 -0.0981543 0)
(0.573223 -0.0539153 0)
(0.4277 -0.265949 0)
(0.584055 -0.639609 0)
(0.298703 -0.426889 0)
(0.0882091 -0.325011 0)
(-0.12248 -0.540365 0)
(-0.0705977 -0.293424 0)
(-0.00908662 0.0804153 0)
(0.0181215 0.0452762 0)
(0.0341453 0.055696 0)
(0.026137 0.121189 0)
(0.0128028 0.0945112 0)
(0.0492762 0.0896666 0)
(0.108795 0.0564968 0)
(0.124426 0.079149 0)
(0.225153 -0.0410537 0)
(0.21384 0.0486377 0)
(0.237417 -0.0290201 0)
(0.483428 -0.096423 0)
(0.343284 -0.23672 0)
(0.259837 -0.330115 0)
(0.358559 -0.41878 0)
(0.516145 -0.759397 0)
(0.284668 -0.383099 0)
(-0.0961627 -0.435247 0)
(-0.0138441 -0.603633 0)
(-0.0124526 0.0736436 0)
(0.0109277 0.0687199 0)
(0.0229762 0.0468377 0)
(0.0206007 0.0545275 0)
(0.0401147 0.0666222 0)
(0.0514474 0.0689088 0)
(0.13201 0.0231748 0)
(0.10964 0.0374627 0)
(0.161728 -0.0263701 0)
(0.22549 -0.0945783 0)
(0.206962 -0.0484825 0)
(0.339874 -0.13011 0)
(0.299986 -0.230525 0)
(0.243843 -0.259643 0)
(0.336544 -0.420122 0)
(0.321497 -0.307308 0)
(0.265063 -0.451708 0)
(-0.0212365 -0.582368 0)
(0.143257 -0.586532 0)
(0.00535444 0.0671435 0)
(-0.0100493 0.100035 0)
(0.00417509 0.0646202 0)
(0.0256976 0.0791544 0)
(0.0303766 0.0702145 0)
(0.0343498 0.072678 0)
(0.109086 0.0415738 0)
(0.0983848 -0.0163302 0)
(0.109621 -0.0148886 0)
(0.19568 -0.0999896 0)
(0.199766 -0.121777 0)
(0.309848 -0.183184 0)
(0.298078 -0.255556 0)
(0.208142 -0.398973 0)
(0.394307 -0.389336 0)
(0.418822 -0.189021 0)
(0.325378 -0.197186 0)
(0.0309452 -0.271195 0)
(0.162013 -0.493046 0)
(-0.0149211 0.0735662 0)
(0.0113591 0.0794552 0)
(0.00857577 0.0845154 0)
(0.0141122 0.0511633 0)
(0.0372971 0.055766 0)
(0.0514879 0.0500853 0)
(0.0857128 0.0141884 0)
(0.0633833 -0.0264356 0)
(0.0882124 -0.0360049 0)
(0.154771 -0.135775 0)
(0.169097 -0.112667 0)
(0.237858 -0.181004 0)
(0.194293 -0.232836 0)
(0.26531 -0.308359 0)
(0.402406 -0.239749 0)
(0.265856 -0.182143 0)
(0.195626 -0.146919 0)
(0.0262671 -0.175033 0)
(0.183741 -0.318179 0)
(-0.018853 0.0731347 0)
(-0.000271581 0.0842511 0)
(-0.0224413 0.064201 0)
(0.000717465 0.0719972 0)
(0.0289293 0.0271234 0)
(0.0196334 0.0148049 0)
(0.0528297 -0.0106905 0)
(0.0642643 -0.0276021 0)
(0.0452437 -0.0934854 0)
(0.138938 -0.14 0)
(0.181923 -0.144194 0)
(0.193426 -0.182244 0)
(0.220511 -0.257756 0)
(0.329367 -0.281243 0)
(0.337747 -0.40683 0)
(0.153311 -0.174967 0)
(0.22185 -0.0576773 0)
(0.0181582 -0.0753256 0)
(0.140816 -0.134911 0)
(-0.00279294 0.079053 0)
(-0.0043009 0.0752645 0)
(-0.01125 0.0831012 0)
(-0.00745887 0.0844655 0)
(-0.0111804 0.0503416 0)
(0.0319105 0.0217844 0)
(0.0380478 -0.00231112 0)
(0.0271124 -0.0385554 0)
(0.0693764 -0.112693 0)
(0.115911 -0.139014 0)
(0.157741 -0.16749 0)
(0.179492 -0.254401 0)
(0.124316 -0.320855 0)
(0.24352 -0.390543 0)
(0.333369 -0.46295 0)
(0.172916 -0.268905 0)
(0.295388 -0.137643 0)
(0.0951488 -0.0261746 0)
(0.218417 -0.0699364 0)
(-0.00627869 0.0737297 0)
(-0.00507747 0.0175271 0)
(-0.0189341 0.0546354 0)
(-0.020699 0.0173315 0)
(-0.0152068 0.029872 0)
(0.01173 -0.00294691 0)
(0.015994 -0.0231508 0)
(0.0273685 -0.0480934 0)
(0.0755396 -0.0930991 0)
(0.126382 -0.165432 0)
(0.109032 -0.177277 0)
(0.134155 -0.258318 0)
(0.106783 -0.30077 0)
(0.257589 -0.261886 0)
(0.28415 -0.355374 0)
(0.104018 -0.169293 0)
(0.468367 -0.0414772 0)
(0.233846 0.0163406 0)
(0.133371 0.337709 0)
(-0.000310914 0.071487 0)
(-0.00616353 0.0851788 0)
(-0.00769758 0.0460844 0)
(-0.00466872 0.0535251 0)
(0.0129716 0.0255828 0)
(0.0312066 -0.00392703 0)
(0.0406107 -0.0268527 0)
(0.0528673 -0.0927253 0)
(0.0886257 -0.120623 0)
(0.0896554 -0.154379 0)
(0.122022 -0.294694 0)
(0.11696 -0.292539 0)
(0.0835054 -0.456039 0)
(0.164442 -0.405749 0)
(0.308389 -0.560918 0)
(0.108863 -0.520599 0)
(1.02096 -0.00217098 0)
(0.474352 0.11695 0)
(0.505119 0.55527 0)
(0.0128687 0.0841309 0)
(-0.00408506 0.0849504 0)
(-0.000178405 0.0629362 0)
(0.0163373 0.0419114 0)
(-0.000479694 0.00052418 0)
(0.0292485 -0.0274896 0)
(0.020471 -0.0729817 0)
(0.0343512 -0.131454 0)
(0.0823139 -0.186844 0)
(-0.0200498 -0.236797 0)
(0.0617822 -0.306195 0)
(0.0134441 -0.386365 0)
(-0.0325831 -0.46395 0)
(0.0336032 -0.452206 0)
(0.133582 -0.563024 0)
(0.154408 -0.724455 0)
(1.19165 -0.514389 0)
(1.03063 -0.501515 0)
(1.14507 2.14453 0)
)
;

boundaryField
{
    leftWall
    {
        type            fixedValue;
        value           uniform (0 0 0);
    }
    rightWall
    {
        type            fixedValue;
        value           uniform (0 0 0);
    }
    lowerWall
    {
        type            fixedValue;
        value           uniform (0 0 0);
    }
    atmosphere
    {
        type            pressureInletOutletVelocity;
        value           nonuniform List<vector> 
46
(
(-0.00820015 0.126892 0)
(-0.0265728 0.104998 0)
(-0.0301738 0.0775745 0)
(-0.00570813 0.0655098 0)
(-0.00968652 0.0551204 0)
(0.0216236 0.0897754 0)
(-0.00525999 0.0812141 0)
(0.0111125 0.0646876 0)
(0.000540852 0.0984957 0)
(-0.00413277 0.0710852 0)
(0.00972521 0.095923 0)
(-0.0287329 0.0754953 0)
(-0.00357924 0.0612381 0)
(0.0192811 0.0920842 0)
(0.0264236 0.119467 0)
(0.000150512 0.114453 0)
(-0.00952544 0.127185 0)
(-0.0407502 0.108252 0)
(-0.0441686 0.125739 0)
(-0.0259027 0.103313 0)
(-0.0264089 0.100041 0)
(-0.00233846 0.108596 0)
(0.0144275 0.114503 0)
(-0.0185319 0.0949027 0)
(-0.0274007 0.0974199 0)
(-0.00949938 0.0898771 0)
(-0.0163096 0.0911915 0)
(0.0128687 0.0841309 0)
(-0.00408506 0.0849504 0)
(-0.000178405 0.0629362 0)
(0.0163373 0.0419114 0)
(-0.000479694 0.00052418 0)
(0 -0.0274896 0)
(0 -0.0729817 0)
(0 -0.131454 0)
(0 -0.186844 0)
(0 -0.236797 0)
(0 -0.306195 0)
(0 -0.386365 0)
(0 -0.46395 0)
(0 -0.452206 0)
(0 -0.563024 0)
(0 -0.724455 0)
(0 -0.514389 0)
(0 -0.501515 0)
(1.14507 2.14453 0)
)
;
    }
    defaultFaces
    {
        type            empty;
    }
}


// ************************************************************************* //
