/*--------------------------------*- C++ -*----------------------------------*\
| =========                 |                                                 |
| \\      /  F ield         | foam-extend: Open Source CFD                    |
|  \\    /   O peration     | Version:     4.1                                |
|   \\  /    A nd           | Web:         http://www.foam-extend.org         |
|    \\/     M anipulation  |                                                 |
\*---------------------------------------------------------------------------*/
FoamFile
{
    version     2.0;
    format      ascii;
    class       surfaceScalarField;
    location    "0.7";
    object      phi;
}
// * * * * * * * * * * * * * * * * * * * * * * * * * * * * * * * * * * * * * //

dimensions      [0 3 -1 0 0 0 0];

internalField   nonuniform List<scalar> 
4432
(
6.98023e-07
-6.98023e-07
-2.58387e-05
2.65367e-05
-5.77594e-06
-2.00628e-05
4.90199e-06
-1.06779e-05
5.66967e-06
-7.67682e-07
6.3386e-06
-6.68916e-07
4.87192e-05
-4.23806e-05
2.53013e-05
2.34179e-05
1.65451e-05
8.7562e-06
2.31172e-05
-6.57216e-06
1.26947e-05
1.04225e-05
1.14264e-05
1.26837e-06
9.34148e-06
2.08488e-06
4.81324e-06
4.52824e-06
1.24143e-06
3.57182e-06
-9.46454e-07
2.18788e-06
-1.94101e-06
9.94552e-07
-5.81472e-06
3.87371e-06
-9.1422e-06
3.32748e-06
-9.04945e-06
-9.27452e-08
-3.79508e-06
-5.25437e-06
1.65753e-08
-3.81166e-06
1.65753e-08
-3.96986e-06
3.27184e-06
-1.27538e-05
3.53207e-05
-3.12325e-06
-2.96933e-05
-1.57038e-06
-1.22308e-05
-7.50773e-06
5.16967e-06
-4.00274e-05
3.18507e-05
2.2442e-05
-0.00010485
1.66588e-05
2.9201e-05
1.35728e-05
1.18421e-05
3.02936e-05
-2.32929e-05
1.71703e-05
2.35457e-05
1.18816e-05
6.55709e-06
9.12508e-06
4.84141e-06
5.00816e-06
8.64516e-06
1.95127e-06
6.62871e-06
-2.8167e-06
6.95585e-06
-3.26012e-06
1.43797e-06
-7.36899e-07
1.35049e-06
-5.6074e-07
3.15132e-06
-1.83215e-06
1.17867e-06
-2.03271e-06
-5.05381e-06
-2.80015e-06
-3.04422e-06
-2.78357e-06
3.19206e-07
2.95264e-06
1.47067e-05
2.09332e-05
2.99049e-05
-4.48915e-05
1.08904e-05
6.78367e-06
1.54333e-06
1.45168e-05
-6.49777e-06
3.98918e-05
4.86992e-06
-0.000116218
1.36928e-05
2.0378e-05
1.13608e-05
1.41742e-05
2.82375e-05
-4.01696e-05
1.04417e-05
4.13415e-05
8.68624e-06
8.31254e-06
5.86508e-06
7.66258e-06
3.02781e-07
1.42075e-05
-5.76496e-07
7.50798e-06
-3.62519e-06
1.00045e-05
-5.35134e-06
3.16413e-06
-4.35551e-06
3.54662e-07
-1.87123e-06
6.67039e-07
-1.36305e-06
6.70482e-07
-6.19284e-06
-2.24008e-07
-4.12033e-06
-5.11674e-06
-6.9039e-06
-6.06147e-06
9.01411e-06
1.42215e-05
6.50266e-07
3.85831e-06
-3.45284e-05
9.17498e-06
1.467e-06
2.51494e-05
-1.45772e-06
2.11549e-06
6.29258e-05
-1.46904e-06
-0.000112633
-5.12325e-06
2.40323e-05
-3.13655e-05
4.04164e-05
2.70893e-05
-9.86244e-05
3.43518e-06
6.49956e-05
-3.42617e-06
1.51739e-05
-3.89656e-06
8.13299e-06
-3.97665e-06
1.42876e-05
-6.13435e-06
9.66568e-06
-3.84938e-06
7.71956e-06
-8.33697e-06
7.65171e-06
-5.23492e-06
-2.74738e-06
-2.16332e-06
-2.40456e-06
-3.15102e-06
1.65818e-06
-3.57359e-06
1.98567e-07
-5.04784e-06
-3.64249e-06
-1.19517e-05
-8.02072e-07
9.81618e-06
3.40832e-05
-3.4235e-05
2.95806e-05
-3.00257e-05
3.43188e-05
-3.27125e-06
3.6793e-05
-3.93186e-06
3.53441e-05
6.43746e-05
-9.28653e-06
-6.80024e-05
-2.14553e-05
3.6201e-05
-7.79645e-06
2.67576e-05
3.20379e-06
-0.000109625
7.3665e-07
6.74628e-05
-6.47206e-06
2.23825e-05
-5.34461e-06
7.00555e-06
-1.1353e-05
2.02959e-05
-1.36975e-05
1.20102e-05
-9.29288e-06
3.31497e-06
-8.07143e-06
6.43027e-06
-9.40205e-06
-1.41676e-06
-2.07649e-06
-9.73013e-06
-4.41078e-06
3.99246e-06
-8.05517e-06
3.84296e-06
-6.61742e-06
-5.08024e-06
-1.85692e-05
5.5842e-06
4.23198e-06
4.61886e-05
-7.48394e-05
5.02385e-05
-3.40756e-05
6.12734e-05
-1.43061e-05
5.58665e-05
1.47497e-06
4.0648e-05
7.95932e-05
1.72248e-06
-2.90769e-05
-1.80443e-05
5.59678e-05
-5.65236e-06
1.43657e-05
-1.55499e-05
-9.97271e-05
7.77961e-06
4.41333e-05
-3.89426e-06
3.40564e-05
-9.86513e-06
1.29764e-05
-8.42653e-06
1.88573e-05
-9.57918e-06
1.31628e-05
-1.95934e-05
1.33292e-05
-1.88993e-05
5.73617e-06
-1.20919e-05
-8.22419e-06
-5.03151e-06
-1.67905e-05
-5.07207e-06
4.03303e-06
-9.70753e-06
8.47841e-06
-8.95585e-06
-5.83192e-06
-2.7525e-05
2.15557e-05
-1.73237e-05
2.907e-05
-8.23537e-05
3.48373e-05
-3.9843e-05
6.83579e-05
-4.78267e-05
3.83259e-05
3.15069e-05
2.76077e-05
9.03113e-05
2.20759e-05
-2.3545e-05
8.46188e-06
6.95818e-05
4.80042e-06
1.80271e-05
-1.28515e-05
-8.20752e-05
6.19031e-06
2.50915e-05
-1.86054e-06
4.21073e-05
-8.85038e-06
1.99663e-05
-7.02314e-06
1.70301e-05
-1.71248e-05
2.32645e-05
-1.16774e-05
7.88178e-06
-2.62965e-05
2.03553e-05
-6.62694e-06
-2.78938e-05
3.58016e-06
-2.69976e-05
1.17051e-06
6.44268e-06
-4.08225e-06
1.37312e-05
-1.01553e-05
2.41084e-07
-3.76803e-05
3.125e-05
-4.85737e-05
2.8268e-05
-7.93717e-05
5.68879e-05
-6.84629e-05
4.19528e-05
-3.28916e-05
7.43035e-05
-8.4373e-07
7.66733e-06
0.000156947
-1.19684e-06
-1.46808e-05
4.8159e-06
6.35691e-05
1.07372e-05
1.21058e-05
2.69643e-06
-7.40345e-05
-1.3773e-05
4.1561e-05
-6.87548e-06
3.52097e-05
-4.47204e-06
1.75628e-05
-1.88594e-05
3.14175e-05
-2.33775e-05
2.77826e-05
-2.48786e-05
9.3828e-06
-1.18067e-05
7.2835e-06
-6.629e-06
-3.30715e-05
4.63748e-06
-3.82641e-05
4.42323e-06
6.65692e-06
5.38289e-07
1.76161e-05
-9.39917e-06
1.01785e-05
-4.70794e-05
-7.80358e-05
7.80358e-05
-9.90219e-05
2.09861e-05
-0.000104272
5.25e-06
-0.000104407
1.35428e-07
-0.000104667
2.59432e-07
-0.00011108
6.41347e-06
-0.000115919
4.83833e-06
-7.77224e-05
-3.81961e-05
-7.68718e-05
-8.50581e-07
-7.05417e-05
-6.33011e-06
-7.34986e-05
2.95684e-06
-0.000127223
5.37245e-05
-0.0001162
-1.10226e-05
-0.000110471
-5.72986e-06
-9.58978e-05
-1.45728e-05
-5.94675e-05
-3.64303e-05
-1.82216e-05
-4.12459e-05
7.65163e-06
-2.58732e-05
7.65163e-06
-3.04654e-05
0.000108501
-6.37625e-05
5.42832e-05
-6.58282e-05
7.31572e-06
-4.22573e-05
-2.34355e-05
-7.41749e-05
3.2177e-05
-9.54249e-05
2.76635e-05
-7.21863e-05
-1.84003e-05
-7.78872e-05
-3.24952e-05
-8.09315e-05
2.19377e-06
-0.000123
3.57385e-05
-0.000119219
-8.24063e-07
-7.96546e-05
1.416e-05
-0.000108042
1.73644e-05
-0.000102835
-1.0936e-05
-5.63215e-05
-6.10868e-05
-6.63301e-05
-2.64217e-05
-4.99107e-05
-5.76653e-05
-1.04969e-06
-7.47342e-05
6.6019e-06
-2.2081e-05
0.000130582
-2.32272e-05
5.54294e-05
-2.12356e-05
5.32416e-06
-3.35354e-05
-1.11356e-05
-6.09177e-05
5.95593e-05
-8.24305e-05
4.91763e-05
-0.00010577
4.9393e-06
-0.000114018
-2.42476e-05
-0.000115012
3.18816e-06
-0.000109872
3.05982e-05
-9.88994e-05
-1.17965e-05
-7.91962e-05
-5.54314e-06
-9.18818e-05
3.00499e-05
-8.21008e-05
-2.0717e-05
-8.52531e-05
-5.79345e-05
-6.50405e-05
-4.66343e-05
-4.72588e-05
-7.54469e-05
-1.01239e-05
-0.000111869
-3.52202e-06
-2.43923e-05
0.000154974
-4.43061e-05
7.53431e-05
-5.08257e-05
1.18439e-05
-5.149e-05
-1.04713e-05
-2.75258e-05
3.55951e-05
-1.18334e-05
3.34839e-05
-5.34193e-05
4.65252e-05
-4.42549e-05
-3.3412e-05
-0.000105087
6.40202e-05
-6.21532e-05
-1.23355e-05
-8.91277e-05
1.51779e-05
-0.000100459
5.78847e-06
-4.75354e-05
-2.2874e-05
-7.02246e-05
1.9722e-06
-6.73175e-05
-6.08416e-05
-3.48746e-05
-7.90771e-05
-2.95795e-05
-8.07421e-05
-2.27604e-05
-0.000118688
-2.62823e-05
-2.19218e-05
0.000176896
-3.40183e-05
8.74396e-05
-1.75301e-05
-4.64433e-06
-7.71084e-06
-2.02905e-05
-2.70234e-05
5.49076e-05
-2.85781e-05
3.50386e-05
-1.59507e-05
3.38977e-05
-4.47955e-05
-4.56723e-06
-3.47383e-05
5.3963e-05
-6.65813e-05
1.95076e-05
-5.21018e-05
6.98314e-07
-2.27834e-05
-2.35298e-05
-4.00567e-05
-5.6008e-06
-1.55107e-05
-2.25738e-05
-3.33707e-05
-4.29816e-05
-5.02719e-05
-6.21759e-05
-5.41635e-05
-7.68504e-05
-4.28277e-05
-0.000130024
-6.91099e-05
-2.39983e-05
0.000200895
-3.30141e-05
9.64552e-05
-5.11387e-06
-3.25446e-05
-1.5343e-05
-1.00614e-05
-9.66648e-06
4.92311e-05
-6.49111e-07
2.60213e-05
-6.61249e-06
3.98611e-05
-9.28351e-06
-1.89622e-06
1.75407e-05
2.71388e-05
3.39308e-05
3.11745e-06
2.52692e-05
9.35991e-06
3.17018e-05
-2.99625e-05
2.99225e-05
-3.82155e-06
1.32817e-05
-5.93296e-06
-1.46867e-05
-1.50132e-05
-2.43958e-05
-5.24668e-05
-4.85464e-05
-5.26997e-05
-5.29573e-05
-0.000125613
-0.000122067
-3.79926e-05
0.000238887
4.98921e-06
5.34734e-05
5.1145e-06
-3.26698e-05
-1.34925e-05
8.54562e-06
5.01053e-06
3.07281e-05
6.18049e-06
2.48513e-05
1.43775e-05
3.16642e-05
2.3036e-05
-1.05548e-05
3.83095e-05
1.18654e-05
4.98996e-05
-8.4727e-06
5.2289e-05
6.97047e-06
3.8099e-05
-1.57725e-05
3.91631e-05
-4.88561e-06
2.76654e-05
5.56472e-06
3.85339e-06
8.79885e-06
-2.10681e-05
-2.75453e-05
-2.70622e-05
-4.67056e-05
-3.87899e-05
-0.000113886
-0.000160857
-3.49324e-05
0.00027382
-3.12351e-05
4.97762e-05
-1.09e-05
-5.30048e-05
-1.92922e-05
1.69378e-05
1.02574e-06
1.04101e-05
3.41266e-06
2.24644e-05
3.07231e-05
4.35377e-06
5.77898e-05
-3.76216e-05
7.80716e-05
-8.41641e-06
4.89072e-05
2.06917e-05
4.70916e-05
8.78608e-06
3.21793e-05
-8.60243e-07
2.70237e-05
2.70048e-07
1.57422e-05
1.68462e-05
2.84919e-06
2.16918e-05
-3.37684e-07
-2.43584e-05
2.61535e-06
-4.96587e-05
-5.13613e-06
-0.000106134
-0.000165993
8.97437e-05
-0.000138317
9.86155e-05
-8.82435e-05
4.24058e-05
-1.22532e-05
-4.45645e-05
5.40787e-05
-2.91531e-05
-1.62551e-05
1.77742e-05
0.00011002
-9.0499e-07
3.9984e-06
6.87236e-07
6.19769e-05
-1.49523e-05
2.77454e-05
-6.68207e-05
-2.21661e-05
-3.21258e-05
6.86617e-06
-3.19211e-05
3.5005e-05
-2.53804e-05
1.10221e-05
-3.38381e-05
3.98752e-05
-3.60309e-05
2.99754e-05
-2.07394e-05
-5.90877e-06
-8.7364e-06
-4.71945e-06
-1.13343e-05
-3.04736e-05
-3.27761e-05
-1.68224e-05
-2.16312e-05
-4.48797e-06
-1.46439e-05
1.06288e-05
-3.53014e-05
3.0836e-05
-1.07735e-05
-7.16073e-05
9.6238e-06
-0.000147941
5.02704e-06
-8.36467e-05
1.0255e-06
-8.25165e-06
-6.15304e-05
0.000116635
-4.92659e-05
-2.85196e-05
-4.72485e-06
6.54791e-05
-2.74263e-05
2.66999e-05
-3.63232e-05
7.08738e-05
-6.00678e-06
-2.57095e-06
5.16679e-06
-3.33396e-05
5.67927e-06
6.35369e-06
-1.13778e-05
5.2062e-05
1.33852e-07
-4.89524e-07
-4.17828e-06
4.41874e-05
8.07607e-06
1.7721e-05
3.76992e-05
-3.55319e-05
5.26577e-05
-1.9678e-05
-2.33534e-05
4.55375e-05
-5.16781e-05
1.15023e-05
-5.34781e-05
-2.68793e-06
-6.92921e-05
2.64428e-05
-5.37923e-05
1.53362e-05
-1.10314e-06
-6.34628e-05
-3.6708e-05
-0.000111233
-6.66036e-05
-5.37511e-05
-3.66599e-05
-3.81954e-05
3.60358e-05
4.39389e-05
1.88576e-05
-1.13415e-05
-9.6219e-06
9.39587e-05
-3.95472e-05
5.66253e-05
4.72656e-06
2.66e-05
1.28565e-05
-1.07008e-05
1.01563e-05
-3.06394e-05
-6.71916e-06
2.32291e-05
-2.41873e-05
6.95301e-05
9.72985e-06
-3.44066e-05
1.5624e-05
3.82932e-05
1.07956e-05
2.25495e-05
-3.14367e-05
6.70035e-06
-4.86716e-05
-2.44305e-06
-6.26512e-05
5.95171e-05
-2.56931e-05
-2.54557e-05
-3.66982e-05
8.3171e-06
-6.51995e-05
5.49441e-05
-5.54154e-05
5.5521e-06
1.407e-05
-7.05885e-05
1.7834e-05
-0.000129067
-1.86864e-05
-1.72306e-05
4.64033e-06
-6.15222e-05
2.31086e-06
4.62683e-05
-2.00018e-05
1.09711e-05
-2.12183e-05
9.51753e-05
-4.66915e-06
4.00761e-05
-3.42302e-06
2.53539e-05
-5.45816e-05
4.04577e-05
-0.000117957
3.27364e-05
-8.55568e-05
-9.17153e-06
-6.44455e-05
4.84189e-05
-2.89032e-05
-6.99489e-05
-5.22663e-05
6.16563e-05
-5.50162e-05
2.52993e-05
-4.22904e-05
-6.02547e-06
-1.56712e-05
-2.90622e-05
1.7945e-05
2.59009e-05
1.80539e-05
-2.55646e-05
4.02561e-05
-1.38851e-05
7.90574e-05
1.61428e-05
8.42187e-05
3.90841e-07
3.28864e-05
6.54023e-05
-1.55287e-05
-0.000113538
-1.45063e-05
-1.82529e-05
-4.89212e-05
-2.71074e-05
-2.94869e-05
2.68341e-05
-6.00491e-05
4.15334e-05
-4.97637e-05
8.48899e-05
-3.58657e-05
2.61781e-05
-1.16368e-05
1.12493e-06
-1.26583e-05
4.14792e-05
-7.46355e-05
9.47136e-05
-5.21264e-05
-3.16807e-05
-7.10018e-06
3.39268e-06
-5.445e-05
-2.25991e-05
-5.44533e-05
6.16596e-05
-5.17802e-05
2.26263e-05
-1.12665e-06
-5.66791e-05
3.44064e-05
-6.45953e-05
5.48118e-05
5.49551e-06
3.69094e-05
-7.66225e-06
3.3683e-05
-1.06588e-05
6.61032e-05
-1.62774e-05
0.00011377
-4.72764e-05
1.3384e-05
0.000133273
-4.65905e-05
-6.6948e-05
-5.20773e-05
-1.27661e-05
-7.12155e-05
-7.96916e-06
-5.96033e-05
1.52219e-05
-7.44758e-05
5.64058e-05
-5.14576e-05
6.18717e-05
-2.02909e-05
-4.98872e-06
-2.40326e-05
4.86667e-06
-5.38096e-05
7.12561e-05
-1.27058e-05
5.36098e-05
-2.09164e-05
-2.34701e-05
-2.04855e-05
2.96177e-06
-4.22863e-05
-7.98298e-07
-3.85617e-05
5.7935e-05
2.5941e-05
-4.18764e-05
3.04909e-05
-6.1229e-05
3.06756e-06
-3.7172e-05
-7.51542e-06
1.60785e-05
-3.40519e-05
1.88742e-05
-4.57331e-05
1.02245e-06
-4.50231e-06
-5.75082e-05
3.20011e-05
-8.37798e-05
-3.51904e-05
8.05753e-05
-4.72598e-05
-1.96882e-05
-5.8195e-05
-1.83093e-06
-7.17175e-05
5.55332e-06
-6.7639e-05
1.11434e-05
-4.13667e-05
3.01335e-05
-1.29854e-05
3.34904e-05
-5.9775e-06
-1.19967e-05
-2.25187e-05
2.14077e-05
-4.19237e-05
9.06611e-05
-4.74098e-05
5.90959e-05
-5.08161e-05
-2.00638e-05
-2.08774e-05
-2.69769e-05
-3.35337e-05
1.1858e-05
-9.51876e-06
3.39201e-05
6.91201e-06
-5.83071e-05
-6.54249e-08
-5.42515e-05
4.87969e-07
-3.77254e-05
-9.18813e-06
2.57546e-05
-3.91334e-05
4.88195e-05
-2.69748e-05
-1.11362e-05
-1.19047e-05
-7.25784e-05
-1.12322e-05
-8.44524e-05
-5.09881e-05
4.56563e-06
-8.21557e-05
6.24674e-05
-9.46651e-05
1.06785e-05
-6.72857e-05
-2.18261e-05
-5.86209e-05
2.47856e-06
-5.37136e-05
2.52262e-05
-3.27526e-05
1.25293e-05
-2.4815e-05
-1.99344e-05
-2.65517e-06
-7.52121e-07
1.45599e-05
7.34461e-05
9.94635e-06
6.37094e-05
-7.81396e-06
-2.30341e-06
-2.17293e-05
-1.30614e-05
-2.95746e-05
1.97033e-05
2.16508e-06
2.18043e-06
-5.79308e-06
-5.0349e-05
7.06601e-06
-6.71106e-05
1.76287e-06
-3.24223e-05
-1.67818e-05
4.42992e-05
-5.86671e-05
9.07048e-05
-5.0727e-05
-1.90763e-05
-4.97477e-05
-7.35577e-05
-7.85271e-05
-5.5673e-05
-5.98437e-05
-6.96715e-05
-2.07512e-05
8.32186e-05
-3.43202e-05
2.42476e-05
-4.43368e-05
-1.18095e-05
-4.81681e-05
6.30989e-06
-2.41311e-05
1.18915e-06
-1.35733e-05
1.97143e-06
-1.33955e-05
-2.01123e-05
1.99907e-05
-3.41383e-05
5.28263e-05
4.06106e-05
9.2709e-06
0.000107265
-3.40744e-05
4.1042e-05
-4.20554e-05
-5.08035e-06
-1.59306e-05
-6.42153e-06
-2.15254e-06
-1.15976e-05
1.98255e-05
-7.2327e-05
-2.16467e-06
-4.51204e-05
-1.70042e-05
-1.75827e-05
-2.7739e-05
5.5034e-05
-2.74699e-05
9.04357e-05
-2.04557e-05
-2.60906e-05
-3.49196e-05
-5.90938e-05
-3.21129e-05
-5.84798e-05
-4.74779e-05
-4.44787e-05
-2.44051e-06
8.56591e-05
-2.01163e-05
4.19233e-05
-3.37853e-05
1.85949e-06
-3.84886e-05
1.10132e-05
-2.30413e-05
-1.42582e-05
-3.10915e-07
-2.0759e-05
1.10305e-05
-3.14537e-05
2.37906e-06
-2.54869e-05
2.09273e-05
2.20624e-05
3.60568e-05
9.21355e-05
3.55568e-06
7.35431e-05
-8.88227e-06
7.35763e-06
-1.97167e-06
-1.33321e-05
1.18503e-05
-2.54196e-05
3.78595e-06
-6.42626e-05
-2.14658e-05
-1.98686e-05
-4.94464e-05
1.03981e-05
-5.15662e-05
5.71539e-05
-2.56509e-05
6.45206e-05
6.84227e-06
-5.85837e-05
1.17799e-05
-6.40317e-05
5.95013e-06
-5.26505e-05
-4.95372e-05
8.00923e-06
2.45542e-05
6.11049e-05
-1.39363e-05
8.04138e-05
-3.11495e-05
1.90727e-05
-2.03867e-05
2.5033e-07
-6.10615e-06
-2.85387e-05
-1.04609e-06
-2.5819e-05
4.88838e-06
-3.73882e-05
9.64764e-06
-3.02462e-05
1.26091e-05
1.9101e-05
2.34671e-05
8.12774e-05
1.84204e-05
7.85899e-05
1.41767e-05
1.16013e-05
8.35877e-06
-7.51419e-06
8.893e-06
-2.59538e-05
-1.68732e-05
-3.84963e-05
-4.5427e-05
8.68531e-06
-8.29615e-05
4.79328e-05
-5.14198e-05
2.56126e-05
5.38788e-07
1.25626e-05
6.2799e-06
-6.43244e-05
1.20607e-05
-6.98133e-05
-8.49997e-07
-3.9741e-05
-1.32878e-05
-3.71005e-05
2.17105e-05
3.93944e-05
2.70376e-05
7.50867e-05
1.66491e-05
2.94612e-05
1.23111e-05
4.58831e-06
1.39795e-06
-1.76256e-05
-4.36397e-06
-2.00571e-05
-5.8463e-06
-3.59059e-05
-2.69591e-05
-9.13336e-06
-3.08118e-05
2.29536e-05
-4.74421e-06
5.52098e-05
3.00652e-06
7.08391e-05
7.75991e-06
6.84791e-06
-3.25658e-06
3.50232e-06
-2.03226e-05
-8.88774e-06
-6.83334e-05
9.51453e-06
-7.16324e-05
1.19845e-05
-6.75126e-05
4.38136e-05
-8.40776e-05
4.21782e-05
-8.39103e-05
1.23966e-05
-0.000110902
-3.73323e-05
-0.000152597
-2.81191e-05
-0.0001714
-2.09382e-05
-3.54808e-06
-0.00018114
1.10212e-05
2.83731e-05
2.89416e-05
5.71663e-05
1.75906e-05
4.08122e-05
1.25172e-05
9.66175e-06
2.6014e-06
-7.70979e-06
-4.17263e-06
-1.32831e-05
-3.00179e-05
-1.00606e-05
-2.91061e-05
-1.00452e-05
-2.10676e-05
1.49152e-05
-6.32465e-06
4.04668e-05
6.76492e-06
5.77495e-05
4.42606e-06
9.18677e-06
-1.19801e-05
1.99085e-05
-4.08478e-05
1.998e-05
-5.47176e-05
2.33845e-05
-0.00012461
8.18778e-05
-0.000189137
0.000108341
-0.000235784
8.88255e-05
-0.00030426
8.08726e-05
-0.000362785
2.11925e-05
-0.000385414
-5.49055e-06
-0.000394859
-1.14932e-05
-1.46386e-05
-0.000383768
4.79692e-06
2.35762e-05
1.16539e-05
5.03093e-05
1.70633e-05
3.54027e-05
1.65307e-05
1.01943e-05
2.50818e-06
6.31275e-06
-8.36927e-06
-2.40569e-06
-1.63878e-05
-2.0421e-06
-2.78519e-05
1.41888e-06
-1.97801e-05
6.84334e-06
-1.0431e-05
3.11177e-05
5.70159e-06
4.16169e-05
5.144e-07
1.4374e-05
-1.25989e-05
3.30218e-05
-5.23774e-05
5.97585e-05
-8.98528e-05
6.08601e-05
-6.58326e-05
5.78582e-05
-8.60193e-05
0.00012853
-0.000188396
0.000191204
-0.000224605
0.000117081
-0.000303767
0.000100354
-0.000317567
8.30871e-06
-0.000321237
-7.82195e-06
-1.10446e-05
-0.000324832
-5.51854e-06
2.90947e-05
5.59716e-06
3.91936e-05
7.77402e-06
3.32259e-05
-6.46932e-07
1.86153e-05
-7.50351e-06
1.31693e-05
-1.69874e-05
7.0782e-06
-2.26556e-05
3.62607e-06
-2.48185e-05
3.58173e-06
-1.70768e-05
-8.98324e-07
-9.12678e-06
2.31677e-05
-3.68045e-07
3.28582e-05
-1.71166e-05
3.11225e-05
-2.64032e-05
4.23084e-05
-5.73004e-05
9.06556e-05
-5.15386e-05
5.50981e-05
-8.80411e-05
9.43611e-05
-9.46548e-05
0.000135145
-3.01149e-05
0.000126665
-4.47496e-05
0.000131716
-0.000110273
0.000165877
-0.00020797
0.000106005
-0.000248119
3.23282e-05
-7.4916e-06
-0.000251674
5.1827e-06
2.3912e-05
5.61625e-06
3.876e-05
7.77048e-06
3.10716e-05
-2.28955e-07
2.66147e-05
-7.76521e-06
2.07056e-05
-1.24437e-05
1.17567e-05
-2.42876e-05
1.54699e-05
-2.19924e-05
1.28652e-06
-2.93118e-05
6.42103e-06
-3.32299e-05
2.70859e-05
-2.92452e-05
2.88735e-05
-2.8169e-05
3.00464e-05
-5.16895e-05
6.58289e-05
-4.00159e-05
7.8982e-05
-3.80523e-05
5.31343e-05
-2.41126e-05
8.04215e-05
-7.89715e-06
0.000118929
-1.97098e-05
0.000138477
4.59102e-06
0.000107415
-4.13604e-06
0.000174604
-4.00934e-05
0.000141962
-3.89034e-05
3.11377e-05
5.48798e-06
-5.18828e-05
-4.28765e-06
2.81997e-05
8.56594e-06
2.59064e-05
4.24294e-06
3.53946e-05
-2.93296e-06
3.37906e-05
-6.50396e-06
2.42766e-05
-6.50964e-06
1.17624e-05
-1.05271e-05
1.94874e-05
-1.57345e-05
6.49389e-06
-1.72942e-05
7.98079e-06
-2.23308e-05
3.21225e-05
-2.71382e-05
3.36809e-05
-5.65365e-05
5.94447e-05
-5.77724e-05
6.70648e-05
-2.77463e-05
4.89559e-05
-2.70287e-05
5.24168e-05
-4.60071e-05
9.94001e-05
-2.74165e-06
7.56641e-05
1.59424e-05
0.000119793
8.56778e-06
0.000114789
4.86195e-05
0.000134552
7.4092e-05
0.000116489
3.45141e-05
7.07152e-05
2.2894e-05
1.71077e-05
2.2295e-06
2.59702e-05
-7.79235e-06
3.59283e-05
1.5451e-06
2.60572e-05
-2.10734e-06
3.7443e-05
-7.18518e-06
2.93544e-05
-2.08296e-05
2.54068e-05
-2.71117e-05
2.57695e-05
-3.35534e-05
1.29356e-05
-4.03072e-05
1.47346e-05
-4.4037e-05
3.58523e-05
-5.92814e-05
4.89252e-05
-3.05387e-05
3.0702e-05
-2.75036e-05
6.40296e-05
-2.62451e-05
4.76974e-05
-2.23256e-05
4.84972e-05
-1.86603e-05
9.57348e-05
-7.19498e-06
6.41988e-05
8.06655e-06
0.000104531
2.96327e-05
9.32221e-05
5.85349e-05
0.000105649
7.7164e-05
9.78599e-05
8.86382e-05
5.92407e-05
3.9257e-05
7.22751e-05
2.20897e-07
2.57493e-05
9.60569e-06
2.65434e-05
-4.36467e-06
4.00275e-05
-9.99529e-06
4.30736e-05
-5.99921e-06
2.53583e-05
-1.50466e-05
3.44542e-05
-1.22013e-05
2.29242e-05
-1.72226e-05
1.79568e-05
-3.74902e-05
3.50022e-05
-3.89311e-05
3.72932e-05
-2.33342e-05
3.33282e-05
-2.52299e-05
3.25977e-05
-2.26398e-05
6.14395e-05
-1.65311e-05
4.15887e-05
-1.60886e-05
4.80546e-05
-2.48958e-06
8.21357e-05
-1.49724e-05
7.66816e-05
8.75858e-07
8.86827e-05
1.61042e-05
7.79939e-05
4.29657e-05
7.87879e-05
6.35371e-05
7.72885e-05
7.15645e-05
5.12133e-05
4.88103e-05
6.20112e-05
-9.57309e-07
2.67066e-05
-3.70922e-06
2.92953e-05
5.021e-06
3.12973e-05
-2.49225e-06
5.05869e-05
-7.43516e-06
3.03012e-05
-1.19732e-05
3.89923e-05
-1.77922e-05
2.87432e-05
-2.72922e-05
2.74568e-05
-2.45358e-05
3.22458e-05
-2.0743e-05
3.35005e-05
-2.66001e-05
3.91852e-05
-4.17134e-05
4.7711e-05
-1.43065e-05
3.40326e-05
-1.10068e-05
3.82889e-05
-2.98737e-05
6.69215e-05
-1.89171e-05
7.1179e-05
-5.7652e-06
6.35297e-05
-1.13355e-06
8.4051e-05
2.82889e-05
4.85715e-05
2.97684e-05
7.73084e-05
4.46572e-05
6.23998e-05
4.14631e-05
5.44074e-05
3.7601e-05
5.26723e-05
-6.86938e-08
2.67753e-05
-2.54686e-06
3.17735e-05
-5.1148e-06
3.38652e-05
7.04219e-06
3.84299e-05
-9.17967e-06
4.65231e-05
-9.50948e-06
3.93221e-05
-9.74112e-06
2.89749e-05
-1.30562e-05
3.07719e-05
-1.95346e-05
3.87241e-05
-1.21646e-05
2.61305e-05
-1.52133e-05
4.22339e-05
-8.41748e-06
4.09152e-05
-2.4018e-05
4.96331e-05
-3.36357e-05
4.79067e-05
-3.07556e-05
6.40414e-05
-4.33758e-06
4.47609e-05
-3.19114e-06
6.23832e-05
2.89773e-06
7.79621e-05
6.31579e-06
4.51534e-05
1.22209e-05
7.14032e-05
3.63241e-05
3.82966e-05
5.50197e-05
3.57118e-05
4.29816e-05
4.96391e-05
1.08887e-06
2.56864e-05
1.72464e-06
3.11377e-05
3.50326e-06
3.20866e-05
-1.47221e-05
5.66552e-05
-1.11224e-05
4.29234e-05
-1.45146e-05
4.27142e-05
-1.09375e-05
2.53978e-05
-1.67756e-05
3.661e-05
-4.56444e-06
2.65129e-05
-4.92268e-06
2.64887e-05
-8.58974e-06
4.59009e-05
-1.10214e-05
4.33469e-05
-1.29364e-05
5.15481e-05
-1.55998e-05
5.05701e-05
-1.33196e-05
6.17611e-05
-1.41129e-05
4.55541e-05
3.19477e-06
4.50755e-05
1.03477e-05
7.08092e-05
1.06096e-05
4.48915e-05
1.68481e-05
6.51648e-05
1.58043e-05
3.93404e-05
1.66688e-05
3.48473e-05
2.66141e-05
3.30363e-05
5.01398e-06
2.06724e-05
-4.06458e-06
4.02162e-05
-1.45509e-05
4.25729e-05
-6.81851e-06
4.89228e-05
-1.1043e-05
4.71479e-05
-8.53644e-06
4.02076e-05
-1.41678e-05
3.10291e-05
-3.45774e-06
2.58999e-05
-4.45817e-06
2.75133e-05
-5.3494e-06
2.73799e-05
-1.12563e-05
5.18078e-05
-6.32349e-06
3.84141e-05
-1.40466e-05
5.92712e-05
1.49199e-06
3.50315e-05
3.84437e-06
5.94087e-05
-4.62818e-06
5.40267e-05
1.14685e-06
3.93005e-05
1.57952e-05
5.61608e-05
3.58536e-06
5.71014e-05
1.00807e-05
5.86694e-05
1.54132e-05
3.40078e-05
2.01162e-05
3.01443e-05
2.42784e-05
2.24519e-05
-4.22581e-06
2.48982e-05
-4.53468e-06
4.05251e-05
-5.03464e-06
4.30728e-05
-4.6416e-06
4.85297e-05
-5.30258e-06
4.78088e-05
5.22794e-06
2.96771e-05
-8.08407e-06
4.43411e-05
-8.6293e-06
2.64451e-05
-5.93026e-06
2.48143e-05
-4.42501e-06
2.58747e-05
-1.83343e-06
4.92162e-05
-1.31291e-05
4.97098e-05
-7.17864e-06
5.33207e-05
-4.27048e-06
3.21234e-05
2.01315e-06
5.31251e-05
1.10539e-05
4.49859e-05
7.40868e-07
4.96135e-05
4.58072e-06
5.2321e-05
1.17912e-05
4.98909e-05
1.09903e-05
5.94703e-05
1.40494e-05
3.09487e-05
1.83835e-05
2.58103e-05
2.96564e-05
1.30055e-05
-2.34593e-06
2.72441e-05
-3.91672e-06
4.20959e-05
-4.81625e-06
4.39723e-05
-4.70777e-06
4.84212e-05
-2.5862e-06
4.56872e-05
-2.31991e-06
2.94108e-05
-1.90473e-06
4.39259e-05
-3.58645e-06
2.81268e-05
-3.17687e-06
2.44047e-05
-3.81639e-06
2.65142e-05
-3.00697e-06
4.84068e-05
-3.23456e-06
4.99373e-05
-2.3789e-06
5.2465e-05
2.79109e-07
2.94654e-05
2.50597e-06
5.08982e-05
-1.22682e-06
4.87187e-05
-2.30313e-06
5.06898e-05
1.45037e-05
3.55142e-05
1.14827e-05
5.29118e-05
1.91624e-05
5.17906e-05
2.0358e-05
2.97531e-05
1.69192e-05
2.9249e-05
2.82984e-05
1.82772e-05
-1.00885e-05
3.73327e-05
-4.45776e-06
3.64651e-05
-2.1557e-06
4.16702e-05
9.35105e-07
4.53304e-05
3.80993e-06
4.28124e-05
-5.08829e-06
3.8309e-05
-3.0287e-06
4.18663e-05
-3.34265e-06
2.84407e-05
-2.49414e-06
2.35562e-05
-1.40854e-06
2.54286e-05
-5.08505e-07
4.75067e-05
1.75692e-06
4.76719e-05
6.13203e-06
4.80899e-05
-5.89204e-06
4.14894e-05
-1.77641e-06
4.67826e-05
1.45314e-05
3.24109e-05
1.66907e-05
4.85305e-05
4.30719e-06
4.78977e-05
1.5435e-05
4.1784e-05
2.32253e-05
4.40003e-05
1.19969e-05
4.09815e-05
1.75436e-05
2.37023e-05
3.97874e-05
6.05449e-06
-9.74479e-07
3.83071e-05
-1.75827e-06
3.72488e-05
-1.38813e-06
4.13001e-05
1.37459e-07
4.38048e-05
5.90381e-07
4.23594e-05
2.58909e-06
3.63103e-05
4.34415e-06
4.01113e-05
-6.93973e-06
3.97246e-05
-5.27963e-06
2.18961e-05
-2.25883e-06
2.24078e-05
3.46347e-07
4.49015e-05
1.55026e-06
4.6468e-05
1.42985e-06
4.82103e-05
1.11094e-05
3.18099e-05
1.26248e-05
4.52671e-05
1.82391e-06
4.32118e-05
5.1961e-06
4.51583e-05
8.66642e-06
4.44273e-05
8.3019e-06
4.21485e-05
2.49916e-05
2.73106e-05
2.57605e-05
4.02127e-05
1.06435e-05
3.88192e-05
3.68261e-05
1.36048e-05
-1.66282e-06
3.99699e-05
-1.90289e-06
3.74889e-05
-1.01918e-06
4.04163e-05
-1.88808e-07
4.29744e-05
5.05536e-07
4.16651e-05
2.26325e-07
3.65895e-05
1.48571e-07
4.0189e-05
5.7781e-08
3.98154e-05
-1.33444e-07
2.20873e-05
6.00084e-07
2.16742e-05
3.93588e-06
4.15657e-05
4.89139e-06
4.55125e-05
7.37747e-06
4.57242e-05
-5.60027e-06
4.47876e-05
6.99953e-06
3.26673e-05
1.18396e-05
3.83717e-05
7.56753e-06
4.94304e-05
4.19669e-06
4.77981e-05
1.60856e-05
3.02596e-05
1.28676e-05
3.05286e-05
9.36961e-06
4.37106e-05
2.13397e-05
2.68492e-05
4.32498e-05
1.4916e-05
-3.85989e-07
4.03559e-05
-4.09264e-07
3.75121e-05
-2.42083e-08
4.00313e-05
-1.09353e-07
4.30595e-05
3.20256e-07
4.12355e-05
1.04566e-06
3.58641e-05
2.24292e-06
3.89918e-05
6.52359e-07
4.14059e-05
1.41191e-06
2.13277e-05
1.83908e-06
2.12471e-05
5.45676e-06
3.79481e-05
7.84321e-06
4.3126e-05
7.36041e-06
4.6207e-05
1.31596e-05
3.89884e-05
1.95742e-06
4.38695e-05
4.36352e-06
3.59656e-05
6.11661e-06
4.76773e-05
1.16903e-05
4.22245e-05
1.68619e-05
2.5088e-05
6.09233e-06
4.12981e-05
9.38038e-06
4.04225e-05
6.65921e-06
2.95704e-05
2.88127e-05
2.10963e-05
-2.22643e-07
4.05785e-05
-1.22824e-07
3.74123e-05
9.98656e-08
3.98086e-05
-5.19245e-07
4.36786e-05
-3.92311e-07
4.11085e-05
2.03618e-07
3.52681e-05
2.03972e-06
3.71556e-05
1.35423e-06
4.20914e-05
-4.28485e-07
2.31104e-05
-1.49989e-06
2.23184e-05
9.43972e-06
2.70084e-05
6.34696e-06
4.62187e-05
7.94203e-06
4.46119e-05
3.8702e-06
4.30602e-05
3.09908e-06
4.46406e-05
1.33618e-05
2.57028e-05
1.57068e-05
4.53323e-05
1.62092e-05
4.1722e-05
3.44785e-06
3.78493e-05
1.00935e-05
3.46525e-05
2.5169e-05
2.5347e-05
1.26436e-05
4.20957e-05
2.66078e-05
1.48485e-05
4.54921e-08
4.0533e-05
2.97365e-07
3.71604e-05
9.4532e-07
3.91606e-05
2.03824e-07
4.44201e-05
-4.61102e-09
4.1317e-05
4.34766e-07
3.48287e-05
2.47301e-06
3.51174e-05
2.39883e-06
4.21656e-05
2.55519e-06
2.29541e-05
2.72788e-06
2.21457e-05
2.95447e-06
2.67818e-05
4.37954e-06
4.47936e-05
5.35455e-06
4.36369e-05
5.40621e-06
4.30085e-05
7.40698e-06
4.26398e-05
4.55897e-06
2.85508e-05
1.01616e-05
3.97297e-05
7.48768e-06
4.43959e-05
1.17725e-05
3.35645e-05
8.05718e-06
3.83678e-05
9.90284e-06
2.35013e-05
1.93265e-05
3.2672e-05
3.77205e-05
8.21383e-06
2.18217e-07
4.03148e-05
3.6839e-07
3.70102e-05
8.55677e-07
3.86734e-05
4.51392e-07
4.48244e-05
-1.23893e-06
4.30073e-05
-3.46518e-06
3.7055e-05
7.24861e-06
2.44036e-05
6.49886e-06
4.29153e-05
5.55127e-06
2.39016e-05
5.80989e-06
2.18871e-05
-6.02584e-07
3.31943e-05
3.11989e-06
4.10712e-05
4.84984e-06
4.19069e-05
7.63528e-06
4.02231e-05
7.2342e-06
4.30409e-05
8.48054e-06
2.73045e-05
6.22185e-06
4.19884e-05
6.32948e-06
4.42883e-05
3.553e-06
3.6341e-05
1.59602e-05
2.59606e-05
1.61641e-05
2.32974e-05
1.11086e-05
3.77275e-05
3.0562e-05
1.8267e-05
2.70642e-07
4.00442e-05
7.60931e-07
3.652e-05
1.00913e-06
3.84252e-05
1.54207e-06
4.42915e-05
2.47462e-06
4.20747e-05
1.39678e-06
3.81328e-05
2.74927e-06
2.30511e-05
5.88986e-06
3.97747e-05
4.90357e-06
2.48879e-05
3.44273e-06
2.3348e-05
1.5248e-06
3.51122e-05
5.28316e-06
3.73128e-05
5.45033e-06
4.17398e-05
7.48998e-06
3.81834e-05
9.21936e-06
4.13115e-05
-1.84377e-06
3.83676e-05
1.05259e-05
2.96187e-05
8.96979e-06
4.58444e-05
2.0004e-05
2.53068e-05
5.91823e-06
4.00463e-05
8.01876e-06
2.11969e-05
1.13343e-05
3.44119e-05
2.80053e-05
1.3891e-05
2.09358e-07
3.98348e-05
6.10377e-07
3.6119e-05
1.19093e-06
3.78446e-05
1.33751e-06
4.41449e-05
3.395e-06
4.00172e-05
3.21245e-06
3.83154e-05
7.00939e-06
1.92542e-05
1.30076e-05
3.37765e-05
2.05983e-06
3.58357e-05
-8.1013e-06
3.35091e-05
3.00333e-06
2.40076e-05
4.98102e-06
3.53351e-05
7.58763e-06
3.91331e-05
7.0452e-06
3.87258e-05
9.04654e-06
3.93102e-05
1.4322e-05
3.30922e-05
3.94631e-06
3.99943e-05
8.30817e-06
4.14825e-05
7.76774e-06
2.58472e-05
1.53385e-05
3.24755e-05
3.99431e-06
3.25411e-05
7.37247e-06
3.10338e-05
1.87306e-05
1.66472e-05
-3.44834e-08
3.98693e-05
2.34008e-07
3.58505e-05
1.98422e-07
3.78802e-05
2.03768e-07
4.41395e-05
3.04435e-06
3.71767e-05
2.81002e-06
3.85497e-05
2.33378e-06
1.97304e-05
3.67313e-06
3.24371e-05
3.32508e-06
3.61838e-05
3.88476e-06
3.29494e-05
-5.82464e-06
3.3717e-05
6.07044e-06
2.344e-05
6.09638e-06
3.91072e-05
8.03433e-06
3.67879e-05
9.46805e-06
3.78764e-05
6.04854e-06
3.65117e-05
9.44981e-06
3.6593e-05
1.4911e-05
3.60213e-05
3.82102e-06
3.69372e-05
2.93814e-06
3.33584e-05
1.43419e-05
2.11373e-05
1.12509e-05
3.41247e-05
1.61629e-05
1.38187e-05
-1.42808e-07
4.00121e-05
8.13984e-09
3.56995e-05
-1.47488e-07
3.80358e-05
-3.44672e-07
4.43367e-05
8.51556e-07
3.59804e-05
-3.65093e-07
3.97663e-05
-1.53462e-06
2.08999e-05
7.19329e-06
2.37092e-05
3.61745e-06
3.97596e-05
1.66826e-06
3.48986e-05
2.45696e-06
3.29283e-05
3.01491e-06
2.28821e-05
7.09774e-06
3.50243e-05
7.62452e-06
3.62611e-05
8.89719e-06
3.66037e-05
8.5241e-06
3.68848e-05
6.07565e-06
3.90415e-05
5.3141e-06
3.67829e-05
4.58854e-06
3.76627e-05
1.40774e-05
2.38696e-05
1.0901e-05
2.43137e-05
1.39481e-05
3.10777e-05
2.57291e-05
4.38177e-06
-6.00021e-07
4.06121e-05
4.86899e-07
3.46126e-05
-1.21159e-06
3.97343e-05
-3.32761e-06
4.64528e-05
6.06148e-06
2.65913e-05
3.0291e-06
4.27987e-05
1.76086e-06
2.21682e-05
-7.41328e-07
2.62114e-05
-1.31368e-06
4.0332e-05
8.43595e-06
2.5149e-05
4.18984e-06
3.71744e-05
5.5923e-06
2.14796e-05
6.09036e-06
3.45263e-05
5.72113e-06
3.66303e-05
7.16128e-06
3.51636e-05
7.51148e-06
3.65346e-05
9.95559e-06
3.65974e-05
8.24485e-06
3.84936e-05
9.85409e-06
3.60535e-05
1.22674e-05
2.14563e-05
4.13091e-06
3.24502e-05
4.50517e-06
3.07034e-05
2.47756e-05
5.45874e-06
-5.03598e-07
4.11157e-05
1.74202e-07
3.39348e-05
1.28025e-07
3.97805e-05
1.38007e-06
4.52007e-05
1.05512e-06
2.69163e-05
1.08542e-06
4.27684e-05
5.5779e-07
2.26958e-05
1.30962e-06
2.54596e-05
1.73415e-06
3.99074e-05
1.49621e-06
2.53869e-05
-8.37495e-07
3.95081e-05
-2.54055e-06
2.31826e-05
7.05007e-06
2.49357e-05
4.0419e-06
3.96385e-05
2.71194e-06
3.64936e-05
5.12261e-06
3.41239e-05
4.55344e-06
3.71665e-05
8.08712e-06
3.49599e-05
1.1714e-05
3.24266e-05
1.43803e-06
3.17323e-05
6.65804e-06
2.72302e-05
5.54666e-06
3.18148e-05
2.73325e-05
2.98978e-06
-2.00889e-06
4.31246e-05
6.41189e-06
2.5514e-05
2.94446e-06
4.32479e-05
2.89381e-06
4.52514e-05
3.57509e-06
2.6235e-05
1.41661e-06
4.49269e-05
6.75908e-07
2.34365e-05
-9.38017e-07
2.70735e-05
1.27e-06
3.76994e-05
6.85355e-07
2.59716e-05
2.22985e-06
3.79636e-05
1.76286e-06
2.36496e-05
-2.58363e-07
2.69569e-05
-4.13724e-09
3.93842e-05
1.0861e-06
3.54033e-05
1.45838e-06
3.37516e-05
4.47934e-06
3.41456e-05
4.75938e-06
3.46799e-05
8.04196e-06
2.9144e-05
5.8682e-06
3.3906e-05
3.41499e-06
2.96834e-05
2.46507e-06
3.27648e-05
2.4794e-05
5.0035e-06
-9.44169e-07
4.40688e-05
-2.72553e-06
2.72954e-05
-8.73758e-07
4.13962e-05
1.81907e-06
4.25585e-05
1.54724e-06
2.65069e-05
2.7333e-06
4.37409e-05
6.33059e-07
2.55367e-05
1.22342e-06
2.64832e-05
3.51304e-07
3.85715e-05
3.33794e-07
2.59891e-05
-1.65059e-07
3.84625e-05
-1.1541e-06
2.46387e-05
1.85312e-08
2.57843e-05
-1.23169e-06
4.06345e-05
-3.61465e-06
3.77863e-05
2.34309e-06
2.77939e-05
6.55504e-08
3.64231e-05
6.84876e-06
2.78967e-05
2.2486e-06
3.37442e-05
-1.04713e-06
3.72018e-05
6.457e-06
2.21793e-05
4.82421e-06
3.43976e-05
2.66398e-05
2.97846e-06
1.00051e-05
3.40637e-05
6.47051e-06
3.083e-05
2.23187e-06
4.56348e-05
1.10321e-06
4.36872e-05
2.34549e-06
2.52646e-05
2.61901e-06
4.34674e-05
1.02498e-06
2.71308e-05
-6.86149e-06
3.43697e-05
2.09437e-06
2.96157e-05
-6.68362e-06
3.47671e-05
4.27533e-06
2.75035e-05
4.81368e-06
2.41003e-05
-9.18976e-06
3.97877e-05
-1.12104e-05
4.26551e-05
-2.01442e-06
2.85903e-05
-3.95478e-06
2.97343e-05
1.77766e-06
3.06907e-05
8.41209e-07
2.88332e-05
6.9798e-06
2.76056e-05
3.09582e-06
4.10858e-05
1.33311e-07
2.51418e-05
-1.63309e-06
3.6164e-05
2.12384e-05
3.76828e-06
-8.41334e-06
-1.48033e-05
-4.61639e-06
2.64445e-06
-5.87939e-07
4.83321e-06
2.69641e-07
4.20917e-06
-1.72202e-06
3.79186e-06
-3.40091e-06
-9.31391e-06
1.62563e-06
1.20093e-05
3.98244e-06
9.58939e-07
-5.20032e-06
-6.07885e-06
-1.18649e-05
-1.46962e-06
-3.57717e-06
4.84382e-06
-1.51964e-06
-8.15675e-05
9.96021e-06
-8.55351e-05
3.9676e-06
-0.000113951
2.8416e-05
2.24842e-05
-0.000136435
-3.38809e-05
-1.96217e-05
-1.2923e-05
-1.69904e-05
1.48784e-05
6.14492e-07
1.27779e-05
2.45848e-05
-7.31397e-05
-1.70706e-05
-7.90268e-05
-1.11034e-05
-5.78082e-05
-2.06041e-05
-1.22961e-05
-3.27342e-05
3.91723e-05
9.15934e-06
2.44025e-05
3.66636e-06
8.8152e-06
-5.01683e-06
-1.29138e-05
9.43297e-06
0.000126689
1.57431e-05
0.000110694
1.96616e-05
8.98527e-05
1.58242e-05
-3.40372e-06
8.03426e-05
9.53055e-05
1.01284e-06
0.000109681
5.28572e-06
0.000119846
5.66014e-06
3.07645e-07
0.000116134
9.82545e-06
-4.2469e-06
1.36852e-05
1.42601e-06
1.05633e-05
8.78206e-06
3.96295e-07
1.04746e-05
-6.16243e-05
-1.22941e-05
-5.50218e-05
-5.17644e-06
-4.26424e-05
-3.59728e-06
-1.00698e-05
-3.21763e-05
-3.81479e-05
-1.86249e-05
-2.88232e-05
-1.45011e-05
-1.41884e-05
-1.82321e-05
-2.12339e-05
-3.02426e-06
-1.03244e-06
-9.58302e-06
-2.17888e-05
6.25532e-06
-3.77935e-05
-2.22746e-06
-1.84206e-05
-4.06068e-05
-4.35983e-05
-3.08447e-06
-5.10341e-05
1.36915e-05
-5.42355e-05
9.7429e-07
-6.83954e-06
-6.58161e-05
-0.000178481
-5.74221e-06
-0.000157133
-7.65789e-06
-0.000147534
-8.62686e-06
-4.86672e-06
-0.000149506
-0.000384347
-5.16279e-06
-0.000384672
-7.3327e-06
-0.000386892
-6.40838e-06
-6.87606e-06
-0.000384883
-0.000324837
-5.1589e-06
-0.000325009
-7.16051e-06
-0.000323341
-8.07514e-06
-1.10779e-05
-0.000319139
-0.000247446
-9.38834e-06
-0.000242193
-1.24134e-05
-0.000239145
-1.11216e-05
-1.97331e-05
-0.00023049
-5.59196e-05
-5.3513e-06
-5.84251e-05
-9.90788e-06
-5.1786e-05
-1.77607e-05
-3.32113e-05
-3.83077e-05
1.33286e-05
-1.57217e-06
1.46403e-05
-1.12194e-05
1.2224e-05
-1.53441e-05
-2.47679e-05
3.78065e-06
6.16213e-05
9.08156e-06
4.78341e-05
2.56787e-06
3.5566e-05
-3.07598e-06
-4.8903e-06
1.56884e-05
6.34286e-05
7.66419e-06
6.13129e-05
4.68355e-06
5.38036e-05
4.43336e-06
1.56023e-06
4.7353e-05
4.67043e-05
1.36321e-05
4.14214e-05
9.96646e-06
4.15876e-05
4.2672e-06
4.26871e-06
3.88791e-05
4.62936e-05
1.69776e-05
4.77419e-05
8.51823e-06
3.75182e-05
1.44909e-05
7.41902e-06
3.43679e-05
3.78385e-05
1.21754e-05
2.2179e-05
2.41778e-05
2.5704e-05
1.09659e-05
1.15854e-05
2.15376e-05
1.12553e-05
2.3372e-05
2.37123e-05
1.17208e-05
2.37889e-05
1.08893e-05
2.16043e-05
1.377e-05
2.36858e-05
1.26916e-05
1.35162e-05
2.18904e-05
3.41913e-06
2.09863e-05
1.31161e-05
1.19073e-05
7.123e-06
2.38458e-05
1.7938e-05
1.10754e-05
2.7553e-05
1.13713e-05
2.00842e-05
2.05849e-05
1.80209e-05
1.18794e-05
9.58083e-06
1.95154e-05
9.49043e-06
1.14617e-05
1.88114e-05
1.07633e-05
6.27061e-06
1.92136e-05
1.47565e-05
1.10296e-05
5.20413e-06
2.1014e-05
1.24964e-05
1.15191e-05
2.43666e-05
9.76304e-06
1.4469e-05
2.09272e-05
2.57434e-05
9.73957e-06
2.13489e-05
1.68908e-05
1.84133e-05
1.2446e-05
2.85033e-05
1.08371e-05
1.8875e-05
1.93679e-05
1.87453e-05
2.14786e-05
8.18537e-06
1.91091e-05
9.49846e-06
9.52403e-06
1.89301e-05
9.93629e-06
1.00355e-05
2.76398e-05
1.87388e-05
8.58412e-06
1.37565e-05
1.45063e-05
1.57621e-05
7.93067e-06
1.5517e-05
1.02806e-05
1.83952e-05
8.45599e-06
1.80417e-05
1.48598e-05
1.77285e-05
8.24382e-06
1.46252e-05
1.86203e-05
8.13068e-06
1.42163e-05
1.49854e-05
8.00513e-06
7.789e-06
1.54402e-05
7.77847e-06
1.46357e-05
2.26783e-05
8.18517e-06
1.39159e-05
1.67676e-05
1.56104e-05
1.37457e-05
1.4367e-05
9.02181e-06
8.59424e-06
1.34096e-05
1.11153e-05
1.42465e-05
1.1918e-05
1.29431e-05
1.31039e-05
1.31811e-05
4.91062e-06
1.28808e-05
6.18106e-06
1.2976e-05
5.57952e-06
1.35446e-05
6.8196e-06
1.18638e-05
1.01383e-05
8.20121e-06
8.36045e-06
1.47539e-05
1.45158e-05
7.38926e-06
1.30347e-05
8.30074e-06
-1.64179e-06
1.28328e-05
5.45943e-06
7.65267e-06
6.34417e-06
6.50452e-06
1.12948e-05
8.08407e-06
6.24127e-06
1.1595e-05
7.9644e-06
5.92955e-06
3.52858e-06
1.09404e-05
9.45966e-06
5.36372e-06
6.55803e-06
8.01547e-06
1.28458e-06
1.1203e-05
5.22798e-06
6.99696e-06
1.0631e-05
4.05662e-06
2.6898e-06
9.09395e-06
5.81524e-06
8.07756e-06
-2.14562e-06
1.49578e-05
7.75086e-06
7.34534e-07
-3.08219e-06
-5.41043e-06
-3.36172e-07
-2.23525e-06
-1.25209e-05
0.000149905
8.59629e-05
-4.87075e-05
5.43908e-05
-2.14326e-05
6.08779e-05
1.04508e-05
7.03504e-05
9.37564e-07
9.14798e-05
1.33505e-06
9.65694e-05
-7.35805e-07
8.63667e-05
-2.74189e-05
7.13555e-05
6.59479e-06
8.89282e-05
3.11895e-06
8.12995e-05
1.64148e-05
5.24906e-05
2.79486e-05
3.85082e-05
1.42525e-05
3.63823e-05
1.89721e-05
5.06166e-05
7.45748e-06
5.91252e-05
-3.28671e-05
4.57782e-05
-3.63118e-05
2.47837e-05
-8.51397e-05
-0.00014121
5.8315e-05
0.000116175
1.58637e-05
-6.25622e-06
4.46091e-06
-1.00298e-05
1.75247e-05
-2.61301e-06
3.79255e-05
-1.94632e-05
6.0097e-05
-2.08365e-05
6.83273e-05
-8.96613e-06
4.14323e-05
-5.23848e-07
4.4004e-05
4.0231e-06
7.4467e-05
-2.73441e-05
0.000105137
-1.42556e-05
0.000112146
2.09403e-05
0.000119153
7.24475e-06
0.000133886
4.23948e-06
0.000151346
-1.00028e-05
0.000144256
-2.57764e-05
0.000112049
-4.10514e-06
7.16729e-05
-4.47635e-05
-6.95366e-05
2.56662e-05
5.77745e-05
8.87226e-06
1.05377e-05
4.5223e-06
-5.67981e-06
1.48184e-05
-1.29091e-05
4.03365e-05
-4.49813e-05
5.67013e-05
-3.72012e-05
6.40452e-05
-1.63101e-05
6.93891e-05
-5.86771e-06
8.40255e-05
-1.06133e-05
0.000113405
-5.67239e-05
0.000142553
-4.34037e-05
0.00021399
-5.04964e-05
0.000221063
1.72152e-07
0.000232552
-7.25021e-06
0.000240914
-1.8365e-05
0.000223732
-8.59361e-06
0.000202095
1.75314e-05
0.000115835
4.14968e-05
4.62982e-05
1.61305e-05
5.10769e-05
2.79235e-05
-1.25532e-06
2.67815e-05
-4.53777e-06
2.79724e-05
-1.41001e-05
3.63511e-05
-5.336e-05
5.90775e-05
-5.99276e-05
0.00010346
-6.06921e-05
0.000134845
-3.72534e-05
0.000211445
-8.72131e-05
0.000184342
-2.96212e-05
0.000150846
-9.90676e-06
0.00010592
-5.57068e-06
0.000113269
-7.17703e-06
0.000124232
-1.82132e-05
0.000144317
-3.84503e-05
0.000153935
-1.82118e-05
0.000180018
-8.55094e-06
9.56911e-05
0.000125824
0.000141989
0.000130132
1.28771e-06
0.000142757
-1.38807e-05
0.000135776
2.44392e-06
0.000111916
9.75903e-06
6.32682e-05
-4.71178e-06
6.45617e-05
-6.12211e-05
8.90743e-05
-8.52047e-05
0.000105073
-5.32522e-05
9.27503e-05
-7.48903e-05
9.90475e-05
-3.59184e-05
0.000113298
-2.4157e-05
0.000124645
-1.69179e-05
0.000134958
-1.74898e-05
0.000126154
-9.40917e-06
0.000112895
-2.51918e-05
9.9475e-05
-4.7917e-06
0.000108095
-1.71708e-05
6.68329e-05
0.000167086
0.000208822
0.000128076
-1.06537e-05
9.57252e-05
1.84698e-05
9.35862e-05
4.58296e-06
0.000106646
-3.3009e-06
0.000101156
7.78477e-07
5.67068e-05
-1.67721e-05
7.13419e-05
-9.98398e-05
9.68647e-05
-7.8775e-05
7.92712e-05
-5.72967e-05
6.85922e-05
-2.52394e-05
7.19618e-05
-2.75265e-05
0.000110385
-5.53413e-05
0.000142245
-4.93496e-05
0.000216005
-8.3169e-05
0.000187546
3.26675e-06
0.0001323
5.0455e-05
8.28406e-05
3.22882e-05
4.63922e-05
0.000203534
0.000255215
1.65864e-05
-1.67655e-05
5.58435e-05
-2.07873e-05
7.33859e-05
-1.29595e-05
8.25908e-05
-1.25058e-05
5.32568e-05
3.01125e-05
5.84561e-05
-2.19714e-05
4.3355e-05
-8.47387e-05
3.9089e-05
-7.4509e-05
3.00827e-05
-4.82904e-05
1.71368e-05
-1.22935e-05
2.34863e-05
-3.38761e-05
4.88992e-05
-8.07542e-05
3.65144e-05
-3.69648e-05
1.92898e-05
-6.59444e-05
3.04251e-05
-7.86857e-06
4.42499e-05
3.66302e-05
-1.29751e-06
7.78357e-05
1.22036e-05
0.000190033
0.000267418
5.24788e-07
-4.94666e-05
4.8851e-05
-6.91135e-05
7.20076e-05
-3.61161e-05
0.00013144
-7.19379e-05
0.000146147
1.54052e-05
6.68514e-05
5.73241e-05
3.35297e-05
-5.1417e-05
9.81617e-07
-4.19609e-05
-2.04457e-05
-2.68631e-05
-3.90653e-05
6.32621e-06
-3.26e-05
-4.03414e-05
-3.65468e-05
-7.68074e-05
-2.19655e-05
-5.15461e-05
-7.49515e-05
-1.29584e-05
-5.92222e-05
-2.35979e-05
-4.63715e-05
2.37795e-05
-4.40344e-05
7.54987e-05
-1.74281e-05
0.000163426
0.00024999
-1.95486e-06
-5.05361e-05
-5.07335e-06
-6.5995e-05
-3.2608e-05
-8.58143e-06
-2.55193e-05
-7.90266e-05
4.03435e-05
-5.04576e-05
4.10732e-05
5.65944e-05
-3.42436e-05
2.38998e-05
-8.31436e-05
6.93923e-06
-9.28595e-05
-1.71472e-05
-6.60246e-05
-2.05087e-05
-7.8126e-05
-2.82401e-05
-0.000122272
-3.26618e-05
-0.000127371
-4.64469e-05
-9.29933e-05
-4.7336e-05
-0.000110409
-6.18189e-06
-9.38499e-05
7.22008e-06
-7.32572e-05
5.4906e-05
-4.78165e-05
0.000137986
0.000202173
-1.58386e-05
-7.53043e-05
-2.63978e-06
-7.91939e-05
-4.16193e-06
-7.05929e-06
-6.22121e-05
-2.09764e-05
-0.000109238
-3.43137e-06
-0.000112396
5.97516e-05
-0.000161658
7.31627e-05
-0.000190239
3.55199e-05
-0.000192337
-1.50488e-05
-0.000195786
-1.70606e-05
-0.000182019
-4.20065e-05
-0.000159936
-5.47454e-05
-0.000156308
-5.00742e-05
-0.000152808
-5.08368e-05
-0.000109465
-4.95246e-05
-9.43725e-05
-7.87227e-06
-7.41716e-05
3.4705e-05
-5.17932e-05
0.000115607
0.00015038
-7.86795e-05
-6.24409e-05
-0.000117837
-4.00373e-05
-0.0001219
-2.99604e-06
-0.000214694
7.18178e-05
-0.000254822
3.66971e-05
-0.000259847
6.47761e-05
-0.000205427
1.87432e-05
-0.000168504
-1.40329e-06
-0.000151819
-3.17343e-05
-9.84499e-05
-7.04294e-05
-8.33272e-05
-5.71292e-05
-0.000105514
-3.25588e-05
-0.000103306
-5.2282e-05
-9.44336e-05
-5.97093e-05
-8.87192e-05
-5.52391e-05
-8.44038e-05
-1.21876e-05
-6.42227e-05
1.4524e-05
-4.07366e-05
9.21213e-05
0.000109644
-0.000219955
8.01038e-06
-0.000271794
1.18009e-05
-0.000285505
1.07147e-05
-0.000208148
-5.53908e-06
-0.000181249
9.798e-06
-0.000137773
2.12999e-05
-0.000152007
3.29776e-05
-0.000132364
-2.10465e-05
-0.000124614
-3.94841e-05
-0.000130961
-6.40819e-05
-0.000125959
-6.21317e-05
-9.43093e-05
-6.42084e-05
-8.29096e-05
-6.36817e-05
-5.04167e-05
-9.22022e-05
-4.71876e-06
-0.000100937
-2.72503e-05
1.03439e-05
-4.04703e-05
2.77441e-05
-1.89592e-05
7.06102e-05
9.06844e-05
-0.00035554
-2.13319e-05
-0.000310899
-3.28401e-05
-0.000275002
-2.51825e-05
-0.000255624
-2.49174e-05
-0.000229111
-1.6715e-05
-0.000199267
-8.54368e-06
-0.000173794
7.50484e-06
-0.000150822
-4.40185e-05
-0.000126394
-6.39128e-05
-0.00010142
-8.90554e-05
-7.41743e-05
-8.93775e-05
-4.41691e-05
-9.42135e-05
-1.20838e-05
-9.5767e-05
4.56017e-07
-0.000104742
1.3084e-05
-0.000113565
3.17531e-06
2.02526e-05
7.54762e-07
3.01646e-05
-1.98616e-06
7.33512e-05
8.86982e-05
-0.000298073
-4.23987e-05
-0.000270808
-6.01051e-05
-0.000165706
-0.000130285
-0.000131679
-5.89443e-05
-7.97431e-05
-6.86507e-05
-9.57651e-05
7.47834e-06
-5.82497e-05
-3.00106e-05
-3.29794e-05
-6.92888e-05
-2.14156e-05
-7.54766e-05
-9.33888e-06
-0.000101132
9.24329e-06
-0.00010796
3.08506e-05
-0.000115821
3.46226e-05
-9.9539e-05
-4.32206e-05
-2.68989e-05
-9.97034e-05
-5.7082e-05
-6.60229e-05
-1.34279e-05
-1.59523e-05
-1.99059e-05
-4.18975e-06
6.15886e-05
8.45085e-05
-0.000181796
-9.10928e-05
-0.000138922
-0.000102979
-0.000174462
-9.47448e-05
-0.000107337
-0.000126069
-9.38623e-05
-8.21257e-05
-6.42421e-05
-2.21419e-05
-4.08383e-05
-5.34144e-05
-3.40762e-05
-7.60509e-05
-1.27552e-05
-9.67975e-05
-8.49903e-06
-0.000105388
3.46248e-05
-0.000151083
3.28068e-05
-0.000114003
8.57245e-05
-0.000152457
6.76722e-05
-8.84647e-06
3.45416e-05
-2.39513e-05
-2.23972e-05
4.35109e-05
-2.05724e-05
-2.17306e-05
-3.22038e-06
4.42365e-05
8.12881e-05
-4.04993e-05
-8.89016e-05
-5.28057e-05
-9.06732e-05
-9.1782e-05
-5.57686e-05
-0.000139547
-7.83038e-05
-0.000153882
-6.77914e-05
-0.000130229
-4.57944e-05
-9.21403e-05
-9.15035e-05
-8.61319e-05
-8.20592e-05
-5.79262e-05
-0.000125003
-1.75637e-05
-0.00014575
7.43774e-05
-0.000243023
5.71046e-05
-9.67309e-05
4.26742e-05
-0.000138028
5.35861e-05
-1.97584e-05
8.86153e-06
2.07733e-05
7.81275e-06
4.45597e-05
-1.20261e-05
-1.89181e-06
-2.8307e-06
3.50412e-05
7.84574e-05
-3.35241e-05
-5.15972e-05
-7.64446e-05
-4.77528e-05
-8.3637e-05
-4.85763e-05
-0.000105714
-5.6227e-05
-0.00011842
-5.50857e-05
-7.14866e-05
-9.27276e-05
-0.000109563
-5.34273e-05
-6.75665e-05
-0.000124056
-6.62196e-05
-0.00012635
-4.39481e-05
-0.000168021
-3.08259e-05
-0.000256145
-1.86285e-05
-0.000108929
-8.06262e-05
-7.6031e-05
-5.53309e-05
-4.50538e-05
-3.39587e-05
-5.98855e-07
-1.20814e-05
2.26824e-05
-1.2069e-05
-1.90423e-06
-7.31656e-06
3.02887e-05
7.11408e-05
1.12046e-05
-4.71135e-05
-1.04323e-05
-2.6116e-05
-2.82435e-05
-3.07652e-05
-5.59813e-05
-2.84893e-05
-6.7452e-05
-4.36152e-05
-0.000102941
-5.72386e-05
-0.000100406
-5.59632e-05
-0.000200879
-2.35823e-05
-0.000148936
-0.000178293
-0.000165569
-0.000151388
-0.000185581
-0.000236133
-9.18016e-05
-0.000202708
-8.46926e-05
-8.31401e-05
-0.000148939
1.91928e-05
-0.000147024
-2.51367e-06
-6.79887e-05
-5.63533e-05
-6.07456e-05
-9.14732e-06
-2.44368e-05
-6.02007e-06
4.6704e-05
1.57709e-05
-1.55314e-05
-3.37445e-06
-6.97074e-06
-2.72571e-05
-6.8827e-06
-4.48624e-05
-1.08841e-05
-7.41734e-05
-1.43045e-05
-0.000112436
-1.89763e-05
-0.000163736
-4.66429e-06
-0.000169573
-1.7744e-05
-0.000245102
-0.000102764
-0.00023822
-0.000158271
-0.000274992
-0.000199361
-0.000246931
-0.000230768
-0.000181185
-0.000148886
-0.000112305
-4.96871e-05
-0.000110839
-3.98022e-06
-0.000136815
-3.03769e-05
-7.9681e-05
-6.62815e-05
-3.1377e-05
-5.4324e-05
1.53269e-05
2.18297e-05
1.51791e-06
5.02834e-07
1.4356e-05
-1.3757e-05
7.37709e-06
-3.61562e-05
1.15149e-05
-7.41641e-05
2.37032e-05
-0.000126577
3.34361e-05
-0.00017204
4.07978e-05
-0.000205744
1.59607e-05
-0.000210552
-9.79554e-05
-0.00021129
-0.000157534
-0.000182041
-0.00022861
-0.000167647
-0.000245162
-0.000127572
-0.000188962
-0.000101368
-7.58912e-05
-5.17669e-05
-5.3581e-05
-9.66515e-05
1.45077e-05
-8.38799e-05
-7.90532e-05
-2.85329e-05
-0.000109671
-1.3206e-05
1.10601e-05
2.48256e-05
6.5487e-06
1.88674e-05
-1.82814e-05
3.22071e-05
-3.57187e-05
2.89522e-05
-6.50276e-05
5.30119e-05
-0.00010841
7.68181e-05
-0.000173107
0.000105495
-0.000232275
7.51276e-05
-0.00027592
-5.431e-05
-0.000265366
-0.000168088
-0.000247114
-0.000246862
-0.000245156
-0.000247121
-0.000240129
-0.000193988
-0.000160157
-0.000155864
-0.000125274
-8.84637e-05
-4.89142e-05
-6.18519e-05
-6.91087e-05
-5.88587e-05
-5.70153e-05
-0.000121764
-7.02213e-05
2.45296e-05
2.18336e-05
-7.33868e-07
4.41308e-05
-1.68754e-05
4.83486e-05
-2.81588e-05
4.02357e-05
-2.0941e-05
4.57941e-05
-3.15684e-05
8.74454e-05
-4.07541e-05
0.00011468
-8.05519e-05
0.000114925
-0.00013294
-1.92171e-06
-0.000161758
-0.00013927
-0.000156302
-0.000252318
-0.000263281
-0.000140141
-0.000239554
-0.000217715
-0.000207219
-0.000188199
-0.000114201
-0.000181481
-9.41924e-05
-8.18608e-05
-4.70412e-05
-0.00010601
-2.89105e-05
-0.000139895
-9.91319e-05
6.76481e-06
2.88389e-05
5.72691e-06
4.51687e-05
-9.55726e-07
5.50313e-05
-1.68368e-05
5.61167e-05
-3.61957e-05
6.51531e-05
-4.43634e-05
9.56131e-05
-5.33426e-05
0.000123659
-7.42329e-05
0.000135816
-0.000146824
7.06702e-05
-0.00013042
-0.000155674
-0.000239949
-0.000142789
-0.000163182
-0.000216907
-0.000141665
-0.000239232
-7.69069e-05
-0.000252957
-0.000127485
-0.000130903
-2.95271e-05
-0.000179819
-1.17787e-05
-0.000123758
-1.00477e-05
-0.000141626
-0.00010918
8.38625e-06
3.23599e-05
5.33152e-06
4.82235e-05
2.93276e-07
6.00696e-05
-2.54206e-06
5.89521e-05
-1.56889e-05
7.82999e-05
-2.05275e-05
0.000100452
-1.69552e-05
0.000120087
1.55141e-05
0.000103347
-2.4878e-05
0.000111063
-0.00014316
-3.73914e-05
-0.000139519
-0.00014643
-0.000134067
-0.000222359
-0.00012767
-0.00024563
-8.08875e-05
-0.000299739
-5.99276e-05
-0.000151863
-1.35302e-05
-0.000226216
9.22369e-06
-0.000146512
-2.08273e-06
-0.00013032
-0.000111262
1.75072e-06
5.11941e-05
6.26085e-07
4.93481e-05
-4.63583e-06
6.53315e-05
5.9791e-06
4.83372e-05
1.64054e-05
6.78737e-05
6.80732e-06
0.00011005
3.97176e-05
8.71764e-05
3.63051e-05
0.000106759
-6.84812e-06
0.000154216
-6.9309e-05
2.507e-05
-0.000100506
-0.000115233
-9.09598e-05
-0.000231905
-5.39427e-05
-0.000282647
-0.000152974
-0.000200708
-4.77632e-05
-0.000257074
-2.01385e-05
-0.000253841
9.04703e-06
-0.000175698
3.33441e-06
-0.000124607
-0.000107928
1.31822e-05
4.87752e-05
8.29652e-06
5.42338e-05
2.11921e-05
5.24359e-05
2.42359e-05
4.52935e-05
7.30026e-06
8.48094e-05
5.18962e-05
6.54542e-05
6.22701e-05
7.68025e-05
2.82208e-05
0.000140809
1.70772e-05
0.00016536
-1.77604e-05
5.99083e-05
-8.13251e-05
-5.16679e-05
-9.84996e-05
-0.000214731
-9.12381e-05
-0.000289908
-9.84763e-05
-0.00019347
-7.59794e-05
-0.000279571
-3.12162e-05
-0.000298604
-5.43845e-06
-0.000201476
4.02937e-06
-0.000134075
-0.000103899
8.47848e-06
5.18158e-05
2.35365e-05
3.91758e-05
2.23788e-05
5.35936e-05
2.40531e-05
4.36193e-05
4.74057e-05
6.14568e-05
4.37915e-05
6.90685e-05
2.77295e-05
9.28646e-05
6.64826e-05
0.000102056
8.59919e-05
0.000145851
9.00191e-05
5.58812e-05
1.28247e-05
2.55265e-05
-1.84866e-05
-0.000183419
-4.42106e-05
-0.000264184
-8.39967e-05
-0.000153684
-8.03522e-05
-0.000283215
-6.18305e-05
-0.000317126
-1.39665e-05
-0.00024934
3.12152e-07
-0.000148354
-0.000103586
2.64567e-05
4.22499e-05
1.22675e-05
5.3365e-05
3.58088e-05
3.00523e-05
1.54376e-05
6.39905e-05
3.89208e-05
3.79736e-05
3.16539e-05
7.63353e-05
4.96626e-05
7.48559e-05
6.64476e-05
8.52706e-05
0.000130006
8.22927e-05
0.000104183
8.17042e-05
0.000131146
-1.43691e-06
6.45851e-05
-0.000116858
3.28295e-05
-0.000232428
6.77272e-06
-0.000127627
-5.80156e-05
-0.000218427
-9.28172e-05
-0.000282324
-4.03657e-05
-0.000301791
-8.41779e-06
-0.000180302
-0.000112004
1.44929e-05
4.92357e-05
2.78034e-05
4.00544e-05
2.59554e-05
3.19003e-05
4.51241e-05
4.48217e-05
5.02398e-05
3.28579e-05
5.70858e-05
6.94894e-05
7.12047e-05
6.07371e-05
9.36119e-05
6.28634e-05
0.000143283
3.26217e-05
0.000163061
6.19265e-05
0.000162264
-6.40303e-07
0.000116055
-7.06489e-05
5.60349e-05
-0.000172408
0.000100111
-0.000171703
4.60321e-05
-0.000164349
-6.42642e-05
-0.000172028
-8.10927e-05
-0.000284963
-3.0726e-05
-0.000230668
-0.00014273
3.02981e-05
4.65773e-05
3.50151e-05
3.53374e-05
4.22358e-05
2.46796e-05
5.12857e-05
3.57718e-05
3.40045e-05
5.01391e-05
5.98151e-05
4.36787e-05
7.63088e-05
4.42434e-05
0.000109739
2.94333e-05
9.5806e-05
4.65546e-05
0.000158778
-1.04562e-06
0.000166493
-8.35474e-06
0.000161519
-6.56752e-05
7.42869e-05
-8.51763e-05
0.000100654
-0.00019807
0.000110683
-0.000174378
4.04709e-05
-0.000101815
-6.83648e-05
-0.000176127
-4.73589e-05
-0.000251674
-0.000190089
1.62684e-05
4.05894e-05
2.8055e-05
2.35508e-05
2.40341e-05
2.87005e-05
2.73797e-05
3.24261e-05
4.64927e-05
3.10261e-05
5.08636e-05
3.93079e-05
7.43053e-05
2.08016e-05
6.2931e-05
4.08076e-05
0.000107619
1.86666e-06
0.000103622
2.95166e-06
0.000116189
-2.0922e-05
0.000107227
-5.67132e-05
0.000173633
-0.000151582
8.37132e-05
-0.000108151
8.73586e-05
-0.000178023
9.97918e-05
-0.000114249
4.64932e-05
-0.000122829
-2.08384e-05
-0.000184343
-0.000210928
2.28798e-05
3.63299e-05
2.06512e-05
2.57794e-05
3.09617e-05
1.83899e-05
2.64806e-05
3.69072e-05
3.13687e-05
2.61379e-05
5.59484e-05
1.47282e-05
4.56256e-05
3.11243e-05
8.15384e-05
4.89476e-06
8.81169e-05
-4.71184e-06
0.000132197
-4.11285e-05
0.000150344
-3.90694e-05
0.000161914
-6.82825e-05
8.04627e-05
-7.01315e-05
7.64136e-05
-0.000104101
7.43662e-05
-0.000175976
9.16644e-05
-0.000131547
6.77261e-05
-9.88904e-05
2.8677e-06
-0.000119485
-0.00020806
1.69572e-05
3.40084e-05
1.98195e-05
2.29171e-05
1.45896e-05
2.36198e-05
3.43513e-05
1.71455e-05
2.8291e-05
3.21982e-05
3.3048e-05
9.97124e-06
5.88057e-05
5.36655e-06
5.56356e-05
8.06494e-06
7.49979e-05
-2.40742e-05
4.92237e-05
-1.53542e-05
6.9883e-05
-5.97288e-05
7.97949e-05
-7.81944e-05
0.000110339
-0.000100675
0.000127227
-0.00012099
5.94162e-05
-0.000108165
5.57537e-05
-0.000127885
6.52431e-05
-0.00010838
5.18721e-05
-0.000106114
-0.000156188
1.21994e-05
3.08308e-05
1.56804e-05
1.94361e-05
2.78067e-05
1.14934e-05
1.83494e-05
2.66028e-05
3.2601e-05
1.79466e-05
2.7029e-05
1.55433e-05
3.56983e-05
-3.30274e-06
4.08378e-05
2.92541e-06
5.0749e-05
-3.39854e-05
8.22258e-05
-4.68311e-05
5.84132e-05
-3.59161e-05
6.06211e-05
-8.04024e-05
7.13356e-05
-0.00011139
7.22207e-05
-0.000121875
5.48625e-05
-9.08067e-05
4.50995e-05
-0.000118122
3.45908e-05
-9.78711e-05
6.60646e-06
-7.81296e-05
-0.000149581
1.57748e-05
2.82371e-05
2.16976e-05
1.35133e-05
1.57768e-05
1.74142e-05
2.70397e-05
1.53399e-05
3.12334e-05
1.37529e-05
2.91674e-05
1.76092e-05
3.13223e-05
-5.45764e-06
5.10993e-05
-1.68516e-05
4.26715e-05
-2.55576e-05
6.43756e-05
-6.85351e-05
8.75017e-05
-5.90423e-05
9.64607e-05
-8.93614e-05
6.2422e-05
-7.73509e-05
7.28057e-05
-0.000132259
7.43284e-05
-9.23295e-05
4.63507e-05
-9.01442e-05
4.92474e-05
-0.000100768
2.6897e-05
-5.57792e-05
-0.000122684
1.33319e-05
2.6769e-05
1.33828e-05
1.34624e-05
1.9057e-05
1.17401e-05
1.61231e-05
1.82738e-05
1.71617e-05
1.27143e-05
3.26253e-05
2.14558e-06
2.80033e-05
-8.3566e-07
4.09856e-05
-2.98338e-05
3.23166e-05
-1.68887e-05
3.15614e-05
-6.77799e-05
3.45017e-05
-6.19825e-05
3.28716e-05
-8.77314e-05
6.05022e-05
-0.000104981
3.45154e-05
-0.000106272
4.80558e-05
-0.00010587
3.37113e-05
-7.57997e-05
3.8442e-05
-0.000105499
2.02095e-05
-3.75467e-05
-0.000102475
1.03167e-05
2.4753e-05
9.25962e-06
1.45195e-05
1.04286e-05
1.05711e-05
1.13477e-05
1.73546e-05
2.29199e-05
1.14214e-06
2.28637e-05
2.20183e-06
3.83515e-05
-1.63235e-05
2.69133e-05
-1.83957e-05
4.66216e-05
-3.65969e-05
5.1578e-05
-7.27364e-05
3.08537e-05
-4.12583e-05
3.25392e-05
-8.94168e-05
3.45525e-05
-0.000106995
3.2432e-05
-0.000104152
2.3129e-05
-9.6567e-05
4.01944e-05
-9.28651e-05
1.05121e-05
-7.58165e-05
1.75336e-05
-4.45683e-05
-8.49412e-05
8.09678e-06
2.47403e-05
8.90001e-06
1.37163e-05
8.61598e-06
1.08551e-05
1.69162e-05
9.05438e-06
1.2461e-05
5.59737e-06
1.9825e-05
-5.16217e-06
1.28504e-05
-9.34891e-06
2.46277e-05
-3.0173e-05
3.32632e-05
-4.52325e-05
2.47708e-05
-6.4244e-05
5.75891e-05
-7.40765e-05
6.16385e-05
-9.34662e-05
7.32774e-05
-0.000118634
4.16916e-05
-7.25658e-05
2.2366e-05
-7.72413e-05
1.90052e-05
-8.95043e-05
3.03484e-05
-8.71597e-05
1.64025e-05
-3.06223e-05
-6.85388e-05
4.46071e-06
2.56433e-05
4.32816e-06
1.38488e-05
6.50104e-06
8.68226e-06
6.71941e-06
8.83602e-06
1.11532e-05
1.16358e-06
1.02976e-05
-4.30654e-06
1.8663e-05
-1.77143e-05
1.89344e-05
-3.04444e-05
1.95005e-05
-4.57986e-05
2.32823e-05
-6.80258e-05
2.26724e-05
-7.34667e-05
3.65052e-05
-0.000107299
4.48118e-05
-0.00012694
3.67986e-05
-6.45526e-05
3.04732e-05
-7.0916e-05
6.07063e-05
-0.000119737
5.32342e-05
-7.96875e-05
3.30439e-05
-1.0432e-05
-3.54948e-05
3.76141e-06
2.59385e-05
3.49834e-06
1.41119e-05
4.08193e-07
1.17724e-05
2.40924e-06
6.83497e-06
4.32633e-06
-7.53505e-07
1.01113e-05
-1.00915e-05
1.20883e-05
-1.96914e-05
1.78135e-05
-3.61695e-05
1.86033e-05
-4.65884e-05
1.94643e-05
-6.88867e-05
2.94643e-05
-8.34667e-05
2.71987e-05
-0.000105033
3.9554e-05
-0.000139296
4.02493e-05
-6.52479e-05
5.00998e-05
-8.07664e-05
5.61927e-05
-0.00012583
6.32517e-05
-8.67464e-05
6.60975e-05
-1.32778e-05
3.06027e-05
2.14804e-06
2.4525e-05
2.98234e-06
1.32776e-05
2.42105e-06
1.23337e-05
5.06855e-06
4.18748e-06
7.54836e-06
-3.23331e-06
8.34947e-06
-1.08926e-05
1.88716e-05
-3.02135e-05
1.01131e-05
-2.7411e-05
2.47994e-05
-6.12747e-05
3.10559e-05
-7.51432e-05
1.02477e-05
-6.26585e-05
1.33341e-05
-0.00010812
1.2355e-05
-0.000138316
3.08752e-05
-8.37681e-05
5.85537e-05
-0.000108445
5.89805e-05
-0.000126257
7.41587e-05
-0.000101925
0.000113484
-5.26032e-05
0.000144087
3.37119e-06
2.19831e-07
2.34541e-06
2.96256e-06
5.2917e-06
1.0114e-05
9.00208e-06
2.13268e-05
1.35248e-05
3.67916e-06
2.49117e-05
9.44174e-06
-1.74332e-05
-1.31159e-06
1.44504e-05
4.0447e-05
9.85388e-05
0.000229111
)
;

boundaryField
{
    leftWall
    {
        type            calculated;
        value           uniform 0;
    }
    rightWall
    {
        type            calculated;
        value           uniform 0;
    }
    lowerWall
    {
        type            calculated;
        value           uniform 0;
    }
    atmosphere
    {
        type            calculated;
        value           nonuniform List<scalar> 
46
(
4.2477e-05
3.72199e-05
3.5448e-05
3.64264e-05
2.8497e-05
3.80462e-05
3.16944e-05
3.04301e-05
3.55469e-05
2.92532e-05
3.46963e-05
3.00133e-05
2.88482e-05
3.22715e-05
3.66172e-05
3.27578e-05
3.68499e-05
2.97117e-05
3.33916e-05
3.06905e-05
2.72493e-05
2.7743e-05
2.76019e-05
1.06565e-05
1.04058e-05
9.88357e-06
9.64994e-06
1.89186e-05
1.6429e-05
1.02081e-05
3.57033e-06
-5.56245e-06
-1.5715e-05
-2.91015e-05
-3.97358e-05
-5.34727e-05
-6.52976e-05
-8.38911e-05
-9.26499e-05
-0.000111441
-9.98896e-05
-0.000124207
-0.000152254
-0.000160016
-0.000183175
0.000373198
)
;
    }
    defaultFaces
    {
        type            empty;
    }
}


// ************************************************************************* //
