/*--------------------------------*- C++ -*----------------------------------*\
| =========                 |                                                 |
| \\      /  F ield         | foam-extend: Open Source CFD                    |
|  \\    /   O peration     | Version:     4.1                                |
|   \\  /    A nd           | Web:         http://www.foam-extend.org         |
|    \\/     M anipulation  |                                                 |
\*---------------------------------------------------------------------------*/
FoamFile
{
    version     2.0;
    format      ascii;
    class       surfaceScalarField;
    location    "0.4";
    object      phi_0;
}
// * * * * * * * * * * * * * * * * * * * * * * * * * * * * * * * * * * * * * //

dimensions      [0 3 -1 0 0 0 0];

internalField   nonuniform List<scalar> 
4432
(
3.10491e-06
-3.10491e-06
5.54307e-06
-2.43816e-06
9.64497e-06
-4.1019e-06
1.25388e-05
-2.89378e-06
1.58456e-05
-3.30684e-06
1.84784e-05
-2.63283e-06
2.16108e-05
-3.13237e-06
2.42921e-05
-2.68133e-06
2.60634e-05
-1.77123e-06
2.6794e-05
-7.3063e-07
4.37346e-05
-1.69406e-05
4.52186e-05
-1.48396e-06
4.61947e-05
-9.7614e-07
4.61336e-05
6.11155e-08
4.53306e-05
8.02969e-07
4.43045e-05
1.0261e-06
4.28862e-05
1.41838e-06
4.07789e-05
2.10724e-06
3.79993e-05
2.77959e-06
3.24973e-05
5.50208e-06
2.47567e-05
7.7406e-06
1.44145e-05
1.03422e-05
1.44145e-05
3.12313e-06
-6.22804e-06
5.7217e-06
-5.03673e-06
9.75295e-06
-8.13316e-06
1.25117e-05
-5.65257e-06
1.59558e-05
-6.75091e-06
1.87576e-05
-5.43461e-06
2.20296e-05
-6.4044e-06
2.45666e-05
-5.21827e-06
2.66879e-05
-3.89259e-06
2.69427e-05
-9.85435e-07
4.06269e-05
-3.06248e-05
4.29096e-05
-3.76668e-06
4.42837e-05
-2.35025e-06
4.46814e-05
-3.36511e-07
4.44763e-05
1.00804e-06
4.3635e-05
1.86735e-06
4.14375e-05
3.61596e-06
3.94333e-05
4.1114e-06
3.75271e-05
4.68577e-06
3.21224e-05
1.09068e-05
2.50447e-05
1.48183e-05
1.31067e-05
2.22802e-05
2.75212e-05
3.01452e-06
-9.24256e-06
5.85956e-06
-7.88176e-06
9.60684e-06
-1.18804e-05
1.21781e-05
-8.22386e-06
1.60613e-05
-1.06341e-05
1.90817e-05
-8.45498e-06
2.19957e-05
-9.31845e-06
2.52992e-05
-8.52171e-06
2.56393e-05
-4.23269e-06
4.48795e-05
-2.02257e-05
3.90556e-05
-2.48009e-05
4.20864e-05
-6.79748e-06
4.34535e-05
-3.71737e-06
4.29919e-05
1.25152e-07
4.22408e-05
1.75908e-06
4.10057e-05
3.10247e-06
3.95008e-05
5.12084e-06
3.81437e-05
5.46853e-06
3.62779e-05
6.55157e-06
3.1624e-05
1.55607e-05
2.52443e-05
2.1198e-05
1.51428e-05
3.23816e-05
4.2664e-05
2.89777e-06
-1.21403e-05
6.00998e-06
-1.0994e-05
9.50835e-06
-1.53788e-05
1.22548e-05
-1.09703e-05
1.63884e-05
-1.47676e-05
1.92178e-05
-1.12845e-05
2.24885e-05
-1.25891e-05
2.29695e-05
-9.00276e-06
3.8364e-05
-1.96272e-05
3.73042e-05
-1.91659e-05
3.39784e-05
-2.14751e-05
3.42657e-05
-7.08482e-06
3.39595e-05
-3.41118e-06
3.38734e-05
2.11273e-07
3.3967e-05
1.66545e-06
3.26374e-05
4.43208e-06
3.14515e-05
6.30679e-06
3.04655e-05
6.45451e-06
2.96325e-05
7.38457e-06
2.64826e-05
1.87106e-05
2.28449e-05
2.48357e-05
1.41027e-05
4.11238e-05
5.67667e-05
2.67018e-06
-1.48105e-05
6.01907e-06
-1.43429e-05
9.58408e-06
-1.89438e-05
1.23994e-05
-1.37856e-05
1.59739e-05
-1.83422e-05
1.84742e-05
-1.37847e-05
2.21268e-05
-1.62416e-05
2.21004e-05
-8.97639e-06
3.41468e-05
-3.16736e-05
3.27268e-05
-1.77459e-05
3.08357e-05
-1.9584e-05
3.21274e-05
-8.37652e-06
3.20524e-05
-3.33615e-06
3.09127e-05
1.35095e-06
2.94492e-05
3.12902e-06
2.8248e-05
5.63323e-06
2.73359e-05
7.21891e-06
2.56638e-05
8.12666e-06
2.51143e-05
7.93405e-06
2.24964e-05
2.13284e-05
2.02334e-05
2.70987e-05
1.56846e-05
4.56727e-05
7.24513e-05
2.66807e-06
-1.74786e-05
6.27627e-06
-1.79511e-05
9.68988e-06
-2.23574e-05
1.21222e-05
-1.62179e-05
1.51857e-05
-2.14057e-05
1.86761e-05
-1.72752e-05
1.95017e-05
-1.70672e-05
3.2262e-05
-2.17367e-05
2.99942e-05
-2.94058e-05
3.12346e-05
-1.89862e-05
3.05975e-05
-1.8947e-05
3.1106e-05
-8.88498e-06
3.05522e-05
-2.78238e-06
2.91793e-05
2.72383e-06
2.8208e-05
4.1004e-06
2.68833e-05
6.95794e-06
2.57655e-05
8.33663e-06
2.4656e-05
9.2362e-06
2.42989e-05
8.29116e-06
2.07999e-05
2.48274e-05
1.89267e-05
2.8972e-05
1.46721e-05
4.99273e-05
8.71234e-05
2.82377e-06
-2.03024e-05
6.26181e-06
-2.13891e-05
9.02321e-06
-2.51188e-05
1.17081e-05
-1.89028e-05
1.5021e-05
-2.47185e-05
1.67293e-05
-1.89836e-05
1.70757e-05
-1.74136e-05
2.91573e-05
-3.38183e-05
2.89457e-05
-2.91942e-05
3.06341e-05
-2.06746e-05
3.09141e-05
-1.9227e-05
3.17261e-05
-9.69698e-06
3.11423e-05
-2.19851e-06
2.9617e-05
4.24905e-06
2.85344e-05
5.18304e-06
2.77123e-05
7.78002e-06
2.71596e-05
8.88935e-06
2.47856e-05
1.16102e-05
2.51077e-05
7.96913e-06
2.17049e-05
2.82302e-05
2.13877e-05
2.92892e-05
9.92239e-06
6.13925e-05
9.70458e-05
3.1219e-06
-2.34243e-05
6.36353e-06
-2.46307e-05
8.85224e-06
-2.76075e-05
1.13546e-05
-2.14052e-05
1.47432e-05
-2.81071e-05
1.50981e-05
-1.93384e-05
2.73861e-05
-2.97016e-05
2.79484e-05
-3.43806e-05
2.91699e-05
-3.04157e-05
3.19418e-05
-2.34465e-05
3.30586e-05
-2.03438e-05
3.33992e-05
-1.00375e-05
3.21856e-05
-9.84941e-07
3.0004e-05
6.43067e-06
2.96782e-05
5.5088e-06
2.98601e-05
7.59814e-06
2.9357e-05
9.39249e-06
2.86287e-05
1.23385e-05
2.74663e-05
9.13145e-06
2.41074e-05
3.15891e-05
2.38276e-05
2.95691e-05
9.67482e-06
7.55453e-05
0.000106721
2.83365e-05
-2.83365e-05
5.75919e-05
-2.92554e-05
9.64268e-05
-3.88349e-05
0.000129932
-3.35048e-05
0.000159224
-2.92919e-05
0.0001724
-1.31768e-05
0.000168437
3.9637e-06
0.000168596
-1.59759e-07
0.000165335
3.26179e-06
0.000124962
4.03723e-05
1.77397e-06
0.000123188
-0.000188695
0.000190469
-0.000254566
6.58707e-05
-0.000268852
1.42856e-05
-0.000322485
5.36333e-05
-0.000339103
1.66172e-05
-0.000314353
-2.475e-05
-0.000225477
-8.88763e-05
-0.000225477
1.57556e-05
-4.40921e-05
3.96531e-05
-5.31529e-05
6.59892e-05
-6.5171e-05
9.00985e-05
-5.76142e-05
0.000111206
-5.03992e-05
7.58154e-05
2.22136e-05
8.71055e-05
-7.32644e-06
8.98171e-05
-2.87134e-06
8.52649e-05
7.81403e-06
5.38347e-05
7.18025e-05
-8.90704e-05
0.000266093
-0.000241998
0.000343397
-0.000313741
0.000137613
-0.000325224
2.57692e-05
-0.000221242
-5.03495e-05
-0.000197239
-7.38576e-06
-0.000281917
5.99284e-05
-0.000203089
-0.000167705
-0.000428566
1.96515e-05
-6.37436e-05
8.53489e-05
-0.00011885
0.000104977
-8.47993e-05
0.000100212
-5.28488e-05
6.3835e-05
-1.40224e-05
0.000130324
-4.4276e-05
0.000140106
-1.71085e-05
0.000126263
1.09721e-05
6.67655e-05
6.73115e-05
-9.54022e-05
0.00023397
-0.000258088
0.000428779
-0.000272831
0.00035814
-0.000300577
0.000165359
-0.000281209
6.4015e-06
-0.000209977
-0.000121582
-0.000192546
-2.48168e-05
-0.000133302
6.84626e-07
-0.000117693
-0.000183314
-0.000546259
9.71158e-06
-7.34552e-05
8.0646e-05
-0.000189785
5.86907e-05
-6.2844e-05
6.53037e-05
-5.9462e-05
7.02765e-05
-1.89952e-05
0.000119164
-9.31631e-05
9.92076e-05
2.84735e-06
2.09142e-05
8.92654e-05
-0.000122894
0.00021112
-0.000241902
0.000352978
-0.000275329
0.000462206
-0.000283952
0.000366763
-0.000283738
0.000165145
-0.000262155
-1.51819e-05
-0.000270542
-0.000113194
-0.000257753
-3.76065e-05
-0.000183321
-7.3747e-05
-7.00599e-05
-0.000296574
-0.000616319
1.59446e-05
-8.93998e-05
1.22597e-05
-0.0001861
2.20716e-05
-7.26559e-05
4.48246e-05
-8.22151e-05
4.18088e-05
-1.59795e-05
2.03496e-05
-7.1704e-05
-2.92561e-05
5.24528e-05
-0.000125112
0.000185121
-0.000251677
0.000337685
-0.00018326
0.000284562
-0.00027961
0.000558555
-0.000273594
0.000360747
-0.000267789
0.00015934
-0.000244278
-3.86925e-05
-0.000225061
-0.000132412
-0.000124276
-0.000138392
-9.40823e-05
-0.000103941
-5.90905e-05
-0.000331566
-0.00067541
-1.66925e-06
-8.77306e-05
6.65156e-06
-0.000194421
8.80086e-07
-6.68845e-05
-1.05008e-05
-7.08343e-05
-1.80576e-05
-8.42293e-06
-8.33604e-05
-6.40132e-06
-0.000160837
0.000129929
-0.00021448
0.000238764
-0.000166952
0.000290156
-0.000275046
0.000392656
-0.000275014
0.000558524
-0.000227295
0.000313028
-0.000103827
3.58721e-05
-8.8494e-05
-5.40259e-05
-0.000135541
-8.53649e-05
-0.000113808
-0.000160124
-4.80986e-05
-0.00016965
-3.81343e-05
-0.00034153
-0.000713544
-7.03994e-06
-8.06907e-05
-3.73003e-06
-0.000197731
-1.91402e-05
-5.14745e-05
-5.60735e-05
-3.39011e-05
-5.16414e-05
-1.28552e-05
-0.000150084
9.20406e-05
-0.00021456
0.000194406
-0.000216762
0.000240966
-0.000164452
0.000237846
-0.000242078
0.000470281
-0.000222529
0.000538975
-6.52167e-05
0.000155716
-8.30294e-05
5.36848e-05
-7.98113e-05
-5.72441e-05
-4.3573e-05
-0.000121603
-5.8739e-05
-0.000144958
-1.68385e-05
-0.000211551
-2.31755e-07
-0.000358137
-0.000713776
-1.56001e-05
-6.50907e-05
-1.4072e-05
-0.000199259
-4.62728e-05
-1.92738e-05
-8.85494e-05
8.37539e-06
-0.000127678
2.62728e-05
-0.000162847
0.000127209
-0.000215174
0.000246734
-0.000123596
0.000149388
-0.000218758
0.000333008
-0.000201165
0.000452688
-9.34796e-05
0.00043129
1.13486e-05
5.08875e-05
-9.57581e-06
7.46092e-05
-1.87006e-05
-4.81194e-05
-4.36107e-06
-0.000135943
-2.34572e-06
-0.000146973
-2.59464e-07
-0.000213637
1.10639e-05
-0.00036946
-0.000702712
6.34528e-06
-2.97695e-05
1.23409e-05
-3.06264e-05
1.70338e-05
-3.23005e-05
2.38871e-05
-2.82585e-05
2.78078e-05
-3.20278e-05
4.83306e-05
-3.98613e-05
5.5671e-05
-3.7042e-05
6.03901e-05
-3.90997e-05
6.51847e-05
-3.52103e-05
7.15112e-05
-2.9773e-05
7.49021e-05
-2.37347e-05
7.69419e-05
-1.20773e-05
7.56197e-05
3.37236e-07
7.24406e-05
9.60981e-06
6.89297e-05
9.01965e-06
6.15968e-05
1.49311e-05
6.1422e-05
9.56722e-06
6.35352e-05
1.02253e-05
6.55673e-05
7.09935e-06
6.21632e-05
3.49931e-05
4.13005e-05
5.04318e-05
3.453e-05
8.23157e-05
5.22807e-05
8.89699e-05
6.0597e-06
-3.58292e-05
1.24468e-05
-3.70135e-05
1.73342e-05
-3.71878e-05
3.24608e-05
-4.33851e-05
3.9814e-05
-3.93809e-05
4.7211e-05
-4.72583e-05
5.39314e-05
-4.37624e-05
6.32756e-05
-4.84439e-05
7.39548e-05
-4.58895e-05
8.24921e-05
-3.83103e-05
8.75959e-05
-2.88385e-05
8.95958e-05
-1.40772e-05
8.78389e-05
2.09405e-06
8.06941e-05
1.67546e-05
7.30754e-05
1.66384e-05
7.40308e-05
1.39757e-05
6.80553e-05
1.55426e-05
6.29139e-05
1.53668e-05
4.37991e-05
2.62142e-05
4.90394e-05
2.97528e-05
5.07764e-05
4.86949e-05
0.000101968
3.11244e-05
3.75852e-05
0.000116663
9.8023e-06
-4.56315e-05
1.71725e-05
-4.43837e-05
2.63845e-05
-4.63999e-05
3.1716e-05
-4.87165e-05
3.8841e-05
-4.6506e-05
4.61385e-05
-5.45557e-05
5.65405e-05
-5.41644e-05
7.29216e-05
-6.4825e-05
8.54111e-05
-5.8379e-05
9.31216e-05
-4.60207e-05
9.68837e-05
-3.26006e-05
9.88603e-05
-1.60538e-05
9.11314e-05
9.82293e-06
8.02859e-05
2.76001e-05
7.55715e-05
2.13528e-05
7.18867e-05
1.76605e-05
6.90425e-05
1.83869e-05
7.0675e-05
1.37343e-05
8.28115e-05
1.40776e-05
9.28101e-05
1.97542e-05
0.000103789
3.77162e-05
9.74143e-05
3.74987e-05
2.99144e-05
0.000105085
1.35499e-05
-5.91814e-05
1.86296e-05
-4.94634e-05
2.59024e-05
-5.36727e-05
3.0037e-05
-5.28511e-05
3.95378e-05
-5.60068e-05
5.03327e-05
-6.53506e-05
5.98469e-05
-6.36787e-05
6.4957e-05
-6.99351e-05
6.94223e-05
-6.28443e-05
7.66481e-05
-5.32465e-05
8.12733e-05
-3.72257e-05
7.29135e-05
-7.69402e-06
6.11627e-05
2.15738e-05
6.08614e-05
2.79013e-05
6.17146e-05
2.04996e-05
5.89909e-05
2.03842e-05
6.07949e-05
1.65828e-05
7.17375e-05
2.79178e-06
8.95301e-05
-3.71506e-06
0.000101478
7.80665e-06
0.00010926
2.99336e-05
0.000112968
3.37908e-05
4.3537e-05
9.93457e-05
-4.14406e-06
-5.50374e-05
-5.6135e-06
-4.79939e-05
1.90183e-06
-6.11881e-05
1.31246e-05
-6.40739e-05
2.03509e-05
-6.32331e-05
1.77427e-05
-6.27424e-05
1.11196e-05
-5.70556e-05
-7.11111e-07
-5.81044e-05
-1.16502e-05
-5.19052e-05
-2.09901e-05
-4.39067e-05
-2.39992e-05
-3.42166e-05
-2.00488e-05
-1.16445e-05
1.49555e-06
2.94572e-08
2.23709e-05
7.02594e-06
3.6758e-05
6.11257e-06
4.20082e-05
1.5134e-05
3.17889e-05
2.68022e-05
1.86704e-05
1.59102e-05
4.35977e-05
-2.86424e-05
6.44292e-05
-1.30248e-05
0.000116416
-2.20532e-05
0.000111717
3.84898e-05
4.7209e-05
0.000108045
-7.94401e-06
-4.70934e-05
-9.17917e-06
-4.67588e-05
-1.05165e-06
-6.93156e-05
1.10856e-05
-7.62111e-05
1.63262e-05
-6.84738e-05
1.20163e-05
-5.84326e-05
3.41424e-06
-4.84535e-05
-4.94732e-06
-4.97428e-05
-1.26151e-05
-4.42375e-05
-1.828e-05
-3.82418e-05
-3.21477e-05
-2.03489e-05
-1.56887e-05
-2.81035e-05
9.40042e-06
-2.50596e-05
2.45705e-05
-8.14409e-06
3.88436e-05
-8.16054e-06
4.77569e-05
6.22066e-06
6.27568e-05
1.18023e-05
6.59172e-05
1.27498e-05
5.47925e-05
-1.75177e-05
6.39359e-05
-2.21682e-05
4.31484e-05
-1.26571e-06
5.65435e-05
2.50948e-05
6.6449e-06
9.71076e-05
-2.3895e-06
-4.47039e-05
-1.55953e-06
-4.75887e-05
4.29114e-06
-7.51663e-05
1.22305e-05
-8.41504e-05
1.40234e-05
-7.02667e-05
1.10327e-05
-5.54419e-05
5.99415e-06
-4.3415e-05
2.24351e-07
-4.3973e-05
-3.75649e-06
-4.02566e-05
-3.98769e-06
-3.80106e-05
-1.74431e-06
-2.25923e-05
4.78361e-06
-3.46314e-05
1.19437e-05
-3.22198e-05
1.69827e-05
-1.31831e-05
3.09831e-05
-2.21609e-05
4.07569e-05
-3.5532e-06
5.09085e-05
1.65082e-06
6.22454e-05
1.41294e-06
6.3312e-05
-1.85843e-05
7.3974e-05
-3.28302e-05
7.69834e-05
-4.27517e-06
9.15008e-05
1.05774e-05
1.31515e-05
8.49943e-05
2.04512e-06
-4.6749e-05
6.38048e-06
-5.19241e-05
1.32159e-05
-8.20017e-05
1.85086e-05
-8.94432e-05
1.73597e-05
-6.91178e-05
1.61701e-05
-5.42523e-05
1.38604e-05
-4.11052e-05
1.22065e-05
-4.23192e-05
9.06199e-06
-3.71121e-05
1.00159e-05
-3.89646e-05
6.49107e-06
-1.90675e-05
1.16881e-05
-3.98285e-05
4.6481e-06
-2.51797e-05
1.08045e-05
-1.93395e-05
2.3176e-05
-3.45324e-05
3.78191e-05
-1.81963e-05
4.98694e-05
-1.03995e-05
5.73713e-05
-6.08893e-06
5.09992e-05
-1.22122e-05
3.99559e-05
-2.17869e-05
5.23992e-05
-1.67185e-05
6.17133e-05
1.26328e-06
3.24791e-05
4.23856e-05
3.763e-06
-5.0512e-05
9.60886e-06
-5.777e-05
1.64162e-05
-8.8809e-05
2.13315e-05
-9.43585e-05
1.87967e-05
-6.6583e-05
1.74667e-05
-5.29223e-05
1.53557e-05
-3.89942e-05
1.42833e-05
-4.12468e-05
6.55366e-06
-2.93825e-05
6.72728e-06
-3.91382e-05
2.04048e-05
-3.2745e-05
2.15147e-05
-4.09384e-05
2.1454e-05
-2.5119e-05
2.42449e-05
-2.21303e-05
3.18884e-05
-4.21759e-05
4.50325e-05
-3.13404e-05
6.31779e-05
-2.85448e-05
6.65687e-05
-9.4797e-06
6.29301e-05
-8.57354e-06
6.54166e-05
-2.42734e-05
6.1102e-05
-1.24038e-05
6.28029e-05
-4.3765e-07
8.99479e-06
8.62873e-05
4.09279e-06
-5.46048e-05
9.57438e-06
-6.32516e-05
1.92321e-05
-9.84667e-05
2.43654e-05
-9.94918e-05
2.05917e-05
-6.28093e-05
2.08975e-05
-5.32281e-05
2.2517e-05
-4.06137e-05
2.03147e-05
-3.90444e-05
2.03356e-05
-2.94034e-05
1.44355e-05
-3.3238e-05
1.40838e-05
-3.23934e-05
1.16393e-05
-3.84938e-05
1.38401e-05
-2.73198e-05
3.06991e-05
-3.89894e-05
3.35928e-05
-4.50696e-05
2.90142e-05
-2.67618e-05
3.91939e-05
-3.87245e-05
3.96598e-05
-9.94553e-06
6.77462e-05
-3.66599e-05
7.02748e-05
-2.68021e-05
6.95573e-05
-1.16862e-05
6.63448e-05
2.77483e-06
9.2552e-06
6.60844e-05
3.8604e-06
-5.84652e-05
9.68469e-06
-6.90759e-05
2.04122e-05
-0.000109194
2.33618e-05
-0.000102441
1.94245e-05
-5.88721e-05
2.02587e-05
-5.40622e-05
2.23572e-05
-4.27122e-05
2.4729e-05
-4.14163e-05
2.52499e-05
-2.99242e-05
3.05158e-05
-3.8504e-05
2.91286e-05
-3.10061e-05
3.11871e-05
-4.05523e-05
3.11385e-05
-2.72712e-05
3.48531e-05
-4.2704e-05
2.51883e-05
-3.54048e-05
3.45688e-05
-3.61423e-05
3.80985e-05
-4.22541e-05
6.40572e-05
-3.59042e-05
7.01567e-05
-4.27594e-05
6.91353e-05
-2.57807e-05
6.01229e-05
-2.67371e-06
7.26102e-05
-9.71251e-06
-3.13612e-05
0.000113227
3.14193e-06
-6.16071e-05
5.64023e-06
-7.15742e-05
1.9558e-05
-0.000123112
2.06497e-05
-0.000103533
1.42514e-05
-5.24737e-05
1.23117e-05
-5.21226e-05
1.53101e-05
-4.57107e-05
2.79833e-05
-5.40895e-05
1.62945e-05
-1.82355e-05
3.73408e-05
-5.95503e-05
1.85975e-05
-1.22629e-05
3.31717e-05
-5.51265e-05
2.86297e-05
-2.27292e-05
4.78159e-05
-6.18902e-05
4.82794e-05
-3.58683e-05
5.93751e-05
-4.7238e-05
6.68696e-05
-4.97486e-05
6.92737e-05
-3.83084e-05
7.927e-05
-5.27556e-05
6.12651e-05
-7.77572e-06
6.34181e-05
-4.82672e-06
6.58575e-05
-1.21519e-05
-3.72037e-05
7.16999e-05
2.16241e-06
-6.37695e-05
3.90526e-06
-7.3317e-05
1.62163e-05
-0.000135423
1.73838e-05
-0.000104701
7.3539e-06
-4.24438e-05
9.1348e-06
-5.39035e-05
1.98206e-05
-5.63964e-05
2.80203e-05
-6.22892e-05
4.03699e-05
-3.05851e-05
2.18122e-05
-4.09925e-05
4.26083e-05
-3.30591e-05
4.8465e-05
-6.09831e-05
5.12104e-05
-2.54746e-05
5.14786e-05
-6.21583e-05
5.01038e-05
-3.44935e-05
4.88745e-05
-4.60087e-05
5.48152e-05
-5.56893e-05
8.5698e-05
-6.91912e-05
6.18489e-05
-2.89065e-05
0.000106668
-5.2595e-05
0.000105892
-4.05093e-06
0.000117004
-2.3263e-05
-5.54974e-06
8.53497e-05
2.93297e-06
-6.67025e-05
4.58336e-06
-7.49674e-05
1.27497e-05
-0.000143589
8.06805e-06
-0.000100019
4.64347e-06
-3.90192e-05
8.97145e-06
-5.82315e-05
1.89855e-05
-6.64104e-05
2.08144e-05
-6.41182e-05
3.25318e-05
-4.23025e-05
3.44062e-05
-4.2867e-05
3.75606e-05
-3.62134e-05
5.18629e-05
-7.52855e-05
5.31408e-05
-2.67525e-05
3.96469e-05
-4.86644e-05
4.79471e-05
-4.27938e-05
8.45064e-05
-8.25679e-05
8.93732e-05
-6.0556e-05
9.22138e-05
-7.20318e-05
8.13094e-05
-1.8002e-05
9.45859e-05
-6.58715e-05
0.00014286
-5.23255e-05
0.000153011
-3.34138e-05
-1.30177e-05
0.000160479
3.12343e-06
-6.98259e-05
6.35027e-06
-7.81943e-05
1.30638e-05
-0.000150303
1.01071e-05
-9.70623e-05
3.55056e-06
-3.24627e-05
1.18742e-05
-6.65551e-05
1.11643e-05
-6.57006e-05
1.27059e-05
-6.56597e-05
5.50413e-05
-8.46379e-05
5.06539e-05
-3.84795e-05
7.53102e-05
-6.08698e-05
4.55414e-05
-4.55166e-05
5.01801e-05
-3.13913e-05
4.72835e-05
-4.57678e-05
9.24848e-05
-8.79951e-05
5.88428e-05
-4.8926e-05
0.000102356
-0.000104069
6.06355e-05
-3.03113e-05
0.000115399
-7.27655e-05
9.07699e-05
-4.12423e-05
9.73746e-05
-5.89301e-05
0.000105694
-4.17336e-05
-1.65985e-05
0.000109275
1.62496e-06
-7.14509e-05
4.70264e-06
-8.1272e-05
6.14101e-06
-0.000151741
5.252e-06
-9.61733e-05
3.37925e-06
-3.05899e-05
1.15862e-05
-7.47621e-05
1.1537e-05
-6.56514e-05
2.38864e-05
-7.80091e-05
1.97106e-05
-8.04621e-05
5.71218e-05
-7.58908e-05
4.13012e-05
-4.50491e-05
3.94528e-05
-4.36682e-05
4.07965e-05
-3.2735e-05
7.04198e-05
-7.53911e-05
7.63038e-05
-9.3879e-05
6.18042e-05
-3.44263e-05
6.07851e-05
-0.00010305
6.66635e-05
-3.61897e-05
8.63379e-05
-9.24399e-05
0.000103373
-5.82777e-05
0.000111817
-6.73739e-05
0.000121518
-5.14349e-05
-2.20543e-05
0.000126974
-1.09721e-06
-7.03537e-05
2.39299e-06
-8.47622e-05
6.39548e-06
-0.000155744
1.45334e-06
-9.12311e-05
8.06699e-06
-3.72036e-05
9.43132e-06
-7.61264e-05
1.16505e-05
-6.78706e-05
1.94343e-05
-8.57929e-05
3.16297e-05
-9.26575e-05
5.8218e-05
-0.000102479
5.53969e-05
-4.2228e-05
5.4683e-05
-4.29543e-05
5.70948e-05
-3.51468e-05
6.99198e-05
-8.8216e-05
5.09832e-05
-7.49424e-05
9.20432e-05
-7.54863e-05
6.51211e-05
-7.61281e-05
7.55045e-05
-4.6573e-05
8.66088e-05
-0.000103544
0.000109937
-8.1606e-05
0.000132283
-8.972e-05
0.000134591
-5.37427e-05
-5.98233e-05
0.00017236
-9.48118e-07
-6.94056e-05
5.91708e-06
-9.16274e-05
2.73789e-06
-0.000152565
4.92698e-06
-9.34202e-05
1.54475e-06
-3.38214e-05
1.372e-05
-8.83017e-05
1.8146e-05
-7.22965e-05
1.86582e-05
-8.63051e-05
2.62558e-05
-0.000100255
3.9418e-05
-0.000115641
4.63449e-05
-4.9155e-05
5.41425e-05
-5.07518e-05
6.6283e-05
-4.72873e-05
7.8026e-05
-9.9959e-05
8.18721e-05
-7.87885e-05
8.21279e-05
-7.57421e-05
6.434e-05
-5.83402e-05
0.000118033
-0.000100266
0.000102482
-8.79934e-05
0.000128318
-0.000107441
0.000142918
-0.000104321
0.000150159
-6.09829e-05
-0.000106387
0.000196722
-8.1797e-06
-6.12259e-05
-1.57282e-05
-8.40789e-05
-3.08825e-07
-0.000167984
-1.57459e-05
-7.79832e-05
1.13723e-05
-6.09395e-05
1.55208e-06
-7.84815e-05
-8.5742e-06
-6.21702e-05
1.98673e-05
-0.000114747
2.27354e-05
-0.000103123
2.58523e-05
-0.000118758
4.0477e-05
-6.37797e-05
4.45846e-05
-5.48594e-05
5.96561e-05
-6.23587e-05
5.28887e-05
-9.31917e-05
9.50751e-05
-0.000120975
6.01745e-05
-4.08415e-05
0.000113415
-0.00011158
0.000123652
-0.000110504
0.000152208
-0.000116549
0.00014216
-9.73939e-05
0.000170561
-0.000132721
0.000263531
-0.000153953
-8.55289e-05
0.000242673
1.08467e-05
-7.20726e-05
2.70109e-05
-0.000100243
-2.12451e-05
-0.000119728
-1.14782e-05
-8.775e-05
6.37756e-06
-7.87953e-05
1.49398e-05
-8.70438e-05
3.86339e-05
-8.58643e-05
1.04577e-05
-8.65704e-05
2.8596e-05
-0.000121262
3.14658e-05
-0.000121628
3.17953e-05
-6.41093e-05
3.08537e-05
-5.39179e-05
9.79532e-05
-0.000129458
6.26298e-05
-5.78683e-05
3.66772e-05
-9.50223e-05
6.46693e-05
-6.88336e-05
9.70268e-05
-0.000143938
0.000115978
-0.000129455
0.000106506
-0.000107077
0.000135985
-0.000126872
0.00016121
-0.000157946
0.000180577
-0.00017332
-0.000196029
0.000291076
1.05062e-06
-7.31232e-05
3.59348e-06
-0.000102786
-8.21233e-07
-0.000115313
-1.10644e-06
-8.74648e-05
6.35807e-06
-8.62599e-05
9.22104e-06
-8.99067e-05
2.00274e-05
-9.66707e-05
1.70097e-05
-8.35527e-05
2.54473e-05
-0.000129699
4.45657e-05
-0.000140746
5.16818e-05
-7.12254e-05
7.29611e-05
-7.51972e-05
2.80043e-05
-8.45014e-05
4.80285e-05
-7.78924e-05
4.19241e-05
-8.89179e-05
5.47987e-05
-8.17082e-05
7.10933e-05
-0.000160232
8.11512e-05
-0.000139513
0.000104223
-0.000130149
0.00012977
-0.000152419
0.000160187
-0.000188363
0.000182317
-0.00019545
-0.000226789
0.000213078
2.39894e-06
-7.55221e-05
6.30063e-06
-0.000106688
-1.33086e-07
-0.00010888
5.01679e-06
-9.26147e-05
3.82986e-06
-8.50729e-05
1.14684e-05
-9.75452e-05
9.59401e-06
-9.47963e-05
5.31779e-05
-0.000127137
5.70859e-05
-0.000133607
1.08216e-05
-9.44818e-05
2.11639e-05
-8.15678e-05
3.28502e-05
-8.68834e-05
3.93116e-05
-9.09629e-05
6.21462e-05
-0.000100727
6.94364e-05
-9.62081e-05
8.55482e-05
-9.782e-05
7.52516e-05
-0.000149936
8.61416e-05
-0.000150403
0.000145724
-0.000189732
0.0001292
-0.000135894
0.000157266
-0.000216429
0.000197966
-0.000236151
-0.00031563
0.000286807
-6.69112e-06
-6.8831e-05
-4.72833e-06
-0.00010865
-7.0822e-06
-0.000106526
-1.27281e-05
-8.69688e-05
1.72765e-05
-0.000115078
9.69139e-06
-8.99601e-05
4.52053e-05
-0.00013031
2.63492e-05
-0.000108281
3.30161e-05
-0.000140274
2.07798e-05
-8.22456e-05
2.82573e-05
-8.90453e-05
2.53761e-05
-8.40022e-05
2.58336e-05
-9.14204e-05
4.02535e-05
-0.000115147
4.61584e-05
-0.000102113
6.37672e-05
-0.000115429
8.21424e-05
-0.000168311
0.000150613
-0.000218873
0.00010015
-0.000139269
0.000198511
-0.000234255
0.000246301
-0.00026422
0.000323148
-0.000312998
-0.000323293
0.000330811
1.58052e-05
-8.46362e-05
3.64291e-06
-9.64881e-05
-3.4295e-06
-9.94532e-05
1.87537e-05
-0.000109152
9.67413e-06
-0.000105998
3.98333e-05
-0.000120119
2.34362e-05
-0.000113913
2.59881e-05
-0.000110832
2.36276e-05
-0.000137914
1.28116e-05
-7.14296e-05
1.24739e-05
-8.87076e-05
1.47741e-05
-8.63024e-05
2.04392e-05
-9.70855e-05
1.60756e-05
-0.000110783
8.62037e-05
-0.000172241
7.18013e-05
-0.000101026
0.000109223
-0.000205733
0.000109479
-0.000219129
9.79015e-05
-0.000127692
0.000125619
-0.000261972
0.00015338
-0.000291981
0.000204654
-0.000364273
-0.000357142
0.000238503
-2.80574e-05
-5.65788e-05
3.90948e-06
-0.000128455
3.62661e-05
-0.00013181
2.52813e-05
-9.81673e-05
2.38515e-05
-0.000104568
2.07039e-05
-0.000116972
4.95319e-05
-0.000142741
2.01865e-05
-8.1487e-05
-1.93637e-05
-9.83636e-05
-4.48349e-06
-8.63097e-05
4.39646e-06
-9.75875e-05
1.38754e-05
-9.57813e-05
2.63406e-05
-0.000109551
2.71303e-05
-0.000111573
6.39265e-05
-0.000209037
5.95948e-05
-9.66947e-05
8.42294e-05
-0.000230367
9.7447e-05
-0.000232346
9.29651e-05
-0.00012321
0.000126862
-0.000295869
0.000160339
-0.000325458
0.000270995
-0.000474929
-0.000278009
0.000191863
-1.29027e-06
-5.52885e-05
2.67421e-06
-0.00013242
1.36279e-06
-0.000130498
3.47593e-06
-0.00010028
1.30821e-05
-0.000114174
2.65198e-05
-0.000130409
-1.71424e-05
-9.9079e-05
-7.79578e-06
-9.08336e-05
-6.28196e-06
-9.98774e-05
-8.17226e-07
-9.17745e-05
-2.85247e-07
-9.81195e-05
-3.16943e-06
-9.28971e-05
-7.47821e-06
-0.000105242
4.5372e-05
-0.000164423
4.0107e-05
-0.000203772
0.000118211
-0.000174799
4.09516e-05
-0.000153108
5.97879e-05
-0.000251183
9.28993e-05
-0.000156321
0.000171347
-0.000374317
0.00010004
-0.000254151
0.000154371
-0.00052926
-0.000245871
0.000122233
-4.01153e-06
-5.1277e-05
1.6092e-05
-0.000152523
3.15398e-05
-0.000145946
1.72912e-05
-8.60319e-05
5.35915e-07
-9.7419e-05
-2.55932e-05
-0.00010428
-1.78508e-05
-0.000106821
-9.11069e-06
-9.95738e-05
-8.88404e-06
-0.000100104
-3.04134e-06
-9.76172e-05
-6.9343e-07
-0.000100467
4.74388e-06
-9.83344e-05
3.39205e-06
-0.00010389
2.25697e-05
-0.000183601
1.83581e-05
-0.000199561
5.10434e-05
-0.000207484
4.04214e-05
-0.000142486
6.36939e-05
-0.000274455
8.7283e-05
-0.00017991
9.26622e-05
-0.000379696
5.96113e-05
-0.0002211
-9.67749e-07
-0.000468681
-0.000193313
-5.35261e-05
3.8531e-05
-8.9808e-05
-1.14158e-07
-0.000113878
-3.52593e-05
-0.000110801
-1.37988e-05
-0.000107492
-6.42691e-06
-0.000104791
-4.10871e-06
-0.000106598
-7.57557e-06
-0.000103354
-5.81047e-06
-0.000101339
-5.14179e-06
-0.000100773
-2.30735e-06
-0.000100452
-1.44905e-06
-0.000101326
2.78268e-06
-0.000102566
2.81783e-06
-0.000103925
1.38384e-05
-0.000194621
1.17768e-05
-0.000197499
2.93828e-05
-0.00022509
1.79293e-05
-0.000131032
3.97613e-05
-0.000296287
3.78785e-05
-0.000178027
4.30662e-05
-0.000384883
5.97092e-05
-0.000237743
-0.000104587
-0.000304385
-0.000195265
-0.000102635
6.0399e-06
-9.58479e-05
1.30718e-06
-0.000109145
-6.66394e-07
-0.000108828
-2.32879e-06
-0.00010583
-3.08901e-06
-0.000104031
-6.30687e-06
-0.000103381
-6.73241e-06
-0.000102929
-5.29233e-06
-0.000102779
-4.56354e-06
-0.000101502
-2.15366e-06
-0.000102862
-1.05063e-06
-0.000102429
1.38904e-06
-0.000105006
1.84897e-06
-0.000104385
4.68597e-06
-0.000197458
-1.30067e-06
-0.000191512
1.12935e-05
-0.000237684
5.4715e-05
-0.000174454
-3.78888e-05
-0.000203683
2.39218e-06
-0.000218308
-3.95941e-05
-0.000342897
-5.10962e-05
-0.000226241
-0.000112179
-0.000243302
-0.000187637
-0.000119807
2.60952e-06
-9.84574e-05
-1.03855e-06
-0.000105497
-4.52059e-06
-0.000105346
-5.12761e-06
-0.000105223
-5.91741e-06
-0.000103241
-5.43916e-06
-0.000103859
-5.44423e-06
-0.000102924
-4.6479e-06
-0.000103575
-4.20205e-06
-0.000101947
-2.59429e-06
-0.000104469
-2.13883e-06
-0.000102884
-1.22143e-07
-0.000107023
-7.14244e-07
-0.000103793
-6.47684e-06
-0.000191696
-1.04573e-05
-0.000187532
-1.79113e-05
-0.00023023
-5.31056e-06
-0.000187055
-1.0038e-05
-0.000198956
2.87837e-06
-0.000231225
-0.000125359
-0.00021466
-6.34138e-05
-0.000288186
-0.000130561
-0.000176155
-0.000185421
-0.000132777
6.26879e-07
-9.90843e-05
-4.58633e-07
-0.000104412
-1.35567e-06
-0.000104448
-2.35833e-06
-0.00010422
-3.36318e-06
-0.000102236
-3.89072e-06
-0.000103331
-4.0456e-06
-0.000102769
-3.78578e-06
-0.000103835
-1.93843e-06
-0.000103795
-1.23337e-07
-0.000106284
2.63659e-06
-0.000105644
1.03082e-05
-0.000114694
1.91956e-05
-0.000112681
-3.6915e-05
-0.000135585
-2.41289e-05
-0.000200318
-4.27607e-05
-0.000211598
-2.69882e-05
-0.000202827
1.36985e-05
-0.000239643
-3.72656e-05
-0.000180261
-6.02315e-05
-0.000191694
-0.000168048
-0.00018037
-9.4404e-05
-0.000249799
-0.000143262
-0.000136563
-5.02049e-08
-9.90341e-05
-1.05546e-06
-0.000103406
-2.10167e-06
-0.000103402
-3.77225e-06
-0.00010255
-3.77911e-06
-0.000102229
-4.73075e-06
-0.00010238
-5.2652e-06
-0.000102235
-6.04499e-06
-0.000103055
-5.91929e-06
-0.00010392
-7.21293e-06
-0.000104991
-5.46438e-06
-0.000107393
-9.60382e-06
-0.000110555
-9.70439e-06
-0.00011258
-2.53709e-05
-0.000119919
-2.90417e-05
-0.000196647
-3.59077e-05
-0.000204732
-5.32048e-05
-0.00018553
-6.57534e-05
-0.000227094
-8.28842e-05
-0.00016313
-0.000112819
-0.000161759
-0.000134305
-0.000158883
-0.000118737
-0.000265367
-0.000102991
-0.000159008
-2.26978e-07
-9.88071e-05
-9.88162e-07
-0.000102645
-2.25681e-06
-0.000102134
-3.43607e-06
-0.00010137
-4.12705e-06
-0.000101538
-5.08844e-06
-0.000101418
-6.07181e-06
-0.000101251
-7.22952e-06
-0.000101898
-8.43072e-06
-0.000102719
-9.93429e-06
-0.000103487
-1.23228e-05
-0.000105004
-1.59743e-05
-0.000106903
-2.10724e-05
-0.000107482
-3.18876e-05
-0.000109103
-3.62659e-05
-0.000192269
-4.26165e-05
-0.000198382
-4.26911e-05
-0.000185456
-6.04043e-05
-0.000209381
-0.000104978
-0.000118556
-8.5696e-05
-0.000181042
-6.21083e-05
-0.000182471
-0.000190271
-0.000137204
-0.000148992
-0.000144271
-4.2399e-07
-9.83831e-05
-1.5456e-06
-0.000101524
-3.04386e-06
-0.000100635
-4.13692e-06
-0.000100277
-5.2129e-06
-0.000100462
-6.22338e-06
-0.000100408
-7.27515e-06
-0.000100199
-8.64908e-06
-0.000100524
-1.05297e-05
-0.000100839
-1.29627e-05
-0.000101054
-1.68678e-05
-0.000101099
-2.05516e-05
-0.000103219
-2.48194e-05
-0.000103214
-2.94319e-05
-0.000104491
-3.48527e-05
-0.000186848
-4.79258e-05
-0.000185309
-4.4818e-05
-0.000188563
-8.31067e-05
-0.000171092
-3.25087e-05
-0.000169154
-0.000106539
-0.000107011
-9.28256e-05
-0.000196184
-0.000109568
-0.000120462
-0.000120421
-0.000138138
-3.8528e-07
-9.79979e-05
-1.64825e-06
-0.000100261
-2.57687e-06
-9.97068e-05
-3.22383e-06
-9.96304e-05
-4.21703e-06
-9.9469e-05
-5.12157e-06
-9.95033e-05
-6.26945e-06
-9.90515e-05
-7.56242e-06
-9.92307e-05
-9.9305e-06
-9.84705e-05
-1.21744e-05
-9.88103e-05
-1.52554e-05
-9.80181e-05
-1.93957e-05
-9.9079e-05
-2.46218e-05
-9.7988e-05
-3.07732e-05
-9.83394e-05
-4.10426e-05
-0.000176579
-5.49141e-05
-0.000171437
-7.47254e-05
-0.000168752
-8.97518e-05
-0.000156066
-0.000108164
-0.000150741
-0.000129815
-8.53612e-05
-0.000157534
-0.000168465
-0.000191679
-8.63169e-05
-0.000132247
-0.000179854
-6.21472e-07
-9.73764e-05
-1.65277e-06
-9.92293e-05
-2.39266e-06
-9.89669e-05
-3.06557e-06
-9.89575e-05
-3.92791e-06
-9.86067e-05
-4.83336e-06
-9.85979e-05
-5.95528e-06
-9.79296e-05
-7.2405e-06
-9.79455e-05
-9.04623e-06
-9.66648e-05
-1.13802e-05
-9.64764e-05
-1.43086e-05
-9.50896e-05
-1.75613e-05
-9.58263e-05
-2.1681e-05
-9.38683e-05
-2.53153e-05
-9.47052e-05
-3.37499e-05
-0.000168144
-4.78663e-05
-0.000157321
-6.5838e-05
-0.000150781
-7.83017e-05
-0.000143602
-9.39562e-05
-0.000135087
-9.56073e-05
-8.371e-05
-0.000193717
-7.03553e-05
-0.000192271
-8.77626e-05
-5.35057e-05
-0.000271012
-5.17347e-07
-9.6859e-05
-1.01377e-06
-9.87329e-05
-1.50424e-06
-9.84764e-05
-2.09309e-06
-9.83686e-05
-2.73339e-06
-9.79664e-05
-3.45873e-06
-9.78725e-05
-4.33594e-06
-9.70524e-05
-5.23695e-06
-9.70445e-05
-6.52922e-06
-9.53725e-05
-8.61719e-06
-9.43884e-05
-1.06936e-05
-9.30132e-05
-1.40944e-05
-9.24256e-05
-1.88938e-05
-8.90689e-05
-2.39305e-05
-8.96685e-05
-3.23331e-05
-0.000159741
-4.49242e-05
-0.00014473
-5.94457e-05
-0.000136259
-8.12337e-05
-0.000121814
-9.93983e-05
-0.000116922
-0.000119777
-6.33318e-05
-0.00013309
-5.70414e-05
-0.000147483
-7.33702e-05
-8.61348e-05
-0.000114854
-3.68696e-07
-9.64903e-05
-9.69314e-07
-9.81322e-05
-1.54949e-06
-9.78962e-05
-2.15476e-06
-9.77634e-05
-2.77888e-06
-9.73423e-05
-3.45656e-06
-9.71948e-05
-4.16594e-06
-9.6343e-05
-4.92248e-06
-9.62879e-05
-5.56582e-06
-9.47292e-05
-6.71101e-06
-9.32432e-05
-7.38878e-06
-9.23355e-05
-9.67276e-06
-9.01416e-05
-9.80675e-06
-8.89349e-05
-1.7121e-05
-8.23542e-05
-2.63084e-05
-0.000150554
-4.06364e-05
-0.000130402
-5.43977e-05
-0.000122498
-7.11841e-05
-0.000105027
-9.46116e-05
-9.34946e-05
-7.43865e-05
-8.35568e-05
-0.000107581
-2.3847e-05
-0.000133079
-4.78715e-05
-1.17604e-05
-0.000207454
-1.04102e-07
-9.63862e-05
-5.98392e-07
-9.7638e-05
-1.03058e-06
-9.7464e-05
-1.48333e-06
-9.73106e-05
-1.87515e-06
-9.69504e-05
-2.36646e-06
-9.67035e-05
-2.72291e-06
-9.59866e-05
-3.27126e-06
-9.57396e-05
-3.22958e-06
-9.47708e-05
-3.51673e-06
-9.29561e-05
-3.31006e-06
-9.25421e-05
-4.07728e-06
-8.93744e-05
-5.64419e-06
-8.7368e-05
-1.07087e-05
-7.72897e-05
-2.0741e-05
-0.000140522
-3.191e-05
-0.000119233
-4.149e-05
-0.000112918
-5.18784e-05
-9.4639e-05
-6.56937e-05
-7.96793e-05
-8.36279e-05
-6.56227e-05
-9.12498e-05
-1.6225e-05
-0.000103909
-3.52118e-05
1.84828e-05
-0.000134153
1.84508e-08
-9.64047e-05
-3.38536e-07
-9.7281e-05
-6.58362e-07
-9.71442e-05
-9.59034e-07
-9.70099e-05
-1.15753e-06
-9.67519e-05
-1.42492e-06
-9.64361e-05
-1.30571e-06
-9.61058e-05
-1.69674e-06
-9.53486e-05
-1.67913e-06
-9.47885e-05
-1.04961e-06
-9.35856e-05
-1.22284e-06
-9.23689e-05
-3.92605e-07
-9.02046e-05
-1.21756e-06
-8.65431e-05
-4.20288e-07
-7.8087e-05
-6.2906e-06
-0.000134651
-1.5074e-05
-0.000110449
-3.25174e-05
-9.54743e-05
-4.48461e-05
-8.23103e-05
-5.9687e-05
-6.48384e-05
-6.92605e-05
-5.60491e-05
-7.13548e-05
-1.41307e-05
-8.57001e-05
-2.08665e-05
1.41032e-05
-8.13205e-05
9.49071e-08
-9.64996e-05
-1.20753e-07
-9.70653e-05
-3.04775e-07
-9.69602e-05
-4.5083e-07
-9.68639e-05
-5.3441e-07
-9.66684e-05
-5.63966e-07
-9.64066e-05
-4.57056e-07
-9.62127e-05
-2.41952e-07
-9.55637e-05
-9.73572e-08
-9.49331e-05
6.45083e-07
-9.4328e-05
7.79907e-07
-9.25037e-05
1.45551e-06
-9.08802e-05
2.67497e-07
-8.53551e-05
6.56568e-07
-7.84761e-05
-6.89911e-06
-0.000127096
-1.30347e-05
-0.000104314
-2.57198e-05
-8.27892e-05
-3.41134e-05
-7.39167e-05
-4.14998e-05
-5.7452e-05
-5.22801e-05
-4.52688e-05
-5.02086e-05
-1.62023e-05
-8.57469e-05
1.46718e-05
5.3051e-05
-0.000124695
2.93752e-08
-1.16359e-08
-2.97225e-08
-4.56397e-08
-2.25212e-08
5.08089e-08
1.73539e-07
5.64085e-07
1.25839e-06
2.75126e-06
5.24981e-06
1.08077e-05
1.93757e-05
3.93203e-05
8.03206e-06
-1.0716e-05
-2.29752e-05
-3.4267e-05
-4.48908e-05
-5.14741e-05
-3.99049e-05
-4.09735e-05
-4.59169e-05
6.27561e-05
2.62138e-05
4.28541e-05
1.9902e-05
2.77447e-05
1.51094e-05
1.20083e-05
1.57364e-05
0.000108842
3.40348e-05
9.85927e-05
3.01514e-05
9.87794e-05
1.49227e-05
2.08764e-05
8.99113e-05
0.000112188
2.6932e-05
0.000117858
2.44819e-05
0.000109688
2.30917e-05
2.11276e-05
0.000109437
0.000101669
2.46088e-05
0.000101515
2.46361e-05
0.000100737
2.38691e-05
1.32276e-05
0.000108637
0.00010852
2.41336e-05
0.000107953
2.52029e-05
0.000107716
2.41061e-05
1.31354e-05
0.000107809
9.81855e-05
2.30557e-05
9.87549e-05
2.46334e-05
9.93938e-05
2.34672e-05
1.21968e-05
0.000100332
8.66602e-05
2.13898e-05
8.3258e-05
2.80356e-05
8.61697e-05
2.05556e-05
8.94805e-06
8.94184e-05
4.26354e-05
2.11401e-05
4.27722e-05
2.78988e-05
4.51666e-05
1.81612e-05
1.07183e-05
4.33963e-05
8.90088e-05
1.84185e-05
9.90101e-05
1.78975e-05
0.000101622
1.55495e-05
7.52263e-06
0.000104818
8.07262e-05
3.77672e-06
9.47886e-05
3.83518e-06
0.000105655
4.68275e-06
3.41874e-06
0.000109759
0.000120881
-3.87762e-06
0.000126066
-1.34935e-06
0.000129732
1.01599e-06
2.56832e-06
0.000130583
7.52743e-05
-7.45193e-06
7.76972e-05
-3.77227e-06
8.27785e-05
-4.06523e-06
-4.49823e-06
8.9845e-05
8.37037e-05
-5.806e-06
8.53027e-05
-5.37118e-06
8.88601e-05
-7.62263e-06
-7.93934e-06
9.23012e-05
0.000163679
-9.00616e-06
0.000166088
-7.77954e-06
0.000169755
-1.12903e-05
-1.46061e-05
0.000176422
0.000110817
-1.05485e-05
0.000109389
-6.35096e-06
0.000108837
-1.07386e-05
-2.29258e-05
0.000117157
0.00013996
-2.35338e-05
0.00016805
-3.44416e-05
0.00017473
-1.74185e-05
-1.90056e-05
0.00017081
0.000182188
-3.33618e-05
0.000185858
-3.81113e-05
0.000207882
-3.94429e-05
-2.48532e-05
0.00021373
0.000207869
-4.45086e-05
0.000214475
-4.47178e-05
0.000220422
-4.539e-05
-4.66874e-05
0.000242257
0.000254285
-5.61202e-05
0.000268548
-5.89814e-05
0.000285273
-6.21151e-05
-5.9132e-05
0.000297718
0.000281101
-4.61447e-05
0.000308518
-8.63988e-05
0.000338136
-9.17328e-05
-5.5911e-05
0.000334915
0.000287319
-0.000120386
0.00031782
-0.0001169
0.0002974
-7.1312e-05
-7.13367e-05
0.000312825
0.000305645
-0.000139224
0.000322685
-0.000133941
0.00032979
-7.84166e-05
-6.47941e-05
0.000323247
0.000332049
-0.000140462
0.000342291
-0.000144183
0.000385258
-0.000121383
-6.06616e-05
0.000381125
0.000271427
-0.000173386
0.000289645
-0.000162401
0.000273771
-0.000105509
-2.60342e-05
0.000239144
0.000136633
-0.000118156
0.000157395
-0.000183163
0.000149078
-9.7192e-05
-3.45027e-05
0.000157547
9.92856e-05
-9.52091e-05
-4.90604e-06
-7.89717e-05
-3.90721e-05
-6.3026e-05
-6.12128e-05
-1.2362e-05
-7.41231e-05
-7.4612e-05
-7.88645e-05
-7.42304e-05
-5.71793e-05
-8.47113e-05
-8.74111e-05
-3.09811e-05
-0.000107331
-6.9916e-05
-0.000110964
-7.05976e-05
-0.000112844
-8.28311e-05
-8.63362e-05
-0.000113919
-0.000128292
-6.1431e-05
-0.00014132
-5.75699e-05
-0.000165969
-5.81817e-05
-5.86377e-05
-0.000193668
-0.000137642
-5.65661e-05
-0.000146993
-4.82195e-05
-0.000165675
-3.94997e-05
-3.2997e-05
-0.000191316
-0.000151347
-4.17823e-05
-0.000168736
-3.08306e-05
-0.000184644
-2.35915e-05
-1.62855e-05
-0.000201355
-0.000170944
-2.98458e-05
-0.000190357
-1.14181e-05
-0.000209406
-4.54263e-06
3.96281e-06
-0.000229654
-0.000151607
-2.25092e-05
-0.000158416
-4.60928e-06
-0.000172961
1.00022e-05
2.01842e-05
-0.000189182
-0.000142649
-1.79984e-05
-0.000140425
-6.83295e-06
-0.000152866
2.24432e-05
4.1063e-05
-0.000173745
-0.000196272
-1.58024e-06
-0.000206181
3.07623e-06
-0.000200279
1.65406e-05
4.5396e-05
-0.000204611
-0.000241994
-3.05982e-05
-0.000238961
4.35172e-08
-0.000237247
1.48262e-05
5.53911e-05
-0.000247242
-0.000137219
-8.23307e-06
-0.00014546
8.28491e-06
-0.000165408
3.47738e-05
5.92899e-05
-0.000169306
-0.000190577
-2.51097e-05
-0.000182863
5.70991e-07
-0.000165172
1.70826e-05
5.02377e-05
-0.00015612
-0.000134045
-2.52172e-05
-0.000140539
7.06527e-06
-0.000140939
1.74817e-05
5.03289e-05
-0.00014103
-0.000133544
2.70059e-05
-0.000171775
4.52963e-05
-0.000206415
5.21222e-05
3.71222e-05
-0.000193208
-0.000128497
3.0808e-05
-0.000120388
3.71876e-05
-0.000110309
4.20431e-05
7.27542e-05
-0.000145941
-5.58012e-05
-6.71384e-05
-7.51868e-05
-4.87831e-05
-2.20839e-05
-2.72704e-05
-9.15047e-05
-0.000129839
-0.000124921
1.41425e-05
-0.000169441
5.2895e-05
-0.000225816
8.26478e-05
-0.000284274
0.000185668
-0.00026687
0.000229329
-0.00035661
0.000239128
-0.000374169
0.000350567
-0.000219347
0.000297865
9.51315e-05
0.000116811
0.000158124
-1.21047e-05
0.000155671
7.7062e-05
0.000152437
-4.48855e-05
0.000113829
-9.73346e-05
9.51635e-05
-0.000128308
0.00014284
-0.000261314
0.000147426
-0.000374046
-0.000555286
3.00598e-05
3.25812e-05
-8.15388e-05
-1.82401e-05
-7.24444e-05
5.04807e-06
-0.000112582
9.30323e-05
-0.000101245
7.13113e-05
-0.000107726
0.000192148
-0.000104177
0.00022578
-0.000145127
0.000280078
-2.93794e-05
0.000234819
0.000145496
0.00012299
0.000284305
-2.19979e-05
0.00028635
-1.41501e-05
0.000278999
8.44137e-05
0.000303794
-6.96805e-05
0.000271777
-6.53176e-05
0.000244675
-0.000101206
0.000228293
-0.000244931
0.000109898
-0.000255652
-0.000445388
0.000103296
3.87223e-05
5.38626e-05
3.11935e-05
2.8888e-05
3.00227e-05
4.69291e-05
7.49912e-05
6.82707e-05
4.99697e-05
0.000154978
0.00010544
0.000239083
0.000141675
0.000151525
0.000367636
0.000195576
0.000190767
0.000264336
5.42304e-05
0.000220533
2.1805e-05
0.0002088
-2.41711e-06
0.000332652
-3.94383e-05
0.000297762
-3.47904e-05
0.000253205
-2.07607e-05
0.000237642
-8.56429e-05
0.000152476
-0.000159765
0.000109216
-0.000212392
-0.000336172
0.00012212
2.52391e-05
0.000130099
2.32145e-05
0.000122705
3.74174e-05
0.000114907
8.27889e-05
0.000101057
6.382e-05
0.000101699
0.000104798
0.000153772
8.96025e-05
0.000337003
0.000184404
0.00026421
0.00026356
0.00026047
5.79711e-05
0.000227864
5.44105e-05
0.000189998
3.54484e-05
0.00017406
-2.35004e-05
0.000176168
-3.68975e-05
0.000231046
-7.56391e-05
0.000200162
-5.4759e-05
0.000138432
-9.80348e-05
9.79182e-05
-0.000171879
-0.000238253
0.000109516
2.35313e-05
7.02738e-05
6.24571e-05
8.11483e-05
2.6543e-05
0.00014138
2.25568e-05
0.000144065
6.1135e-05
0.000142786
0.000106078
0.000134592
9.77966e-05
0.000176198
0.000142798
0.000310421
0.000129337
0.000253697
0.000114695
0.000210302
9.78056e-05
0.000175072
7.0679e-05
0.000160863
-9.29116e-06
0.000150682
-2.67175e-05
0.000121684
-4.66402e-05
0.000120666
-5.3741e-05
0.000126325
-0.000103695
9.06861e-05
-0.000136239
-0.000147567
6.75145e-05
5.63492e-05
0.000122423
7.54848e-06
0.0001253
2.36662e-05
8.28587e-05
6.49981e-05
0.000100149
4.38445e-05
0.000171724
3.45028e-05
0.000167321
0.0001022
0.000166444
0.000143676
0.00019023
0.000105551
0.000145629
0.000159295
0.000175594
6.78415e-05
0.000162907
8.33661e-05
0.000153066
5.49766e-07
0.000135727
-9.3784e-06
0.000119492
-3.04055e-05
0.000125756
-6.00053e-05
0.000117642
-9.55804e-05
8.14131e-05
-0.00010001
-6.61543e-05
6.74604e-05
7.83073e-05
6.78566e-05
7.15227e-06
6.50582e-05
2.64646e-05
8.32533e-05
4.6803e-05
9.83861e-05
2.87116e-05
0.000100314
3.2575e-05
0.000109178
9.3335e-05
0.000200332
5.25224e-05
0.000188002
0.00011788
0.000247026
0.000100272
0.000249755
6.51122e-05
0.000244731
8.83897e-05
0.000152546
9.27356e-05
0.000137162
6.00556e-06
0.000119442
-1.26859e-05
0.000114768
-5.53318e-05
0.000111381
-9.21925e-05
6.68489e-05
-5.54786e-05
6.94676e-07
7.64434e-05
4.52602e-05
7.85931e-05
5.00253e-06
7.32036e-05
3.18541e-05
8.32364e-05
3.67703e-05
9.86511e-05
1.32969e-05
0.000105111
2.61146e-05
0.00020226
-3.81339e-06
0.000201032
5.37499e-05
0.000213728
0.000105185
0.000236827
7.7173e-05
0.000235217
6.67219e-05
0.000231874
9.17328e-05
0.000139744
0.000184865
0.000102474
4.32758e-05
8.97021e-05
8.58408e-08
9.76859e-05
-6.33156e-05
9.82182e-05
-9.27248e-05
8.37018e-05
-4.09623e-05
8.43965e-05
0.00012173
2.8348e-05
0.000128311
-1.57832e-06
0.000140864
1.93009e-05
0.000151923
2.5711e-05
0.000162019
3.20113e-06
0.000166461
2.16721e-05
0.000175276
-1.26275e-05
0.000199545
2.94805e-05
0.000210687
9.40423e-05
0.000211972
7.58879e-05
0.000175175
0.000103519
8.3259e-05
0.000183649
9.35547e-05
0.00017457
7.52222e-05
6.16083e-05
7.24294e-05
2.87865e-06
8.59974e-05
-7.68837e-05
8.80999e-05
-9.48273e-05
9.04111e-05
-4.32734e-05
0.000174808
0.000125738
1.23692e-05
0.000115247
8.91231e-06
0.000119259
1.52892e-05
0.000129265
1.57051e-05
0.000129374
3.09255e-06
0.00014197
9.07566e-06
0.000109187
2.01559e-05
5.3366e-05
8.53014e-05
6.74652e-05
7.99431e-05
4.88672e-05
9.44859e-05
-6.85944e-05
0.000220981
-4.86602e-05
0.000163715
-4.64693e-06
0.000130557
4.73926e-05
9.56883e-06
9.31752e-05
-4.2904e-05
8.88241e-05
-7.25325e-05
8.0176e-05
-8.61792e-05
6.65187e-05
-2.96162e-05
0.000241326
0.000115314
2.76382e-05
7.04168e-05
5.38094e-05
7.54976e-05
1.02084e-05
7.09225e-05
2.02803e-05
6.04325e-05
1.35826e-05
4.79881e-05
2.15201e-05
3.09022e-05
3.72418e-05
3.13246e-05
8.48791e-05
2.40378e-05
8.723e-05
-1.56515e-05
0.000134175
-5.56043e-05
0.000260934
-7.65095e-05
0.00018462
-1.26507e-05
6.66978e-05
6.25772e-06
-9.33963e-06
5.27998e-05
-8.94461e-05
8.18993e-05
-0.000101632
0.000123386
-0.000127666
6.44175e-05
2.9352e-05
0.000305744
9.90541e-05
1.84291e-05
0.000151929
9.34989e-07
0.000143256
1.88808e-05
0.000128771
3.47659e-05
0.000108173
3.41799e-05
9.36523e-05
3.60413e-05
7.35617e-05
5.73325e-05
6.63117e-05
9.21291e-05
1.81911e-05
0.000135351
-4.04288e-07
0.000152771
-2.86861e-05
0.000289216
-1.89313e-05
0.000174865
-8.35955e-06
5.6126e-05
1.10932e-05
-2.87924e-05
5.02341e-05
-0.000128587
2.7799e-05
-7.91969e-05
-8.83172e-05
-1.15494e-05
-0.000140467
8.15013e-05
0.000165277
0.000143186
-3.24559e-05
0.000156124
-1.20026e-05
0.000171553
3.45189e-06
0.000163781
4.25377e-05
0.000133792
6.41689e-05
9.31731e-05
7.66603e-05
8.25819e-05
6.79238e-05
6.98482e-05
0.000104863
6.6567e-05
0.000138632
4.62628e-05
0.000173075
5.21704e-05
0.000283308
3.47587e-05
0.000192277
5.42956e-06
8.54551e-05
-1.07174e-05
-1.26455e-05
6.95828e-06
-0.000146263
-3.8903e-05
-3.33356e-05
-0.000204383
0.000153931
-0.000215811
9.29291e-05
-5.05336e-05
0.000212337
-6.8371e-05
0.000219524
-1.91897e-05
0.000194588
2.8388e-05
8.66638e-05
0.000150462
7.1864e-05
7.89687e-05
9.87892e-05
4.97353e-05
8.82937e-05
7.84193e-05
7.48447e-05
0.000118312
7.3902e-05
0.000139575
0.000137222
0.000109755
0.00018403
0.0002365
0.000184453
0.000191854
0.000129433
0.000140475
5.33889e-05
6.33989e-05
3.62451e-06
-9.64982e-05
-4.01657e-05
1.04546e-05
-8.93449e-05
0.00020311
-7.95564e-05
8.31407e-05
-0.00013009
0.000140545
-9.1759e-05
0.000176981
-5.56254e-05
0.000199359
6.00965e-06
0.000290095
5.97265e-05
0.000198551
0.000170513
0.000131851
0.000116435
0.00013707
7.32008e-05
0.000115092
0.00014029
0.000126993
0.000127674
0.000139969
9.67793e-05
0.000179629
0.000196839
0.000186788
0.000184696
0.000161114
0.000166148
8.21583e-05
0.000142355
1.78874e-05
-3.22272e-05
1.06651e-05
1.76769e-05
-3.0875e-05
0.00024465
-2.59278e-05
7.81936e-05
-0.000156018
0.000150485
-7.14344e-05
0.000182171
-8.73109e-05
0.000198381
-1.02004e-05
0.000158634
9.94732e-05
0.000230991
9.81555e-05
0.000191435
0.000155991
9.1046e-05
0.00017359
6.6922e-05
0.000164414
0.000125893
6.87034e-05
0.000103918
0.000118754
0.000143767
0.00015699
0.000159793
0.00016867
0.000145531
0.00018041
9.38134e-05
0.000194073
5.73285e-05
4.25773e-06
4.3401e-05
3.16045e-05
1.6961e-05
0.00027109
-4.90454e-07
9.5645e-05
-0.000156508
0.000174535
-3.22396e-05
0.000220804
-0.00013358
0.000262678
-5.2074e-05
0.000364368
-2.21636e-06
0.000292146
0.000170377
0.00026087
0.000187267
0.000236436
0.000198024
0.000213874
0.000186976
0.000110022
0.000172556
0.000122583
0.000106193
0.00012153
0.000158044
0.000136453
0.000153746
0.000132273
0.00018459
0.000117613
0.000208734
9.90124e-05
2.28579e-05
5.7374e-05
7.3243e-05
6.49088e-05
0.000263555
1.84589e-05
0.000142095
-0.000138049
0.000293531
-8.35142e-05
0.000219106
-5.91553e-05
0.000271389
-0.000104357
0.000210009
5.91637e-05
0.000229691
0.000150695
0.000237473
0.000179485
0.000216636
0.000218861
0.000185512
0.0002181
0.000196956
0.000161112
0.000102107
0.000201041
0.000114722
0.000145428
0.000108262
0.000160207
0.000118444
0.000174407
0.000126791
0.000200387
0.000103164
4.64852e-05
4.78076e-05
0.000128599
6.78225e-05
0.00024354
5.27331e-05
0.000157184
-8.53163e-05
0.000335294
-0.00012109
0.000395354
-0.000119216
0.000301341
-1.03438e-05
0.000231831
0.000128674
0.000287379
9.51466e-05
0.000155535
0.000311329
0.000194618
0.000179778
0.000123131
0.000289587
8.08991e-05
0.000203344
0.000115716
0.000166225
0.000108125
0.000153019
0.000110525
0.000157806
0.000141353
0.00014358
0.000154093
0.000187647
9.86516e-05
0.000101927
3.01699e-05
0.000197081
4.66406e-05
0.00022707
5.3931e-05
0.000149894
-3.13852e-05
0.000326881
-0.000113056
0.000281198
-7.3533e-05
0.00030363
-3.27756e-05
0.000245521
0.000186782
0.0001466
0.000194068
0.000179785
0.000278144
0.000203854
0.000155709
0.000211702
0.000281738
0.00017214
0.000242907
9.02784e-05
0.000248086
5.74044e-05
0.000185893
7.06278e-05
0.000144583
7.77881e-05
0.000136419
4.12134e-05
0.000224222
-3.91365e-05
0.000182277
-7.63745e-05
0.000234319
1.90295e-05
0.000131666
4.26779e-05
0.000126245
1.12927e-05
0.000317234
-0.000117465
0.000374636
-0.000130935
0.000307935
3.39255e-05
0.000217404
0.000277313
0.000181675
0.000229797
0.000284371
0.000175448
0.000266498
0.000173582
0.000246501
0.000301736
7.4409e-05
0.000414998
5.57093e-06
0.000316924
-7.58931e-05
0.000267357
-3.72724e-05
0.000105962
-2.05743e-05
0.000119721
-3.77724e-05
0.00024142
-7.13013e-05
0.000215806
-5.17744e-05
0.000214792
-1.49514e-05
9.48425e-05
3.44051e-05
7.68888e-05
4.56978e-05
0.000354567
-0.000148785
0.000288613
-6.49809e-05
0.000316102
6.43611e-06
0.00051958
7.3836e-05
0.000407407
0.00034197
0.000329298
0.000253556
0.000258324
0.000244556
0.000143263
0.000416797
3.42535e-05
0.000524007
-0.000111441
0.000462618
-5.34799e-05
0.000209396
-8.36176e-05
0.0001361
-8.07632e-05
0.000116867
-7.51641e-05
0.000235821
-8.27869e-05
0.000223428
-7.89102e-05
0.000210915
-2.90078e-05
4.49401e-05
1.47487e-05
3.31323e-05
6.04466e-05
0.000349345
-0.000117004
0.00026986
1.45034e-05
0.000296737
-2.04403e-05
0.00028459
8.5983e-05
0.000469891
0.000156669
0.000384187
0.00033926
0.000289389
0.000339354
0.000125099
0.000581087
2.50179e-05
0.000624088
-3.21828e-05
0.000519819
-0.000132331
0.000309544
-0.000118767
0.000122536
-0.000102566
0.000100666
-7.64769e-05
0.000209731
-6.68665e-05
0.000213818
-6.77529e-05
0.000211802
-3.18376e-05
9.02478e-06
-2.99824e-06
4.29294e-06
5.74483e-05
0.000211216
-8.90766e-05
0.000360853
-0.000135133
0.000407448
-6.70359e-05
0.000407217
8.62138e-05
0.000309262
0.000254625
0.000265708
0.000382813
0.000161612
0.00044345
4.70698e-05
0.000695629
-0.000112196
0.000783354
-9.35595e-05
0.000501183
-9.19507e-05
0.000307935
-0.000115993
0.000146579
-0.00016468
0.000149352
-7.21638e-05
0.000117215
-2.47286e-05
0.000166383
1.58934e-05
0.00017118
1.59843e-05
8.93385e-06
1.11984e-05
9.07884e-06
6.86467e-05
0.000174709
-0.000106239
0.000341986
-0.00030241
0.000420346
-0.000145396
0.000356842
0.000149718
0.000191266
0.000420201
0.00010946
0.00046462
1.68434e-05
0.000536067
-5.33853e-05
0.000765858
-0.000124494
0.000854463
-0.000207083
0.000583772
-0.000206847
0.000307699
-0.000251262
0.000190994
-0.000229395
0.000127486
-0.000165461
5.32806e-05
-4.75381e-05
4.84602e-05
5.21423e-05
7.14993e-05
0.000139799
-7.87231e-05
5.81239e-05
9.07541e-05
0.000126771
0.000149653
-0.000268254
0.000210486
-0.000363243
0.000182643
-0.000117554
0.000229132
0.000103229
0.000173174
0.00047616
9.97041e-06
0.000627824
-8.12701e-05
0.000627308
-0.000141857
0.000826445
-0.000129276
0.000841882
-0.000157383
0.000611879
-0.000220938
0.000371254
-0.000200418
0.000170474
-0.000150929
7.79971e-05
-0.000193441
9.5793e-05
-0.000132412
-1.25692e-05
-4.35001e-05
-1.74124e-05
1.71219e-05
-0.000139345
5.7324e-05
5.0552e-05
0.000184095
-8.09614e-05
-0.000218273
-2.64766e-05
-0.000417727
6.63536e-05
-0.000210384
6.16474e-05
0.000107936
1.82551e-05
0.000519552
-0.000323687
0.000969766
-0.000350938
0.000654558
-0.000258644
0.000734151
-0.000122939
0.000706177
-0.000160427
0.000649366
-0.000214259
0.000425086
-0.000239836
0.000196051
-0.000198254
3.64153e-05
-0.000114383
1.19212e-05
-0.000146851
1.98989e-05
-8.51829e-05
-7.90801e-05
-5.74873e-05
-0.000167041
-2.17955e-07
-6.71734e-06
0.000183877
-0.000132369
-0.000199824
-0.000244969
-0.000305127
-0.000228998
-0.000226356
-0.000219426
9.83639e-05
-0.00021593
0.000516056
-0.0001805
0.000934337
-0.000431319
0.000905376
-0.000328954
0.000631787
-0.000221496
0.00059872
-0.000167079
0.000594949
-0.000178892
0.000436898
-0.000221086
0.000238246
-0.000212788
2.81172e-05
-0.000183593
-1.7274e-05
-9.72848e-05
-6.64091e-05
-8.67932e-05
-8.95717e-05
-0.000113903
-0.00013993
-2.18882e-05
-9.87327e-05
0.000161989
-0.000208546
-0.000184946
-0.00041334
-0.000100332
-0.000455419
-0.000184276
-0.000459503
0.000102448
-0.000410932
0.000467484
-0.000253137
0.000776542
-0.000253832
0.000906072
-0.000249161
0.000627115
-0.000241525
0.000591084
-0.000254049
0.000607473
-0.000171544
0.000354393
-0.000150133
0.000216835
-0.000231272
0.000109257
-0.000216358
-3.21881e-05
-0.000144419
-0.000138348
-0.000140113
-9.38778e-05
-0.00015856
-0.000121483
-9.36905e-05
-0.000163602
6.8298e-05
-0.000262544
-0.000113718
-0.00030815
-5.47265e-05
-0.000544319
5.18928e-05
-0.000546059
0.000104188
-0.000521181
0.000442605
-0.000473506
0.000728867
-0.00035887
0.000791436
-0.000231608
0.000499853
-0.000215927
0.000575404
-0.00015605
0.000547596
-0.000183603
0.000381946
-9.57708e-05
0.000129002
-9.24159e-05
0.000105902
-9.22056e-05
-3.23983e-05
-9.84957e-05
-0.000132058
-8.85118e-05
-0.000103862
-0.000117043
-9.29521e-05
-0.000160916
-0.000119729
-9.26176e-05
-0.000285684
-2.93889e-05
-0.000344466
4.05549e-06
-0.000362033
6.94594e-05
-0.000495406
0.000237561
-0.000459163
0.000406362
-0.000253653
0.000523357
-0.000161513
0.000699297
-1.90541e-05
0.000357394
-0.000183712
0.000740061
-9.33043e-05
0.000457188
-2.18657e-05
0.000310507
9.974e-06
9.71626e-05
3.54144e-05
8.04616e-05
3.13373e-05
-2.83212e-05
-4.22225e-05
-5.84985e-05
-3.99389e-05
-0.000106145
-1.51364e-05
-0.000117755
1.40519e-05
-0.000148918
-7.85657e-05
-0.000279038
1.99955e-05
-0.000319515
4.4532e-05
-0.000347387
9.73314e-05
-0.000468346
0.00035852
-0.000460338
0.000398355
-0.000190487
0.000253507
-7.57289e-05
0.000584538
-1.08771e-05
0.000292543
2.42641e-05
0.00070492
3.13835e-05
0.000450069
8.7943e-05
0.000253948
0.000102742
8.23639e-05
0.000153631
2.95721e-05
0.000111609
1.37011e-05
0.000137584
-8.44738e-05
4.14988e-05
-1.00595e-05
6.68303e-05
-0.000143086
4.04173e-05
-0.000122505
-3.81484e-05
-0.00023268
6.34933e-05
-0.000279863
9.17155e-05
-0.000304747
0.000122215
-0.000284156
0.00033793
-0.000270756
0.000384954
-0.000399086
0.000381837
-0.000109354
0.000294805
-9.0889e-05
0.000274078
4.13812e-05
0.000572649
0.000244445
0.000247005
0.00019228
0.000306113
0.000255676
1.8968e-05
0.000264935
2.0313e-05
0.000291688
-1.30516e-05
0.000203606
3.60831e-06
0.000254249
-6.0703e-05
0.000142239
-3.10759e-05
4.89168e-05
-2.91822e-05
1.07684e-05
-0.000236253
0.000126002
-0.000296507
0.000151969
-0.000479051
0.000304759
-0.000473993
0.000332871
-0.000305316
0.000216277
-0.000224244
0.000300765
-0.000239711
0.000310272
-0.000190565
0.000224932
4.7623e-05
0.000334461
0.00014756
0.000147067
0.000347622
0.000106051
0.00023912
0.000127471
0.000300602
-4.11694e-05
0.000291867
-4.31691e-06
0.000248202
4.72736e-05
0.00021395
-2.64511e-05
0.000147884
3.49902e-05
9.76054e-05
2.10961e-05
0.000108374
-0.000237212
0.000158602
-0.000266603
0.00018136
-0.000267583
0.000305739
-0.000260591
0.000325879
-0.000261149
0.000216835
-0.000228346
0.000267961
-0.000175711
0.000257637
-0.000171134
0.000220355
3.73722e-05
0.000125955
9.65356e-05
8.79039e-05
0.0001181
8.4487e-05
0.000223448
2.21229e-05
0.000144583
3.76956e-05
0.000127779
1.2487e-05
0.000187494
-1.24415e-05
0.000124991
3.60514e-05
0.000165021
-5.03961e-06
0.000126036
6.00812e-05
0.00023441
-0.000229124
0.000140483
-0.000227931
0.000180167
-0.000240089
0.000317898
-0.000295183
0.000380973
-0.000276963
0.000198614
-0.000175399
0.000166397
-8.93564e-05
0.000171595
5.06524e-06
0.000125934
5.79078e-05
7.31122e-05
9.27785e-05
5.30333e-05
0.000114156
6.31096e-05
0.000122857
1.34214e-05
0.000135945
2.46083e-05
0.000138182
1.02494e-05
0.000213689
-8.79483e-05
0.000207632
4.21081e-05
0.000179623
2.29698e-05
7.75604e-05
0.000162144
0.00031197
-0.000201328
0.000172505
-0.000207257
0.000186095
-0.000181875
0.000292516
-0.000122313
0.000321412
-8.77155e-05
0.000164017
-3.8928e-05
0.00011761
1.68126e-05
0.000115854
5.57099e-05
8.70365e-05
7.688e-05
5.19421e-05
0.000106662
2.32511e-05
0.000134214
3.55573e-05
0.000150359
-2.72358e-06
0.000167285
7.68274e-06
0.000277318
-9.97834e-05
0.000246595
-5.7225e-05
0.000211249
7.74541e-05
0.00012709
0.000107128
4.15181e-05
0.000247716
0.000353489
-0.000161503
0.000177889
-0.000211521
0.000236113
-0.000132067
0.000213063
-1.28569e-05
0.000202202
2.47462e-05
0.000126414
3.12221e-05
0.000111134
4.29863e-05
0.00010409
6.33161e-05
6.67067e-05
8.64953e-05
2.87629e-05
0.000110339
-5.92391e-07
0.000189315
-4.34189e-05
0.000145194
4.13975e-05
0.000168209
-1.5332e-05
0.000147281
-7.8856e-05
0.000217368
-0.000127312
0.000223667
7.11555e-05
0.000150115
0.00018068
5.10593e-05
0.000346771
0.000404548
-0.000136711
0.00017357
-0.000115518
0.000214919
-7.57897e-05
0.000173335
-3.54526e-05
0.000161865
6.08623e-07
9.03524e-05
9.41745e-06
0.000102325
2.36331e-05
8.98744e-05
4.37965e-05
4.65433e-05
3.92608e-05
3.32987e-05
4.25276e-05
-3.85916e-06
2.85507e-05
-2.9442e-05
5.74304e-05
1.25178e-05
3.44637e-05
7.6348e-06
5.25659e-05
-9.69582e-05
8.12575e-05
-0.000156003
8.83614e-05
6.40516e-05
8.56863e-05
0.000183355
8.26698e-05
0.000349788
0.000487218
-0.000103979
8.43413e-05
-8.61096e-05
0.000197049
-6.25634e-05
0.000149789
-3.81357e-05
0.000137437
-3.67457e-05
8.89624e-05
-3.12097e-05
9.67892e-05
-2.63107e-05
8.49754e-05
-3.57645e-05
5.59972e-05
-3.88999e-05
3.64342e-05
-4.86243e-05
5.86523e-06
-6.08957e-05
-1.71706e-05
-4.47195e-05
-3.65842e-06
-2.08763e-05
-1.62083e-05
-3.48987e-06
-0.000114345
-6.07876e-06
-0.000153414
3.25783e-05
2.53946e-05
1.82045e-05
0.000197728
4.15168e-06
0.000363841
0.000491369
-0.000152163
9.05631e-05
-6.6388e-05
0.000111275
-5.47495e-05
0.00013815
-4.56781e-05
0.000128366
-5.52386e-05
9.85229e-05
-5.86075e-05
0.000100158
-6.21258e-05
8.84938e-05
-7.39622e-05
6.78335e-05
-7.99695e-05
4.24415e-05
-8.68393e-05
1.27351e-05
-8.51426e-05
-1.88673e-05
-6.25284e-05
-2.62726e-05
-2.4396e-05
-5.43408e-05
-3.34726e-06
-0.000135393
-5.67611e-05
-0.0001
3.00392e-05
-6.14058e-05
2.86112e-05
0.000199156
-5.515e-05
0.000447602
0.000436219
-4.8733e-05
-7.10035e-05
-5.82281e-05
-6.11867e-05
-6.72799e-05
-7.54311e-05
-8.24813e-05
-8.97982e-05
-9.04873e-05
-7.55697e-05
-5.03888e-05
-1.38183e-05
1.37516e-05
1.78981e-05
7.62443e-05
0.000272458
0.000469562
0.000301423
)
;

boundaryField
{
    leftWall
    {
        type            calculated;
        value           uniform 0;
    }
    rightWall
    {
        type            calculated;
        value           uniform 0;
    }
    lowerWall
    {
        type            calculated;
        value           uniform 0;
    }
    atmosphere
    {
        type            calculated;
        value           nonuniform List<scalar> 
46
(
-9.6529e-05
-9.70243e-05
-9.69421e-05
-9.6848e-05
-9.66915e-05
-9.64799e-05
-9.63354e-05
-9.59542e-05
-9.56274e-05
-9.58209e-05
-9.50023e-05
-9.64381e-05
-9.39231e-05
-9.84207e-05
-9.58074e-05
-8.55657e-05
-7.05301e-05
-6.26249e-05
-4.68282e-05
-3.86855e-05
-2.77715e-05
1.57405e-05
5.79944e-05
4.06924e-05
4.85247e-05
5.00915e-05
4.63505e-05
9.0513e-05
0.000133545
0.000125375
0.000131324
0.000104616
0.000108309
9.5544e-05
7.51504e-05
4.31307e-05
-2.18256e-06
-4.40481e-05
-6.28432e-05
-8.19106e-05
-0.00013954
-0.000158346
-0.000257619
2.05278e-06
0.000615741
0.000737642
)
;
    }
    defaultFaces
    {
        type            empty;
    }
}


// ************************************************************************* //
