/*--------------------------------*- C++ -*----------------------------------*\
| =========                 |                                                 |
| \\      /  F ield         | foam-extend: Open Source CFD                    |
|  \\    /   O peration     | Version:     4.1                                |
|   \\  /    A nd           | Web:         http://www.foam-extend.org         |
|    \\/     M anipulation  |                                                 |
\*---------------------------------------------------------------------------*/
FoamFile
{
    version     2.0;
    format      ascii;
    class       volVectorField;
    location    "0.4";
    object      U_0;
}
// * * * * * * * * * * * * * * * * * * * * * * * * * * * * * * * * * * * * * //

dimensions      [0 1 -1 0 0 0 0];

internalField   nonuniform List<vector> 
2268
(
(0.042515 -0.00590087 0)
(0.0519543 -0.00440046 0)
(0.117135 -0.00759783 0)
(0.175606 -0.00448562 0)
(0.20736 -0.00333266 0)
(0.273357 -0.00817858 0)
(0.289992 -0.00369873 0)
(0.366172 -0.00274646 0)
(0.369052 -0.00577458 0)
(0.424328 -0.0358706 0)
(0.373909 -0.0381904 0)
(0.318986 0.00953605 0)
(0.369074 0.00353391 0)
(0.356138 0.00294162 0)
(0.354832 0.00491607 0)
(0.348181 0.00161199 0)
(0.336392 0.0115868 0)
(0.318548 0.00954831 0)
(0.301812 -0.00122731 0)
(0.275807 0.00703722 0)
(0.220355 0.0228523 0)
(0.155935 0.0133799 0)
(0.0649715 0.0330173 0)
(0.0418696 -0.0164302 0)
(0.0531592 -0.013139 0)
(0.121336 -0.0219585 0)
(0.174714 -0.0163577 0)
(0.207385 -0.020424 0)
(0.276448 -0.0106818 0)
(0.295171 -0.0190426 0)
(0.37174 -0.0165061 0)
(0.367726 -0.00669248 0)
(0.44476 0.0326853 0)
(0.350902 -0.0954374 0)
(0.307025 -0.0200499 0)
(0.351493 -0.00984855 0)
(0.341946 -0.00256591 0)
(0.343752 0.00526895 0)
(0.34057 0.00651899 0)
(0.329917 0.00876733 0)
(0.304896 0.0219682 0)
(0.297191 0.0215153 0)
(0.275759 0.0313365 0)
(0.21832 0.0336447 0)
(0.16242 0.0610007 0)
(0.0397249 0.0720377 0)
(0.0388161 -0.0283776 0)
(0.0529111 -0.0230993 0)
(0.12574 -0.0365605 0)
(0.165912 -0.0242765 0)
(0.206008 -0.0281696 0)
(0.281119 -0.0286403 0)
(0.300665 -0.0267596 0)
(0.366999 -0.0211362 0)
(0.398222 -0.0226319 0)
(0.379887 -0.0508461 0)
(0.315238 -0.117966 0)
(0.299058 -0.0358362 0)
(0.344418 -0.0141672 0)
(0.331 -0.00138655 0)
(0.328696 0.0024588 0)
(0.322343 0.0201437 0)
(0.312867 0.0168833 0)
(0.296536 0.0346488 0)
(0.286492 0.0455081 0)
(0.264944 0.0488994 0)
(0.220024 0.0727359 0)
(0.164418 0.0983346 0)
(0.0671333 0.126012 0)
(0.0344054 -0.0380846 0)
(0.0537873 -0.0336197 0)
(0.129382 -0.049032 0)
(0.159334 -0.0349133 0)
(0.214725 -0.048249 0)
(0.282622 -0.0318047 0)
(0.302636 -0.0410464 0)
(0.376704 -0.0416011 0)
(0.313514 -0.036134 0)
(0.290119 -0.0874931 0)
(0.281828 -0.0771358 0)
(0.256533 -0.0143437 0)
(0.270937 -0.0118471 0)
(0.256636 0.00241039 0)
(0.261837 0.0108466 0)
(0.255456 0.0224335 0)
(0.244329 0.0218819 0)
(0.23652 0.0446368 0)
(0.229625 0.0486069 0)
(0.220957 0.0622373 0)
(0.185603 0.0810603 0)
(0.162752 0.134845 0)
(0.0521238 0.180911 0)
(0.0277036 -0.0492546 0)
(0.0535784 -0.0454776 0)
(0.129838 -0.0615431 0)
(0.161257 -0.0439367 0)
(0.21666 -0.0581762 0)
(0.267448 -0.0500445 0)
(0.294403 -0.0486508 0)
(0.375474 -0.0214274 0)
(0.286662 -0.112646 0)
(0.256069 -0.0603231 0)
(0.250387 -0.0770849 0)
(0.234608 -0.0355161 0)
(0.256242 -0.0135707 0)
(0.238516 5.56878e-05 0)
(0.233851 0.0100612 0)
(0.21706 0.0110891 0)
(0.216798 0.0229585 0)
(0.199664 0.0476767 0)
(0.191277 0.0582134 0)
(0.188864 0.0733703 0)
(0.155125 0.0973737 0)
(0.153205 0.159599 0)
(0.085328 0.227898 0)
(0.0227716 -0.057204 0)
(0.0584804 -0.0576963 0)
(0.132679 -0.0749114 0)
(0.161797 -0.055493 0)
(0.207371 -0.0741892 0)
(0.252715 -0.0484696 0)
(0.313062 -0.0733642 0)
(0.274566 -0.0460282 0)
(0.233356 -0.114995 0)
(0.2369 -0.0699115 0)
(0.244817 -0.0690412 0)
(0.231466 -0.0271333 0)
(0.243996 -0.0102973 0)
(0.224974 0.0101828 0)
(0.221141 0.0146556 0)
(0.209232 0.0306418 0)
(0.20292 0.0293844 0)
(0.193312 0.0695034 0)
(0.189045 0.0536413 0)
(0.184519 0.0811477 0)
(0.13776 0.0994147 0)
(0.155227 0.172184 0)
(0.0667807 0.292127 0)
(0.021213 -0.0685549 0)
(0.0647766 -0.0713786 0)
(0.125848 -0.0857031 0)
(0.147882 -0.0610783 0)
(0.207534 -0.0803259 0)
(0.244611 -0.0793174 0)
(0.266422 -0.0443099 0)
(0.24313 -0.116354 0)
(0.221019 -0.10671 0)
(0.229977 -0.0685222 0)
(0.242566 -0.0679674 0)
(0.235464 -0.0357456 0)
(0.248892 -0.00914165 0)
(0.227543 0.00961552 0)
(0.226094 0.0136756 0)
(0.212543 0.0185251 0)
(0.21791 0.0328857 0)
(0.195987 0.0592169 0)
(0.187934 0.0688317 0)
(0.192455 0.0986339 0)
(0.148787 0.114366 0)
(0.184414 0.193717 0)
(0.111382 0.332616 0)
(0.0266412 -0.0771635 0)
(0.06859 -0.0821878 0)
(0.124733 -0.0952488 0)
(0.142723 -0.0781925 0)
(0.199607 -0.101013 0)
(0.24628 -0.0542435 0)
(0.208734 -0.0908103 0)
(0.215892 -0.12727 0)
(0.219644 -0.111901 0)
(0.230582 -0.0810627 0)
(0.255578 -0.0725117 0)
(0.250505 -0.0357109 0)
(0.258593 -0.00713788 0)
(0.231853 0.0222757 0)
(0.226576 0.027703 0)
(0.228647 0.0441801 0)
(0.233295 0.0291379 0)
(0.222511 0.0294274 0)
(0.222083 0.0378122 0)
(0.200516 0.108862 0)
(0.179247 0.0991244 0)
(0.188883 0.257716 0)
(0.102062 0.375666 0)
(0.140893 -0.0564614 0)
(0.284303 -0.0776745 0)
(0.585699 -0.237366 0)
(0.870559 -0.190008 0)
(1.105 -0.128297 0)
(1.35804 -0.124457 0)
(1.42555 -0.0593292 0)
(1.38428 -0.100661 0)
(1.3776 -0.0932159 0)
(1.34001 -0.00613093 0)
(1.12074 0.15834 0)
(-1.19388 0.189319 0)
(-1.67886 0.295733 0)
(-2.11308 0.0322186 0)
(-2.56447 0.227551 0)
(-2.82818 0.0656941 0)
(-2.60861 -0.11786 0)
(-2.27988 -0.0583145 0)
(-0.956195 -0.406239 0)
(0.0417366 -0.137664 0)
(0.193734 -0.117381 0)
(0.422104 -0.267706 0)
(0.624278 -0.0761837 0)
(0.771383 -0.0817568 0)
(0.942915 0.0443753 0)
(1.31285 0.0637707 0)
(1.34963 0.100178 0)
(1.32664 0.114631 0)
(1.1744 0.234018 0)
(0.446337 0.57363 0)
(-2.0054 1.06377 0)
(-2.12334 0.504272 0)
(-2.49124 0.184115 0)
(-3.03128 0.0651303 0)
(-3.27516 -0.0106868 0)
(-2.47668 -0.0261068 0)
(-1.95066 -0.539713 0)
(-0.959709 -1.16532 0)
(-0.0178934 -0.149004 0)
(0.36425 -0.237881 0)
(0.902125 -0.21066 0)
(0.864275 -0.282414 0)
(0.80873 -0.228963 0)
(1.02738 0.0790639 0)
(1.10553 -0.0815106 0)
(1.17881 -0.113861 0)
(0.831173 0.00174078 0)
(0.33245 0.368652 0)
(-1.66063 1.49603 0)
(-2.39964 1.66332 0)
(-2.32241 0.455 0)
(-2.4372 0.0103783 0)
(-2.72337 -0.374404 0)
(-3.10524 0.00642603 0)
(-2.64803 0.346445 0)
(-1.43012 -0.703958 0)
(-0.301365 -1.83768 0)
(-0.0138821 -0.265089 0)
(0.34718 -0.471926 0)
(0.826933 -0.302483 0)
(0.941389 -0.413021 0)
(1.02679 0.0277951 0)
(0.950474 -0.410325 0)
(1.03625 -0.143333 0)
(0.756695 0.148026 0)
(-0.406629 0.855956 0)
(-1.42732 1.07072 0)
(-2.36297 1.68862 0)
(-2.42685 1.93804 0)
(-2.4782 0.671586 0)
(-2.2387 0.000605883 0)
(-2.29956 -0.421285 0)
(-2.29487 -0.189022 0)
(-1.78935 -0.301158 0)
(-1.15545 -0.919817 0)
(-0.151445 -2.34465 0)
(0.0406934 -0.202447 0)
(0.189602 -0.998769 0)
(0.181828 -0.190014 0)
(0.191424 -0.317234 0)
(0.575037 -0.15878 0)
(0.105516 -0.62419 0)
(0.196054 0.116522 0)
(-0.46833 0.443829 0)
(-1.6452 1.2966 0)
(-2.33971 1.35885 0)
(-2.50443 1.86451 0)
(-2.31573 1.69221 0)
(-2.40914 0.625002 0)
(-2.04603 -0.161478 0)
(-1.96039 -0.471634 0)
(-1.79845 -0.316712 0)
(-1.8111 -0.226397 0)
(-1.08148 -1.10842 0)
(-0.133884 -2.48929 0)
(-0.0833241 -0.477482 0)
(0.0639617 -1.22167 0)
(0.0455997 -0.277525 0)
(-0.0224502 -0.240823 0)
(-0.0977621 0.0260963 0)
(-0.48366 -0.158494 0)
(-0.830396 0.273271 0)
(-1.4129 0.745993 0)
(-2.04676 1.12598 0)
(-2.43428 1.61723 0)
(-2.41578 1.98786 0)
(-1.94707 1.06286 0)
(-1.73506 0.488303 0)
(-1.35988 -0.0861411 0)
(-1.2157 -0.371289 0)
(-1.03948 -0.610907 0)
(-0.741174 -0.497679 0)
(-0.781093 -1.14151 0)
(0.140684 -2.64272 0)
(-0.0614492 -0.568999 0)
(-0.0457005 -1.23196 0)
(-0.0846124 -0.169502 0)
(-0.173759 -0.2256 0)
(-0.665201 -0.127777 0)
(-0.928283 0.106485 0)
(-1.40002 0.549604 0)
(-1.73395 0.793858 0)
(-2.01341 0.919207 0)
(-2.2736 1.70394 0)
(-2.1487 1.99393 0)
(-1.37655 0.867537 0)
(-0.635232 -0.0492431 0)
(-0.66785 -0.230678 0)
(-0.573684 -0.302084 0)
(-0.730516 -0.467164 0)
(-0.200857 -0.659133 0)
(-0.334088 -1.14263 0)
(0.393573 -2.84642 0)
(-0.127519 -0.487736 0)
(-0.0963433 -1.33113 0)
(-0.189866 -0.176003 0)
(-0.478566 -0.0927579 0)
(-0.873595 0.0359317 0)
(-1.10559 0.441253 0)
(-1.59424 0.716215 0)
(-1.75587 0.816689 0)
(-1.85918 1.00047 0)
(-1.88033 1.69783 0)
(-1.63828 1.86306 0)
(-0.140013 0.417425 0)
(0.191867 0.477274 0)
(-0.313891 -0.162939 0)
(0.056381 -0.487571 0)
(-0.119959 -0.503717 0)
(0.0869687 -0.656545 0)
(-0.177541 -1.31737 0)
(0.560931 -2.56249 0)
(0.0314677 -0.0988125 0)
(0.0595833 -0.101369 0)
(0.115186 -0.109701 0)
(0.129115 -0.0730216 0)
(0.210507 -0.105881 0)
(0.178201 -0.115783 0)
(0.181436 -0.135906 0)
(0.216421 -0.12766 0)
(0.221088 -0.108271 0)
(0.244412 -0.0880259 0)
(0.266953 -0.0716077 0)
(0.267597 -0.0339528 0)
(0.283082 0.00656011 0)
(0.258285 0.0256816 0)
(0.264115 0.0590953 0)
(0.23069 0.0634227 0)
(0.220785 0.0586247 0)
(0.218254 0.0774307 0)
(0.252828 0.0328698 0)
(0.216244 0.126726 0)
(0.257041 0.140757 0)
(0.306002 0.308517 0)
(0.20338 0.431167 0)
(0.0381922 -0.115008 0)
(0.0485627 -0.118629 0)
(0.128471 -0.124762 0)
(0.11522 -0.136212 0)
(0.124612 -0.12825 0)
(0.162017 -0.171663 0)
(0.184521 -0.138454 0)
(0.205462 -0.154712 0)
(0.250433 -0.148566 0)
(0.280777 -0.127879 0)
(0.309621 -0.102378 0)
(0.316873 -0.0556519 0)
(0.322163 -0.00493624 0)
(0.30588 0.0433497 0)
(0.272778 0.0679473 0)
(0.262697 0.0513116 0)
(0.277336 0.0683487 0)
(0.217348 0.0663627 0)
(0.251543 0.0700294 0)
(0.357268 0.125647 0)
(0.353556 0.214893 0)
(0.36053 0.289656 0)
(0.384196 0.311117 0)
(0.0266255 -0.142822 0)
(0.0429962 -0.148348 0)
(0.0805913 -0.145525 0)
(0.108176 -0.177953 0)
(0.123718 -0.159781 0)
(0.15403 -0.173139 0)
(0.17746 -0.179286 0)
(0.22484 -0.197049 0)
(0.298227 -0.184444 0)
(0.32224 -0.150922 0)
(0.351817 -0.108327 0)
(0.344631 -0.0499184 0)
(0.360804 0.0178355 0)
(0.299217 0.0756818 0)
(0.285353 0.0551206 0)
(0.259148 0.0496024 0)
(0.258064 0.0497686 0)
(0.241409 0.0494316 0)
(0.279211 0.118681 0)
(0.319857 0.0945091 0)
(0.370552 0.147034 0)
(0.367017 0.160808 0)
(0.360899 0.240691 0)
(0.0533096 -0.186812 0)
(0.0451582 -0.172039 0)
(0.0903554 -0.191508 0)
(0.0955698 -0.175783 0)
(0.122219 -0.174796 0)
(0.159589 -0.222464 0)
(0.20667 -0.212816 0)
(0.234754 -0.270354 0)
(0.242125 -0.243396 0)
(0.252451 -0.182363 0)
(0.289236 -0.125584 0)
(0.287177 -0.0622871 0)
(0.225822 0.0538308 0)
(0.215433 0.128426 0)
(0.228382 0.101802 0)
(0.217366 0.0784947 0)
(0.209445 0.0820352 0)
(0.233278 0.0508206 0)
(0.286518 0.0801676 0)
(0.358195 0.0517033 0)
(0.386224 0.126335 0)
(0.421764 0.114725 0)
(0.399077 0.169711 0)
(0.00472153 -0.236318 0)
(-0.0352079 -0.185597 0)
(-0.00710774 -0.201939 0)
(0.0196052 -0.204515 0)
(0.0732644 -0.225776 0)
(0.0707011 -0.247949 0)
(0.0577721 -0.24902 0)
(0.0197619 -0.243072 0)
(-0.0268027 -0.207725 0)
(-0.0767117 -0.193473 0)
(-0.091957 -0.136415 0)
(-0.0828131 0.0109706 0)
(-0.0624732 0.111456 0)
(0.0687141 0.0821662 0)
(0.0905492 0.0501816 0)
(0.174054 0.0698422 0)
(0.129652 0.043132 0)
(0.0951553 -0.0322554 0)
(0.164362 -0.131481 0)
(0.473181 0.00389362 0)
(0.443753 0.0885219 0)
(0.400756 0.135176 0)
(0.400577 0.15286 0)
(-0.00911366 -0.171069 0)
(-0.0482782 -0.165432 0)
(-0.0190012 -0.243113 0)
(0.0119644 -0.256512 0)
(0.064627 -0.237226 0)
(0.0529136 -0.214473 0)
(0.0321134 -0.174202 0)
(-0.00986028 -0.182784 0)
(-0.0547825 -0.166409 0)
(-0.127171 -0.125928 0)
(-0.131262 -0.106809 0)
(-0.100968 -0.0881719 0)
(-0.0122774 -0.10852 0)
(0.0775807 0.0188178 0)
(0.0975238 -0.00693896 0)
(0.17948 0.0440545 0)
(0.16229 0.151981 0)
(0.300558 0.154859 0)
(0.159143 -0.0727039 0)
(0.244557 -0.0999272 0)
(0.214408 -0.239126 0)
(0.41307 0.136118 0)
(0.380992 0.178054 0)
(-0.00760805 -0.166589 0)
(-0.0104158 -0.1709 0)
(-0.00815874 -0.256037 0)
(0.0377345 -0.292346 0)
(0.0509903 -0.258591 0)
(0.0481887 -0.206945 0)
(0.0308927 -0.169549 0)
(0.0108227 -0.170798 0)
(-0.00935799 -0.148279 0)
(-0.0206928 -0.147921 0)
(-0.0335344 -0.0386596 0)
(0.00842906 -0.114165 0)
(0.0278765 -0.0687518 0)
(0.0539394 -0.0796174 0)
(0.0695599 -0.0600771 0)
(0.147973 -0.0085403 0)
(0.144953 0.00867338 0)
(0.228943 -0.00192755 0)
(0.207777 -0.189835 0)
(0.29823 -0.204176 0)
(0.206341 0.21669 0)
(0.373714 0.240166 0)
(0.299929 -0.0555573 0)
(-0.00976164 -0.158632 0)
(0.0241884 -0.172203 0)
(0.0223582 -0.286532 0)
(0.071177 -0.314591 0)
(0.0626053 -0.251935 0)
(0.0604622 -0.196356 0)
(0.0549622 -0.146597 0)
(0.0451053 -0.150855 0)
(0.0403584 -0.142974 0)
(0.0264669 -0.126591 0)
(0.041386 -0.127142 0)
(0.0549349 -0.134057 0)
(0.026156 -0.166985 0)
(0.0084551 -0.108048 0)
(0.066226 -0.0993771 0)
(0.100698 -0.0124981 0)
(0.16675 0.014336 0)
(0.18983 0.0220357 0)
(0.227106 -0.0622714 0)
(0.135883 -0.0585745 0)
(0.163001 -0.240277 0)
(0.20838 -0.0726758 0)
(0.237328 0.117897 0)
(-0.0129592 -0.17785 0)
(0.0386933 -0.201995 0)
(0.0316426 -0.302689 0)
(0.0834773 -0.330179 0)
(0.0713571 -0.244616 0)
(0.0617653 -0.194405 0)
(0.0643122 -0.147059 0)
(0.0458172 -0.154886 0)
(0.0581601 -0.119555 0)
(0.032869 -0.156259 0)
(0.0660995 -0.14291 0)
(0.0778169 -0.151921 0)
(0.0779285 -0.191883 0)
(0.0740182 -0.171339 0)
(0.102631 -0.146277 0)
(0.12216 -0.120699 0)
(0.201681 -0.0840767 0)
(0.248726 -0.0633645 0)
(0.236315 -0.0309978 0)
(0.22103 -0.0991242 0)
(0.275828 -0.0172377 0)
(0.539149 0.0481263 0)
(0.382064 0.100043 0)
(-0.00503862 -0.185657 0)
(0.0334127 -0.214092 0)
(0.0364533 -0.336822 0)
(0.0991676 -0.35104 0)
(0.0766806 -0.235893 0)
(0.0712407 -0.189756 0)
(0.0795969 -0.136692 0)
(0.08374 -0.14717 0)
(0.0624163 -0.0948961 0)
(0.0856069 -0.125965 0)
(0.118703 -0.096631 0)
(0.0827359 -0.143958 0)
(0.0835973 -0.170077 0)
(0.113452 -0.147666 0)
(0.106127 -0.167069 0)
(0.140735 -0.104193 0)
(0.266272 -0.127541 0)
(0.299004 -0.00050747 0)
(0.258544 -0.0917829 0)
(0.243211 -0.0689952 0)
(0.259479 -0.0661059 0)
(0.247589 -0.0168007 0)
(0.221661 0.0520197 0)
(-0.00269921 -0.208433 0)
(0.0283171 -0.245472 0)
(0.0460382 -0.371049 0)
(0.0967787 -0.36811 0)
(0.0721677 -0.21549 0)
(0.0667469 -0.19952 0)
(0.0789606 -0.158084 0)
(0.0851303 -0.131588 0)
(0.0877309 -0.117179 0)
(0.0981658 -0.111521 0)
(0.117838 -0.137957 0)
(0.09865 -0.128433 0)
(0.12193 -0.223488 0)
(0.107988 -0.12924 0)
(0.147513 -0.151977 0)
(0.205517 -0.0877532 0)
(0.289603 -0.149108 0)
(0.240861 -0.150713 0)
(0.24311 -0.174309 0)
(0.257275 -0.160057 0)
(0.265713 -0.0169854 0)
(0.562955 0.0149661 0)
(0.473711 -0.00656193 0)
(-0.010886 -0.216685 0)
(0.0333902 -0.254612 0)
(0.0485401 -0.416432 0)
(0.0923067 -0.375997 0)
(0.0523916 -0.209374 0)
(0.0540845 -0.19295 0)
(0.120095 -0.151389 0)
(0.0983489 -0.169805 0)
(0.104174 -0.0960985 0)
(0.125637 -0.167304 0)
(0.150181 -0.0809147 0)
(0.100288 -0.172873 0)
(0.157967 -0.157335 0)
(0.217086 -0.196937 0)
(0.15477 -0.107775 0)
(0.186397 -0.184968 0)
(0.253553 -0.159247 0)
(0.240318 -0.0934408 0)
(0.262041 -0.144566 0)
(0.337522 -0.00520219 0)
(0.500767 -0.0333251 0)
(0.424813 -0.0672521 0)
(0.497693 -0.20562 0)
(0.0089132 -0.229026 0)
(0.0224739 -0.261841 0)
(0.0332821 -0.472445 0)
(0.0827048 -0.387236 0)
(0.0405185 -0.165206 0)
(0.0669028 -0.187455 0)
(0.0627977 -0.178631 0)
(0.0809328 -0.221158 0)
(0.121186 -0.166808 0)
(0.17148 -0.265652 0)
(0.135097 -0.103125 0)
(0.179321 -0.220452 0)
(0.171149 -0.176169 0)
(0.203282 -0.246805 0)
(0.167755 -0.161552 0)
(0.220365 -0.14168 0)
(0.447837 -0.223493 0)
(0.319185 -0.223259 0)
(0.345514 -0.251598 0)
(0.472055 -0.121511 0)
(0.361991 0.0228319 0)
(0.383179 -0.0396527 0)
(0.486926 -0.0535964 0)
(0.0132801 -0.230875 0)
(0.00986735 -0.265766 0)
(0.020508 -0.505816 0)
(0.0770617 -0.370148 0)
(0.0252695 -0.141134 0)
(0.0476978 -0.199194 0)
(0.0681713 -0.234055 0)
(0.0765912 -0.236923 0)
(0.0673231 -0.274086 0)
(0.177384 -0.316106 0)
(0.306448 -0.121896 0)
(0.229822 -0.225315 0)
(0.149453 -0.180997 0)
(0.233495 -0.215052 0)
(0.334181 -0.076326 0)
(0.32893 -0.214557 0)
(0.32398 -0.157943 0)
(0.313484 -0.276017 0)
(0.41234 -0.121345 0)
(0.685052 -0.271495 0)
(0.621984 -0.105699 0)
(0.490827 -0.114133 0)
(0.598565 -0.0349571 0)
(0.0154609 -0.257575 0)
(0.00864055 -0.285072 0)
(0.0358162 -0.537065 0)
(0.0613558 -0.360709 0)
(0.00747113 -0.139185 0)
(0.0478861 -0.219453 0)
(0.0322517 -0.248798 0)
(0.059865 -0.225835 0)
(0.106863 -0.329252 0)
(0.311907 -0.299766 0)
(0.359731 -0.424266 0)
(0.231899 -0.331274 0)
(0.0867666 -0.206557 0)
(0.299522 -0.124243 0)
(0.326039 -0.255896 0)
(0.380559 -0.394088 0)
(0.410141 -0.341595 0)
(0.382163 -0.238891 0)
(0.411082 -0.163795 0)
(0.490921 -0.183308 0)
(0.715708 -0.246735 0)
(0.698311 -0.140748 0)
(0.776198 -0.0594713 0)
(0.00891605 -0.246388 0)
(0.00443975 -0.283037 0)
(0.0287267 -0.554761 0)
(0.0583511 -0.351115 0)
(0.0123336 -0.0938302 0)
(0.0393346 -0.256439 0)
(0.042225 -0.230761 0)
(0.0411526 -0.254561 0)
(0.130332 -0.285188 0)
(0.15419 -0.236184 0)
(0.26539 -0.38711 0)
(0.300092 -0.322841 0)
(0.277271 -0.239752 0)
(0.283914 -0.23816 0)
(0.239912 -0.381572 0)
(0.35677 -0.280901 0)
(0.461865 -0.421456 0)
(0.41485 -0.208793 0)
(0.522098 -0.338409 0)
(0.69807 -0.149232 0)
(0.748407 -0.186503 0)
(0.857285 -0.154304 0)
(0.853273 -0.0464704 0)
(-0.00761003 -0.296943 0)
(-1.91816e-05 -0.33571 0)
(0.0176569 -0.584426 0)
(0.0267842 -0.377176 0)
(-0.00268331 -0.127014 0)
(0.0548836 -0.306348 0)
(0.0173062 -0.258925 0)
(0.0675198 -0.315457 0)
(0.21056 -0.305158 0)
(0.231656 -0.333687 0)
(0.200944 -0.27645 0)
(0.199959 -0.291881 0)
(0.205291 -0.228924 0)
(0.205848 -0.302377 0)
(0.331049 -0.308014 0)
(0.348695 -0.233149 0)
(0.365346 -0.334762 0)
(0.526554 -0.309581 0)
(0.539131 -0.391085 0)
(0.685078 -0.26057 0)
(0.870799 -0.290163 0)
(1.01371 -0.227126 0)
(0.833664 -0.119005 0)
(-0.0207597 -0.184131 0)
(0.0174822 -0.25046 0)
(0.0140627 -0.585172 0)
(0.0359713 -0.256869 0)
(-0.0153345 -0.134122 0)
(0.0467007 -0.215775 0)
(0.0417493 -0.225045 0)
(0.0935661 -0.315577 0)
(0.173557 -0.369415 0)
(0.188191 -0.421853 0)
(0.121078 -0.304226 0)
(0.202926 -0.319746 0)
(0.202647 -0.266256 0)
(0.273693 -0.358763 0)
(0.315247 -0.251323 0)
(0.276217 -0.318208 0)
(0.390521 -0.206813 0)
(0.425316 -0.350725 0)
(0.527965 -0.343747 0)
(0.828302 -0.377448 0)
(0.990818 -0.353868 0)
(1.05848 -0.124293 0)
(0.943131 -0.323394 0)
(-0.0370903 -0.35378 0)
(-0.0927127 -0.468715 0)
(0.00697577 -0.529527 0)
(-0.0333629 -0.467844 0)
(-0.0585949 -0.351849 0)
(0.125071 -0.471783 0)
(-0.0982327 -0.321315 0)
(0.0445219 -0.303486 0)
(0.0926653 -0.353809 0)
(0.222225 -0.441792 0)
(0.13669 -0.417945 0)
(0.169484 -0.410483 0)
(0.143995 -0.421063 0)
(0.328117 -0.358054 0)
(0.38406 -0.323851 0)
(0.357938 -0.222801 0)
(0.440974 -0.277807 0)
(0.424505 -0.377609 0)
(0.483011 -0.38983 0)
(0.71333 -0.374733 0)
(1.19758 -0.441989 0)
(1.13547 -0.472164 0)
(0.900785 -0.411997 0)
(-0.0310118 -0.509337 0)
(0.183261 -0.706492 0)
(0.00118877 -0.782607 0)
(-0.142753 -0.627434 0)
(-0.0223225 -0.532215 0)
(0.0646667 -0.627623 0)
(0.154827 -0.563685 0)
(0.111675 -0.561356 0)
(0.0494907 -0.407587 0)
(0.152288 -0.446932 0)
(0.0820049 -0.464142 0)
(0.156663 -0.345437 0)
(0.277853 -0.435984 0)
(0.449086 -0.346258 0)
(0.381327 -0.605419 0)
(0.154458 -0.388224 0)
(0.331694 -0.521471 0)
(0.381575 -0.451742 0)
(0.544456 -0.44854 0)
(0.895279 -0.393533 0)
(1.04465 -0.510485 0)
(1.21985 -0.636 0)
(1.27984 -0.614754 0)
(-0.0494625 -0.521604 0)
(0.0652349 -0.717922 0)
(-0.0144624 -0.873721 0)
(0.00323803 -0.617678 0)
(-0.00931643 -0.578668 0)
(0.0958961 -0.608718 0)
(0.0412094 -0.65236 0)
(0.0883129 -0.672222 0)
(0.167951 -0.485514 0)
(0.187374 -0.450685 0)
(0.140418 -0.455872 0)
(0.239973 -0.443282 0)
(0.286886 -0.535956 0)
(0.118511 -0.468758 0)
(0.240002 -0.665466 0)
(0.337895 -0.564216 0)
(0.432416 -0.597172 0)
(0.548955 -0.533649 0)
(0.628786 -0.355948 0)
(0.780491 -0.567039 0)
(1.07032 -0.638348 0)
(1.17116 -0.67479 0)
(1.42577 -0.760777 0)
(-0.0485951 -0.510623 0)
(0.064803 -0.750155 0)
(-0.021209 -0.78146 0)
(0.0242949 -0.622673 0)
(-0.000204192 -0.68675 0)
(0.0679391 -0.67616 0)
(-0.00395622 -0.755857 0)
(0.156795 -0.506284 0)
(0.231192 -0.480582 0)
(0.16917 -0.630031 0)
(0.00301703 -0.543971 0)
(0.140769 -0.62358 0)
(0.327252 -0.656149 0)
(0.225213 -0.640614 0)
(0.243383 -0.613473 0)
(0.257584 -0.592754 0)
(0.413326 -0.586555 0)
(0.63244 -0.459915 0)
(0.534183 -0.606577 0)
(0.722465 -0.50378 0)
(0.958925 -0.727029 0)
(1.2754 -0.813629 0)
(1.33222 -1.06547 0)
(-0.0771533 -0.58858 0)
(0.0258483 -0.76877 0)
(-0.0512642 -0.762585 0)
(-0.0692965 -0.721995 0)
(0.00639705 -0.482636 0)
(0.0866007 -0.734446 0)
(0.0742961 -0.554778 0)
(0.244221 -0.442615 0)
(0.112018 -0.538683 0)
(0.151547 -0.682598 0)
(0.118115 -0.635942 0)
(0.110206 -0.615992 0)
(0.243474 -0.651424 0)
(0.111006 -0.79867 0)
(0.220682 -0.761107 0)
(0.357955 -0.816867 0)
(0.582686 -0.555531 0)
(0.500862 -0.736667 0)
(0.637285 -0.89665 0)
(0.737164 -0.801927 0)
(0.821978 -0.909076 0)
(1.05396 -0.993219 0)
(1.38329 -1.252 0)
(-0.0155392 -0.369779 0)
(0.116956 -0.78426 0)
(-0.0941689 -0.781032 0)
(0.0826088 -0.463817 0)
(0.0382531 -0.384888 0)
(0.10756 -0.499641 0)
(0.179066 -0.426792 0)
(0.148727 -0.342733 0)
(0.0584246 -0.462737 0)
(0.105561 -0.473897 0)
(0.0740498 -0.614327 0)
(0.107596 -0.574002 0)
(0.0962049 -0.639949 0)
(0.0493373 -0.785222 0)
(0.195626 -0.612524 0)
(0.429581 -0.761201 0)
(0.566923 -0.704904 0)
(0.298362 -0.864266 0)
(0.563755 -0.977685 0)
(0.757868 -0.94346 0)
(1.00402 -1.09332 0)
(1.22584 -1.19541 0)
(1.51545 -1.252 0)
(-0.165011 -0.252518 0)
(-0.0344927 -0.537414 0)
(0.0941297 -0.570386 0)
(0.157278 -0.384213 0)
(0.042208 -0.419819 0)
(0.135033 -0.421084 0)
(0.167226 -0.414576 0)
(0.182934 -0.504376 0)
(-0.0404498 -0.621938 0)
(-0.0874969 -0.561535 0)
(0.0175297 -0.671786 0)
(0.0494525 -0.67242 0)
(0.0489389 -0.763809 0)
(0.144158 -0.829673 0)
(0.216361 -0.748467 0)
(0.314669 -0.687698 0)
(0.469636 -0.778523 0)
(0.202009 -0.833258 0)
(0.581231 -0.797446 0)
(0.685011 -0.944576 0)
(1.11144 -1.12271 0)
(1.00698 -1.63997 0)
(0.978018 -1.84033 0)
(-0.0683964 -0.167014 0)
(0.0475923 -0.45146 0)
(-0.00791374 -0.456745 0)
(0.0283111 -0.314983 0)
(0.0262715 -0.311008 0)
(0.162963 -0.407447 0)
(0.00362055 -0.65345 0)
(-0.10802 -0.631001 0)
(-0.0116106 -0.735553 0)
(-0.0276625 -0.653449 0)
(0.0119852 -0.701454 0)
(-0.00939527 -0.669673 0)
(-0.0469166 -0.769775 0)
(0.0158928 -0.662745 0)
(0.279442 -0.795412 0)
(0.329832 -0.651882 0)
(0.478688 -0.991634 0)
(0.149067 -0.95221 0)
(0.698 -0.964092 0)
(0.52843 -1.34225 0)
(0.805773 -1.64393 0)
(0.589045 -2.02109 0)
(0.59282 -2.00082 0)
(-0.0927748 -0.212126 0)
(0.0721766 -0.466837 0)
(0.0543737 -0.482651 0)
(0.159706 -0.460009 0)
(0.0938569 -0.592796 0)
(-0.0921248 -0.638756 0)
(-0.0896783 -0.749365 0)
(-0.0409611 -0.679498 0)
(-0.0264245 -0.691046 0)
(-0.0380616 -0.672448 0)
(0.0139557 -0.696743 0)
(-0.0171584 -0.664603 0)
(0.072349 -0.729735 0)
(-0.0196995 -0.631927 0)
(0.260946 -0.730801 0)
(-0.00405795 -0.680411 0)
(0.388061 -1.08354 0)
(0.166141 -1.00672 0)
(0.34842 -1.22091 0)
(0.281313 -1.44079 0)
(0.542192 -1.68339 0)
(0.267085 -1.83765 0)
(-0.276653 -1.39659 0)
(0.148303 -0.548811 0)
(0.121802 -0.722579 0)
(-0.121556 -0.688287 0)
(-0.133644 -0.751338 0)
(-0.0604611 -0.75788 0)
(-0.0327431 -0.795163 0)
(-0.0249057 -0.749459 0)
(-0.0314359 -0.722196 0)
(-0.00982494 -0.718274 0)
(-0.0296825 -0.718698 0)
(0.0142192 -0.720079 0)
(-0.0278895 -0.727394 0)
(0.0678668 -0.747144 0)
(-0.0258058 -0.747243 0)
(0.237491 -0.72142 0)
(-0.0726361 -0.853024 0)
(0.298121 -0.987499 0)
(-0.0238231 -0.989242 0)
(0.291801 -1.35654 0)
(0.241875 -1.41879 0)
(0.410064 -1.55071 0)
(-0.0303659 -1.97796 0)
(-0.711724 -1.34637 0)
(0.0252594 -0.696158 0)
(0.0181102 -0.83035 0)
(0.00200204 -0.82422 0)
(-0.0131651 -0.760503 0)
(-0.0196159 -0.731877 0)
(-0.0234696 -0.722771 0)
(-0.022401 -0.720709 0)
(-0.0278218 -0.718269 0)
(-0.00887477 -0.716808 0)
(-0.0277592 -0.727325 0)
(0.0148598 -0.719242 0)
(-0.0323477 -0.738441 0)
(0.0537314 -0.747593 0)
(-0.0378828 -0.756699 0)
(0.119451 -0.698137 0)
(-0.174181 -0.893286 0)
(0.384957 -0.763601 0)
(-0.117597 -1.31741 0)
(-0.030574 -0.967524 0)
(-0.00841664 -1.33244 0)
(-0.268061 -1.77902 0)
(-0.10006 -2.07317 0)
(-0.736274 -1.2984 0)
(0.012819 -0.677459 0)
(0.00533435 -0.732777 0)
(-0.0193876 -0.732565 0)
(-0.0447073 -0.741938 0)
(-0.0261886 -0.738226 0)
(-0.0190898 -0.737271 0)
(-0.0194174 -0.731868 0)
(-0.0223961 -0.734517 0)
(-0.00859261 -0.729251 0)
(-0.0256046 -0.746414 0)
(0.00880698 -0.726957 0)
(-0.0409289 -0.737223 0)
(0.0365707 -0.722013 0)
(-0.0318113 -0.674973 0)
(-0.0687397 -0.689991 0)
(-0.0999963 -0.91721 0)
(0.0156141 -0.620586 0)
(-0.151075 -1.54189 0)
(0.162789 -0.686492 0)
(-0.247796 -1.39819 0)
(-0.587445 -1.2566 0)
(-0.287358 -1.32524 0)
(-0.741352 -1.3389 0)
(0.00377106 -0.710226 0)
(0.00066846 -0.752051 0)
(-0.00321712 -0.750747 0)
(-0.0176468 -0.747431 0)
(-0.0124831 -0.723995 0)
(-0.0136552 -0.733377 0)
(-0.0138267 -0.726536 0)
(-0.0169176 -0.73405 0)
(-0.00875386 -0.732821 0)
(-0.0214545 -0.753818 0)
(0.0235179 -0.733254 0)
(-0.00977577 -0.793622 0)
(0.170164 -0.760498 0)
(-0.0585585 -0.87585 0)
(-0.1833 -0.749621 0)
(-0.163236 -0.817276 0)
(-0.170727 -0.787477 0)
(0.0128225 -1.06659 0)
(0.0458609 -1.19082 0)
(-0.280206 -1.48802 0)
(-0.585464 -1.18804 0)
(-0.633903 -1.09957 0)
(-0.75017 -1.1964 0)
(0.0016229 -0.697741 0)
(-0.00255292 -0.730326 0)
(-0.0124335 -0.731356 0)
(-0.0171337 -0.730838 0)
(-0.0103572 -0.726209 0)
(-0.0175164 -0.735093 0)
(-0.0160371 -0.734029 0)
(-0.0224052 -0.741293 0)
(-0.0209142 -0.745955 0)
(-0.0217611 -0.758468 0)
(-0.031502 -0.761793 0)
(-0.0425839 -0.813317 0)
(-0.0322802 -0.829815 0)
(-0.0965529 -0.944834 0)
(-0.0949668 -0.767372 0)
(-0.129543 -0.762581 0)
(-0.122379 -0.734404 0)
(-0.27407 -0.859086 0)
(-0.249057 -1.30908 0)
(-0.374195 -1.30348 0)
(-0.418625 -1.28796 0)
(-0.611915 -0.986972 0)
(-1.07248 -0.864975 0)
(0.000585007 -0.703538 0)
(-0.002212 -0.731535 0)
(-0.00499783 -0.732062 0)
(-0.0117854 -0.728747 0)
(-0.0122376 -0.72766 0)
(-0.0183225 -0.732449 0)
(-0.0171733 -0.731461 0)
(-0.0266672 -0.736463 0)
(-0.0244483 -0.733419 0)
(-0.0380478 -0.747231 0)
(-0.0322782 -0.763004 0)
(-0.0589409 -0.763685 0)
(-0.0535345 -0.774719 0)
(-0.103954 -0.765671 0)
(-0.126973 -0.713107 0)
(-0.134313 -0.737423 0)
(-0.185856 -0.680345 0)
(-0.393133 -0.870331 0)
(-0.460837 -0.947117 0)
(-0.292217 -0.833314 0)
(-0.362278 -0.83352 0)
(-0.520662 -1.01542 0)
(-0.93389 -0.597171 0)
(0.000461076 -0.697212 0)
(-0.00348024 -0.721866 0)
(-0.00773351 -0.72321 0)
(-0.0140206 -0.72512 0)
(-0.0152449 -0.724406 0)
(-0.0221332 -0.726785 0)
(-0.0221973 -0.726196 0)
(-0.0295424 -0.729983 0)
(-0.0326793 -0.731229 0)
(-0.0424192 -0.738237 0)
(-0.0512247 -0.739361 0)
(-0.0687925 -0.762377 0)
(-0.0791215 -0.76479 0)
(-0.101758 -0.771377 0)
(-0.112992 -0.691338 0)
(-0.12866 -0.700478 0)
(-0.247686 -0.712358 0)
(-0.363668 -0.66827 0)
(-0.241691 -0.703453 0)
(-0.230092 -0.695734 0)
(-0.590469 -0.744614 0)
(-0.657017 -0.928901 0)
(-0.893537 -0.491886 0)
(0.000596028 -0.698525 0)
(-0.00395451 -0.721717 0)
(-0.00747212 -0.722043 0)
(-0.010827 -0.719817 0)
(-0.0120952 -0.719547 0)
(-0.0180437 -0.718341 0)
(-0.0182088 -0.716096 0)
(-0.026841 -0.717016 0)
(-0.0267616 -0.713822 0)
(-0.0447758 -0.714425 0)
(-0.0420205 -0.714064 0)
(-0.0680281 -0.717935 0)
(-0.07055 -0.714216 0)
(-0.10808 -0.715109 0)
(-0.112563 -0.65342 0)
(-0.181738 -0.651922 0)
(-0.22344 -0.665272 0)
(-0.318348 -0.587093 0)
(-0.340497 -0.600615 0)
(-0.458602 -0.705614 0)
(-0.591732 -0.756064 0)
(-0.551791 -0.754139 0)
(-0.936292 -0.456486 0)
(-0.000464685 -0.69876 0)
(-0.00448907 -0.716992 0)
(-0.00726816 -0.714887 0)
(-0.00999167 -0.715868 0)
(-0.0119239 -0.713451 0)
(-0.0162829 -0.714375 0)
(-0.0180591 -0.710237 0)
(-0.0247264 -0.710987 0)
(-0.0267906 -0.703448 0)
(-0.0381695 -0.704788 0)
(-0.0429375 -0.694658 0)
(-0.0607179 -0.705345 0)
(-0.064583 -0.69256 0)
(-0.0929907 -0.694479 0)
(-0.0891203 -0.617376 0)
(-0.150226 -0.585972 0)
(-0.198766 -0.565197 0)
(-0.287126 -0.554994 0)
(-0.268955 -0.529936 0)
(-0.523715 -0.549184 0)
(-0.764395 -0.550703 0)
(-0.708268 -0.441501 0)
(-0.658603 -0.443687 0)
(-0.000570768 -0.692521 0)
(-0.00321907 -0.707052 0)
(-0.00439275 -0.705391 0)
(-0.00682634 -0.704431 0)
(-0.00834225 -0.701742 0)
(-0.011813 -0.700713 0)
(-0.0130713 -0.695017 0)
(-0.0190631 -0.694323 0)
(-0.0183893 -0.68322 0)
(-0.0300924 -0.683774 0)
(-0.0315117 -0.666915 0)
(-0.04791 -0.667968 0)
(-0.0522924 -0.643213 0)
(-0.0916967 -0.667868 0)
(-0.0776047 -0.58994 0)
(-0.156137 -0.548128 0)
(-0.168137 -0.526189 0)
(-0.257877 -0.481947 0)
(-0.333293 -0.500485 0)
(-0.413234 -0.578209 0)
(-0.471957 -0.456382 0)
(-0.516414 -0.271034 0)
(-0.551429 -0.388174 0)
(-0.00014649 -0.683579 0)
(-0.00260405 -0.696508 0)
(-0.0046682 -0.694754 0)
(-0.00697063 -0.694068 0)
(-0.00899553 -0.691048 0)
(-0.0117107 -0.690391 0)
(-0.0137752 -0.684348 0)
(-0.0173922 -0.684158 0)
(-0.0183962 -0.67131 0)
(-0.0234303 -0.672605 0)
(-0.0252978 -0.654754 0)
(-0.0272354 -0.650732 0)
(-0.0494052 -0.630759 0)
(-0.0837044 -0.618708 0)
(-0.045359 -0.564979 0)
(-0.141676 -0.492597 0)
(-0.154428 -0.452292 0)
(-0.236366 -0.391016 0)
(-0.272018 -0.355953 0)
(-0.472656 -0.34327 0)
(-0.436327 -0.295596 0)
(-0.423849 -0.246189 0)
(-0.435538 -0.185564 0)
(0.000132731 -0.68897 0)
(-0.0014114 -0.698922 0)
(-0.00309472 -0.697558 0)
(-0.00462959 -0.696492 0)
(-0.00642643 -0.693686 0)
(-0.00755779 -0.692161 0)
(-0.00997812 -0.686186 0)
(-0.0103889 -0.685957 0)
(-0.0140178 -0.67686 0)
(-0.0158312 -0.669865 0)
(-0.0127345 -0.661232 0)
(-0.0325658 -0.643206 0)
(-0.0265153 -0.638896 0)
(-0.0480466 -0.5611 0)
(-0.033771 -0.521829 0)
(-0.113849 -0.445273 0)
(-0.121944 -0.42676 0)
(-0.172324 -0.357143 0)
(-0.200059 -0.319907 0)
(-0.285083 -0.24962 0)
(-0.322825 -0.0756178 0)
(-0.386215 -0.11554 0)
(-0.332938 0.00426371 0)
(0.000565845 -0.663945 0)
(-0.000470894 -0.67149 0)
(-0.002046 -0.670416 0)
(-0.00286884 -0.669346 0)
(-0.00438902 -0.667181 0)
(-0.00397477 -0.664994 0)
(-0.00750528 -0.661407 0)
(-0.00936457 -0.657359 0)
(-0.00389753 -0.653245 0)
(-0.00889481 -0.641168 0)
(-0.00191514 -0.636721 0)
(-0.0080156 -0.6191 0)
(0.00257358 -0.600503 0)
(-0.0187579 -0.545965 0)
(0.0124204 -0.515083 0)
(-0.100717 -0.429167 0)
(-0.113184 -0.395119 0)
(-0.124271 -0.333595 0)
(-0.203147 -0.263537 0)
(-0.233936 -0.240395 0)
(-0.272956 -0.141781 0)
(-0.246564 -0.142389 0)
(-0.469843 0.105179 0)
(0.000546579 -0.736678 0)
(7.51603e-05 -0.741461 0)
(-0.000935296 -0.740621 0)
(-0.00137422 -0.739847 0)
(-0.00200791 -0.738357 0)
(-0.0018966 -0.736225 0)
(-0.00262441 -0.734893 0)
(-0.00353398 -0.728871 0)
(0.000125269 -0.724505 0)
(-0.00166965 -0.718986 0)
(0.00636246 -0.705499 0)
(-0.00173552 -0.689308 0)
(0.0113699 -0.649959 0)
(-0.00833374 -0.576789 0)
(0.0209297 -0.467349 0)
(-0.0821287 -0.36017 0)
(-0.0966426 -0.275043 0)
(-0.0983244 -0.246941 0)
(-0.154923 -0.188018 0)
(-0.137074 -0.148363 0)
(-0.285809 -0.0713818 0)
(-0.339619 0.0139231 0)
(-0.340135 0.113056 0)
(0.000118763 -0.538803 0)
(8.01149e-05 -0.541568 0)
(-0.00017516 -0.541096 0)
(-0.000198394 -0.540574 0)
(-0.00017624 -0.539676 0)
(2.99119e-05 -0.53847 0)
(0.000662496 -0.537627 0)
(0.00189222 -0.53539 0)
(0.00617359 -0.533331 0)
(0.0116664 -0.53394 0)
(0.0280201 -0.528571 0)
(0.0460643 -0.53454 0)
(0.110101 -0.517425 0)
(0.161107 -0.53389 0)
(0.122574 -0.509855 0)
(-0.00748085 -0.452155 0)
(-0.0686525 -0.371326 0)
(-0.101355 -0.330263 0)
(-0.143488 -0.248036 0)
(-0.184382 -0.203817 0)
(-0.181774 -0.152743 0)
(-0.112309 0.0867335 0)
(-0.171904 0.304356 0)
(0.389547 0.457438 0)
(0.455007 0.341555 0)
(0.172875 0.23998 0)
(0.0280549 0.203081 0)
(0.432137 0.322234 0)
(0.394756 0.274415 0)
(0.343886 0.238141 0)
(0.354728 0.170105 0)
(0.395978 0.222547 0)
(0.448116 0.200383 0)
(0.441591 0.195055 0)
(0.407108 0.157081 0)
(0.360615 0.196757 0)
(0.394981 0.196122 0)
(0.382287 0.18367 0)
(0.384506 0.179366 0)
(0.388208 0.17813 0)
(0.39884 0.193114 0)
(0.405261 0.189983 0)
(0.412945 0.202256 0)
(0.361144 0.201059 0)
(0.370489 0.205558 0)
(0.382165 0.198213 0)
(0.369921 0.192475 0)
(0.332722 0.157865 0)
(0.311224 0.190128 0)
(0.332165 0.18301 0)
(0.319494 0.168601 0)
(0.32477 0.447612 0)
(0.265068 0.252519 0)
(0.353673 0.143816 0)
(0.257016 0.0992391 0)
(0.295782 0.214437 0)
(0.333847 0.193699 0)
(0.382927 0.143714 0)
(0.358862 0.0665431 0)
(0.253615 0.0686817 0)
(0.316799 0.066494 0)
(0.369132 0.0839562 0)
(0.395701 0.0424142 0)
(0.408476 0.0476081 0)
(0.456023 0.053353 0)
(0.46367 0.0604796 0)
(0.49653 0.0672497 0)
(0.517361 -0.111884 0)
(0.552209 -0.100965 0)
(0.570482 -0.0477813 0)
(0.604646 -0.0362867 0)
(0.629145 -0.0164823 0)
(0.584142 -0.0154735 0)
(0.594163 -0.0198198 0)
(0.658686 -0.0294198 0)
(0.605344 -0.0605007 0)
(0.599302 -0.0731076 0)
(0.609738 -0.0989445 0)
(0.628742 -0.101536 0)
(0.765461 -0.0772575 0)
(0.765906 -0.0303992 0)
(0.759902 -0.0725621 0)
(0.772105 -0.120835 0)
(0.914696 -0.12402 0)
(0.854701 -0.191835 0)
(0.648971 -0.231476 0)
(0.655515 -0.23464 0)
(0.651248 -0.224516 0)
(0.697648 -0.315478 0)
(0.75435 -0.293652 0)
(0.795398 -0.338259 0)
(0.748885 -0.325015 0)
(0.787462 -0.331227 0)
(0.814194 -0.325488 0)
(0.874692 -0.371363 0)
(0.901238 -0.356519 0)
(0.943299 -0.353524 0)
(0.992441 -0.345668 0)
(1.08484 -0.360682 0)
(1.20646 -0.543656 0)
(1.20471 -0.572702 0)
(1.26075 -0.603412 0)
(1.38581 -0.602621 0)
(1.34734 -0.842753 0)
(1.27757 -0.952526 0)
(1.33606 -0.953085 0)
(1.33258 -0.940849 0)
(1.20728 -1.13795 0)
(1.27129 -1.13191 0)
(1.33533 -1.10011 0)
(1.34795 -1.00784 0)
(1.36964 -1.18971 0)
(1.36861 -1.15034 0)
(1.45292 -1.10908 0)
(1.6835 -0.886498 0)
(1.41812 -1.25686 0)
(1.16352 -1.21696 0)
(1.03511 -0.892725 0)
(1.53313 -0.485759 0)
(0.993202 -1.74028 0)
(0.764066 -1.5388 0)
(0.431399 -0.899857 0)
(0.60933 -0.379368 0)
(0.530985 -1.67969 0)
(0.157609 -1.29957 0)
(-0.247461 -0.641318 0)
(-0.243012 -0.636274 0)
(-0.44026 -1.1147 0)
(-0.598576 -1.06974 0)
(-0.517081 -1.18709 0)
(-0.259075 -1.17268 0)
(-0.736969 -1.10361 0)
(-0.797673 -1.15709 0)
(-0.772887 -1.37018 0)
(-0.798504 -1.4399 0)
(-0.885301 -0.930625 0)
(-0.899433 -0.91881 0)
(-1.09721 -1.04202 0)
(-1.28306 -1.05171 0)
(-0.97588 -0.864004 0)
(-0.957425 -0.800224 0)
(-1.13587 -0.743628 0)
(-1.21804 -0.679147 0)
(-1.04974 -0.783525 0)
(-1.12911 -0.620414 0)
(-1.29551 -0.44444 0)
(-1.36354 -0.337383 0)
(-1.13353 -0.488541 0)
(-1.2941 -0.315027 0)
(-1.42766 -0.263009 0)
(-1.60292 -0.15107 0)
(-1.05452 -0.411418 0)
(-1.08469 -0.0351227 0)
(-1.17188 0.123825 0)
(-1.31676 0.281086 0)
(-1.03272 -0.282937 0)
(-0.979378 -0.110816 0)
(-1.02342 0.179746 0)
(-1.15567 0.349915 0)
(-1.32756 0.01417 0)
(-1.42661 0.0133244 0)
(-1.44134 0.179993 0)
(-1.40162 0.273234 0)
(-1.51033 -0.0928453 0)
(-1.70837 0.0191997 0)
(-1.63142 0.255995 0)
(-1.75629 0.410415 0)
(-0.945477 -0.294645 0)
(-0.979332 0.0281396 0)
(-1.10959 0.21916 0)
(-1.19969 0.495243 0)
(-1.1524 -0.0215279 0)
(-1.32772 0.0561659 0)
(-1.20801 0.300583 0)
(-1.1329 0.411993 0)
(-0.739531 -0.345113 0)
(-1.04389 -0.0166412 0)
(-0.952085 0.222543 0)
(-1.03591 0.364937 0)
(-0.50781 -0.023022 0)
(-0.532055 0.220721 0)
(-0.73827 0.30417 0)
(-0.728367 0.426276 0)
(-0.510409 0.433245 0)
(-0.46743 0.498496 0)
(-0.404928 0.543028 0)
(-0.520777 0.634158 0)
(-0.17677 0.46786 0)
(-0.233885 0.561499 0)
(-0.289297 0.585341 0)
(-0.237817 0.5304 0)
(0.110608 -0.269591 0)
(-0.248126 -0.657916 0)
(-0.403028 0.197731 0)
(-0.531396 0.249566 0)
(-0.686992 0.182348 0)
(-0.887296 0.476498 0)
(-1.49782 0.928803 0)
(-1.60663 1.22261 0)
(-1.37284 1.50556 0)
(-1.35157 1.58126 0)
(-0.401184 0.886315 0)
(1.06037 0.0944093 0)
(1.03204 0.56795 0)
(1.23981 -0.158957 0)
(0.920101 -0.371142 0)
(0.690897 -0.463986 0)
(0.624276 -0.895981 0)
(0.485246 -1.40528 0)
(0.671186 -2.04799 0)
(0.289146 0.120047 0)
(0.125064 -0.179635 0)
(-0.680043 -0.160517 0)
(-0.350262 0.0562027 0)
(-0.495897 0.360521 0)
(-0.420519 0.783684 0)
(-0.568196 0.880182 0)
(-0.782362 1.85155 0)
(-0.444865 0.849375 0)
(0.182154 1.13108 0)
(0.895888 -0.120591 0)
(1.13919 -0.148207 0)
(1.06645 0.469617 0)
(1.12712 -0.228854 0)
(1.0885 -0.296321 0)
(0.948633 -0.413623 0)
(0.888646 -0.939236 0)
(0.844711 -0.9913 0)
(0.714817 -1.61529 0)
(0.385664 0.0882067 0)
(0.36803 0.0746318 0)
(0.382756 0.25655 0)
(0.0711688 0.588341 0)
(0.234346 0.0579037 0)
(0.249973 0.405746 0)
(0.908542 0.618582 0)
(0.815751 1.62248 0)
(1.43242 0.970697 0)
(1.0087 0.4161 0)
(1.52699 0.0224497 0)
(1.50536 -0.0490305 0)
(1.35518 -0.0307907 0)
(1.18562 -0.195098 0)
(1.04201 -0.100388 0)
(0.875364 -0.252763 0)
(0.968558 -0.650993 0)
(0.960268 -0.768513 0)
(0.674904 -1.24156 0)
(0.429671 0.160204 0)
(0.463731 0.115381 0)
(0.488463 0.135424 0)
(0.418662 0.373635 0)
(0.432109 0.27206 0)
(0.32528 0.350836 0)
(0.433139 0.299215 0)
(0.773253 0.91537 0)
(1.7307 1.09632 0)
(1.86208 0.154964 0)
(1.74335 0.113807 0)
(1.509 0.0376152 0)
(1.20537 -0.202089 0)
(1.24165 -0.210112 0)
(1.13259 -0.190685 0)
(0.70969 -0.322917 0)
(0.861498 -0.394126 0)
(0.898096 -0.605256 0)
(0.579005 -0.913766 0)
(0.408678 0.16126 0)
(0.412105 0.197734 0)
(0.576332 0.113668 0)
(0.556442 0.149001 0)
(0.503353 0.17636 0)
(0.531913 0.355176 0)
(0.528082 0.317822 0)
(0.514231 0.481862 0)
(0.877347 0.873069 0)
(1.66607 0.299608 0)
(1.62762 0.299844 0)
(1.34594 0.215708 0)
(1.1472 0.010277 0)
(1.13826 -0.0442231 0)
(0.973181 -0.298814 0)
(0.779488 -0.393608 0)
(0.915936 -0.347581 0)
(0.811963 -0.523906 0)
(0.529117 -0.625402 0)
(0.442097 0.151955 0)
(0.477231 0.193839 0)
(0.442625 0.22989 0)
(0.484074 0.16423 0)
(0.694817 0.217678 0)
(0.696659 0.318097 0)
(0.598129 0.349607 0)
(0.596842 0.479313 0)
(0.631832 0.730929 0)
(0.768628 0.539612 0)
(1.2597 0.348791 0)
(1.20908 0.233533 0)
(1.09287 -0.137986 0)
(1.04449 -0.123538 0)
(0.864165 -0.288106 0)
(0.846601 -0.273823 0)
(0.90597 -0.347029 0)
(0.747065 -0.374422 0)
(0.439247 -0.332025 0)
(0.423496 0.21137 0)
(0.511298 -0.0759894 0)
(0.453136 0.070512 0)
(0.474744 0.246417 0)
(0.694155 0.340747 0)
(0.698758 0.155225 0)
(0.729435 0.310226 0)
(0.799587 0.450853 0)
(0.680373 0.571105 0)
(0.789557 0.599812 0)
(1.0027 0.455163 0)
(0.905792 0.356852 0)
(0.937665 0.166435 0)
(1.11047 -0.0128657 0)
(0.884678 -0.106141 0)
(0.795984 -0.139544 0)
(0.830805 -0.284849 0)
(0.689744 -0.325866 0)
(0.307364 -0.0830919 0)
(0.466681 0.30886 0)
(0.595357 0.11269 0)
(0.518442 0.238871 0)
(0.513012 0.364142 0)
(0.668656 0.0602905 0)
(0.722264 0.0495367 0)
(0.758192 0.309533 0)
(0.780485 0.254154 0)
(0.783388 0.287249 0)
(0.853998 0.569304 0)
(0.936547 0.402921 0)
(0.834534 0.259156 0)
(0.921852 0.400697 0)
(0.910296 0.109069 0)
(0.594897 -0.050336 0)
(0.671283 -0.227636 0)
(0.716309 -0.353106 0)
(0.645866 -0.365308 0)
(0.574102 0.0809681 0)
(0.453365 0.278396 0)
(0.457429 -0.029125 0)
(0.497374 0.18005 0)
(0.530952 0.130128 0)
(0.579574 0.00710673 0)
(0.633035 0.110846 0)
(0.599755 -0.31601 0)
(0.696557 0.0643183 0)
(0.783139 0.386436 0)
(0.832604 0.427164 0)
(0.814905 0.144532 0)
(0.53447 0.327854 0)
(0.635254 0.839242 0)
(0.612956 0.433497 0)
(0.471835 0.0398931 0)
(0.578079 -0.169256 0)
(0.654972 -0.233138 0)
(0.554589 -0.154847 0)
(0.757478 0.454562 0)
(0.449879 0.0784211 0)
(0.453041 -0.0212418 0)
(0.40314 0.0574985 0)
(0.457843 0.0174963 0)
(0.452965 0.00496365 0)
(0.497269 0.0317489 0)
(0.512594 0.125258 0)
(0.277095 0.319257 0)
(0.476525 0.381757 0)
(0.424185 0.133923 0)
(-0.00231627 0.543037 0)
(-0.499074 1.1076 0)
(-0.136031 1.39292 0)
(0.0896039 0.193933 0)
(0.601869 8.12981e-06 0)
(0.705399 -0.391851 0)
(0.552547 -0.459454 0)
(0.123517 -0.121558 0)
(0.825822 0.684004 0)
(0.440294 0.0722439 0)
(0.424629 0.161921 0)
(0.554396 0.0375109 0)
(0.532325 0.0811397 0)
(0.473111 0.0132024 0)
(0.404815 0.0238827 0)
(0.285186 0.0230904 0)
(0.170601 0.250322 0)
(0.259023 0.627977 0)
(0.106037 0.436784 0)
(-0.266297 0.911012 0)
(-0.511048 0.77857 0)
(-0.0418699 0.220835 0)
(-0.140785 -0.0921611 0)
(0.241472 -0.263381 0)
(0.529669 -0.467242 0)
(0.60059 -0.609782 0)
(0.297179 -0.303082 0)
(0.663549 0.876651 0)
(0.734419 0.115119 0)
(0.647324 0.143613 0)
(0.494242 0.112766 0)
(0.517966 0.182198 0)
(0.430979 0.175608 0)
(0.353773 0.264338 0)
(0.309744 0.201457 0)
(0.234882 0.294945 0)
(0.195793 0.483224 0)
(0.108458 0.477076 0)
(-0.120271 0.92215 0)
(-0.27736 0.524805 0)
(0.0139593 0.248454 0)
(-0.128268 0.0341668 0)
(0.277901 -0.350946 0)
(0.461317 -0.247839 0)
(-0.301683 -0.251307 0)
(-0.985393 0.598333 0)
(0.0818005 1.10942 0)
(0.590952 -0.00169862 0)
(0.498811 -0.101619 0)
(0.606569 -0.00391809 0)
(0.638527 0.0397285 0)
(0.569263 0.0304549 0)
(0.408024 0.185265 0)
(0.272898 0.190241 0)
(0.299466 0.304158 0)
(0.202965 0.435135 0)
(0.276352 0.51485 0)
(0.397472 1.03873 0)
(0.334752 0.615787 0)
(0.159783 0.121609 0)
(-0.0424411 -0.201398 0)
(-0.155437 -0.500469 0)
(0.312603 -0.251595 0)
(-0.624787 0.221191 0)
(-1.20519 0.481363 0)
(-0.191887 0.0577346 0)
(0.747066 -0.196991 0)
(0.822371 -0.0767195 0)
(0.765591 0.05807 0)
(0.654611 0.533754 0)
(0.580909 0.464779 0)
(0.436487 0.32232 0)
(0.28696 0.242582 0)
(0.32718 0.385259 0)
(0.226597 0.471465 0)
(0.308599 0.648208 0)
(0.646458 0.848953 0)
(0.708507 0.666532 0)
(0.586141 0.43895 0)
(0.4587 0.127347 0)
(-0.176743 -0.461559 0)
(0.257957 0.00723368 0)
(-0.569553 0.683083 0)
(-0.600092 0.120631 0)
(0.083233 -0.396556 0)
(0.933643 -0.291793 0)
(1.04477 -0.164314 0)
(1.46789 0.0988717 0)
(1.26802 0.399594 0)
(0.897394 0.499548 0)
(0.50648 0.313469 0)
(0.460853 0.311141 0)
(0.483206 0.400651 0)
(0.409612 0.462893 0)
(0.453273 0.718536 0)
(0.588229 0.738471 0)
(0.704279 0.634886 0)
(0.635864 0.513136 0)
(0.619065 0.343488 0)
(-0.113335 -0.162492 0)
(0.403049 0.0662439 0)
(-0.212295 0.719715 0)
(-0.317611 0.348479 0)
(0.182038 -0.488676 0)
(0.805904 -0.301563 0)
(1.25672 -0.196061 0)
(1.40711 0.00487984 0)
(1.35844 0.443667 0)
(0.979488 0.659884 0)
(0.682742 0.465922 0)
(0.707041 0.562714 0)
(0.55588 0.507116 0)
(0.453462 0.379858 0)
(0.397552 0.538527 0)
(0.429134 0.558631 0)
(0.591383 0.595783 0)
(0.586585 0.571383 0)
(0.554257 0.576753 0)
(0.0692375 -0.0552989 0)
(0.394739 0.0432568 0)
(0.244283 0.83976 0)
(-0.166552 0.212044 0)
(0.193268 -0.542854 0)
(1.00909 -0.178155 0)
(1.31728 -0.422007 0)
(1.83605 -0.172103 0)
(1.7329 0.141215 0)
(1.17174 0.606733 0)
(0.981403 0.57504 0)
(0.985297 0.661619 0)
(0.836005 0.626122 0)
(0.832599 0.486447 0)
(0.617958 0.245282 0)
(0.378429 0.499269 0)
(0.503822 0.526544 0)
(0.489186 0.632341 0)
(0.503439 0.731984 0)
(0.338971 0.077829 0)
(0.415221 0.150729 0)
(0.378614 0.925024 0)
(0.0881031 0.417706 0)
(0.19315 -0.497405 0)
(1.03698 -0.260738 0)
(1.1971 -0.431096 0)
(1.83914 -0.452332 0)
(1.8897 -0.126918 0)
(1.10488 0.497609 0)
(0.776554 0.803189 0)
(0.93192 0.710086 0)
(0.785213 0.6686 0)
(0.669842 0.767495 0)
(0.797545 0.522144 0)
(0.556417 0.528569 0)
(0.358518 0.510867 0)
(0.41236 0.585338 0)
(0.478232 0.71872 0)
(0.465203 0.0802427 0)
(0.289913 0.314073 0)
(0.359753 0.8743 0)
(0.150226 0.546933 0)
(0.254031 -0.393191 0)
(1.20032 -0.245024 0)
(1.31864 -0.330188 0)
(1.77712 -0.16159 0)
(1.92361 0.464233 0)
(1.45815 0.579167 0)
(0.673829 1.19257 0)
(0.604674 1.01116 0)
(0.851658 0.875491 0)
(0.786374 1.10719 0)
(0.42424 0.839355 0)
(0.426346 0.534293 0)
(0.388464 0.565869 0)
(0.454837 0.631557 0)
(0.620807 0.672752 0)
(0.5417 0.201015 0)
(0.184394 0.510043 0)
(0.238849 0.734658 0)
(0.118073 0.489456 0)
(0.283355 -0.165166 0)
(1.32823 -0.583946 0)
(1.46321 -0.455898 0)
(2.21732 -0.0401423 0)
(2.05085 0.43944 0)
(1.43141 0.585582 0)
(0.65527 1.08298 0)
(0.684085 1.06868 0)
(0.858199 1.07527 0)
(0.756775 1.48861 0)
(0.580279 1.22576 0)
(0.102184 1.38465 0)
(0.402367 0.488868 0)
(0.435043 0.279865 0)
(0.180361 0.608993 0)
(0.15084 0.48755 0)
(-0.440662 0.762877 0)
(-0.0174286 0.825526 0)
(0.121326 0.49284 0)
(0.197252 -0.0439968 0)
(1.24683 -0.859579 0)
(1.19952 -0.516429 0)
(1.52857 -0.0475657 0)
(1.75225 1.04772 0)
(1.37516 1.21566 0)
(1.15254 0.892895 0)
(1.02688 0.928772 0)
(1.07152 1.02824 0)
(0.834325 1.47806 0)
(0.268236 2.01424 0)
(-0.267986 0.861929 0)
(-0.246093 0.482422 0)
(-0.00695826 0.718727 0)
(-0.137115 0.809197 0)
(-0.109979 0.674993 0)
(-0.535714 0.801048 0)
(-0.133708 0.799093 0)
(0.0338126 0.351233 0)
(0.208752 0.108616 0)
(1.22803 -0.558736 0)
(1.57256 -0.435549 0)
(2.32815 0.156174 0)
(2.22761 0.676379 0)
(1.6749 1.49947 0)
(1.39153 1.41993 0)
(1.00194 1.25589 0)
(1.03607 1.20609 0)
(0.84137 1.61522 0)
(-0.418905 1.85067 0)
(-0.435384 1.22293 0)
(-0.322054 0.894434 0)
(-0.28991 0.834286 0)
(-0.280453 0.769428 0)
(-0.260927 0.742247 0)
(-0.405142 0.674999 0)
(-0.14857 0.445467 0)
(-0.0518438 0.159425 0)
(0.262025 0.180023 0)
(1.35438 -0.462265 0)
(1.54213 0.131334 0)
(1.97324 -0.0468928 0)
(2.17219 0.298623 0)
(1.83113 0.925115 0)
(1.66687 1.78418 0)
(1.11135 1.90154 0)
(0.999762 1.66831 0)
(0.63641 2.00871 0)
(-0.143085 1.93775 0)
(-0.485293 1.1857 0)
(-0.448093 0.854704 0)
(-0.423987 0.694852 0)
(-0.323734 0.779459 0)
(-0.243097 0.768141 0)
(-0.300033 0.700252 0)
(-0.174814 -0.14759 0)
(-0.321302 0.0566611 0)
(0.319896 0.206369 0)
(1.58427 -0.395799 0)
(1.35632 -0.0658506 0)
(1.50451 -0.0592027 0)
(1.55912 0.263962 0)
(1.61891 0.871569 0)
(1.32059 2.40357 0)
(0.827441 2.46059 0)
(0.677527 2.08512 0)
(-0.0174164 2.21186 0)
(-0.730017 1.76004 0)
(-0.539401 1.04493 0)
(-0.806197 0.680142 0)
(-0.833967 0.593424 0)
(-0.364959 0.677167 0)
(-0.162878 0.695212 0)
(-0.042793 0.655874 0)
(0.180297 0.196407 0)
(-0.125583 -0.0116522 0)
(0.327852 0.167344 0)
(0.835294 -0.736735 0)
(1.28114 -0.835318 0)
(1.42621 -0.407259 0)
(1.54972 0.395269 0)
(1.33513 1.01662 0)
(0.990401 2.5763 0)
(-0.145526 3.24021 0)
(0.418746 2.44849 0)
(-0.858943 2.78005 0)
(-0.760297 1.842 0)
(-0.931033 0.955344 0)
(-1.78901 0.486473 0)
(-1.84137 0.449964 0)
(-0.935417 0.104243 0)
(-0.287946 0.399348 0)
(-0.038757 0.505243 0)
(0.407972 -0.0617453 0)
(0.551731 0.135829 0)
(0.331708 0.25498 0)
(0.499918 -0.570482 0)
(0.517515 -1.11273 0)
(1.07215 -0.726259 0)
(0.887802 0.543449 0)
(1.06584 1.61178 0)
(0.758516 3.24268 0)
(-0.592413 3.75149 0)
(0.062414 2.59165 0)
(-1.02585 2.8619 0)
(-0.86274 2.0139 0)
(-1.41819 1.09466 0)
(-1.62707 0.719535 0)
(-1.29156 0.327364 0)
(-0.778678 0.240539 0)
(-0.692139 -0.081109 0)
(-0.250346 -0.00297894 0)
(-0.0566416 -0.453784 0)
(0.18044 0.490593 0)
(0.51321 0.564358 0)
(-0.182012 -1.31735 0)
(-0.433665 -1.43824 0)
(0.299237 -0.734711 0)
(0.14658 0.198474 0)
(0.796622 1.52825 0)
(-0.708299 3.71409 0)
(-1.67886 3.99199 0)
(-0.839429 3.10178 0)
(-1.05263 3.11731 0)
(-0.754606 2.2756 0)
(-1.62983 1.31982 0)
(-1.14239 0.501389 0)
(-0.721693 0.240762 0)
(-0.804259 0.346384 0)
(-0.747209 0.0237079 0)
(-0.315088 -0.248808 0)
(-0.305564 -0.600138 0)
(-0.532665 0.12201 0)
(0.535314 0.621168 0)
(-0.898508 -1.49972 0)
(-0.931448 -1.20582 0)
(-0.831406 -0.659764 0)
(-1.00406 0.435833 0)
(-0.348552 1.98425 0)
(-1.02674 3.46433 0)
(-1.76083 3.82702 0)
(-1.46029 4.03552 0)
(-1.02949 3.75321 0)
(-0.806153 2.28645 0)
(-1.5254 1.53565 0)
(-0.876886 0.752967 0)
(-0.807196 0.0058655 0)
(-0.757412 -0.144141 0)
(-0.810458 0.0764655 0)
(-0.388195 -0.258207 0)
(-0.26816 -0.498265 0)
(-0.619955 -0.157834 0)
(0.495648 0.609892 0)
(-1.46295 -0.87847 0)
(-1.51098 -0.844366 0)
(-1.64632 -0.864613 0)
(-1.88826 0.467422 0)
(-1.20382 1.57913 0)
(-1.68 2.7894 0)
(-1.93567 3.2335 0)
(-1.46938 3.87551 0)
(-1.01518 3.69102 0)
(-0.869462 2.13256 0)
(-1.42505 1.45898 0)
(-0.917125 0.790206 0)
(-0.889422 0.258045 0)
(-0.893294 -0.157433 0)
(-0.764057 -0.453627 0)
(-0.554917 -0.340865 0)
(-0.520269 -0.439747 0)
(-0.81405 -0.549201 0)
(0.226974 0.536185 0)
(-1.71365 -0.454811 0)
(-2.08108 -0.416473 0)
(-2.07132 -0.163118 0)
(-2.04636 0.258701 0)
(-1.92774 1.6153 0)
(-1.82039 2.54095 0)
(-1.71717 3.03419 0)
(-1.13363 3.60258 0)
(-0.862371 3.61601 0)
(-0.814427 1.9683 0)
(-1.16312 1.15326 0)
(-0.428558 0.764776 0)
(-0.275207 0.405717 0)
(-0.425254 -0.02361 0)
(-0.202593 -0.517441 0)
(-0.702336 -0.366435 0)
(-0.574859 -0.394813 0)
(-0.232791 -0.460698 0)
(-0.813363 -0.189915 0)
(-1.64897 -0.304309 0)
(-2.35419 0.00136787 0)
(-2.56193 0.337745 0)
(-2.1258 0.452229 0)
(-1.84798 1.61687 0)
(-1.95164 2.16389 0)
(-1.30834 2.46719 0)
(0.10804 2.58321 0)
(-0.47541 3.15949 0)
(-0.741227 1.68305 0)
(-0.592051 1.34157 0)
(0.25731 0.784552 0)
(-0.0475818 0.335995 0)
(0.228043 -0.393807 0)
(0.0244607 -0.34098 0)
(-0.370176 -0.837153 0)
(-0.237323 -0.772684 0)
(0.159862 -0.425619 0)
(0.075606 -0.344755 0)
(-1.7877 -0.0664876 0)
(-2.16686 0.0742831 0)
(-2.48174 0.627006 0)
(-2.05701 1.10091 0)
(-1.81581 1.43965 0)
(-1.72198 1.5342 0)
(-1.00499 2.15438 0)
(-0.0808394 1.81194 0)
(0.0611079 2.29603 0)
(0.0257381 1.42454 0)
(0.149228 0.705126 0)
(0.472578 0.548194 0)
(0.356805 0.170204 0)
(0.705919 0.0683172 0)
(0.872791 -0.421203 0)
(0.0977328 0.084846 0)
(0.234961 -0.723062 0)
(0.234535 -0.5676 0)
(0.379802 -0.17932 0)
(-1.47004 0.354307 0)
(-1.84145 0.510987 0)
(-2.10956 0.607306 0)
(-1.97401 1.28789 0)
(-1.8539 1.43228 0)
(-1.78792 1.38464 0)
(-1.09578 1.86396 0)
(-0.617521 1.82919 0)
(0.0850853 2.17856 0)
(0.374931 1.61045 0)
(1.34855 1.03686 0)
(1.23089 -0.0954027 0)
(0.995812 0.279884 0)
(0.956838 0.0693105 0)
(1.33332 -0.118841 0)
(1.19202 -0.244521 0)
(0.715687 -0.249881 0)
(0.332425 -0.239484 0)
(0.396225 -0.0754793 0)
(-1.42851 0.465842 0)
(-1.93881 0.588131 0)
(-1.9633 1.02344 0)
(-1.90671 1.23537 0)
(-2.03817 1.33037 0)
(-1.92828 1.5701 0)
(-1.11239 1.83288 0)
(-0.907967 1.58912 0)
(-0.292875 1.65859 0)
(0.641135 1.3158 0)
(1.16432 0.9795 0)
(1.68757 0.420587 0)
(1.32454 -0.251618 0)
(1.07406 -0.153968 0)
(1.09435 0.156517 0)
(0.860672 -0.226002 0)
(0.731771 0.0728432 0)
(0.364001 0.0481247 0)
(0.355391 0.135791 0)
(-1.53083 0.374487 0)
(-1.79602 0.514449 0)
(-1.85775 0.998082 0)
(-1.80151 1.08165 0)
(-1.85232 1.39433 0)
(-1.75348 1.88619 0)
(-1.35018 1.82655 0)
(-1.00457 1.48874 0)
(-0.164004 0.935364 0)
(0.59496 0.642806 0)
(0.776279 0.37526 0)
(0.863982 0.31899 0)
(0.901931 0.058329 0)
(1.04365 0.0825717 0)
(0.694354 0.113055 0)
(0.858993 0.0888004 0)
(0.795775 0.127556 0)
(0.483576 0.234625 0)
(0.412399 0.544896 0)
(-1.63843 0.68893 0)
(-1.5636 0.807467 0)
(-1.65612 1.15678 0)
(-1.47809 1.27827 0)
(-1.12085 1.30418 0)
(-1.17583 1.36272 0)
(-1.05689 1.37481 0)
(-0.196487 1.00918 0)
(0.297489 0.579817 0)
(0.532661 0.483112 0)
(0.793002 0.19388 0)
(0.827458 0.0147306 0)
(0.884468 0.162657 0)
(1.0058 0.101131 0)
(0.864593 -0.184424 0)
(0.803048 0.148047 0)
(0.751773 -0.129509 0)
(0.62167 0.267394 0)
(0.45548 0.934766 0)
(-1.31831 0.927244 0)
(-1.40997 1.24412 0)
(-1.33955 0.992129 0)
(-1.2116 1.16332 0)
(-0.463903 1.21528 0)
(-0.227113 0.818451 0)
(-0.0842103 0.860626 0)
(0.345634 0.663698 0)
(0.452291 0.381705 0)
(0.658273 0.21758 0)
(0.853418 0.220901 0)
(1.0106 0.0345197 0)
(1.12948 0.170767 0)
(1.17203 0.039722 0)
(0.971461 -0.345974 0)
(0.900257 0.120145 0)
(0.6205 0.236351 0)
(0.249612 0.783555 0)
(0.413989 1.10092 0)
(-1.01453 0.575658 0)
(-1.36983 0.983291 0)
(-1.28073 1.17936 0)
(-0.545766 1.12065 0)
(0.333122 0.861903 0)
(0.0491021 0.675004 0)
(0.165546 0.638399 0)
(0.450634 0.458176 0)
(0.458672 -0.0219373 0)
(0.770341 -0.058709 0)
(0.723954 0.000712339 0)
(0.780794 -0.0189575 0)
(1.20361 -0.0703615 0)
(1.16719 -0.69174 0)
(0.861579 -0.460764 0)
(0.803103 0.356255 0)
(0.730133 0.99815 0)
(0.423149 2.14566 0)
(0.376654 1.22131 0)
(-0.934807 0.585815 0)
(-0.978724 0.742843 0)
(-0.700679 1.32193 0)
(-0.33162 1.27713 0)
(0.0860143 0.739345 0)
(-0.0771737 0.733937 0)
(0.136583 0.678657 0)
(0.189939 0.390185 0)
(0.186058 0.216535 0)
(0.327103 0.0444345 0)
(-0.00887137 -0.296665 0)
(0.206021 0.225642 0)
(0.22206 -0.0408417 0)
(0.292556 -0.314712 0)
(0.271735 -0.402252 0)
(0.362456 0.546553 0)
(0.683657 1.29815 0)
(0.18223 2.31374 0)
(0.577938 1.49654 0)
(-0.758973 0.513262 0)
(-0.653734 0.631623 0)
(-0.579889 0.939909 0)
(-0.290555 0.86442 0)
(-0.232444 0.442714 0)
(-0.304589 0.568181 0)
(-0.133519 0.47219 0)
(-0.237498 0.221189 0)
(-0.282411 0.168205 0)
(-0.264263 -0.0619576 0)
(-0.445169 -0.0861844 0)
(-0.407661 -0.0363194 0)
(-0.23318 0.0884984 0)
(-0.0615182 -0.350565 0)
(0.0332132 -0.582997 0)
(-0.136271 0.305465 0)
(0.598541 1.15806 0)
(-0.580861 2.25386 0)
(0.706891 1.61647 0)
(-0.590533 0.618924 0)
(-0.515087 0.702763 0)
(-0.439822 0.967145 0)
(-0.314034 0.874183 0)
(-0.333168 0.680063 0)
(-0.441263 0.686913 0)
(-0.381249 0.630003 0)
(-0.510675 0.491295 0)
(-0.535646 0.318998 0)
(-0.609924 0.0982891 0)
(-0.629371 -0.0289822 0)
(-0.584092 -0.0210674 0)
(-0.321225 -0.303915 0)
(0.0210858 -0.36889 0)
(-0.0921596 -0.506792 0)
(-0.640081 0.10441 0)
(0.833506 1.32453 0)
(-0.795981 2.3951 0)
(0.593295 1.84291 0)
(-0.136966 0.451027 0)
(-0.208528 0.6613 0)
(-0.355194 0.637239 0)
(-0.423683 0.657602 0)
(-0.429377 0.521885 0)
(-0.517415 0.538376 0)
(-0.54297 0.472839 0)
(-0.625092 0.370052 0)
(-0.651334 0.213951 0)
(-0.639389 -0.00951135 0)
(-0.448876 -0.214064 0)
(-0.275328 -0.306244 0)
(0.0797501 -0.395417 0)
(0.000317529 -0.651088 0)
(0.311499 -0.766158 0)
(0.0935321 -1.10822 0)
(4.51518 0.0431543 0)
(1.05405 2.92642 0)
(0.725768 3.41303 0)
)
;

boundaryField
{
    leftWall
    {
        type            fixedValue;
        value           uniform (0 0 0);
    }
    rightWall
    {
        type            fixedValue;
        value           uniform (0 0 0);
    }
    lowerWall
    {
        type            fixedValue;
        value           uniform (0 0 0);
    }
    atmosphere
    {
        type            pressureInletOutletVelocity;
        value           nonuniform List<vector> 
46
(
(0 -0.538803 0)
(0 -0.541568 0)
(0 -0.541096 0)
(0 -0.540574 0)
(0 -0.539676 0)
(0 -0.53847 0)
(0 -0.537627 0)
(0 -0.53539 0)
(0 -0.533331 0)
(0 -0.53394 0)
(0 -0.528571 0)
(0 -0.53454 0)
(0 -0.517425 0)
(0 -0.53389 0)
(0 -0.509855 0)
(0 -0.452155 0)
(0 -0.371326 0)
(0 -0.330263 0)
(0 -0.248036 0)
(0 -0.203817 0)
(0 -0.152743 0)
(-0.112309 0.0867335 0)
(-0.171904 0.304356 0)
(-0.17677 0.46786 0)
(-0.233885 0.561499 0)
(-0.289297 0.585341 0)
(-0.237817 0.5304 0)
(-0.136966 0.451027 0)
(-0.208528 0.6613 0)
(-0.355194 0.637239 0)
(-0.423683 0.657602 0)
(-0.429377 0.521885 0)
(-0.517415 0.538376 0)
(-0.54297 0.472839 0)
(-0.625092 0.370052 0)
(-0.651334 0.213951 0)
(0 -0.00951135 0)
(0 -0.214064 0)
(0 -0.306244 0)
(0 -0.395417 0)
(0 -0.651088 0)
(0 -0.766158 0)
(0 -1.10822 0)
(4.51518 0.0431543 0)
(1.05405 2.92642 0)
(0.725768 3.41303 0)
)
;
    }
    defaultFaces
    {
        type            empty;
    }
}


// ************************************************************************* //
