/*--------------------------------*- C++ -*----------------------------------*\
| =========                 |                                                 |
| \\      /  F ield         | foam-extend: Open Source CFD                    |
|  \\    /   O peration     | Version:     4.1                                |
|   \\  /    A nd           | Web:         http://www.foam-extend.org         |
|    \\/     M anipulation  |                                                 |
\*---------------------------------------------------------------------------*/
FoamFile
{
    version     2.0;
    format      ascii;
    class       surfaceScalarField;
    location    "0.45";
    object      phi_0;
}
// * * * * * * * * * * * * * * * * * * * * * * * * * * * * * * * * * * * * * //

dimensions      [0 3 -1 0 0 0 0];

internalField   nonuniform List<scalar> 
4432
(
1.64843e-06
-1.64843e-06
4.83783e-06
-3.1894e-06
7.96854e-06
-3.13071e-06
1.20603e-05
-4.09174e-06
1.883e-05
-6.76968e-06
2.67031e-05
-7.87318e-06
2.9463e-05
-2.75986e-06
4.10777e-05
-1.16147e-05
4.71927e-05
-6.11504e-06
7.76609e-05
-3.04682e-05
7.71931e-05
4.67755e-07
8.08264e-05
-3.6333e-06
8.03728e-05
4.53588e-07
7.97833e-05
5.89494e-07
4.91558e-05
3.06276e-05
5.14896e-05
-2.33386e-06
4.60304e-05
5.45926e-06
3.51708e-05
1.08595e-05
2.51122e-05
1.00586e-05
2.81341e-05
-3.02186e-06
2.2195e-05
5.93909e-06
-6.13556e-07
2.28086e-05
-6.13556e-07
1.84242e-06
-3.49085e-06
5.0411e-06
-6.38807e-06
8.03058e-06
-6.1202e-06
1.20927e-05
-8.15382e-06
1.89191e-05
-1.35961e-05
2.63051e-05
-1.52592e-05
2.93373e-05
-5.79209e-06
4.21041e-05
-2.43814e-05
4.79078e-05
-1.19187e-05
7.49147e-05
-5.74751e-05
7.59081e-05
-5.25593e-07
7.93586e-05
-7.08378e-06
8.21514e-05
-2.33922e-06
8.0498e-05
2.24282e-06
8.21735e-05
2.89521e-05
4.81425e-05
3.16971e-05
4.57885e-05
7.81329e-06
6.88882e-05
-1.22402e-05
5.89612e-05
1.99855e-05
5.18283e-05
4.11107e-06
4.63174e-05
1.145e-05
4.28494e-05
2.62766e-05
4.22358e-05
1.93346e-06
-5.42432e-06
5.23437e-06
-9.68898e-06
8.04765e-06
-8.93347e-06
1.19974e-05
-1.21035e-05
1.83759e-05
-1.99746e-05
2.65359e-05
-2.34192e-05
3.14348e-05
-1.0691e-05
4.11694e-05
-3.41159e-05
4.44162e-05
-1.51656e-05
4.02666e-05
-5.33255e-05
6.83696e-05
-2.86286e-05
6.90296e-05
-7.74377e-06
6.71518e-05
-4.61418e-07
3.86095e-05
3.07851e-05
4.42688e-05
2.32928e-05
4.84997e-05
2.74663e-05
4.42295e-05
1.20835e-05
3.60855e-05
-4.09617e-06
5.67728e-05
-7.01762e-07
4.24119e-05
1.84719e-05
3.44009e-05
1.94611e-05
2.03943e-05
4.02832e-05
6.26301e-05
2.57186e-06
-7.99618e-06
5.8055e-06
-1.29226e-05
7.99786e-06
-1.11258e-05
1.23604e-05
-1.64661e-05
2.05018e-05
-2.8116e-05
2.86499e-05
-3.15673e-05
3.28682e-05
-1.49093e-05
3.96309e-05
-4.08787e-05
3.97809e-05
-1.53156e-05
3.77476e-05
-5.12922e-05
3.38058e-05
-2.46868e-05
6.48817e-05
-3.88196e-05
3.92545e-05
2.51658e-05
7.4762e-05
-4.7225e-06
7.56948e-05
2.23601e-05
7.92251e-05
2.39359e-05
7.82001e-05
1.31085e-05
6.74541e-05
6.64979e-06
6.30703e-05
3.68207e-06
5.35797e-05
2.79625e-05
4.36472e-05
2.93936e-05
2.25133e-05
6.1417e-05
8.51434e-05
2.52094e-06
-1.05171e-05
5.82148e-06
-1.62232e-05
8.1662e-06
-1.34705e-05
1.38371e-05
-2.2137e-05
2.28799e-05
-3.71588e-05
2.84165e-05
-3.71039e-05
3.02786e-05
-1.67713e-05
3.74261e-05
-4.80262e-05
3.70225e-05
-1.49119e-05
3.71436e-05
-5.14133e-05
6.78932e-05
-5.54365e-05
3.9687e-05
-1.06134e-05
7.05917e-05
-5.7388e-06
7.61107e-05
-1.02416e-05
7.18991e-05
2.65717e-05
6.90287e-05
2.68063e-05
6.70268e-05
1.51104e-05
6.31019e-05
1.05747e-05
6.27144e-05
4.06955e-06
5.37484e-05
3.69285e-05
4.38123e-05
3.93297e-05
2.30077e-05
8.22216e-05
0.000108151
3.78664e-06
-1.43038e-05
6.59075e-06
-1.90273e-05
9.20694e-06
-1.60867e-05
1.62199e-05
-2.915e-05
2.40475e-05
-4.49864e-05
2.7702e-05
-4.07585e-05
5.24641e-05
-4.15334e-05
3.77656e-05
-3.33277e-05
7.01686e-05
-4.73149e-05
7.11875e-05
-5.24323e-05
7.19733e-05
-5.62222e-05
7.14578e-05
-1.0098e-05
7.04968e-05
-4.77777e-06
4.54291e-05
1.48261e-05
8.13332e-05
-9.33235e-06
6.93794e-05
3.87601e-05
7.13464e-05
1.31434e-05
7.06393e-05
1.12818e-05
7.08688e-05
3.84001e-06
5.89455e-05
4.88519e-05
4.69974e-05
5.12777e-05
2.27362e-05
0.000106483
0.000130887
3.40749e-06
-1.77113e-05
6.60815e-06
-2.22279e-05
1.05707e-05
-2.00493e-05
1.81798e-05
-3.67591e-05
2.49796e-05
-5.17862e-05
2.83212e-05
-4.41001e-05
3.19648e-05
-4.5177e-05
3.98016e-05
-4.11645e-05
6.62814e-05
-7.37947e-05
7.15591e-05
-5.771e-05
4.13047e-05
-2.59678e-05
7.38664e-05
-4.26597e-05
4.07547e-05
2.8334e-05
4.77634e-05
7.81734e-06
4.65794e-05
-8.14831e-06
7.03903e-05
1.49491e-05
6.57738e-05
1.77599e-05
6.98014e-05
7.25427e-06
7.92949e-05
-5.65355e-06
6.84607e-05
5.96861e-05
5.22462e-05
6.74922e-05
4.48847e-05
0.000113844
0.000175772
5.95983e-06
-2.36711e-05
7.43593e-06
-2.3704e-05
1.23028e-05
-2.49161e-05
2.0093e-05
-4.45493e-05
2.71767e-05
-5.88698e-05
3.18181e-05
-4.87416e-05
5.94638e-05
-7.28226e-05
7.13833e-05
-5.30841e-05
7.33979e-05
-7.58093e-05
7.66186e-05
-6.09308e-05
8.23235e-05
-3.16727e-05
4.4494e-05
-4.83015e-06
6.74905e-05
5.33751e-06
7.27918e-05
2.51604e-06
4.02502e-05
2.43933e-05
3.05815e-05
2.46178e-05
5.01226e-05
-1.78115e-06
5.5942e-05
1.43486e-06
4.32174e-05
7.07107e-06
7.76883e-05
2.52152e-05
6.18235e-05
8.33571e-05
4.38944e-05
0.000131773
0.000219667
-0.000111823
0.000111823
-0.00013647
2.46472e-05
-0.000144038
7.56826e-06
-0.000147288
3.24983e-06
-0.000153341
6.05252e-06
-0.000158294
4.9532e-06
-0.000152725
-5.56905e-06
-9.17729e-05
-6.0952e-05
-9.72228e-05
5.44996e-06
-0.000141568
4.43453e-05
-9.85175e-05
-4.30506e-05
-0.000172472
7.39549e-05
-0.000146285
-2.61874e-05
-9.68284e-05
-4.94566e-05
-4.3515e-05
-5.33134e-05
-1.37286e-05
-2.97864e-05
-1.55046e-05
1.77605e-06
-3.60486e-05
2.0544e-05
-3.60486e-05
-2.84439e-05
0.000140267
-6.38733e-05
6.00767e-05
-8.19184e-05
2.56133e-05
-8.69322e-05
8.26366e-06
-8.23708e-05
1.49108e-06
-7.26654e-05
-4.75213e-06
-4.52349e-05
-3.29996e-05
-7.05339e-05
-3.5653e-05
-8.46754e-05
1.95915e-05
-0.000130711
9.03813e-05
-0.00014917
-2.4592e-05
-7.5631e-05
4.15809e-07
-8.06737e-05
-2.11447e-05
-4.24906e-05
-8.76397e-05
-1.49594e-05
-8.08446e-05
4.08911e-06
-4.8835e-05
-3.40961e-06
9.27478e-06
-8.60291e-06
2.57373e-05
-4.46515e-05
-8.11267e-06
0.000148379
-4.78566e-06
5.67496e-05
-1.07977e-05
3.16254e-05
-2.15414e-05
1.90074e-05
-3.96146e-05
1.95642e-05
-3.14956e-05
-1.28711e-05
-5.27891e-05
-1.17061e-05
-9.44417e-05
5.99962e-06
-0.000101055
2.62043e-05
-6.20514e-05
5.13783e-05
-6.23955e-05
-2.4248e-05
-4.28439e-05
-1.91358e-05
-1.54709e-05
-4.85177e-05
1.6624e-05
-0.000119735
2.00923e-05
-8.43129e-05
2.03353e-05
-4.9078e-05
1.57238e-05
1.38863e-05
1.07225e-05
3.07386e-05
-3.39291e-05
1.88322e-05
0.000129547
4.46787e-05
3.09031e-05
8.38233e-05
-7.51924e-06
3.53493e-05
6.74814e-05
1.88149e-05
3.60987e-05
1.05763e-05
-4.63253e-06
2.32095e-08
-1.15308e-06
-2.50022e-05
3.1025e-05
-3.54852e-05
3.66874e-05
-4.13085e-06
2.0024e-05
1.26615e-06
-2.9645e-05
2.57986e-06
-2.04495e-05
5.48398e-05
-0.000100778
4.38147e-05
-0.00010871
4.78347e-05
-8.83328e-05
3.82731e-05
-3.95164e-05
2.92121e-05
2.29474e-05
2.16027e-05
3.8348e-05
-1.23264e-05
2.59989e-05
0.000103548
4.79247e-05
8.97736e-06
4.48276e-05
-4.42217e-06
2.17286e-05
9.05804e-05
8.60163e-06
4.92256e-05
-1.36799e-05
1.7649e-05
-1.61186e-05
1.28561e-06
3.63618e-06
1.12702e-05
3.20181e-05
8.30538e-06
4.29945e-05
9.04763e-06
3.04514e-05
-1.71019e-05
4.36662e-05
-3.36643e-05
5.84941e-05
-0.000115606
6.18957e-05
-0.000112111
6.30783e-05
-8.95154e-05
5.54644e-05
-3.19026e-05
4.31043e-05
3.53075e-05
2.61244e-05
5.53279e-05
1.3798e-05
2.63033e-05
7.7245e-05
3.51817e-05
9.89965e-08
3.00743e-05
6.85201e-07
2.38876e-05
9.67671e-05
3.483e-06
6.96302e-05
-1.74912e-06
2.28811e-05
2.03294e-05
-2.0793e-05
5.32017e-05
-2.16021e-05
7.78925e-05
-1.63854e-05
4.6757e-05
4.01831e-05
5.49796e-05
-2.53245e-05
6.54696e-05
-4.41543e-05
7.31617e-05
-0.000123298
7.141e-05
-0.000110359
6.97064e-05
-8.78117e-05
6.40392e-05
-2.62354e-05
5.19054e-05
4.74413e-05
3.2717e-05
7.45163e-05
4.6515e-05
3.956e-05
3.76849e-05
5.93345e-05
-1.96755e-05
5.68261e-05
3.19352e-06
8.74537e-06
0.000144848
-3.08297e-06
8.14585e-05
2.30772e-05
-3.27902e-06
1.22003e-05
-9.91605e-06
-4.65537e-05
3.71519e-05
2.46663e-05
-8.76054e-05
5.00593e-05
1.47901e-05
7.22847e-05
-4.75499e-05
8.47586e-05
-5.66282e-05
8.78487e-05
-0.000126388
8.32496e-05
-0.00010576
7.70267e-05
-8.15889e-05
7.10828e-05
-2.02915e-05
5.64777e-05
6.20464e-05
3.55616e-05
9.54325e-05
8.20766e-05
1.44865e-05
2.31984e-05
4.80416e-05
-5.32305e-05
5.05368e-05
6.98268e-07
1.0993e-05
0.000184392
7.87487e-06
8.45767e-05
3.6543e-05
-3.19471e-05
4.34018e-06
2.22867e-05
-1.56362e-05
5.71283e-05
3.47171e-05
-0.000137959
6.71335e-05
-1.76263e-05
9.53218e-05
-7.57382e-05
0.000100676
-6.19823e-05
9.76366e-05
-0.000123348
9.04104e-05
-9.85342e-05
7.92498e-05
-7.04283e-05
7.31767e-05
-1.42184e-05
6.22308e-05
7.29924e-05
3.75492e-05
0.000120114
0.000119626
1.67951e-05
-4.04662e-05
3.47262e-05
-4.16351e-05
5.55454e-05
-4.57354e-05
8.77361e-05
-7.674e-05
0.000111777
-8.29109e-05
0.000132657
-6.96213e-05
0.000152755
-9.29207e-05
0.000181227
-8.15557e-05
0.000188523
-8.31055e-05
0.000190968
-6.33755e-05
0.000175706
-1.64108e-05
0.000148569
2.23068e-05
0.00014513
8.77629e-06
0.000113359
3.42873e-05
0.000126457
1.12947e-05
0.00017239
-2.13146e-05
0.000161887
8.72148e-06
0.000160412
2.90955e-06
0.00015693
1.0554e-05
0.000143286
3.88591e-05
0.000145674
8.09682e-05
0.00013744
0.000140007
0.00014375
0.000213357
6.68445e-06
-4.71506e-05
2.28425e-05
-5.77931e-05
4.16589e-05
-6.45518e-05
6.75996e-05
-0.000102681
6.44111e-05
-7.97225e-05
8.27286e-05
-8.79388e-05
9.42246e-05
-0.000104417
0.00010544
-9.27708e-05
0.000106289
-8.39549e-05
0.000100846
-5.79323e-05
8.84833e-05
-4.04827e-06
0.000127014
-1.62235e-05
0.000138969
-3.17906e-06
0.000160468
1.27883e-05
0.00016743
4.33267e-06
0.000151288
-5.17245e-06
0.000147778
1.2231e-05
0.000128385
2.23035e-05
0.000112682
2.62566e-05
0.00012912
2.24204e-05
9.78588e-05
0.00011223
0.000127364
0.000110502
0.000119242
0.000151872
-1.82228e-05
-2.89278e-05
-1.89616e-05
-5.70543e-05
4.10923e-05
-0.000124606
5.41189e-05
-0.000115707
5.50731e-05
-8.06767e-05
4.35863e-05
-7.6452e-05
5.96721e-05
-0.000120502
6.97251e-05
-0.000102824
8.68532e-05
-0.000101083
9.95872e-05
-7.06662e-05
0.000143587
-4.80478e-05
0.00012534
2.02332e-06
0.000141988
-1.98267e-05
0.000163174
-8.39851e-06
0.000168067
-5.6026e-07
0.000141452
2.14434e-05
0.00013463
1.90525e-05
0.000131243
2.56908e-05
0.000134526
2.29728e-05
9.12891e-05
6.56578e-05
0.000121909
8.16098e-05
0.000163932
6.8479e-05
0.000122002
0.000161172
-3.26403e-05
3.71252e-06
8.69563e-06
-9.83903e-05
9.59257e-06
-0.000125503
5.20902e-05
-0.000158205
1.9375e-05
-4.79614e-05
1.41247e-05
-7.12018e-05
2.7479e-05
-0.000133857
1.18676e-05
-8.72125e-05
1.68861e-05
-0.000106101
4.84436e-05
-0.000102224
8.93173e-05
-8.89216e-05
0.00012392
-3.2579e-05
0.000106871
-2.77821e-06
0.000117351
-1.88783e-05
0.000107877
8.91323e-06
0.000118827
1.04934e-05
9.62077e-05
4.16722e-05
0.000104847
1.70511e-05
7.60308e-05
5.17895e-05
0.000109921
3.17673e-05
0.000134082
5.74494e-05
0.000144466
5.80946e-05
3.30705e-05
0.000233398
-2.7018e-05
3.07305e-05
-1.12998e-05
-0.000114108
3.21813e-06
-0.000140021
-6.41544e-06
-0.000148571
1.42288e-05
-6.86056e-05
1.76588e-05
-7.46317e-05
-1.3205e-05
-0.000102993
-1.51907e-05
-8.52269e-05
-1.65715e-05
-0.000104721
5.07876e-06
-0.000123874
6.31547e-05
-0.000146998
0.000110854
-8.02784e-05
0.00019126
-8.31843e-05
0.000198708
-2.63261e-05
0.000180635
2.69861e-05
0.000127674
6.34542e-05
0.000117608
5.1739e-05
0.000138395
-3.73665e-06
0.000168405
2.17795e-05
0.000192569
7.6038e-06
0.000211041
3.89769e-05
0.000201521
6.76151e-05
5.70763e-05
0.000177515
6.14747e-06
2.4583e-05
-1.90288e-06
-0.000106058
-2.7991e-06
-0.000139124
-6.75676e-07
-0.000150695
7.69091e-07
-7.00504e-05
2.7745e-06
-7.66371e-05
-5.80022e-06
-9.44182e-05
-2.36484e-05
-6.73787e-05
-3.62095e-05
-9.21596e-05
-2.96052e-06
-0.000157123
6.60819e-05
-0.00021604
0.000107845
-0.000122041
0.000110658
-8.59977e-05
0.000112775
-2.84425e-05
7.15367e-05
6.82239e-05
3.4429e-05
0.000100562
6.92769e-05
1.68911e-05
0.000120161
-5.46211e-05
0.000216766
-7.4825e-05
0.000210287
1.40822e-05
0.000210946
3.83183e-05
0.0002172
6.13609e-05
6.80073e-05
0.000206269
6.01202e-05
-3.55372e-05
5.50853e-05
-0.000101023
4.26442e-05
-0.000126683
8.54565e-06
-0.000116596
-1.34587e-05
-4.80461e-05
-3.41216e-05
-5.59742e-05
-4.88042e-05
-7.97357e-05
-3.61482e-05
-8.00346e-05
-2.13747e-05
-0.000106933
1.53016e-05
-0.000193799
8.15829e-05
-0.000282321
7.60182e-05
-0.000116477
4.98585e-05
-5.98381e-05
3.05801e-05
-9.16411e-06
3.88926e-05
5.99115e-05
7.50571e-05
6.43974e-05
5.15378e-05
4.04103e-05
5.65378e-05
-5.96212e-05
8.03284e-05
-9.86156e-05
0.000140324
-4.59134e-05
0.000192784
-1.41418e-05
0.000214633
3.95117e-05
8.20844e-05
0.000200556
9.05937e-05
-0.000126131
8.55922e-05
-9.60217e-05
4.91772e-05
-9.02682e-05
-9.80808e-06
-5.7611e-05
-5.24541e-05
-5.4001e-06
-1.30146e-05
-9.54137e-05
-1.83286e-05
-7.44217e-05
-3.50795e-05
-6.32837e-05
1.40492e-06
-0.000143418
8.25363e-06
-0.000200648
3.08006e-05
-0.000304868
2.33718e-05
-0.000109048
2.03022e-05
-5.67685e-05
3.13429e-05
-2.02047e-05
-5.81965e-06
9.7074e-05
2.18698e-06
5.63908e-05
2.93624e-05
1.32349e-05
1.67623e-05
-4.70211e-05
5.19233e-06
-8.70456e-05
3.20176e-05
-7.27386e-05
6.41487e-05
-4.62729e-05
9.81294e-05
5.53105e-06
2.39854e-05
0.000156228
-1.39421e-06
-0.000124737
5.91862e-07
-9.80078e-05
-6.30709e-07
-8.90457e-05
-5.63708e-06
-5.26046e-05
-8.37189e-06
-2.66529e-06
-3.86025e-05
-6.51831e-05
-3.44819e-05
-7.85423e-05
-5.78179e-06
-9.19837e-05
7.08686e-06
-0.000156286
-1.38133e-06
-0.00019218
-2.31731e-05
-0.000283076
1.0322e-05
-0.000142543
1.65746e-05
-6.30212e-05
1.61654e-05
-1.97955e-05
3.70994e-05
7.614e-05
1.96581e-05
7.38321e-05
4.83255e-05
-1.54326e-05
1.74346e-05
-1.61301e-05
1.88688e-05
-8.84798e-05
1.69876e-05
-7.08574e-05
3.38078e-05
-6.30932e-05
8.22566e-05
-4.29177e-05
7.53331e-06
9.87087e-05
1.35094e-05
-0.000138246
1.9073e-06
-8.64057e-05
7.21695e-06
-9.43553e-05
1.6679e-05
-6.20667e-05
1.7078e-05
-3.0643e-06
7.0968e-06
-5.52019e-05
5.30783e-06
-7.67533e-05
9.28101e-06
-9.59569e-05
-4.22435e-06
-0.000142781
-2.31886e-07
-0.000196172
-2.3908e-05
-0.0002594
-1.64858e-05
-0.000149965
2.06173e-06
-8.15687e-05
4.52669e-06
-2.22605e-05
-2.00507e-05
0.000100717
-5.88973e-06
5.96711e-05
3.57762e-06
-2.48999e-05
1.18845e-05
-2.44369e-05
-5.43894e-06
-7.11565e-05
-1.02453e-05
-6.60511e-05
-1.3727e-05
-5.96115e-05
-1.49825e-05
-4.16622e-05
1.35298e-05
-2.0979e-05
-2.09597e-06
-0.00013615
-4.94503e-06
-8.35567e-05
-5.53355e-06
-9.37668e-05
4.1954e-06
-7.17956e-05
3.10114e-05
-2.98803e-05
1.45793e-05
-3.87698e-05
2.50827e-06
-6.46823e-05
1.38467e-07
-9.35871e-05
-1.524e-05
-0.000127402
-1.65964e-06
-0.000209753
-2.34711e-05
-0.000237589
-5.52685e-06
-0.000167909
-4.61854e-05
-4.09102e-05
-7.00106e-05
1.56473e-06
-3.58078e-05
6.65146e-05
-8.05547e-06
3.19188e-05
-5.48836e-06
-2.7467e-05
5.91114e-06
-3.58364e-05
-6.30899e-06
-5.89363e-05
-1.52771e-05
-5.7083e-05
-4.06057e-05
-3.42828e-05
-3.4626e-05
-4.76419e-05
-1.9142e-05
-1.95415e-06
-8.83544e-06
-0.000127315
-1.16047e-05
-8.07874e-05
-7.80105e-06
-9.75704e-05
-8.56171e-06
-7.1035e-05
1.18395e-05
-5.02816e-05
1.79336e-05
-4.48639e-05
5.7493e-06
-5.24979e-05
-2.14107e-06
-8.56967e-05
-1.44231e-05
-0.00011512
-2.82395e-06
-0.000221352
-3.1025e-05
-0.000209388
-1.32499e-05
-0.000185684
-4.34556e-05
-1.07044e-05
-6.44347e-05
2.25438e-05
-2.3667e-05
2.57469e-05
2.70951e-06
5.54225e-06
1.62941e-06
-2.63869e-05
-1.00262e-05
-2.41808e-05
-1.59247e-05
-5.30378e-05
-4.48118e-05
-2.81959e-05
-4.15072e-05
-3.75875e-05
-5.40599e-05
-3.50892e-05
-4.10338e-05
-3.21681e-05
-2.97007e-05
-9.7614e-05
1.05909e-06
-0.000111547
-1.42822e-05
-8.22291e-05
1.35542e-05
-9.88714e-05
1.95679e-05
-5.62953e-05
2.38185e-05
-4.91145e-05
2.11695e-05
-4.98489e-05
9.59498e-06
-7.41222e-05
-8.32416e-06
-9.72012e-05
7.42028e-07
-0.000230418
-1.76028e-05
-0.000191043
-9.7406e-05
-0.000105881
-5.33913e-05
-5.47192e-05
-3.17013e-05
8.53878e-07
-7.54771e-07
-5.19964e-06
6.02047e-06
-1.23299e-06
-2.85841e-07
-2.00806e-05
-3.20011e-06
-2.12665e-05
-2.74413e-05
-2.87966e-05
-2.86953e-05
-2.69419e-05
-3.99163e-05
-2.63665e-05
-2.3804e-05
-5.12014e-05
-3.1584e-05
-3.32538e-05
9.81459e-06
-0.000107429
-6.4711e-06
-9.52615e-05
-1.06362e-06
-8.76366e-05
4.47013e-06
-0.000104405
3.50258e-05
-8.68509e-05
3.05134e-05
-4.46021e-05
3.7235e-05
-5.65705e-05
5.01089e-05
-8.69962e-05
1.03286e-07
-4.71956e-05
-1.94458e-06
-0.00022837
-1.6617e-05
-0.000176371
-3.64923e-05
-8.60057e-05
1.90841e-05
-0.000110296
2.67087e-05
-6.77077e-06
1.39146e-05
7.59454e-06
1.13649e-05
1.3167e-06
-2.29176e-06
-6.42396e-06
-1.08138e-05
-1.27444e-05
-1.84404e-05
-2.11701e-05
-2.09016e-05
-2.44807e-05
-9.23774e-06
-3.80303e-05
-3.48401e-05
-2.55991e-05
-3.29277e-05
-3.34964e-05
-1.43858e-05
-9.30427e-05
-1.45119e-05
-9.51354e-05
-7.74986e-06
-9.43987e-05
1.95817e-06
-0.000114113
2.26841e-05
-0.000107577
3.78227e-05
-5.97407e-05
5.57454e-05
-7.44931e-05
9.04518e-05
-0.000121703
9.5522e-05
-5.22658e-05
9.09242e-06
-0.000141941
-1.54564e-06
-0.000165732
-2.50601e-05
-6.24912e-05
3.73476e-06
-0.000139091
2.50224e-05
-2.80584e-05
4.72787e-06
2.78891e-05
8.56289e-07
5.18828e-06
-4.38926e-06
-1.17841e-06
-2.17419e-06
-1.49595e-05
-3.25057e-06
-2.00937e-05
-8.39246e-06
-1.93388e-05
-1.56267e-05
-3.07961e-05
-1.90996e-05
-2.21261e-05
-1.82262e-05
-3.38011e-05
-8.30084e-06
-8.47419e-05
-1.29893e-05
-9.0447e-05
-5.75111e-06
-0.000101637
-5.29494e-06
-0.000114569
1.60991e-06
-0.000114482
1.61176e-05
-7.42484e-05
1.69869e-05
-7.53624e-05
4.24963e-05
-0.000147212
4.1638e-05
-5.14074e-05
4.92805e-06
-0.000105231
-1.03849e-05
-0.00015042
7.19806e-06
-8.00742e-05
-5.87008e-06
-0.000126022
-5.53363e-06
-2.83949e-05
-8.16325e-06
3.05187e-05
-7.10596e-06
4.131e-06
-6.07195e-06
-2.21241e-06
-1.35058e-05
-7.52563e-06
-1.18296e-05
-2.177e-05
-1.93032e-05
-1.18652e-05
-2.99949e-05
-2.01044e-05
-1.50841e-05
-3.7037e-05
-1.8983e-05
-1.43273e-05
-2.73289e-05
-5.7413e-05
-1.25718e-05
-0.000105204
-1.09145e-05
-0.000103294
-1.03041e-05
-0.00011518
-9.41301e-06
-0.000115373
3.14075e-07
-8.39755e-05
5.74862e-05
-0.000132535
2.60765e-05
-0.000115802
6.20615e-05
-8.73925e-05
3.62808e-05
-7.94499e-05
-7.17633e-06
-0.000106962
-2.54519e-05
-6.17986e-05
-6.9314e-05
-8.21602e-05
-5.28759e-05
-4.4833e-05
-3.3904e-05
1.15469e-05
-3.14778e-05
1.70474e-06
-2.85099e-05
-5.1803e-06
-2.37231e-05
-1.23124e-05
-3.22714e-05
-1.32216e-05
-2.03431e-05
-2.37935e-05
-1.28e-05
-2.76475e-05
-1.05648e-05
-3.92721e-05
-2.17929e-05
-7.75492e-06
1.22352e-05
-6.96482e-05
-2.13619e-05
-7.1607e-05
-1.09135e-05
-0.000113742
-2.14641e-05
-0.000104629
-1.05585e-05
-0.000126278
-1.83349e-05
-7.61991e-05
-7.07877e-06
-0.000143791
-1.31899e-05
-0.000109691
8.44034e-06
-0.000109023
2.14705e-05
-9.24801e-05
-1.32717e-05
-7.22202e-05
-1.19956e-05
-6.30747e-05
-4.80247e-05
-4.61311e-05
-6.559e-05
-2.72678e-05
-4.20267e-05
-1.20164e-05
-3.55264e-05
-4.79558e-06
-3.23926e-05
-8.31415e-06
-3.15309e-05
-1.31741e-05
-1.23409e-05
-3.24116e-05
-1.64161e-05
-1.97183e-05
-1.68213e-05
-2.72423e-05
-1.53918e-05
-4.07017e-05
-2.12117e-05
-1.59729e-05
7.28577e-06
-7.6934e-05
1.35444e-05
-7.78657e-05
-1.60031e-05
-8.41949e-05
-1.15712e-05
-0.000109061
-5.22347e-05
-8.56149e-05
-5.12062e-05
-7.72276e-05
-5.61375e-05
-0.000138859
-2.83785e-05
-0.00013745
-5.4806e-05
-8.25952e-05
-6.73634e-05
-7.99227e-05
-2.83407e-05
-0.000111243
-5.03315e-05
-4.10839e-05
-5.89361e-05
-3.75265e-05
-5.74089e-05
-2.8795e-05
-3.96088e-05
-2.98164e-05
-2.57063e-05
-1.8698e-05
-2.37643e-05
-1.02562e-05
-1.60957e-05
-2.08427e-05
-2.96919e-05
-1.88154e-05
-2.78369e-05
-2.15732e-05
-1.19724e-05
-4.31068e-05
-1.30915e-05
-3.95826e-05
-2.51689e-05
-9.13427e-06
3.61174e-06
-8.05457e-05
5.99073e-06
-8.02447e-05
5.35309e-06
-8.35572e-05
-2.28934e-05
-8.08146e-05
-2.72171e-05
-8.12912e-05
-3.13852e-05
-7.30595e-05
-3.6504e-05
-0.000133741
-5.40389e-05
-0.000119915
-6.83722e-05
-6.82619e-05
-8.49643e-05
-6.33306e-05
-9.88601e-05
-9.73471e-05
-0.000101893
-3.80505e-05
-6.77671e-05
-7.16527e-05
-5.05781e-05
-4.5984e-05
-5.63983e-05
-2.39963e-05
-4.69295e-05
-2.81668e-05
-2.73235e-05
-2.98621e-05
-2.80024e-05
-2.01638e-05
-1.68479e-05
-2.99699e-05
-8.40995e-06
-3.00111e-05
-2.321e-05
-2.83068e-05
-2.23291e-05
-4.04634e-05
-3.40342e-05
-1.34638e-05
-3.47198e-07
-8.01985e-05
-1.54842e-06
-7.90434e-05
-8.72412e-06
-7.63815e-05
-1.1386e-05
-7.81527e-05
-1.74248e-05
-7.52525e-05
1.1749e-05
-0.000102233
-3.61027e-05
-8.58889e-05
-3.23593e-05
-0.000123659
-4.24194e-05
-5.82018e-05
-4.55252e-05
-6.02249e-05
-7.83148e-05
-6.45575e-05
-5.49203e-05
-6.14451e-05
-8.29222e-05
-4.36508e-05
-6.83465e-05
-6.05597e-05
-5.497e-05
-3.73729e-05
-4.45543e-05
-3.85825e-05
-4.69011e-05
-2.75154e-05
-2.45004e-05
-4.25646e-05
-2.82546e-05
-2.62157e-05
-2.36735e-05
-3.45922e-05
-7.17728e-06
-4.4803e-05
-5.07414e-06
-4.25666e-05
-2.60182e-05
-1.30902e-05
-8.131e-07
-7.93854e-05
-9.26114e-07
-7.89304e-05
-1.41393e-06
-7.58937e-05
-9.78632e-06
-6.97803e-05
-8.12502e-06
-7.69138e-05
3.48653e-06
-0.000113845
-1.16451e-06
-8.12378e-05
-4.51431e-05
-7.968e-05
-3.44733e-05
-6.88716e-05
-3.21152e-05
-6.25829e-05
-3.36766e-05
-6.29961e-05
-3.59175e-05
-5.92041e-05
-3.34608e-05
-4.61075e-05
-5.37683e-05
-4.02523e-05
-3.01588e-05
-6.09823e-05
-2.09737e-05
-4.77676e-05
-1.7233e-05
-3.12561e-05
-2.58089e-05
-3.39886e-05
-2.16391e-05
-3.03854e-05
-1.71247e-05
-3.91067e-05
-1.64581e-05
-4.54695e-05
-1.61973e-05
-4.28274e-05
-2.91247e-05
-1.30908e-05
-3.49253e-06
-7.58929e-05
-1.17418e-05
-7.06812e-05
-1.66267e-05
-7.10088e-05
2.08871e-05
-0.000107294
1.20661e-05
-6.80928e-05
-2.01655e-05
-8.16132e-05
-2.79233e-05
-7.34801e-05
-2.89009e-05
-7.87023e-05
-2.2545e-05
-7.52276e-05
-2.12822e-05
-6.38457e-05
-2.51644e-05
-5.91139e-05
-2.97704e-05
-5.45982e-05
-3.56181e-05
-4.02598e-05
-3.31345e-05
-4.27358e-05
-2.16527e-05
-7.24641e-05
-3.11199e-05
-3.83004e-05
-2.85604e-05
-3.38156e-05
-2.40275e-05
-3.85215e-05
-1.40525e-05
-4.03604e-05
-1.18811e-05
-4.12781e-05
-8.60968e-06
-4.87409e-05
-2.28952e-06
-4.91476e-05
-3.18313e-05
4.17115e-07
-2.08173e-05
-5.50756e-05
5.89337e-07
-9.20878e-05
1.3153e-05
-8.35724e-05
-1.84991e-06
-9.22912e-05
1.52329e-05
-8.51756e-05
4.06437e-06
-7.04447e-05
-8.86393e-06
-6.05518e-05
-1.71823e-05
-7.0384e-05
-2.86124e-05
-6.37974e-05
-3.33697e-05
-5.90884e-05
-3.42718e-05
-5.82118e-05
-3.36134e-05
-5.52565e-05
-2.84648e-05
-4.54084e-05
-2.7283e-05
-4.39177e-05
-5.18394e-05
-4.79077e-05
-2.1128e-05
-6.90119e-05
-1.54024e-05
-3.95411e-05
-2.09756e-05
-3.29483e-05
-9.76816e-06
-5.15679e-05
-1.93996e-05
-3.16466e-05
-1.90079e-05
-4.91327e-05
-1.53187e-05
-5.28368e-05
-4.47159e-05
-2.43407e-06
1.60929e-05
-7.11685e-05
3.76738e-06
-7.97623e-05
-4.74274e-06
-7.50623e-05
-1.3338e-05
-8.3696e-05
-2.09574e-05
-7.75563e-05
-7.23032e-06
-8.41718e-05
1.07379e-05
-7.85201e-05
-1.69031e-06
-5.79558e-05
-1.42234e-05
-5.12644e-05
-1.9649e-05
-5.36627e-05
-2.51723e-05
-5.26885e-05
-2.73611e-05
-5.30677e-05
-2.2539e-05
-5.02305e-05
-1.23151e-05
-5.41415e-05
-1.1848e-05
-4.83748e-05
-2.90314e-05
-5.18285e-05
-3.4025e-05
-3.45475e-05
-5.21182e-06
-6.17615e-05
-2.13284e-05
-3.54514e-05
-1.55567e-05
-3.74183e-05
-1.15642e-05
-5.31252e-05
-9.75923e-06
-5.46417e-05
-4.4555e-05
-9.92013e-06
-1.289e-06
-6.98795e-05
-2.15698e-06
-7.88943e-05
-5.98799e-07
-7.66205e-05
-5.51878e-06
-7.8776e-05
-7.08268e-06
-7.59924e-05
-1.64595e-05
-7.47949e-05
-2.33623e-05
-7.16173e-05
-1.12364e-05
-7.00816e-05
-2.30027e-05
-3.94981e-05
-3.69276e-05
-3.97378e-05
-2.6433e-05
-6.31832e-05
-1.20961e-05
-6.74045e-05
2.78742e-06
-6.5114e-05
-6.20797e-06
-4.51462e-05
-1.39311e-05
-4.06516e-05
-2.08966e-05
-4.48631e-05
6.83546e-07
-5.61277e-05
-1.89621e-05
-4.21158e-05
-1.36988e-05
-4.07147e-05
-1.11522e-05
-3.99648e-05
-1.16027e-05
-5.26747e-05
-1.11644e-05
-5.508e-05
-4.91615e-05
-6.55796e-06
2.00439e-06
-7.18839e-05
9.94453e-08
-7.69894e-05
-2.26237e-06
-7.42587e-05
-5.36501e-06
-7.56733e-05
-7.21233e-06
-7.4145e-05
-7.15963e-06
-7.48476e-05
-7.73779e-06
-7.10391e-05
-1.0112e-05
-6.77074e-05
-1.31317e-05
-3.64784e-05
-1.64116e-05
-3.64579e-05
-2.14282e-05
-5.81666e-05
-2.60431e-05
-6.27897e-05
-2.66139e-05
-6.45432e-05
-9.5021e-06
-6.2258e-05
-1.04093e-05
-3.97444e-05
-5.59324e-06
-4.96791e-05
-2.13639e-05
-4.0357e-05
-4.25798e-06
-5.92218e-05
-6.62582e-06
-3.83469e-05
-1.02604e-05
-3.63302e-05
-6.0718e-06
-5.68634e-05
-8.86744e-06
-5.22844e-05
-5.08187e-05
-7.2102e-06
-4.39442e-07
-7.14444e-05
-1.14946e-06
-7.62794e-05
-1.52652e-06
-7.38816e-05
-3.80726e-06
-7.33926e-05
-5.60459e-06
-7.23477e-05
-8.54051e-06
-7.19117e-05
-1.17454e-05
-6.78343e-05
-1.20311e-05
-6.74217e-05
-1.44202e-05
-3.40893e-05
-1.61701e-05
-3.47079e-05
-1.53021e-05
-5.90346e-05
-1.69543e-05
-6.11374e-05
-1.5896e-05
-6.56015e-05
-1.58915e-05
-6.22624e-05
-1.84098e-05
-3.72261e-05
-8.36395e-06
-5.9725e-05
-1.2788e-05
-3.5933e-05
-2.04148e-05
-5.15949e-05
-3.81691e-06
-5.49448e-05
1.26802e-05
-5.28273e-05
-5.85723e-06
-3.8326e-05
-1.1196e-05
-4.69456e-05
-5.47261e-05
-7.28856e-06
5.9867e-07
-7.20431e-05
2.86274e-07
-7.5967e-05
-2.44501e-09
-7.35929e-05
-1.32459e-06
-7.20705e-05
-2.738e-06
-7.09343e-05
-5.55154e-06
-6.90982e-05
-7.74271e-06
-6.56431e-05
-6.92913e-06
-6.82353e-05
-3.35941e-06
-3.7659e-05
-8.48173e-07
-3.72192e-05
-1.99845e-05
-3.98983e-05
-1.49662e-05
-6.61557e-05
-1.50642e-05
-6.55036e-05
-1.29478e-05
-6.43788e-05
4.05873e-06
-5.42326e-05
-8.13936e-06
-4.75269e-05
3.07709e-06
-4.71494e-05
-7.18602e-06
-4.13318e-05
-7.64016e-06
-5.44907e-05
-2.63923e-06
-5.78282e-05
-7.426e-06
-3.35392e-05
-5.69499e-06
-4.86766e-05
-5.07616e-05
-9.65947e-06
2.82352e-07
-7.23254e-05
-9.67547e-08
-7.55879e-05
-8.94699e-07
-7.2795e-05
-3.25214e-06
-6.9713e-05
-5.59491e-06
-6.85915e-05
-5.99313e-06
-6.87e-05
-8.54827e-06
-6.30879e-05
-9.33138e-06
-6.74522e-05
-1.01005e-05
-3.68899e-05
-9.23559e-06
-3.80841e-05
-1.0106e-05
-3.90279e-05
-9.12028e-06
-6.71414e-05
-9.42378e-06
-6.52001e-05
-8.57105e-06
-6.52315e-05
-5.91265e-06
-5.6891e-05
-1.0289e-05
-4.31506e-05
-9.28635e-06
-4.8152e-05
-8.23732e-06
-4.23808e-05
-1.01804e-05
-5.25476e-05
-3.74564e-06
-6.4263e-05
9.85561e-06
-4.71404e-05
-3.05335e-06
-3.57677e-05
-4.63353e-05
-7.47962e-06
8.36538e-07
-7.3162e-05
1.11993e-06
-7.58713e-05
2.30651e-06
-7.39815e-05
4.64625e-06
-7.20528e-05
1.2089e-05
-7.60343e-05
-7.25027e-06
-4.93607e-05
-2.55802e-05
-4.4758e-05
-1.86319e-05
-7.44006e-05
-1.28446e-05
-4.26772e-05
-9.22403e-06
-4.17046e-05
-7.09689e-06
-4.1155e-05
-9.6373e-06
-6.4601e-05
-1.1021e-05
-6.38163e-05
-1.2569e-05
-6.36836e-05
-1.30214e-05
-5.64386e-05
5.98737e-07
-5.67707e-05
5.91517e-06
-5.34685e-05
-1.84628e-06
-3.46193e-05
2.57053e-06
-5.69644e-05
5.70312e-07
-6.22628e-05
-9.62524e-06
-3.69449e-05
-1.13747e-05
-3.40182e-05
-5.15919e-05
-6.11814e-06
1.10949e-07
-7.32729e-05
1.21163e-08
-7.57724e-05
-9.98953e-08
-7.38695e-05
-2.11497e-06
-7.00377e-05
-4.90912e-06
-7.32401e-05
-5.12001e-06
-4.91498e-05
-6.15039e-06
-4.37276e-05
-5.47901e-06
-7.5072e-05
-4.37e-06
-4.37862e-05
-5.01904e-06
-4.10556e-05
-4.04437e-06
-4.21297e-05
-6.81098e-06
-6.18344e-05
-7.3752e-06
-6.32521e-05
-7.36874e-06
-6.36901e-05
-3.68962e-06
-6.01177e-05
-2.65348e-06
-5.78069e-05
-1.6042e-05
-4.008e-05
2.47769e-07
-5.09091e-05
-1.36984e-05
-4.30183e-05
-2.32873e-05
-5.26738e-05
-1.60696e-06
-5.86252e-05
1.28201e-05
-4.84452e-05
-3.10794e-05
-7.69246e-06
1.69753e-07
-7.34427e-05
4.75782e-07
-7.60785e-05
9.69292e-07
-7.4363e-05
-1.86783e-08
-6.90497e-05
-1.13087e-06
-7.21279e-05
-8.72346e-06
-4.15572e-05
-1.12158e-05
-4.12352e-05
-2.36794e-05
-6.26084e-05
-6.54556e-06
-6.092e-05
8.20494e-06
-5.58061e-05
1.41711e-06
-3.53419e-05
-3.61062e-06
-5.68067e-05
-6.78117e-06
-6.00815e-05
-8.53653e-06
-6.19347e-05
-9.37891e-06
-5.92753e-05
-1.14437e-05
-5.57421e-05
6.32894e-06
-5.78526e-05
6.13835e-06
-5.07185e-05
5.34451e-07
-3.74144e-05
9.79284e-07
-5.31187e-05
-6.71857e-07
-5.69741e-05
-1.5369e-05
-3.37481e-05
-3.95136e-05
-6.93473e-06
-1.33085e-07
-7.33096e-05
-3.92677e-07
-7.58189e-05
-6.96765e-07
-7.4059e-05
-4.25995e-06
-6.54865e-05
-1.27892e-05
-6.35987e-05
5.80767e-06
-6.01541e-05
2.04386e-06
-3.74714e-05
-1.0167e-06
-5.95478e-05
-6.97099e-07
-6.12396e-05
2.29923e-06
-5.88024e-05
4.27734e-06
-3.732e-05
-1.44438e-05
-3.80855e-05
-9.53277e-06
-6.49926e-05
-6.61201e-06
-6.48555e-05
-4.66503e-06
-6.12223e-05
-3.2644e-06
-5.71427e-05
-6.03016e-06
-5.50868e-05
-7.13357e-07
-5.60353e-05
1.47347e-05
-5.28624e-05
-2.97154e-06
-3.54124e-05
-2.30527e-05
-3.68928e-05
-1.87275e-06
-5.49281e-05
-3.72009e-05
-4.18546e-06
-8.32451e-08
-7.32264e-05
-4.88015e-07
-7.54141e-05
-4.36374e-08
-7.45033e-05
-1.13308e-06
-6.43971e-05
-7.71936e-07
-6.39598e-05
3.77004e-06
-6.46961e-05
3.24075e-06
-3.69421e-05
-1.63563e-05
-3.99508e-05
-7.99332e-06
-6.96026e-05
-4.06706e-06
-6.27286e-05
-9.94353e-07
-4.03927e-05
-2.2634e-06
-3.68165e-05
-5.86523e-06
-6.13907e-05
-5.99103e-06
-6.47297e-05
-5.52116e-06
-6.16922e-05
-4.03484e-06
-5.86291e-05
-2.62417e-06
-5.64975e-05
-1.98158e-06
-5.66779e-05
-4.88743e-06
-4.99566e-05
-2.59298e-06
-3.77069e-05
9.91658e-06
-4.94024e-05
-1.13171e-05
-3.36944e-05
-5.39932e-05
5.47519e-06
1.94433e-07
-7.34208e-05
7.48617e-07
-7.59683e-05
3.5888e-06
-7.73435e-05
6.00222e-06
-6.68105e-05
-1.31351e-05
-4.48225e-05
-5.22542e-06
-7.26058e-05
-2.28321e-06
-3.98843e-05
-3.90522e-06
-3.83288e-05
-2.10357e-06
-7.14042e-05
-3.59232e-06
-6.12399e-05
-4.26203e-06
-3.9723e-05
-6.42974e-06
-3.46488e-05
-5.69037e-06
-6.21301e-05
-5.25462e-06
-6.51654e-05
-3.5114e-06
-6.34354e-05
-2.56247e-06
-5.9578e-05
-1.96058e-06
-5.70994e-05
-6.47505e-07
-5.7991e-05
4.14787e-06
-5.47519e-05
1.09216e-06
-3.46512e-05
3.10115e-06
-5.14114e-05
5.8154e-06
-3.64087e-05
-3.81921e-05
-9.98574e-06
-6.68599e-07
-7.27522e-05
-6.02035e-07
-7.60348e-05
-7.20204e-07
-7.72254e-05
-2.2685e-07
-6.73038e-05
-3.39925e-06
-4.16501e-05
-1.76518e-06
-7.42399e-05
-2.26402e-06
-3.93855e-05
-4.75705e-06
-3.58357e-05
-6.99308e-06
-6.91682e-05
-7.71123e-06
-6.05218e-05
1.47483e-05
-6.21826e-05
1.52443e-05
-3.51447e-05
-9.0409e-06
-3.78449e-05
-6.63748e-06
-6.75688e-05
-4.48534e-06
-6.55875e-05
-3.96754e-06
-6.00958e-05
-3.11836e-06
-5.79485e-05
-7.58393e-06
-5.35254e-05
-8.31483e-06
-5.40211e-05
4.2597e-06
-4.72257e-05
3.58989e-06
-5.07416e-05
-1.94747e-06
-3.08713e-05
-3.68861e-05
-3.25344e-06
-7.17118e-07
-7.20351e-05
-1.08479e-06
-7.56672e-05
-1.19151e-06
-7.71186e-05
-4.92146e-07
-6.80032e-05
-4.61734e-06
-3.75249e-05
-3.65104e-06
-7.52062e-05
4.25737e-07
-4.34622e-05
3.4111e-06
-3.88211e-05
7.39743e-06
-7.31545e-05
-9.16719e-06
-4.39571e-05
-5.59067e-06
-6.57591e-05
-4.07e-06
-3.66654e-05
-4.74409e-06
-3.71708e-05
-3.71755e-06
-6.85954e-05
-3.3502e-06
-6.59549e-05
-2.95855e-06
-6.04874e-05
-2.51481e-06
-5.83923e-05
-2.61554e-06
-5.34247e-05
-5.39618e-07
-5.6097e-05
-3.32658e-07
-4.74327e-05
-2.32685e-06
-4.87474e-05
-2.32755e-06
-3.08706e-05
-5.28376e-05
1.3624e-05
-7.7847e-07
-7.12566e-05
-1.46893e-06
-7.49767e-05
-8.38503e-07
-7.77491e-05
-2.78755e-06
-6.60542e-05
-3.80941e-06
-3.6503e-05
-2.35369e-06
-7.66619e-05
-4.21398e-06
-4.1602e-05
-3.40105e-06
-3.9634e-05
-2.48879e-06
-7.40668e-05
-4.21704e-06
-4.22289e-05
-3.80801e-07
-6.95953e-05
-8.23613e-07
-3.62226e-05
-3.0834e-06
-3.4911e-05
-3.39048e-06
-6.82883e-05
-3.54011e-06
-6.58052e-05
-3.56364e-06
-6.04639e-05
-3.27362e-06
-5.86823e-05
-2.5719e-06
-5.41264e-05
7.95245e-08
-5.87484e-05
-5.50183e-07
-4.6803e-05
-1.70071e-05
-3.22905e-05
-6.62481e-06
-4.12529e-05
-5.16281e-05
-7.83434e-06
-2.33359e-06
-6.8923e-05
-6.43769e-06
-7.08726e-05
-7.96355e-06
-7.62232e-05
-2.88525e-06
-7.11325e-05
-4.19181e-06
-3.51965e-05
-9.18866e-06
-7.1665e-05
6.89187e-06
-5.76825e-05
5.5919e-06
-3.83341e-05
9.55456e-07
-6.94304e-05
-1.57747e-06
-3.9696e-05
-2.06527e-06
-6.91075e-05
-1.48002e-06
-3.68078e-05
-7.57317e-07
-3.56337e-05
-9.72352e-07
-6.80733e-05
-2.19415e-06
-6.45834e-05
-2.97045e-06
-5.96876e-05
-4.31026e-06
-5.73425e-05
-3.80016e-06
-5.46365e-05
-5.54876e-06
-5.69998e-05
-2.92372e-06
-4.9428e-05
-3.89546e-06
-3.13188e-05
-8.62556e-07
-4.42858e-05
-5.11896e-05
-1.30106e-06
-2.02725e-07
-6.87203e-05
1.44685e-06
-7.25222e-05
5.41511e-06
-8.01915e-05
-1.55585e-05
-5.01588e-05
-9.02854e-06
-4.17264e-05
-6.33653e-06
-7.4357e-05
-1.05284e-06
-6.29662e-05
-1.48657e-06
-3.79003e-05
-1.17046e-06
-6.97465e-05
-2.87516e-06
-3.79913e-05
-1.16618e-06
-7.08165e-05
-2.12252e-06
-3.58515e-05
-4.63769e-07
-3.72925e-05
-1.48883e-06
-6.70482e-05
-2.20706e-06
-6.38652e-05
-3.17154e-06
-5.87231e-05
-3.75516e-06
-5.67589e-05
-4.22457e-06
-5.41671e-05
-3.97157e-06
-5.72528e-05
3.01104e-06
-5.64106e-05
1.26459e-06
-2.95723e-05
-1.03549e-05
-3.26662e-05
-5.31198e-05
-8.42473e-06
-4.33113e-06
-1.12521e-05
-2.57007e-05
-4.16975e-06
1.4836e-05
-7.88634e-07
-7.07334e-06
4.15142e-06
-5.55736e-06
7.09876e-07
-1.06036e-05
6.32094e-07
2.04673e-05
7.54509e-06
1.33181e-06
-3.17122e-06
-5.51048e-06
-8.051e-06
-1.65515e-05
-2.35081e-05
-9.55241e-06
5.87171e-06
-5.53975e-06
0.000144779
6.85775e-05
8.78132e-05
5.69662e-05
-7.37349e-06
9.51866e-05
1.73461e-06
-9.1081e-06
0.000167602
5.2847e-05
0.000144915
7.96531e-05
0.000207357
3.27451e-05
2.56996e-05
0.000183392
0.000185672
2.83471e-05
0.000244155
2.11698e-05
0.000241075
3.58258e-05
3.2557e-05
0.000234217
0.000227251
3.44938e-05
0.000218931
2.94895e-05
0.000224264
3.04933e-05
3.10609e-05
0.00022576
0.000181689
3.03198e-05
0.00019368
1.74982e-05
0.000208062
1.61116e-05
2.6108e-05
0.000213015
0.00020791
2.86788e-05
0.000202914
2.24942e-05
0.000201979
1.70468e-05
1.79214e-05
0.000210166
0.000187506
4.17292e-05
0.000170357
3.96434e-05
0.000150919
3.64842e-05
3.22674e-05
0.000136573
0.000147419
5.05386e-05
0.000130412
5.66508e-05
0.000132912
3.3984e-05
3.33488e-05
0.00013183
0.000115172
3.4075e-05
0.000126327
4.5496e-05
0.000119956
4.03553e-05
3.64877e-05
0.000116817
8.7097e-06
4.38625e-06
3.8055e-05
1.61507e-05
6.44543e-05
1.3956e-05
1.7615e-05
8.33271e-05
4.78429e-06
-2.35219e-06
1.93037e-05
1.63131e-06
2.75513e-05
5.70841e-06
2.32712e-05
2.18951e-05
-2.08735e-05
-1.36467e-05
-1.60628e-05
-3.17943e-06
-1.08603e-05
5.05986e-07
7.95528e-06
4.45559e-06
-3.74629e-05
-9.43759e-06
-3.47412e-05
-5.90113e-06
-3.05029e-05
-3.73227e-06
-1.45117e-06
-2.10965e-05
-2.62049e-05
-1.67291e-05
-2.4166e-05
-7.93999e-06
-1.83439e-05
-9.55439e-06
-8.65406e-06
-1.1141e-05
-3.43061e-05
-1.62242e-05
-2.42334e-05
-1.80127e-05
-1.62437e-05
-1.7544e-05
-9.76958e-06
-1.51282e-05
-1.60808e-05
-1.44707e-05
-1.72698e-05
-1.68237e-05
-1.6684e-05
-1.81298e-05
-1.02999e-05
-1.61537e-05
-1.2008e-05
-1.02176e-05
-1.94545e-05
-9.37719e-06
-1.96609e-05
-1.79234e-05
-1.63808e-05
-1.358e-05
-1.58656e-05
-1.03248e-05
-9.09976e-06
-1.61431e-05
-1.19312e-05
-1.50919e-05
-1.30105e-05
-1.53015e-05
-2.39772e-07
-1.92193e-05
-7.10807e-06
-9.27476e-06
-1.31552e-05
-9.04477e-06
-1.72424e-05
-8.9233e-06
-2.14463e-05
-1.12369e-05
-9.72798e-06
-2.09931e-05
-7.75312e-06
-1.10196e-05
-1.15204e-05
-1.34751e-05
-1.33643e-05
-1.09627e-05
-1.38565e-05
-2.05009e-05
-7.24298e-06
-1.76331e-05
-2.17567e-05
2.99337e-06
-6.79869e-06
-1.72548e-05
-7.55338e-06
-1.97462e-05
-8.5678e-06
-1.66187e-05
-1.50944e-05
-1.52302e-05
-4.21207e-06
-1.26256e-05
-8.749e-06
-1.52092e-05
-1.06603e-05
-1.47074e-05
-1.30298e-05
-1.27249e-05
7.73371e-06
-2.27934e-05
5.76915e-06
-1.32447e-05
4.69094e-06
-1.36292e-05
-1.70724e-05
8.73354e-06
-1.18778e-05
-2.08358e-05
-5.07812e-06
-2.00443e-05
1.0904e-06
-1.97977e-05
-1.40968e-05
-1.88519e-06
-5.34213e-06
-2.20516e-05
-1.3884e-05
-1.15025e-05
-1.36102e-05
-2.00715e-05
-2.03362e-05
-7.37078e-06
-1.62576e-05
-1.30042e-05
-3.04486e-06
-2.47152e-05
-1.1154e-05
-1.19623e-05
-2.15406e-05
-9.94955e-06
1.42791e-06
-2.17207e-05
-9.52152e-06
-1.37657e-05
-7.34873e-06
-1.41351e-05
-2.49727e-05
-3.91667e-06
-9.3558e-06
-2.20244e-05
2.54443e-06
-2.5666e-05
3.41411e-06
-1.50048e-05
-1.41738e-05
-7.38475e-06
-1.48852e-05
-1.46187e-05
-1.36538e-05
-2.68974e-05
-1.42351e-06
-2.72351e-05
-2.82711e-05
1.26739e-05
5.2479e-06
-2.59848e-05
-5.92678e-06
-1.57227e-05
-7.12556e-06
-2.60363e-05
-2.81543e-05
-7.24242e-06
-1.91655e-05
-1.45117e-05
-6.16025e-06
-2.8728e-05
-2.67227e-06
-2.95243e-05
-2.90572e-05
-1.76932e-06
-4.03363e-06
-1.74128e-05
-4.2042e-06
-2.85574e-05
-1.655e-05
-1.71785e-05
-2.75968e-05
-1.80104e-05
-6.09611e-06
-1.55021e-05
-7.20645e-06
-2.74471e-05
3.34077e-06
-2.77257e-05
-2.6005e-05
1.74892e-06
1.72832e-05
-2.73102e-05
4.48094e-06
-1.46448e-05
1.58938e-06
-2.48342e-05
-1.5363e-05
-9.05256e-06
-2.12342e-05
-1.60618e-05
-6.50114e-06
-2.93778e-05
-5.14951e-06
-2.61858e-05
-1.53199e-05
-5.19267e-06
8.03723e-06
-2.73524e-05
3.73891e-06
-2.50795e-05
2.51262e-06
-2.49595e-05
-1.23646e-05
-4.42695e-07
1.31611e-06
-1.50446e-05
-9.83306e-06
-1.39303e-05
-1.9922e-05
-1.48706e-05
-2.43592e-05
-7.92741e-06
2.95267e-06
-2.58316e-05
1.63759e-05
-2.73535e-05
1.57016e-05
-1.41963e-05
-1.58238e-05
7.16626e-06
-2.68443e-06
-2.44482e-05
-1.52909e-05
-1.4747e-05
-5.23034e-06
-2.42569e-05
-1.58509e-05
-5.20317e-06
-7.0513e-06
-2.58216e-05
4.57919e-06
-2.63775e-05
-6.26777e-06
-1.341e-05
-1.31311e-05
-8.9876e-06
-1.22462e-05
-2.03535e-05
-1.30702e-05
-9.56499e-06
2.6378e-05
-1.22877e-05
-3.34776e-05
6.6251e-06
-3.86185e-05
5.83915e-06
0.000149197
-3.42398e-06
0.000205378
2.83962e-05
0.000134186
3.92446e-05
0.000148226
8.24668e-06
0.000201249
4.10485e-06
0.000164442
-0.000101152
0.00021424
-6.74237e-05
0.000233408
-9.4906e-05
0.000230129
-5.87035e-05
0.000217072
-0.000110292
0.00020078
-8.22421e-05
0.000177009
-4.66566e-05
0.000153274
9.51646e-06
0.000133444
9.28224e-05
9.37491e-05
0.000159809
0.000213375
0.00014909
2.20145e-05
0.000147408
8.30702e-06
0.000172121
-1.88741e-05
0.000217767
-4.90699e-05
0.000248206
-2.04234e-06
0.000284923
2.52688e-06
0.000305178
-1.20081e-05
0.00034159
-3.23071e-05
0.000245388
-4.94941e-06
0.000256799
-7.88347e-05
0.000243986
-8.20927e-05
0.000232867
-4.75847e-05
0.000222934
-0.000100359
0.000198571
-5.78791e-05
0.000175016
-2.31012e-05
0.000133419
5.11129e-05
0.00010809
0.000118152
7.68164e-05
0.000191082
0.000290191
0.000231986
2.42458e-05
0.000240284
9.17335e-09
0.000258722
-3.73126e-05
0.000194601
1.50508e-05
0.000217763
-2.52038e-05
0.000234808
-1.4518e-05
0.000244502
-2.17028e-05
0.00024912
-3.69245e-05
0.000260551
-1.63807e-05
0.000259855
-7.81387e-05
0.000250159
-7.23965e-05
0.000356021
-0.000153446
0.000319237
-6.35755e-05
0.000305482
-4.41238e-05
0.000304177
-2.17963e-05
0.000267165
8.81247e-05
0.000210907
0.00017441
9.57683e-05
0.000306221
0.00038596
0.000227021
2.29845e-05
0.000222972
4.0587e-06
0.000166858
1.88015e-05
0.000184879
-2.97094e-06
0.000193626
-3.395e-05
0.000215201
-3.60934e-05
0.000233481
-3.99825e-05
0.00025568
-5.91235e-05
0.000404027
-0.000164728
0.000364961
-3.90732e-05
0.000277207
1.53575e-05
0.000157144
-3.33827e-05
0.000181322
-8.77541e-05
0.00019294
-5.57413e-05
0.000181072
-9.9291e-06
0.000140518
0.000128679
0.000197379
0.000117548
9.34322e-05
0.000410168
0.000479392
0.000176245
5.97542e-05
0.000123344
5.69597e-05
9.86357e-05
4.35103e-05
0.000122128
-2.64636e-05
0.000142384
-5.42057e-05
0.000181261
-7.49705e-05
0.000191625
-5.0346e-05
0.000180007
-4.75063e-05
0.000139033
-0.000123753
0.000145183
-4.5224e-05
0.000156344
4.197e-06
0.000161397
-3.84363e-05
0.000155388
-8.17445e-05
0.000114377
-1.47308e-05
0.000105908
-1.45961e-06
0.000101179
0.000133408
0.000123838
9.4889e-05
6.59214e-05
0.000468085
0.000545313
0.000194516
7.54035e-05
0.000171755
7.97211e-05
0.00018444
3.0825e-05
0.00019556
-3.75836e-05
0.000216951
-7.55968e-05
0.000152162
-1.01814e-05
0.00016003
-5.82141e-05
0.000157872
-4.53478e-05
0.00012895
-9.48313e-05
0.000127491
-4.37648e-05
0.000134198
-2.50956e-06
0.000106994
-1.12323e-05
7.17858e-05
-4.65367e-05
7.88534e-05
-2.17985e-05
6.15056e-05
1.58882e-05
0.000126039
6.88745e-05
6.17038e-05
0.000159224
4.6153e-05
0.000483636
0.000591466
0.000143096
6.88802e-05
0.000188738
3.40792e-05
0.000227376
-7.81294e-06
0.00022732
-3.75273e-05
0.000170423
-1.86995e-05
0.000191886
-3.16452e-05
0.000166211
-3.25386e-05
0.000151775
-3.09116e-05
0.000131522
-7.45785e-05
0.000120531
-3.27738e-05
9.72044e-05
2.08169e-05
7.3772e-05
1.22002e-05
5.99712e-05
-3.27359e-05
4.66668e-05
-8.49405e-06
5.37384e-05
8.81658e-06
6.12728e-05
6.13401e-05
3.4522e-05
0.000185975
2.85877e-05
0.00048957
0.000620054
0.000151699
4.9012e-05
0.000132282
5.34961e-05
0.000156157
-3.16883e-05
0.000219701
-0.000101072
0.000219496
-1.84941e-05
0.000162194
2.56573e-05
0.000167098
-3.74435e-05
0.000146971
-1.07844e-05
0.000116037
-4.3644e-05
9.53138e-05
-1.20507e-05
7.31978e-05
4.29329e-05
6.97209e-05
1.56771e-05
8.58172e-05
-4.88322e-05
8.03172e-05
-2.99408e-06
9.53337e-05
-6.19999e-06
1.96436e-05
0.00013703
-2.01334e-05
0.000225752
1.0167e-05
0.00045927
0.000630221
0.000110672
5.51572e-05
0.00014011
2.40582e-05
9.70319e-05
1.13895e-05
8.40196e-05
-8.80594e-05
0.000122331
-5.6806e-05
0.000141417
6.57187e-06
0.000109892
-5.9189e-06
9.41982e-05
4.9097e-06
7.38043e-05
-2.32501e-05
4.70354e-05
1.47182e-05
2.83711e-05
6.15971e-05
2.52382e-05
1.88099e-05
3.89278e-05
-6.25218e-05
5.04829e-05
-1.45492e-05
3.16123e-05
1.26706e-05
-1.33237e-05
0.000181966
-5.29002e-05
0.000265328
2.60701e-06
0.000403762
0.000632828
7.62284e-05
6.22559e-05
9.55915e-05
4.69506e-06
0.0001323
-2.5319e-05
7.30144e-05
-2.87739e-05
9.50254e-05
-7.88169e-05
0.000210074
-0.000108477
0.000204081
7.48192e-08
0.00017947
2.952e-05
0.00011247
4.37504e-05
7.43993e-05
5.27889e-05
4.511e-05
9.08864e-05
2.56141e-05
3.83059e-05
1.84269e-05
-5.53346e-05
4.69305e-05
-4.30528e-05
2.55941e-05
3.40069e-05
-1.4659e-05
0.000222219
-4.28424e-05
0.000293512
5.11195e-06
0.000355808
0.00063794
2.54937e-05
5.86573e-05
3.13947e-05
-1.20598e-06
8.03061e-05
-7.42304e-05
8.22163e-05
-3.06841e-05
7.02637e-05
-6.68643e-05
8.46829e-05
-0.000122896
0.000133997
-4.92391e-05
0.000123878
3.96392e-05
0.000125683
4.19446e-05
9.57613e-05
8.27109e-05
8.173e-05
0.000104918
6.36584e-05
5.63775e-05
2.8349e-05
-2.00251e-05
1.1811e-05
-2.65148e-05
-3.53447e-06
4.93524e-05
-6.35772e-06
0.000225043
-8.62886e-06
0.000295783
6.78598e-06
0.000340393
0.000644726
4.98233e-05
1.32896e-05
5.38984e-05
-5.28114e-06
2.13937e-05
-4.17257e-05
5.58837e-05
-6.51741e-05
4.29105e-05
-5.38911e-05
2.48978e-05
-0.000104884
3.60234e-05
-6.03647e-05
6.75774e-05
8.08527e-06
6.20329e-05
4.74891e-05
4.83957e-05
9.63481e-05
9.12916e-05
6.20219e-05
0.000115354
3.23148e-05
6.99949e-05
2.53343e-05
1.70102e-05
2.647e-05
-5.36801e-06
7.17307e-05
-8.92491e-07
0.000220567
7.67641e-06
0.000287214
3.72912e-06
0.000344341
0.000648455
8.8366e-07
-8.69049e-06
1.28394e-05
-1.72368e-05
3.36847e-05
-6.25711e-05
1.22234e-05
-4.37127e-05
6.14474e-06
-4.78125e-05
-2.84458e-05
-7.02933e-05
-5.09292e-05
-3.78814e-05
-3.82495e-05
-4.59446e-06
-1.58123e-05
2.5052e-05
1.03142e-05
7.02216e-05
3.85279e-05
3.38082e-05
6.70718e-05
3.77079e-06
7.15855e-05
2.08206e-05
3.66866e-05
6.13689e-05
6.14245e-06
0.000102275
2.08902e-06
0.000224621
1.07193e-05
0.000278584
3.83999e-06
0.00035122
0.000652295
-1.42991e-06
-1.84016e-05
5.77482e-06
-2.44416e-05
-7.97057e-06
-4.88257e-05
-4.15069e-06
-4.75326e-05
-2.03916e-05
-3.15717e-05
-5.34131e-05
-3.72717e-05
-5.72974e-05
-3.39971e-05
-5.96838e-05
-2.20809e-06
-4.19977e-05
7.36593e-06
5.18652e-06
2.30373e-05
2.4343e-05
1.46518e-05
4.05076e-05
-1.23938e-05
5.25676e-05
8.76063e-06
3.34912e-05
8.04452e-05
5.10823e-06
0.000130658
-7.42002e-06
0.000237149
-8.07233e-06
0.000279236
-4.02558e-06
0.000347173
0.000648269
-1.20593e-05
-2.14705e-05
-1.10755e-05
-2.54254e-05
-2.62376e-05
-3.36636e-05
-2.19387e-05
-5.18316e-05
-1.74635e-05
-3.60469e-05
-2.83556e-05
-2.63796e-05
-3.42323e-05
-2.81203e-05
-2.0963e-05
-1.54774e-05
-1.14106e-05
-2.18647e-06
-4.81263e-06
1.64394e-05
7.56644e-06
2.27272e-06
2.90861e-05
-3.39135e-05
2.06764e-05
1.71704e-05
-2.58896e-06
0.000103711
-4.62482e-06
0.000132694
-2.99552e-05
0.000262479
-4.06535e-05
0.000289934
-2.17746e-05
0.000328294
0.000626495
-1.30926e-05
-2.45316e-05
-9.78878e-06
-2.87291e-05
-1.69504e-05
-2.6502e-05
-1.76098e-05
-5.11721e-05
-2.12279e-05
-3.2429e-05
-1.64755e-05
-3.1132e-05
-2.17683e-05
-2.28276e-05
-2.47565e-05
-1.24892e-05
-2.25634e-05
-4.37954e-06
-6.47514e-06
3.51141e-07
-9.86898e-07
-3.21551e-06
7.89104e-06
-4.27914e-05
1.14728e-05
1.35886e-05
4.64486e-06
0.000110538
-2.51561e-05
0.000162494
-4.88151e-05
0.000286138
-5.06048e-05
0.000291724
-1.0868e-05
0.000288557
0.000615627
-1.36791e-05
-2.44326e-05
-1.56505e-05
-2.67578e-05
-9.10698e-06
-3.30455e-05
-1.54351e-05
-4.4844e-05
-2.07662e-05
-2.70979e-05
-1.27269e-05
-3.91713e-05
-1.31218e-05
-2.24327e-05
-8.99412e-06
-1.66169e-05
-3.83624e-06
-9.5374e-06
-4.18207e-06
6.96971e-07
-6.6246e-06
-7.72975e-07
-1.45544e-05
-3.48616e-05
6.84833e-06
-7.81406e-06
2.67153e-05
9.06715e-05
-4.63031e-05
0.000235513
-4.61137e-05
0.000285949
-6.11322e-05
0.000306743
-6.01526e-06
0.000233441
0.000609611
-9.05399e-06
-3.06801e-05
-3.99717e-06
-3.18146e-05
-6.60728e-06
-3.04354e-05
-1.44707e-05
-3.69806e-05
-1.07043e-05
-3.08643e-05
-1.63812e-05
-3.34944e-05
-1.75388e-06
-3.706e-05
-4.81314e-06
-1.35576e-05
-4.69253e-06
-9.65801e-06
-3.9015e-07
-3.60541e-06
-4.24476e-06
3.08165e-06
-2.68209e-05
-1.22855e-05
-2.95032e-05
-5.13171e-06
-2.13583e-05
8.25266e-05
-1.8856e-05
0.00023301
-6.37086e-05
0.000330801
-7.70007e-05
0.000320035
-1.80245e-05
0.000174464
0.000591587
-6.43134e-06
-3.3172e-05
-1.7693e-05
-2.0553e-05
-7.00304e-06
-4.11254e-05
-8.60081e-06
-3.53829e-05
-1.61469e-05
-2.33183e-05
-1.51751e-05
-3.44662e-05
-1.89259e-05
-3.33092e-05
-1.67547e-05
-1.57288e-05
-1.78636e-05
-8.54909e-06
-1.50927e-05
-6.37639e-06
-1.93767e-05
7.36574e-06
-2.00513e-05
-1.16109e-05
-4.391e-05
1.8727e-05
-1.71149e-05
5.57315e-05
-1.09657e-05
0.000226861
-3.24287e-05
0.000352264
-5.09738e-05
0.00033858
-1.87131e-05
0.000142203
0.000572874
2.93405e-06
-4.95812e-05
8.47669e-06
-2.60956e-05
-4.42126e-06
-2.82274e-05
-1.03028e-05
-2.95013e-05
-1.36738e-05
-1.99472e-05
-1.71462e-05
-3.09938e-05
-1.8214e-05
-3.22414e-05
-2.20296e-05
-1.19133e-05
-1.83544e-05
-1.22243e-05
-3.05972e-05
5.86642e-06
-2.84264e-05
5.19501e-06
-3.86632e-05
-1.37408e-06
-2.59371e-05
6.0009e-06
-2.85594e-05
5.83538e-05
-9.15095e-06
0.000207453
-2.07525e-05
0.000363866
-5.14748e-05
0.000369302
-1.73987e-06
9.24687e-05
0.000571134
-1.41778e-05
-3.241e-05
-2.05573e-06
-3.82177e-05
-4.16364e-06
-2.61195e-05
-4.69554e-06
-2.89695e-05
3.37187e-07
-2.498e-05
-1.32711e-05
-1.73856e-05
-2.57126e-05
-1.98e-05
-2.15575e-05
-1.60684e-05
-2.26679e-05
-1.11139e-05
-1.93762e-05
2.57472e-06
-3.503e-05
2.08489e-05
-3.05655e-05
-5.83855e-06
-5.11159e-05
2.65513e-05
-2.8848e-05
3.60859e-05
-4.51739e-06
0.000183122
-5.16848e-09
0.000359354
-1.92771e-05
0.000388574
1.60336e-05
5.71585e-05
0.000587167
-5.17521e-07
-4.71227e-05
-7.02242e-08
-3.8665e-05
-3.90936e-06
-2.22804e-05
-9.13519e-06
-2.37436e-05
-6.81735e-06
-2.72978e-05
-2.40029e-06
-2.18026e-05
-3.99431e-06
-1.8206e-05
-5.97661e-06
-1.40861e-05
-1.36945e-05
-3.396e-06
-1.09659e-05
-1.53917e-07
-4.8238e-06
1.47068e-05
-5.16184e-06
-5.5005e-06
-1.48375e-06
2.28733e-05
-1.90624e-05
5.36645e-05
-1.2307e-05
0.000176367
1.23474e-05
0.000334699
9.4348e-06
0.000391487
2.08165e-05
4.57767e-05
0.000607984
-1.13805e-05
-4.84671e-05
-3.88323e-06
-4.61623e-05
7.78922e-08
-2.62416e-05
-8.41605e-07
-2.28242e-05
-7.23993e-06
-2.08995e-05
-4.86474e-06
-2.41778e-05
5.02074e-06
-2.80914e-05
4.23215e-06
-1.32975e-05
5.15762e-06
-4.32147e-06
6.21778e-06
-1.21408e-06
1.45831e-05
6.34145e-06
2.21258e-06
6.87005e-06
-7.89574e-06
3.29816e-05
-1.52927e-05
6.10615e-05
-2.01108e-05
0.000181185
3.0718e-05
0.00028387
2.25517e-05
0.000399653
1.93034e-05
4.90249e-05
0.000627287
-4.06922e-06
-3.56643e-05
-1.47761e-05
-3.54554e-05
-1.13361e-05
-2.96817e-05
4.31433e-06
-3.84746e-05
5.70808e-06
-2.22933e-05
2.70414e-06
-2.11739e-05
1.861e-06
-2.72483e-05
6.24045e-06
-1.76769e-05
1.05192e-05
-8.60024e-06
1.43581e-05
-5.05299e-06
1.19852e-05
8.71442e-06
-8.04666e-06
2.69019e-05
-9.76192e-06
3.46969e-05
-1.75199e-05
6.88195e-05
-4.15442e-05
0.000205209
5.5529e-05
0.000186797
4.00128e-05
0.000415169
1.9827e-05
6.92108e-05
0.000647114
-4.42254e-06
-3.3127e-05
2.07193e-06
-4.19498e-05
3.49537e-06
-3.11051e-05
-4.10957e-06
-3.08696e-05
-3.08713e-06
-2.33157e-05
7.57548e-07
-2.50186e-05
6.75612e-06
-3.32469e-05
5.82112e-06
-1.67419e-05
1.08868e-05
-1.36659e-05
1.47671e-05
-8.93331e-06
2.17709e-05
1.71058e-06
3.77872e-05
1.08856e-05
3.89824e-05
3.35017e-05
2.81657e-05
7.96362e-05
1.67385e-05
0.000216637
4.60814e-05
0.000157454
3.47521e-05
0.000426498
1.99406e-05
8.40223e-05
0.000667055
6.49029e-06
-4.69881e-05
3.27114e-08
-3.54923e-05
1.82708e-06
-3.28995e-05
3.78325e-06
-3.28258e-05
6.86152e-06
-2.6394e-05
9.541e-06
-2.76981e-05
2.42035e-06
-2.61263e-05
1.40573e-05
-2.83789e-05
1.7054e-05
-1.66625e-05
1.81694e-05
-1.00487e-05
4.29772e-05
-2.30973e-05
6.03772e-05
-6.51443e-06
7.8482e-05
1.53969e-05
4.14948e-05
0.000116623
0.000116129
0.000142002
4.48981e-05
0.000228686
3.94825e-05
0.000431914
2.0484e-05
0.000103021
0.000687539
-6.60056e-06
-5.03371e-05
7.43456e-06
-4.95274e-05
7.15032e-06
-3.26153e-05
5.297e-06
-3.09725e-05
7.73274e-06
-2.88298e-05
8.93559e-06
-2.89009e-05
1.6984e-05
-3.41746e-05
2.88155e-05
-4.02105e-05
4.65515e-05
-3.43985e-05
5.47369e-05
-1.82341e-05
7.04296e-05
-3.879e-05
9.0244e-05
-2.63288e-05
0.000131704
-2.60629e-05
0.000168171
8.01559e-05
0.000115195
0.000194978
9.30991e-05
0.000250782
5.53661e-05
0.000469647
2.11685e-05
0.000137218
0.000708707
-3.92143e-06
-5.03323e-05
-3.81048e-06
-4.96383e-05
1.36925e-05
-5.01182e-05
1.30611e-05
-3.03411e-05
1.65227e-05
-3.22915e-05
2.3158e-05
-3.55362e-05
1.98451e-05
-3.08618e-05
4.44357e-05
-6.48011e-05
5.07822e-05
-4.0745e-05
4.31332e-05
-1.05851e-05
8.2584e-05
-7.82408e-05
0.000101428
-4.51733e-05
8.95401e-05
-1.41746e-05
0.00016315
6.54598e-06
0.000147045
0.000211083
0.000119567
0.00027826
3.89963e-05
0.000550218
2.44197e-05
0.000151795
0.000733127
-2.60465e-06
-5.51124e-05
3.76427e-07
-5.26194e-05
4.68886e-06
-5.44307e-05
5.78739e-06
-3.14397e-05
1.083e-05
-3.73341e-05
1.13401e-05
-3.60463e-05
3.92776e-05
-5.87993e-05
3.84324e-05
-6.39559e-05
5.13557e-05
-5.36682e-05
9.10518e-05
-5.02812e-05
5.86909e-05
-4.58799e-05
9.19582e-05
-7.84406e-05
0.000124182
-4.6398e-05
9.24223e-05
3.83052e-05
0.000175315
0.00012819
8.77237e-05
0.000365851
3.62709e-05
0.000601671
2.24073e-05
0.000165658
0.000755534
-3.44384e-06
-3.89947e-05
-6.60863e-06
-4.94546e-05
9.63742e-07
-6.2003e-05
5.49952e-06
-3.59755e-05
4.87854e-06
-3.67131e-05
2.94551e-05
-6.06229e-05
2.58695e-05
-5.52137e-05
3.23663e-05
-7.04527e-05
6.78313e-05
-8.91332e-05
6.36671e-05
-4.6117e-05
8.06507e-05
-6.28635e-05
0.000139939
-0.000137729
0.000176119
-8.25783e-05
0.00015917
5.52549e-05
8.53412e-05
0.000202019
0.000163223
0.000287969
8.17283e-05
0.000683166
2.51443e-05
0.000222242
0.000780679
-4.76542e-06
-4.14717e-05
-4.75248e-06
-4.94676e-05
-6.38951e-06
-6.0366e-05
-6.08967e-06
-3.62753e-05
1.56321e-05
-5.84349e-05
1.24254e-05
-5.74162e-05
2.85279e-05
-7.13162e-05
2.93359e-05
-7.12607e-05
4.49249e-05
-0.000104722
5.70527e-05
-5.82448e-05
7.24915e-05
-7.83023e-05
9.30128e-05
-0.00015825
0.000124456
-0.000114022
0.000185061
-5.35013e-06
0.000150561
0.000236519
6.43919e-05
0.000374138
3.63992e-05
0.000711158
1.65122e-05
0.000242129
0.000797191
-2.19063e-06
-4.10504e-05
-1.31575e-05
-3.85007e-05
-8.4182e-06
-6.51053e-05
7.73706e-06
-5.24306e-05
1.2242e-05
-6.29398e-05
2.25635e-05
-6.77377e-05
7.154e-06
-5.59068e-05
2.75021e-05
-9.16089e-05
2.58547e-05
-0.000103075
5.10984e-05
-8.34885e-05
7.22894e-05
-9.94933e-05
0.000133273
-0.000219234
0.000195397
-0.000176145
0.000186605
3.44161e-06
3.27649e-05
0.000390359
1.08908e-05
0.000396012
2.88244e-05
0.000693224
-8.70858e-06
0.000279662
0.000788482
-1.21495e-06
-5.78458e-05
5.94152e-08
-3.97751e-05
-5.56927e-06
-5.94766e-05
-5.0418e-06
-5.29581e-05
-3.63303e-06
-6.43486e-05
1.5377e-07
-7.15245e-05
2.92559e-05
-8.50089e-05
8.89279e-06
-7.12457e-05
1.99465e-05
-0.000114129
2.28188e-05
-8.63607e-05
2.82505e-05
-0.000104925
1.51906e-05
-0.000206174
-1.02628e-05
-0.000150692
-5.06446e-05
4.38233e-05
-5.68179e-05
0.000396532
-7.00266e-05
0.000409221
-2.7238e-06
0.000625921
-3.03799e-05
0.000307318
0.000758102
-1.81803e-06
-5.42789e-05
-3.92943e-06
-3.76637e-05
-1.90455e-06
-6.15015e-05
-1.2798e-05
-4.20646e-05
-7.06019e-06
-7.00864e-05
-9.97957e-06
-6.86051e-05
-1.46334e-05
-8.03551e-05
5.16616e-06
-9.10453e-05
-2.23933e-05
-8.65691e-05
1.40765e-05
-0.000122831
9.60442e-06
-0.000100453
-2.9146e-05
-0.000167424
-8.09766e-05
-9.88615e-05
-0.000161968
0.000124815
-5.9985e-05
0.000294549
-7.82985e-05
0.000427534
1.20414e-05
0.000535581
-2.7746e-05
0.000347105
0.000730356
-3.23126e-06
-6.01002e-05
-4.53791e-06
-3.6357e-05
-2.81402e-05
-3.78993e-05
-5.41407e-06
-6.47907e-05
-7.12491e-06
-6.83756e-05
-7.30628e-06
-6.84238e-05
-7.29117e-06
-8.03702e-05
-1.49281e-05
-8.34084e-05
-2.53837e-05
-7.61134e-05
-3.16767e-05
-0.000116538
-9.96344e-06
-0.000122166
-4.28811e-05
-0.000134506
-7.20977e-05
-6.96449e-05
-4.1947e-05
9.46636e-05
-4.8756e-05
0.000301358
-6.49561e-05
0.000443734
-4.32663e-05
0.000513891
-0.000125573
0.000429411
0.000604783
-5.09537e-06
-6.01975e-05
-6.20078e-06
-3.52516e-05
-7.66436e-06
-3.64357e-05
-7.65415e-06
-6.48009e-05
-1.27051e-05
-6.33247e-05
-5.91617e-06
-7.52127e-05
-3.12825e-05
-5.50039e-05
-2.15941e-05
-9.30968e-05
-1.21572e-05
-8.55503e-05
-2.27606e-05
-0.000105934
-3.1192e-05
-0.000113735
-5.07412e-05
-0.000114957
-5.89581e-05
-6.1428e-05
-4.22539e-05
7.79594e-05
-2.15634e-05
0.000280667
-7.69246e-06
0.000429863
-6.09084e-07
0.000506808
-1.9286e-05
0.000448088
0.000585497
-4.54266e-06
-5.60976e-05
-5.51669e-06
-3.42776e-05
-8.33748e-06
-3.36149e-05
-4.6543e-06
-6.84841e-05
-4.88338e-06
-6.30956e-05
-2.99965e-05
-5.00995e-05
-1.40786e-05
-7.09218e-05
-1.82555e-05
-8.89199e-05
-4.56168e-05
-5.8189e-05
-6.19883e-05
-8.95626e-05
-8.19647e-05
-9.37585e-05
-7.44401e-05
-0.000122482
-8.62997e-05
-4.95683e-05
-6.16758e-05
5.33355e-05
-1.72526e-05
0.000236244
6.88198e-06
0.000405729
3.29348e-05
0.000480755
1.89344e-05
0.000462088
0.000604432
-6.41871e-06
-5.76063e-05
-6.61087e-06
-3.40854e-05
-7.43681e-06
-3.2789e-05
-1.33016e-05
-6.26193e-05
-2.52662e-05
-5.11311e-05
-6.27781e-06
-6.90879e-05
-7.98667e-06
-6.9213e-05
-1.83688e-05
-7.85378e-05
-2.08745e-05
-5.56833e-05
-3.85555e-05
-7.18817e-05
-7.46299e-05
-5.76841e-05
-7.83891e-05
-0.000118723
-9.35968e-05
-3.43606e-05
-7.25217e-05
3.22604e-05
-2.59131e-05
0.000189636
1.43799e-05
0.000365436
3.26602e-05
0.000462475
1.15604e-05
0.000483189
0.000615992
-1.1714e-05
-3.8726e-05
-9.25101e-06
-3.65485e-05
-7.5682e-06
-3.44718e-05
-8.60417e-06
-6.15833e-05
-1.02426e-05
-4.94926e-05
-2.29198e-05
-5.64108e-05
-2.31211e-05
-6.90117e-05
-3.59196e-05
-6.57393e-05
-2.76802e-05
-6.39227e-05
-3.30988e-05
-6.64631e-05
-3.10112e-05
-5.97717e-05
-6.72696e-05
-8.24641e-05
-9.73338e-05
-4.29651e-06
-8.99629e-05
2.48895e-05
-4.92339e-05
0.000148907
1.97545e-05
0.000296448
3.36033e-05
0.000448627
1.62302e-05
0.000500562
0.000632222
-6.29199e-06
-3.76371e-05
-6.86697e-06
-3.59735e-05
-6.32504e-06
-3.50137e-05
-7.15803e-06
-6.07503e-05
-1.82183e-05
-3.84324e-05
-1.65661e-05
-5.8063e-05
-2.46827e-05
-6.08951e-05
-3.08421e-05
-5.95799e-05
-2.33759e-05
-7.13889e-05
-2.74978e-05
-6.23412e-05
-4.96172e-05
-3.76523e-05
-9.38164e-05
-3.82649e-05
-8.30112e-05
-1.51017e-05
-8.38102e-05
2.56885e-05
-4.97266e-05
0.000114823
2.91362e-05
0.000217585
5.8114e-05
0.000419649
4.50896e-05
0.000513586
0.000677312
-1.38134e-05
-3.28113e-05
-2.47815e-06
-4.73088e-05
-7.04444e-06
-3.04474e-05
-1.15081e-05
-5.62867e-05
-9.90592e-06
-4.00345e-05
-9.43441e-06
-5.85345e-05
-7.54063e-06
-6.27889e-05
-2.78416e-05
-3.92789e-05
-2.5089e-05
-7.41415e-05
-3.02992e-05
-5.7131e-05
-5.17284e-05
-1.62231e-05
-7.68713e-05
-1.3122e-05
-6.88332e-05
-2.31398e-05
-6.82165e-05
2.50719e-05
-2.70239e-05
7.36306e-05
7.13491e-05
0.000119212
5.16481e-05
0.00043935
8.7096e-05
0.000478139
0.000764408
2.99027e-06
-1.01852e-05
-4.15612e-06
-1.33017e-05
-5.6102e-06
-1.6677e-05
-2.58376e-05
-9.85928e-06
-2.417e-05
-2.73427e-05
-1.61e-05
-1.59762e-05
-7.1496e-06
6.33806e-06
5.90838e-05
0.000130584
0.00029174
0.00025079
)
;

boundaryField
{
    leftWall
    {
        type            calculated;
        value           uniform 0;
    }
    rightWall
    {
        type            calculated;
        value           uniform 0;
    }
    lowerWall
    {
        type            calculated;
        value           uniform 0;
    }
    atmosphere
    {
        type            calculated;
        value           nonuniform List<scalar> 
46
(
-6.43892e-05
-6.56012e-05
-6.57428e-05
-7.16898e-05
-6.07322e-05
-5.87324e-05
-5.66815e-05
-4.91251e-05
-6.00377e-05
-4.42585e-05
-5.9503e-05
-4.70872e-05
-5.71277e-05
-5.41259e-05
-5.76519e-05
-5.42201e-05
-5.44196e-05
-5.16266e-05
-4.87523e-05
-4.9454e-05
-4.3528e-05
-4.80904e-05
-4.17084e-05
-1.91151e-05
-1.82703e-05
-2.06933e-05
-1.66363e-05
-4.53666e-05
-3.41333e-05
-3.64765e-05
-4.71411e-05
-4.7726e-05
-4.74677e-05
-5.36283e-05
-5.52573e-05
-5.98308e-05
-5.39583e-05
-2.74659e-05
-1.32458e-05
-3.19664e-05
1.15842e-05
2.08848e-05
4.77112e-05
0.000278195
0.000519089
0.0010152
)
;
    }
    defaultFaces
    {
        type            empty;
    }
}


// ************************************************************************* //
