/*--------------------------------*- C++ -*----------------------------------*\
| =========                 |                                                 |
| \\      /  F ield         | foam-extend: Open Source CFD                    |
|  \\    /   O peration     | Version:     4.1                                |
|   \\  /    A nd           | Web:         http://www.foam-extend.org         |
|    \\/     M anipulation  |                                                 |
\*---------------------------------------------------------------------------*/
FoamFile
{
    version     2.0;
    format      ascii;
    class       volVectorField;
    location    "0.45";
    object      U;
}
// * * * * * * * * * * * * * * * * * * * * * * * * * * * * * * * * * * * * * //

dimensions      [0 1 -1 0 0 0 0];

internalField   nonuniform List<vector> 
2268
(
(-0.01308 -0.0127564 0)
(0.0637619 -0.0083697 0)
(0.0829344 -0.00761642 0)
(0.161612 -0.00948713 0)
(0.201789 -0.0141471 0)
(0.376243 -0.0116253 0)
(0.424707 -0.000228823 0)
(0.483061 -0.0178972 0)
(0.74173 -0.0153717 0)
(0.669213 -0.0505508 0)
(0.566125 9.7632e-05 0)
(0.613728 -0.0132043 0)
(0.64404 0.00925998 0)
(0.610099 0.0426018 0)
(0.663436 0.13366 0)
(0.787568 -0.0323102 0)
(0.76448 0.00178694 0)
(0.619211 0.0973715 0)
(0.455616 0.0583865 0)
(0.293607 -0.051145 0)
(0.141729 -0.0256437 0)
(0.188996 0.0668651 0)
(-0.210924 -0.141552 0)
(-0.0103949 -0.0106332 0)
(0.0669741 -0.0145321 0)
(0.0859713 -0.0149674 0)
(0.160512 -0.0198538 0)
(0.204081 -0.0342196 0)
(0.375709 -0.0460395 0)
(0.413323 -0.0389586 0)
(0.489049 -0.0644159 0)
(0.768481 -0.027479 0)
(0.652429 -0.188395 0)
(0.569602 0.00998327 0)
(0.615134 -0.0408552 0)
(0.646842 -0.0015762 0)
(0.651889 -0.0435991 0)
(0.639488 0.0858559 0)
(0.671331 0.0253205 0)
(0.761222 0.0328996 0)
(0.616718 -0.0229174 0)
(0.470997 0.0974639 0)
(0.429228 0.0250062 0)
(0.385878 0.0715244 0)
(0.319795 0.0916958 0)
(0.341317 0.130972 0)
(-0.0111125 -0.0404954 0)
(0.0705626 -0.0319122 0)
(0.088309 -0.0296695 0)
(0.158807 -0.0389048 0)
(0.202503 -0.063437 0)
(0.361723 -0.0620813 0)
(0.434062 -0.0451111 0)
(0.530661 -0.117314 0)
(0.697633 -0.0633525 0)
(0.640851 -0.227519 0)
(0.554009 -0.027297 0)
(0.519973 -0.00149568 0)
(0.540457 -0.0384959 0)
(0.527834 0.0890888 0)
(0.6272 0.138341 0)
(0.709163 0.195978 0)
(0.742554 0.0775376 0)
(0.592131 -0.0623387 0)
(0.495979 0.0240361 0)
(0.373524 0.040499 0)
(0.270141 0.0733247 0)
(0.260081 0.105751 0)
(0.354947 0.176879 0)
(-0.00409251 -0.0353443 0)
(0.0825432 -0.0375619 0)
(0.0939732 -0.0347737 0)
(0.151685 -0.0478965 0)
(0.221101 -0.0792587 0)
(0.405461 -0.107924 0)
(0.454272 -0.0287718 0)
(0.545473 -0.12796 0)
(0.624466 -0.0411296 0)
(0.575817 -0.181312 0)
(0.545491 -0.164197 0)
(0.475349 -0.121198 0)
(0.541417 0.0506698 0)
(0.614943 0.0938689 0)
(0.576948 0.195556 0)
(0.610653 0.189136 0)
(0.632051 0.103035 0)
(0.558407 0.0369928 0)
(0.489454 -0.0147789 0)
(0.471262 0.0889351 0)
(0.369062 0.0860298 0)
(0.299929 0.186798 0)
(0.379654 0.266853 0)
(-0.00791711 -0.0830715 0)
(0.0846794 -0.0570886 0)
(0.092145 -0.0467959 0)
(0.158728 -0.0710418 0)
(0.259183 -0.122267 0)
(0.437835 -0.121933 0)
(0.410691 -0.0823236 0)
(0.511288 -0.185674 0)
(0.581205 -0.0802061 0)
(0.548395 -0.201786 0)
(0.534006 -0.193759 0)
(0.567298 -0.151446 0)
(0.579541 0.095644 0)
(0.564964 -0.106846 0)
(0.604738 0.119308 0)
(0.527717 0.16515 0)
(0.541154 0.0556733 0)
(0.492432 0.0133458 0)
(0.492602 0.029206 0)
(0.470951 0.114208 0)
(0.368392 0.118839 0)
(0.296702 0.250466 0)
(0.402449 0.347158 0)
(0.00953022 -0.0622357 0)
(0.103879 -0.0594805 0)
(0.0968051 -0.0506566 0)
(0.186119 -0.088104 0)
(0.303266 -0.143407 0)
(0.434455 -0.143687 0)
(0.384958 -0.15903 0)
(0.477446 -0.15642 0)
(0.609973 -0.122524 0)
(0.545132 -0.186548 0)
(0.585125 -0.213862 0)
(0.578969 -0.000789249 0)
(0.541246 -0.118474 0)
(0.590236 -0.0415166 0)
(0.733865 0.0577416 0)
(0.574663 0.194862 0)
(0.531229 0.0767572 0)
(0.542953 0.0677007 0)
(0.55422 0.0387353 0)
(0.528424 0.17151 0)
(0.399538 0.178239 0)
(0.313223 0.348281 0)
(0.380086 0.421451 0)
(0.00027304 -0.0469356 0)
(0.100913 -0.0827345 0)
(0.100643 -0.0675179 0)
(0.223932 -0.122726 0)
(0.324648 -0.1798 0)
(0.435985 -0.155586 0)
(0.410871 -0.132875 0)
(0.563449 -0.114438 0)
(0.579362 -0.242955 0)
(0.519414 -0.208342 0)
(0.605684 -0.217249 0)
(0.62221 -0.162747 0)
(0.549083 0.0932435 0)
(0.671058 0.132603 0)
(0.753245 -0.110624 0)
(0.631748 0.0942107 0)
(0.490167 0.109076 0)
(0.506434 0.0903566 0)
(0.60516 -0.0182223 0)
(0.605508 0.182726 0)
(0.488189 0.18953 0)
(0.307538 0.409914 0)
(0.398258 0.533023 0)
(-0.00848104 -0.0779917 0)
(0.0989205 -0.0745755 0)
(0.127589 -0.0783938 0)
(0.251256 -0.141302 0)
(0.353887 -0.187315 0)
(0.476012 -0.161772 0)
(0.462678 -0.22724 0)
(0.507626 -0.178033 0)
(0.593675 -0.285907 0)
(0.587447 -0.222766 0)
(0.602199 -0.124673 0)
(0.699872 -0.118876 0)
(0.596177 0.0822593 0)
(0.512226 -0.00578395 0)
(0.624297 0.0634486 0)
(0.555155 0.121441 0)
(0.39138 0.0093257 0)
(0.348329 0.0172433 0)
(0.54638 -0.00937597 0)
(0.68291 0.233832 0)
(0.582127 0.312432 0)
(0.372907 0.439211 0)
(0.312402 0.728104 0)
(-0.81656 0.201565 0)
(-1.05779 -0.0341907 0)
(-1.1132 -0.0319015 0)
(-1.11301 -0.0465662 0)
(-1.19393 -0.0644973 0)
(-1.25906 -0.0806754 0)
(-1.21694 -0.125413 0)
(-1.23954 -0.179818 0)
(-1.51812 -0.0202799 0)
(-1.21617 0.0387396 0)
(-1.28478 -0.150838 0)
(-1.52888 0.182796 0)
(-1.22765 -0.109949 0)
(-1.01294 -0.0892583 0)
(-0.467163 -0.0950554 0)
(-0.246811 -0.0527764 0)
(-0.139487 -0.0710911 0)
(-0.364037 0.0472462 0)
(-0.155322 -0.105097 0)
(-0.522093 0.546382 0)
(-0.376117 0.202037 0)
(-0.629852 0.0715342 0)
(-0.67825 0.0674038 0)
(-0.676776 0.101216 0)
(-0.602416 0.103486 0)
(-0.507091 0.0343845 0)
(-0.848572 -0.209169 0)
(-1.30015 0.0907527 0)
(-1.1374 0.243072 0)
(-1.06661 -0.0917892 0)
(-1.3956 0.25663 0)
(-0.827039 -0.0947333 0)
(-0.3912 -0.217759 0)
(-0.252797 -0.25232 0)
(-0.00589287 -0.14387 0)
(0.133445 0.076863 0)
(-0.2585 0.0785814 0)
(0.145785 -0.138222 0)
(-0.347694 1.05862 0)
(0.0832509 0.515575 0)
(-0.136621 0.268945 0)
(-0.22611 0.041697 0)
(-0.344241 -0.0750824 0)
(-0.288221 -0.140875 0)
(-0.176052 -0.213114 0)
(-0.655011 -0.0265707 0)
(-0.840873 0.162528 0)
(-0.740201 0.36993 0)
(-0.239996 -0.222523 0)
(-0.809195 -0.217768 0)
(-0.44996 -0.039729 0)
(0.215902 -0.397582 0)
(0.30917 -0.265734 0)
(0.288812 -0.180402 0)
(0.332962 0.0440194 0)
(0.10928 0.088894 0)
(0.225042 -0.148327 0)
(-0.31645 0.915371 0)
(0.604158 0.260736 0)
(0.784505 0.0279593 0)
(0.544756 0.218338 0)
(0.128702 0.306129 0)
(0.14569 -0.0230399 0)
(0.163109 0.0420875 0)
(-0.15175 0.0883892 0)
(-0.239934 0.187177 0)
(-0.323764 0.274549 0)
(0.27326 -0.108883 0)
(-0.263748 -0.0486102 0)
(0.300722 -0.284299 0)
(0.548569 -0.353509 0)
(0.772159 -0.279917 0)
(0.668038 -0.13115 0)
(0.496254 0.0427774 0)
(0.362202 0.105922 0)
(0.302313 -0.070631 0)
(-0.259022 0.731967 0)
(0.622909 0.0912146 0)
(0.893069 -0.0922495 0)
(0.381837 0.261335 0)
(0.127827 0.129484 0)
(0.00277674 0.00142076 0)
(-0.24558 -0.0260939 0)
(-0.229705 0.102414 0)
(0.291366 0.0505317 0)
(0.209317 0.0122816 0)
(0.460307 -0.0581456 0)
(0.456728 -0.205324 0)
(0.862096 -0.375994 0)
(0.921401 -0.36573 0)
(0.958882 -0.289944 0)
(0.938797 -0.184349 0)
(0.753079 0.0965182 0)
(0.529702 0.136504 0)
(0.27258 -0.0105805 0)
(-0.176662 0.612592 0)
(0.566214 0.0403357 0)
(0.53573 0.00378272 0)
(0.310658 0.467466 0)
(0.158047 0.277209 0)
(-0.123036 0.102556 0)
(0.140192 0.0279671 0)
(0.200817 -0.0539337 0)
(0.609835 0.056393 0)
(0.612766 0.0938543 0)
(0.804508 -0.0543246 0)
(0.858288 -0.232497 0)
(1.11366 -0.385278 0)
(1.09612 -0.365051 0)
(1.0517 -0.28616 0)
(1.05061 -0.195708 0)
(0.882121 0.13014 0)
(0.681964 0.216553 0)
(0.316299 0.0956044 0)
(0.135635 0.34187 0)
(0.452533 -0.0587889 0)
(0.548164 -0.00221206 0)
(0.339998 0.410949 0)
(-0.0467909 0.200644 0)
(-0.0549307 0.165963 0)
(0.759604 -0.150214 0)
(-0.706218 -0.0363287 0)
(0.134684 -0.148221 0)
(0.544675 0.184912 0)
(0.961769 -0.0864367 0)
(1.22267 -0.333025 0)
(1.32869 -0.434033 0)
(1.3087 -0.37162 0)
(1.18994 -0.283264 0)
(1.14127 -0.152414 0)
(0.998047 0.163359 0)
(0.718537 0.259115 0)
(0.361405 0.204558 0)
(0.0406595 0.197808 0)
(0.399145 -0.204612 0)
(0.389562 0.00159187 0)
(0.374609 0.771012 0)
(-0.0370018 0.324079 0)
(0.150204 -0.212102 0)
(0.541729 0.0527352 0)
(-0.513136 0.242898 0)
(0.35395 -0.45634 0)
(0.676887 0.00802112 0)
(1.34032 -0.214586 0)
(1.51507 -0.389042 0)
(1.48818 -0.419818 0)
(1.41881 -0.34249 0)
(1.29075 -0.240588 0)
(1.1137 -0.101783 0)
(1.08435 0.240985 0)
(0.794208 0.349974 0)
(0.340326 0.319218 0)
(0.0107863 -0.10688 0)
(0.106483 -0.118766 0)
(0.146192 -0.11603 0)
(0.255233 -0.202655 0)
(0.368297 -0.277027 0)
(0.454789 -0.223433 0)
(0.527613 -0.334358 0)
(0.611485 -0.271378 0)
(0.714205 -0.29663 0)
(0.695329 -0.235182 0)
(0.697641 -0.13496 0)
(0.595154 0.124342 0)
(0.504094 -0.0219164 0)
(0.591591 0.0452176 0)
(0.968749 0.102979 0)
(0.801375 0.0215973 0)
(0.532231 -0.0171506 0)
(0.608299 -0.0158896 0)
(0.603695 0.078394 0)
(0.525404 0.0948812 0)
(0.55399 0.277423 0)
(0.49967 0.552582 0)
(0.530847 0.982728 0)
(-0.0108036 -0.187042 0)
(0.058836 -0.173514 0)
(0.104186 -0.223613 0)
(0.179923 -0.356649 0)
(0.337828 -0.321521 0)
(0.565254 -0.28938 0)
(0.610877 -0.352181 0)
(0.722234 -0.316813 0)
(0.769124 -0.309977 0)
(0.728675 -0.22885 0)
(0.708935 0.023703 0)
(0.525641 0.026887 0)
(0.431167 0.0957944 0)
(0.554127 0.195211 0)
(0.639252 0.0850685 0)
(0.578725 -0.154297 0)
(0.555696 0.0595826 0)
(0.522744 0.0518412 0)
(0.426135 0.0751524 0)
(0.389019 0.165729 0)
(0.56575 0.318269 0)
(0.809769 0.442502 0)
(0.978596 1.0429 0)
(-0.0223377 -0.145489 0)
(-0.113136 -0.248681 0)
(-0.00727883 -0.237307 0)
(0.296765 -0.400375 0)
(0.47697 -0.262571 0)
(0.302016 -0.342549 0)
(0.319372 -0.427641 0)
(0.502802 -0.374344 0)
(0.49116 -0.323091 0)
(0.719551 -0.203939 0)
(0.662714 -0.0868558 0)
(0.427449 -0.110116 0)
(0.480343 -0.14638 0)
(0.542241 -0.0953375 0)
(0.628947 -0.0622666 0)
(0.584923 0.0745027 0)
(0.465269 0.128885 0)
(0.509934 0.166147 0)
(0.464126 0.126707 0)
(0.559528 0.165403 0)
(0.693435 0.505554 0)
(1.05349 0.393899 0)
(1.14282 0.630108 0)
(-0.177508 -0.0587343 0)
(-0.0491294 -0.575267 0)
(0.0917376 -0.737017 0)
(0.0765553 -0.387532 0)
(0.22118 -0.32496 0)
(0.0768813 -0.202968 0)
(0.122192 -0.412194 0)
(0.160446 -0.356155 0)
(0.0137813 -0.394102 0)
(0.0722013 -0.310474 0)
(0.277949 -0.257708 0)
(0.319774 0.110807 0)
(0.617669 0.0449942 0)
(0.853359 -0.0298993 0)
(0.839237 0.0559529 0)
(0.638235 0.0520173 0)
(0.298895 0.138371 0)
(0.367391 0.176472 0)
(0.421421 0.204356 0)
(0.649948 0.289652 0)
(0.89217 0.631378 0)
(1.01556 0.549717 0)
(0.981969 0.276461 0)
(-0.102646 0.103159 0)
(-0.0929306 -0.819525 0)
(0.00496055 -1.00097 0)
(0.000772452 -0.863328 0)
(-0.0460536 -0.367951 0)
(0.14135 -0.355999 0)
(-0.021512 -0.610534 0)
(-0.0876892 -0.292894 0)
(-0.124687 -0.392436 0)
(-0.0436894 -0.431714 0)
(0.106838 -0.398306 0)
(0.783804 -0.292129 0)
(0.7052 -0.0996229 0)
(0.712956 -0.106818 0)
(0.730001 0.055975 0)
(0.603736 0.113328 0)
(0.359681 0.180756 0)
(0.492902 0.0806297 0)
(0.542956 0.191668 0)
(0.663657 0.163179 0)
(0.722883 0.200336 0)
(0.808754 0.283497 0)
(0.696957 0.196449 0)
(0.00909688 0.126971 0)
(0.0758697 -0.828281 0)
(-0.0896643 -0.990212 0)
(0.0307684 -1.15587 0)
(-0.0302001 -0.568888 0)
(0.018457 -0.66576 0)
(0.023537 -0.813042 0)
(-0.119746 -0.304199 0)
(-0.206484 -0.344915 0)
(-0.0909736 -0.469817 0)
(0.0744508 -0.65817 0)
(0.38809 -0.292376 0)
(0.387377 -0.451957 0)
(0.441016 -0.292051 0)
(0.375737 0.111275 0)
(0.153358 0.3126 0)
(0.142747 0.196027 0)
(0.819627 -0.0972173 0)
(0.81681 -0.0435351 0)
(0.789815 -0.0413822 0)
(0.724712 0.0735483 0)
(0.796445 0.194408 0)
(0.783961 0.21094 0)
(0.137401 0.0579119 0)
(0.286337 -0.662203 0)
(0.130157 -1.01156 0)
(0.161489 -1.00613 0)
(-0.0388988 -0.460068 0)
(-0.163993 -0.433317 0)
(-0.0885671 -0.540366 0)
(-0.282428 -0.196565 0)
(-0.215551 -0.324578 0)
(0.0405576 -0.688663 0)
(0.194271 -0.980232 0)
(0.351858 -0.690349 0)
(0.282516 -0.181651 0)
(0.0620499 0.0506884 0)
(0.175334 0.359533 0)
(0.112069 0.42624 0)
(0.417971 0.0758267 0)
(0.299844 -0.288654 0)
(0.150987 -0.452748 0)
(0.441925 0.100305 0)
(0.569084 0.163653 0)
(0.81814 0.228123 0)
(0.803053 0.283776 0)
(0.196148 -0.278274 0)
(0.423151 -0.738257 0)
(0.238459 -0.773438 0)
(0.117309 -0.621143 0)
(-0.263219 -0.19077 0)
(-0.108391 -0.350651 0)
(-0.069346 -0.575708 0)
(-0.205625 -0.409719 0)
(-0.0191386 -0.456912 0)
(0.0468268 -0.732807 0)
(0.0107598 -1.13592 0)
(0.222248 -0.917357 0)
(0.0976177 -0.296142 0)
(0.062627 -0.148904 0)
(0.148862 0.445138 0)
(-0.184116 0.457659 0)
(0.222746 0.23454 0)
(0.177612 -0.131228 0)
(0.0252514 -0.289224 0)
(0.0694124 -0.385045 0)
(0.183939 -0.26936 0)
(0.732091 0.0523215 0)
(0.64529 0.304182 0)
(-0.136361 -0.683017 0)
(0.112046 -0.650057 0)
(-0.0906691 -0.523147 0)
(0.0798853 -0.232664 0)
(-0.109676 0.104504 0)
(-0.0127194 -0.370701 0)
(-0.266369 -0.498839 0)
(-0.189817 -0.448405 0)
(0.0895575 -0.580823 0)
(0.0324107 -0.714932 0)
(-0.0635741 -1.06448 0)
(-0.0850097 -0.590046 0)
(0.150854 -0.469503 0)
(-0.0393836 -0.157452 0)
(0.166897 0.330861 0)
(0.072507 0.361753 0)
(0.217131 -0.0432142 0)
(0.13447 -0.19697 0)
(0.111525 -0.353574 0)
(0.159773 -0.243738 0)
(-0.0357709 -0.391142 0)
(0.290086 0.0124598 0)
(0.308486 0.0470938 0)
(-0.0413043 -1.02534 0)
(0.133485 -0.706905 0)
(-0.0965541 -0.724096 0)
(0.154698 -0.480703 0)
(0.0797455 -0.106983 0)
(0.0552731 -0.529532 0)
(0.00483768 -0.598267 0)
(0.0679079 -0.280023 0)
(-0.031474 -0.54317 0)
(0.00305413 -0.686574 0)
(-0.0148821 -0.966165 0)
(-0.132434 -0.505758 0)
(0.0178392 -0.443507 0)
(0.0236954 -0.144792 0)
(0.00336064 0.518714 0)
(-0.117453 0.234224 0)
(0.00918219 -0.154408 0)
(0.0524257 -0.038721 0)
(0.028284 -0.286472 0)
(-0.0534118 -0.267205 0)
(-0.0897473 -0.532737 0)
(-0.0174381 -0.39319 0)
(-0.182447 0.041854 0)
(-0.0980029 -0.937838 0)
(0.0639208 -0.534588 0)
(-0.0909684 -0.626153 0)
(0.00492744 -0.421669 0)
(0.0620674 0.0782446 0)
(0.155956 -0.263595 0)
(0.0167756 -0.511296 0)
(0.0242129 -0.389714 0)
(-0.0506351 -0.478517 0)
(-0.0400252 -0.745435 0)
(0.0107071 -0.906928 0)
(-0.156651 -0.588994 0)
(0.058948 -0.184252 0)
(-0.34696 -0.047233 0)
(-0.170123 0.281739 0)
(-0.0770915 0.170639 0)
(-0.0498557 -0.203863 0)
(0.018559 -0.120682 0)
(0.023573 -0.220981 0)
(-0.111224 -0.224829 0)
(-0.105144 -0.319094 0)
(-0.182179 -0.170568 0)
(-0.0676622 0.0268305 0)
(-0.131663 -0.990315 0)
(-0.00015907 -0.659704 0)
(-0.0759559 -0.696728 0)
(-0.0466946 -0.595577 0)
(-0.00837498 -0.283659 0)
(0.0875137 -0.280234 0)
(0.0393814 -0.39524 0)
(0.0448287 -0.299229 0)
(-0.0793355 -0.453123 0)
(-0.0393988 -0.807294 0)
(0.0232848 -0.807543 0)
(-0.24717 -0.64918 0)
(0.0462 -0.100978 0)
(-0.340266 0.070093 0)
(-0.1419 0.184445 0)
(-0.0162302 0.0747504 0)
(0.0286257 -0.186501 0)
(-0.00182033 -0.144219 0)
(-0.0651746 -0.210038 0)
(-0.169312 -0.198495 0)
(-0.133772 -0.175017 0)
(-0.198531 -0.250123 0)
(-0.182204 -0.18183 0)
(-0.184446 -0.831082 0)
(-0.0105645 -0.467276 0)
(7.20503e-05 -0.713466 0)
(-0.0798995 -0.396076 0)
(0.160058 -0.44423 0)
(0.124243 -0.369162 0)
(0.0430998 -0.364758 0)
(0.124921 -0.290544 0)
(-0.0568469 -0.363633 0)
(-0.00919814 -0.868887 0)
(0.0217159 -0.716857 0)
(-0.286688 -0.76927 0)
(-0.378603 -0.0826181 0)
(-0.403155 0.0671592 0)
(-0.053234 -0.00529933 0)
(0.0519169 0.00268325 0)
(-0.0179361 -0.195841 0)
(0.0217505 -0.194726 0)
(-0.0736451 -0.185117 0)
(-0.111496 -0.202448 0)
(-0.109166 -0.148554 0)
(-0.182085 -0.234485 0)
(-0.152554 -0.13253 0)
(0.0312517 -0.530349 0)
(0.0261839 -0.363445 0)
(-0.0588212 -0.395214 0)
(0.0340337 -0.340788 0)
(0.0402806 -0.324371 0)
(0.206396 -0.311306 0)
(0.22819 -0.333346 0)
(0.308899 -0.236105 0)
(0.0380654 -0.341852 0)
(-0.0198115 -0.860536 0)
(0.0127839 -0.684998 0)
(-0.142793 -0.716443 0)
(-0.104038 -0.325273 0)
(0.240751 -0.0510054 0)
(0.150555 -0.0243776 0)
(0.0558219 -0.0052184 0)
(0.0253092 -0.0846007 0)
(-0.0386678 -0.113262 0)
(-0.0409835 -0.219465 0)
(-0.0921247 -0.189626 0)
(-0.0564268 -0.210178 0)
(-0.0841637 -0.166021 0)
(-0.169964 -0.118567 0)
(-0.12785 -0.308026 0)
(-0.0626176 -0.338593 0)
(-0.0550305 -0.289905 0)
(-0.0458964 -0.421762 0)
(0.0715024 -0.337864 0)
(0.0909426 -0.338612 0)
(0.187082 -0.478973 0)
(0.214434 -0.42517 0)
(0.529742 -0.325238 0)
(0.116216 -0.904459 0)
(0.039109 -0.639198 0)
(-0.0694825 -0.532269 0)
(-0.0921289 -0.508738 0)
(0.110276 -0.0587341 0)
(0.0704632 0.0769164 0)
(-0.0012492 0.0179804 0)
(0.00326788 -0.0120617 0)
(-0.0332394 -0.0701485 0)
(0.000986069 -0.0863292 0)
(-0.0337261 -0.164582 0)
(-0.0800442 -0.0743408 0)
(-0.0442986 -0.195338 0)
(-0.100228 -0.118788 0)
(-0.0835564 -0.342069 0)
(-0.0384889 -0.355744 0)
(-0.0491293 -0.376684 0)
(-0.0387979 -0.415506 0)
(0.00921675 -0.426704 0)
(-0.00253257 -0.49541 0)
(0.115753 -0.578003 0)
(0.128147 -0.431207 0)
(0.199186 -0.346637 0)
(0.10297 -1.04486 0)
(-0.0500119 -0.599045 0)
(-0.0188103 -0.351725 0)
(0.0610782 -0.528893 0)
(-0.101775 -0.14134 0)
(0.00509466 0.12643 0)
(-0.12514 0.0213247 0)
(0.0161511 -0.00220022 0)
(-0.0590392 -0.0378667 0)
(-0.0441679 -0.0618659 0)
(-0.040715 -0.110526 0)
(-0.104865 -0.156562 0)
(-0.115909 -0.127982 0)
(-0.099404 -0.143068 0)
(-0.10177 -0.308295 0)
(-0.082321 -0.298818 0)
(-0.107002 -0.385123 0)
(-0.0389339 -0.425323 0)
(-0.0291334 -0.41995 0)
(-0.120163 -0.583473 0)
(0.147972 -0.474721 0)
(0.222324 -0.701412 0)
(0.180567 -0.408038 0)
(0.249579 -0.473788 0)
(0.0092708 -0.491122 0)
(-0.0561854 -0.245799 0)
(-0.134793 -0.380748 0)
(-0.390284 -0.0716995 0)
(-0.343296 0.0992578 0)
(-0.140432 0.0380851 0)
(-0.0998409 -0.0309399 0)
(-0.101451 -0.0158786 0)
(-0.0766708 -0.0962447 0)
(-0.160443 -0.0637329 0)
(-0.127509 -0.124756 0)
(-0.0580887 -0.137599 0)
(-0.0215304 -0.127191 0)
(0.0750857 -0.488264 0)
(0.0025886 -0.474786 0)
(-0.1364 -0.335159 0)
(-0.0339181 -0.415871 0)
(-0.106144 -0.394566 0)
(-0.0505808 -0.578828 0)
(-0.073536 -0.510481 0)
(-0.039594 -0.934126 0)
(-0.0432788 -0.846262 0)
(0.171047 -0.636485 0)
(-0.0375579 -0.347016 0)
(-0.039556 -0.207966 0)
(-0.141003 -0.255926 0)
(-0.536834 -0.240441 0)
(-0.408019 -0.0231631 0)
(-0.178184 -0.0130454 0)
(-0.0893822 -0.0401116 0)
(-0.144184 -0.0779545 0)
(-0.0841217 -0.0911931 0)
(-0.0942001 -0.106645 0)
(-0.140231 -0.0785133 0)
(-0.0995539 -0.149858 0)
(-0.125627 -0.187257 0)
(-0.00244127 -0.513023 0)
(0.111077 -0.53864 0)
(-0.0307774 -0.534135 0)
(-0.0542995 -0.321714 0)
(-0.136725 -0.557389 0)
(-0.220946 -0.512529 0)
(-0.168104 -0.551899 0)
(-0.237242 -0.593484 0)
(-0.164787 -0.68616 0)
(-0.246518 -0.685478 0)
(-0.224863 -0.615981 0)
(-0.202398 -0.334757 0)
(-0.45853 -0.378383 0)
(-0.407168 -0.174356 0)
(-0.382993 -0.13982 0)
(-0.186084 -0.0601403 0)
(-0.185216 -0.0829085 0)
(-0.148532 -0.106732 0)
(-0.0859226 -0.148766 0)
(-0.12994 -0.177639 0)
(-0.0712863 -0.116443 0)
(-0.102959 -0.143875 0)
(-0.0826766 -0.11248 0)
(0.0133479 -0.57337 0)
(0.0114094 -0.56976 0)
(0.0779867 -0.637538 0)
(-0.0470883 -0.521852 0)
(-0.26576 -0.641629 0)
(-0.127485 -0.590793 0)
(-0.0863938 -0.457781 0)
(-0.190176 -0.451262 0)
(-0.208967 -0.507766 0)
(-0.276719 -0.444215 0)
(-0.356851 -0.271345 0)
(-0.342902 -0.207984 0)
(-0.441817 -0.184669 0)
(-0.486786 -0.203719 0)
(-0.234045 -0.0807277 0)
(-0.170945 -0.070337 0)
(-0.170278 -0.0601924 0)
(-0.219368 -0.0471873 0)
(-0.178756 -0.115415 0)
(-0.0606397 -0.126175 0)
(-0.0658543 -0.202609 0)
(-0.0970141 -0.137538 0)
(-0.0743961 -0.0687119 0)
(-0.00358844 -0.574523 0)
(-0.00150974 -0.572797 0)
(-0.0218024 -0.555697 0)
(-0.0350363 -0.594427 0)
(-0.139179 -0.524825 0)
(0.0354057 -0.432337 0)
(0.0276996 -0.55784 0)
(-0.26614 -0.423703 0)
(-0.191708 -0.440236 0)
(-0.118069 -0.449907 0)
(-0.209294 -0.44876 0)
(-0.379344 -0.368152 0)
(-0.374699 -0.315135 0)
(-0.242465 -0.151122 0)
(-0.245364 -0.0927952 0)
(-0.160113 -0.142202 0)
(-0.165759 -0.160258 0)
(-0.16952 -0.0946218 0)
(-0.183894 -0.105659 0)
(-0.21781 -0.0938954 0)
(-0.115639 -0.193772 0)
(0.0100633 -0.156297 0)
(-0.085365 -0.182613 0)
(-0.00404553 -0.557555 0)
(-0.00900752 -0.54449 0)
(0.00629931 -0.518298 0)
(-0.0325309 -0.541514 0)
(-0.0299858 -0.538896 0)
(-0.0207037 -0.308931 0)
(0.0415988 -0.634881 0)
(-0.0613452 -0.505962 0)
(-0.256744 -0.404491 0)
(-0.23282 -0.413786 0)
(-0.220131 -0.467247 0)
(-0.25435 -0.475342 0)
(-0.263561 -0.325365 0)
(-0.200928 -0.280621 0)
(-0.196795 -0.187313 0)
(-0.22026 -0.128062 0)
(-0.0801885 -0.229055 0)
(-0.168534 -0.21695 0)
(-0.195792 -0.271142 0)
(-0.113004 -0.158541 0)
(-0.131735 -0.139223 0)
(-0.100533 -0.14886 0)
(-0.13313 -0.18046 0)
(-0.0161682 -0.584229 0)
(-0.0101762 -0.593127 0)
(-0.0848168 -0.583297 0)
(-0.0198036 -0.44066 0)
(0.156893 -0.577198 0)
(0.0163503 -0.541309 0)
(-0.155189 -0.529128 0)
(-0.0521545 -0.612187 0)
(-0.157593 -0.575785 0)
(-0.162567 -0.479429 0)
(-0.134661 -0.43327 0)
(-0.232381 -0.387569 0)
(-0.169899 -0.323319 0)
(-0.103782 -0.307987 0)
(-0.122128 -0.247939 0)
(-0.201271 -0.248701 0)
(-0.216258 -0.21797 0)
(-0.202587 -0.270177 0)
(-0.127417 -0.158008 0)
(-0.0774928 -0.118139 0)
(-0.0905521 -0.186886 0)
(-0.0332068 -0.163073 0)
(-0.000456162 -0.244801 0)
(-0.0800611 -0.49193 0)
(-0.0681806 -0.392211 0)
(0.0798589 -0.386885 0)
(0.00327645 -0.348613 0)
(-0.00730786 -0.363033 0)
(0.0997986 -0.616891 0)
(-0.0340053 -0.523793 0)
(-0.0296848 -0.50527 0)
(-0.0948833 -0.496539 0)
(-0.109746 -0.423813 0)
(-0.130075 -0.398064 0)
(-0.116609 -0.369245 0)
(-0.132173 -0.253978 0)
(-0.0632922 -0.283115 0)
(-0.153336 -0.292452 0)
(-0.206368 -0.235491 0)
(-0.105183 -0.267224 0)
(-0.111095 -0.278919 0)
(-0.0336063 -0.135655 0)
(-0.114182 -0.185732 0)
(-0.153211 -0.168369 0)
(-0.122931 -0.19125 0)
(-0.0877735 -0.198684 0)
(0.0622002 -0.290439 0)
(0.0526372 -0.290464 0)
(-0.000560216 -0.246901 0)
(-0.0311121 -0.322016 0)
(-0.0692596 -0.276674 0)
(-0.0795826 -0.367336 0)
(0.0311806 -0.32965 0)
(0.037531 -0.507057 0)
(-0.0430368 -0.422129 0)
(-0.0629122 -0.429832 0)
(-0.0780689 -0.448888 0)
(-0.103798 -0.440259 0)
(-0.0919764 -0.405407 0)
(-0.0722383 -0.360054 0)
(-0.00863542 -0.384695 0)
(-0.173453 -0.301734 0)
(-0.219245 -0.296737 0)
(-0.0307602 -0.184572 0)
(-0.0434081 -0.239496 0)
(-0.117489 -0.264335 0)
(-0.0948743 -0.184919 0)
(-0.0747008 -0.19182 0)
(-0.060688 -0.132379 0)
(0.000833854 -0.235961 0)
(-0.0103582 -0.292165 0)
(-0.00355338 -0.292946 0)
(-0.00654343 -0.287849 0)
(-0.0296333 -0.283385 0)
(-0.0242937 -0.260536 0)
(-0.0976925 -0.252119 0)
(-0.0644798 -0.298291 0)
(-0.0244808 -0.306467 0)
(-0.139353 -0.320756 0)
(-0.124155 -0.275862 0)
(-0.0686041 -0.291428 0)
(-0.014248 -0.286694 0)
(0.0306839 -0.403124 0)
(-0.0720502 -0.308155 0)
(-0.130691 -0.420169 0)
(-0.00501674 -0.183711 0)
(0.00186291 -0.283895 0)
(-0.12561 -0.265979 0)
(-0.0763936 -0.270026 0)
(-0.0759493 -0.19777 0)
(-0.0935918 -0.204409 0)
(-0.0617563 -0.185608 0)
(0.00696513 -0.269235 0)
(0.00732844 -0.283921 0)
(-0.00611933 -0.269659 0)
(-0.00953876 -0.279759 0)
(-0.0289846 -0.268382 0)
(-0.0221327 -0.285339 0)
(-0.0286835 -0.270008 0)
(-0.0285143 -0.229885 0)
(-0.0426432 -0.265915 0)
(-0.0516054 -0.255525 0)
(-0.0671123 -0.203435 0)
(-0.0848761 -0.216329 0)
(-0.109094 -0.20785 0)
(-0.0777185 -0.239852 0)
(-0.062192 -0.270765 0)
(-0.0079427 -0.219095 0)
(-0.0780229 -0.236656 0)
(-0.0688093 -0.299558 0)
(0.00489798 -0.318044 0)
(-0.0552633 -0.303992 0)
(-0.0124598 -0.178129 0)
(-0.077879 -0.192602 0)
(-0.0198177 -0.171098 0)
(-0.00239189 -0.25643 0)
(-0.000941723 -0.278444 0)
(-0.00693432 -0.270503 0)
(-0.00483821 -0.267683 0)
(-0.0221569 -0.263064 0)
(-0.0180818 -0.258906 0)
(-0.0445619 -0.245561 0)
(-0.040033 -0.254913 0)
(-0.046295 -0.246062 0)
(-0.0601066 -0.255336 0)
(-0.0505646 -0.198399 0)
(-0.0636065 -0.232083 0)
(-0.0566797 -0.253879 0)
(-0.0604497 -0.218102 0)
(-0.0557973 -0.300944 0)
(-0.0731835 -0.139898 0)
(-0.0481706 -0.33297 0)
(-0.0438351 -0.13369 0)
(-0.102822 -0.22375 0)
(0.0489101 -0.206793 0)
(0.0404932 -0.231968 0)
(-0.0818223 -0.182811 0)
(-0.0785012 -0.196684 0)
(-0.00158907 -0.263572 0)
(0.0060264 -0.278482 0)
(-0.00354138 -0.269919 0)
(0.00393209 -0.268615 0)
(-0.0132804 -0.266773 0)
(-0.00626017 -0.274631 0)
(-0.0341217 -0.258053 0)
(-0.019998 -0.242559 0)
(-0.0325197 -0.250607 0)
(0.0121328 -0.245838 0)
(-0.026959 -0.246358 0)
(-0.112346 -0.222124 0)
(-0.0996515 -0.231566 0)
(-0.116294 -0.234345 0)
(0.0321638 -0.217636 0)
(-0.0121677 -0.299484 0)
(-0.0330175 -0.174013 0)
(0.0459565 -0.250645 0)
(-0.0884535 -0.178296 0)
(-0.0241813 -0.182329 0)
(-0.0143605 -0.321458 0)
(-0.0360548 -0.152433 0)
(-0.0467278 -0.19792 0)
(-0.00324296 -0.259217 0)
(0.00505763 -0.275812 0)
(-0.00634284 -0.265282 0)
(-0.00015852 -0.25345 0)
(-0.0251134 -0.243643 0)
(-0.012086 -0.213601 0)
(-0.0321222 -0.20653 0)
(-0.0328161 -0.24427 0)
(-0.0320697 -0.278896 0)
(-0.041937 -0.282811 0)
(-0.0214056 -0.308895 0)
(-0.0548726 -0.257931 0)
(-0.0709307 -0.244669 0)
(-0.0638352 -0.237712 0)
(-0.0560921 -0.188782 0)
(-0.0311291 -0.380332 0)
(-0.0389054 -0.180039 0)
(-0.0314527 -0.332412 0)
(-0.0258524 -0.219532 0)
(-0.0582413 -0.235447 0)
(0.0397717 -0.134839 0)
(0.0194838 -0.201095 0)
(-0.0327689 -0.165378 0)
(-0.00429658 -0.261315 0)
(0.0102109 -0.276567 0)
(0.00588141 -0.267735 0)
(0.0270649 -0.259133 0)
(0.0394743 -0.266098 0)
(0.0461944 -0.307169 0)
(-0.098367 -0.273905 0)
(-0.0838331 -0.251478 0)
(-0.0526483 -0.250756 0)
(-0.0383002 -0.259147 0)
(-0.0318608 -0.254174 0)
(-0.0656833 -0.229511 0)
(-0.0715069 -0.228733 0)
(-0.0861668 -0.23527 0)
(-0.0888447 -0.214161 0)
(-0.00773328 -0.225686 0)
(0.0193895 -0.153152 0)
(0.014424 -0.278898 0)
(-0.020642 -0.151938 0)
(0.035409 -0.233075 0)
(-0.0331122 -0.231195 0)
(-0.0978478 -0.312913 0)
(-0.0643151 -0.174525 0)
(-0.0059233 -0.262097 0)
(0.00650008 -0.276846 0)
(-0.00629998 -0.270641 0)
(0.00480387 -0.261851 0)
(-0.0194931 -0.281349 0)
(-0.01697 -0.380789 0)
(-0.017566 -0.346963 0)
(-0.0283639 -0.28861 0)
(-0.0125558 -0.363595 0)
(-0.0488116 -0.344305 0)
(-0.0192357 -0.334753 0)
(-0.040196 -0.248375 0)
(-0.0533785 -0.236875 0)
(-0.052312 -0.232894 0)
(-0.0525964 -0.206337 0)
(0.0298561 -0.197183 0)
(-0.0745708 -0.264647 0)
(-0.0271966 -0.209657 0)
(0.0227777 -0.273067 0)
(-0.113988 -0.220697 0)
(-0.0569707 -0.277918 0)
(0.0484624 -0.154873 0)
(0.0403638 -0.19558 0)
(-0.0055931 -0.265464 0)
(0.0067379 -0.276926 0)
(-0.00241803 -0.269659 0)
(0.0155658 -0.2514 0)
(-0.0145303 -0.258437 0)
(-0.00402354 -0.336383 0)
(-0.0547382 -0.286621 0)
(-0.105115 -0.262755 0)
(-0.0642905 -0.251248 0)
(0.0176694 -0.227569 0)
(0.0383051 -0.260989 0)
(-0.0152281 -0.187612 0)
(-0.038041 -0.217216 0)
(-0.058783 -0.225111 0)
(-0.0609292 -0.223547 0)
(-0.0736974 -0.216693 0)
(-0.00333601 -0.271849 0)
(0.0445342 -0.164103 0)
(0.00140545 -0.332211 0)
(0.00806892 -0.158866 0)
(0.00883487 -0.148275 0)
(-0.0219563 -0.219992 0)
(-0.0782848 -0.248863 0)
(-0.0050959 -0.267769 0)
(0.00406809 -0.278539 0)
(-0.00978277 -0.272933 0)
(0.00185277 -0.248691 0)
(-0.0646349 -0.267492 0)
(-0.0220113 -0.243092 0)
(0.0582849 -0.295301 0)
(-0.0245089 -0.182532 0)
(0.00739825 -0.19802 0)
(-0.0113082 -0.190045 0)
(0.0459475 -0.250971 0)
(-0.0177282 -0.237809 0)
(-0.0827094 -0.227326 0)
(-0.0527267 -0.226784 0)
(-0.0418239 -0.213761 0)
(-0.0219643 -0.194734 0)
(-0.027284 -0.169266 0)
(-0.0516283 -0.204533 0)
(0.0464304 -0.205092 0)
(0.0600257 -0.233673 0)
(-0.106508 -0.279641 0)
(-0.0463284 -0.235 0)
(0.0138664 -0.320823 0)
(-0.00473421 -0.264765 0)
(0.00340669 -0.274872 0)
(-0.00655259 -0.264191 0)
(0.00468114 -0.228731 0)
(-0.0090161 -0.184829 0)
(-0.00516764 -0.204113 0)
(0.0626846 -0.242329 0)
(-0.042997 -0.259287 0)
(-0.0721308 -0.245855 0)
(-0.0396217 -0.228315 0)
(-0.0197755 -0.27544 0)
(0.0060264 -0.294947 0)
(-0.0375551 -0.241983 0)
(-0.0457429 -0.241173 0)
(-0.0389505 -0.227945 0)
(-0.0392696 -0.217053 0)
(-0.01664 -0.220527 0)
(-0.00366021 -0.20014 0)
(-0.0089875 -0.174714 0)
(-0.0628201 -0.262725 0)
(0.0501285 -0.223883 0)
(0.0123254 -0.177402 0)
(-0.0822935 -0.194974 0)
(-0.00327054 -0.266835 0)
(0.00648188 -0.274394 0)
(-0.00210957 -0.277189 0)
(0.0555328 -0.240499 0)
(-0.0180968 -0.291618 0)
(-0.0701068 -0.263501 0)
(-0.00653078 -0.285824 0)
(-0.0229651 -0.304472 0)
(-0.00591993 -0.265126 0)
(-0.0245214 -0.240655 0)
(-0.0266497 -0.310695 0)
(-0.00414266 -0.23749 0)
(-0.0395008 -0.204745 0)
(-0.0432083 -0.232255 0)
(-0.0310595 -0.222725 0)
(-0.0178108 -0.212447 0)
(-0.0193001 -0.197434 0)
(-0.00747239 -0.215149 0)
(0.00403288 -0.193121 0)
(0.0235154 -0.286296 0)
(-0.00507771 -0.150414 0)
(0.0461776 -0.302406 0)
(-0.00442863 -0.213012 0)
(-0.000897515 -0.266144 0)
(-0.00361201 -0.27639 0)
(-0.00546727 -0.284672 0)
(0.000795967 -0.246821 0)
(-0.0039168 -0.339055 0)
(-0.0211773 -0.266368 0)
(-0.0031281 -0.283658 0)
(-0.0301612 -0.244775 0)
(-0.0378835 -0.251757 0)
(-0.0546535 -0.187805 0)
(-0.00484913 -0.244175 0)
(0.111629 -0.251496 0)
(-0.00271419 -0.250624 0)
(-0.0592646 -0.242077 0)
(-0.0361051 -0.236368 0)
(-0.0265644 -0.218649 0)
(-0.0305726 -0.213359 0)
(-0.01185 -0.198378 0)
(-0.044971 -0.200478 0)
(-0.0105444 -0.195103 0)
(0.0382064 -0.216009 0)
(0.0159663 -0.21086 0)
(-0.0474329 -0.324102 0)
(-0.00293307 -0.266251 0)
(-0.00689762 -0.277886 0)
(-0.00908954 -0.279785 0)
(0.00163393 -0.24156 0)
(-0.00989523 -0.257751 0)
(-0.0215298 -0.268624 0)
(-0.00545871 -0.277661 0)
(0.00883471 -0.266812 0)
(0.0411259 -0.2575 0)
(0.00742349 -0.27054 0)
(-0.0676627 -0.218061 0)
(-0.014004 -0.255339 0)
(-0.0424841 -0.28739 0)
(-0.025377 -0.252426 0)
(-0.0275634 -0.242962 0)
(-0.0191846 -0.222119 0)
(-0.0235493 -0.212766 0)
(-0.0112529 -0.192921 0)
(-0.00720918 -0.195586 0)
(-0.00175263 -0.159116 0)
(0.0015734 -0.150655 0)
(-0.0385567 -0.240769 0)
(0.025762 -0.203628 0)
(-0.000787197 -0.255005 0)
(-0.0049097 -0.272562 0)
(-0.00542992 -0.283198 0)
(-0.00695571 -0.259256 0)
(-0.0126629 -0.279488 0)
(-0.0138966 -0.280892 0)
(-0.0220291 -0.349682 0)
(-0.0063069 -0.288679 0)
(-0.0184951 -0.273298 0)
(-0.0171332 -0.342751 0)
(-0.0130259 -0.254632 0)
(0.00735444 -0.263708 0)
(-0.0196169 -0.242262 0)
(-0.0226984 -0.244145 0)
(-0.0260044 -0.23331 0)
(-0.0232782 -0.212608 0)
(-0.0283836 -0.206212 0)
(-0.0151621 -0.187292 0)
(-0.0241684 -0.208852 0)
(0.0285106 -0.175225 0)
(-0.0393512 -0.206274 0)
(-0.0731074 -0.191886 0)
(-0.0294363 -0.180468 0)
(-0.00849754 -0.27527 0)
(-0.022685 -0.281554 0)
(-0.0291188 -0.288573 0)
(-0.0231261 -0.209515 0)
(-0.0220192 -0.238035 0)
(-0.0367149 -0.277971 0)
(-0.0267692 -0.239517 0)
(0.0744361 -0.275368 0)
(0.00532388 -0.27344 0)
(0.0026039 -0.265793 0)
(-0.0142984 -0.261143 0)
(-0.0139071 -0.258114 0)
(-0.00773601 -0.260559 0)
(-0.00216454 -0.261141 0)
(-0.0119827 -0.256153 0)
(-0.0184198 -0.238667 0)
(-0.024094 -0.232713 0)
(-0.0374898 -0.219102 0)
(-0.0150118 -0.224726 0)
(-0.0276007 -0.175878 0)
(-0.013519 -0.25201 0)
(-0.0119202 -0.109551 0)
(-0.00340999 -0.196788 0)
(0.00402471 -0.206294 0)
(-0.00630888 -0.218947 0)
(0.0284582 -0.258234 0)
(0.00458164 -0.32 0)
(-0.111709 -0.267985 0)
(-0.0148565 -0.241139 0)
(-0.0297145 -0.175203 0)
(0.0107375 -0.274036 0)
(-0.0160997 -0.219381 0)
(-0.00566804 -0.300419 0)
(-0.00883088 -0.228794 0)
(-0.0113794 -0.263602 0)
(-0.00291858 -0.240104 0)
(0.000354104 -0.222537 0)
(-0.010979 -0.196478 0)
(-0.0208013 -0.177055 0)
(-0.0242144 -0.165432 0)
(-0.0278713 -0.159619 0)
(-0.00473346 -0.179049 0)
(-0.0215437 -0.170815 0)
(0.0413807 -0.194323 0)
(-0.0301212 -0.210157 0)
(-0.0452461 -0.172886 0)
(-0.0101041 -0.336831 0)
(-0.0520557 -0.344525 0)
(-0.108492 -0.348306 0)
(-0.0736204 -0.387284 0)
(0.0424719 -0.326873 0)
(0.0624509 -0.312699 0)
(-0.0757198 -0.300106 0)
(0.03413 -0.264974 0)
(-0.0142784 -0.316241 0)
(-0.013334 -0.239213 0)
(0.0117952 -0.313651 0)
(-0.0768152 -0.252463 0)
(0.0783117 -0.304104 0)
(0.0736174 -0.286296 0)
(0.0290728 -0.302433 0)
(-0.00779769 -0.284053 0)
(-0.0163331 -0.284766 0)
(-0.0627593 -0.27013 0)
(-0.0478093 -0.257533 0)
(-0.0776354 -0.261001 0)
(-0.0882525 -0.233121 0)
(0.018844 -0.258267 0)
(0.0209687 -0.222943 0)
(0.903729 1.02799 0)
(1.02153 0.912881 0)
(0.308421 0.800733 0)
(-0.321158 -0.472143 0)
(1.09888 0.9907 0)
(1.1635 0.803792 0)
(0.869166 0.67672 0)
(0.689214 0.521328 0)
(1.16619 0.583392 0)
(1.13059 0.485034 0)
(0.864564 0.356738 0)
(0.871449 0.293892 0)
(0.855944 0.256186 0)
(0.866928 0.171 0)
(0.856413 0.186394 0)
(0.853079 0.209339 0)
(0.660772 0.259336 0)
(0.677613 0.292089 0)
(0.720773 0.299277 0)
(0.814398 0.290874 0)
(0.797001 0.223547 0)
(0.81263 0.214141 0)
(0.785529 0.17636 0)
(0.811331 0.149409 0)
(0.7584 0.260042 0)
(0.675049 0.192396 0)
(0.60596 0.134103 0)
(0.521847 0.169566 0)
(0.54568 0.398938 0)
(0.500765 0.406952 0)
(0.483518 0.411314 0)
(0.502651 0.420409 0)
(0.386682 0.340527 0)
(0.464516 0.443825 0)
(0.454561 0.503323 0)
(0.44808 0.478221 0)
(-0.0405019 0.197753 0)
(0.130836 0.300371 0)
(0.168724 0.247924 0)
(0.304124 0.192624 0)
(0.00961752 -0.062308 0)
(0.0403555 -0.0511744 0)
(0.0920587 -0.0348961 0)
(0.120915 0.0849591 0)
(-0.0919684 -0.0185048 0)
(-0.0683664 0.0734597 0)
(-0.0632138 0.12992 0)
(-0.0181057 0.288304 0)
(-0.134511 -0.17878 0)
(-0.148299 -0.104366 0)
(-0.129416 -0.104416 0)
(-0.100882 -0.0266857 0)
(-0.107124 -0.113207 0)
(-0.0952797 -0.0815657 0)
(-0.0924279 -0.0103857 0)
(-0.0502121 0.0128928 0)
(-0.141445 -0.142369 0)
(-0.115661 -0.1508 0)
(-0.07051 -0.125077 0)
(-0.0585062 -0.132937 0)
(-0.105152 -0.100648 0)
(-0.125328 -0.120056 0)
(-0.123556 -0.139662 0)
(-0.1186 -0.162712 0)
(-0.0404471 -0.125632 0)
(-0.126523 -0.140264 0)
(-0.155492 -0.138181 0)
(-0.119596 -0.146481 0)
(-0.104334 -0.174496 0)
(-0.0145654 -0.135339 0)
(-0.0562248 -0.12942 0)
(-0.114005 -0.0985685 0)
(-0.0121845 -0.142607 0)
(0.00562665 -0.115552 0)
(-0.0578015 -0.103575 0)
(-0.0399141 -0.10048 0)
(-0.100695 -0.144167 0)
(-0.0610949 -0.156888 0)
(-0.0103649 -0.165508 0)
(-0.0509713 -0.15744 0)
(-0.0951689 -0.203471 0)
(-0.0995003 -0.174212 0)
(-0.0901372 -0.171598 0)
(0.0317593 -0.196198 0)
(-0.0728859 -0.109521 0)
(-0.0242114 -0.126483 0)
(-0.0400548 -0.0882457 0)
(-0.0734531 -0.126354 0)
(0.000724815 -0.167327 0)
(-0.0602877 -0.1886 0)
(-0.0640331 -0.171946 0)
(-0.0897494 -0.11601 0)
(0.0141833 -0.201458 0)
(0.0391429 -0.263266 0)
(0.0409053 -0.267343 0)
(0.0280872 -0.269488 0)
(-0.078479 -0.154781 0)
(-0.0813251 -0.137759 0)
(0.0050795 -0.147003 0)
(0.000696771 -0.252423 0)
(-0.00458767 -0.157479 0)
(-0.0765129 -0.167004 0)
(-0.114496 -0.151466 0)
(-0.0804277 -0.167995 0)
(-0.0709174 -0.186862 0)
(-0.0382839 -0.178642 0)
(-0.00853479 -0.157642 0)
(-0.0721687 -0.144798 0)
(0.00146134 -0.200114 0)
(0.00483766 -0.201015 0)
(-0.0687713 -0.201242 0)
(-0.0352787 -0.178436 0)
(-0.0776373 -0.130874 0)
(-0.0548019 -0.211433 0)
(0.0710038 -0.227274 0)
(-0.0242585 -0.202913 0)
(-0.0696778 -0.213617 0)
(-0.125864 -0.182942 0)
(-0.0679688 -0.224284 0)
(0.0475002 -0.222594 0)
(0.00319619 -0.218357 0)
(0.0261872 -0.234851 0)
(-0.0598805 -0.193838 0)
(-0.0469385 -0.212389 0)
(-0.100177 -0.184582 0)
(-0.0327481 -0.232014 0)
(-0.0107041 -0.203127 0)
(-0.0283663 -0.220724 0)
(-0.0388923 -0.25469 0)
(0.0151729 -0.214712 0)
(-0.080837 -0.258112 0)
(-0.148588 -0.228011 0)
(-0.0456617 -0.271433 0)
(-0.0418627 -0.222885 0)
(-0.00545844 -0.252084 0)
(0.0293587 -0.190894 0)
(0.0668244 -0.189973 0)
(0.0541756 -0.199127 0)
(0.0166652 -0.175643 0)
(-0.00877769 -0.210839 0)
(-0.103081 -0.245182 0)
(-0.0484664 -0.246083 0)
(-0.0409488 -0.209722 0)
(-0.0345278 -0.25204 0)
(0.0100463 -0.222571 0)
(0.0456088 -0.197835 0)
(0.00595401 -0.189389 0)
(0.013652 -0.209375 0)
(0.0586049 -0.213006 0)
(-0.0485019 -0.199266 0)
(-0.0887542 -0.20234 0)
(-0.054852 -0.16489 0)
(-0.0193831 -0.226933 0)
(0.0338764 -0.211142 0)
(0.100763 -0.24033 0)
(0.10947 -0.213278 0)
(-0.000850701 -0.180682 0)
(-0.0443649 -0.220503 0)
(-0.0526485 -0.191902 0)
(-0.0280095 -0.266372 0)
(-0.0633496 -0.187837 0)
(0.0109554 -0.212088 0)
(0.0207375 -0.178055 0)
(-0.0655945 -0.211377 0)
(-0.0381286 -0.215532 0)
(-0.0488905 -0.206313 0)
(-0.103398 -0.233796 0)
(-0.0724273 -0.189371 0)
(0.433968 -0.318577 0)
(0.00755351 -0.0919244 0)
(-0.566612 -0.0152204 0)
(0.351886 0.185066 0)
(0.636224 0.307008 0)
(0.95554 0.158672 0)
(0.806317 0.0985835 0)
(0.471139 0.0857095 0)
(0.946282 -0.441922 0)
(1.40689 -0.185579 0)
(1.63937 -0.288058 0)
(1.6488 -0.416199 0)
(1.57532 -0.424503 0)
(1.46466 -0.291977 0)
(1.37809 -0.194928 0)
(1.13906 -0.0828003 0)
(1.03422 0.216539 0)
(0.865734 0.474193 0)
(0.460558 0.535608 0)
(0.557837 0.244529 0)
(0.512525 0.111936 0)
(0.515277 0.0436868 0)
(0.746681 -0.176604 0)
(0.841749 0.0149224 0)
(0.953427 0.0867355 0)
(1.08017 0.0167405 0)
(1.12269 -0.0327146 0)
(1.39767 -0.158846 0)
(1.90512 -0.319302 0)
(1.75285 -0.336204 0)
(1.68041 -0.268186 0)
(1.61298 -0.307527 0)
(1.48674 -0.283761 0)
(1.35485 -0.10203 0)
(1.11504 0.206795 0)
(0.784821 0.397385 0)
(0.74935 0.559797 0)
(0.325199 0.837182 0)
(0.826797 0.0608897 0)
(0.855901 0.0100275 0)
(0.881638 -0.164491 0)
(1.07095 -0.0976872 0)
(1.56066 -0.0563412 0)
(1.54881 -0.0588684 0)
(1.70572 -0.0776344 0)
(1.71638 -0.171661 0)
(1.78194 0.0940296 0)
(1.83112 -0.15664 0)
(1.83646 -0.213211 0)
(1.611 -0.399324 0)
(1.17092 -0.373335 0)
(1.20026 -0.347646 0)
(1.08296 -0.193861 0)
(1.15762 0.15122 0)
(0.791254 0.40637 0)
(0.786278 0.734097 0)
(0.521184 1.04531 0)
(0.875432 0.103976 0)
(0.776139 -0.0164944 0)
(0.91434 -0.0798916 0)
(1.3409 0.15771 0)
(1.28465 -0.0840103 0)
(1.44379 -0.117062 0)
(1.55606 -0.0932563 0)
(1.77957 -0.292133 0)
(1.66043 -0.358221 0)
(1.43105 -0.380475 0)
(1.19727 -0.231934 0)
(1.0146 -0.511403 0)
(1.11859 -0.426847 0)
(1.41489 -0.231523 0)
(1.27605 -0.0983125 0)
(1.27545 0.404319 0)
(0.696794 0.731737 0)
(0.755418 1.19395 0)
(0.582123 1.41183 0)
(0.812116 0.180206 0)
(0.488289 0.0807099 0)
(0.494669 0.201878 0)
(0.849329 -0.157981 0)
(0.898655 -0.371801 0)
(1.13114 -0.349608 0)
(1.37441 -0.408067 0)
(1.37538 -0.445168 0)
(1.08523 -0.66256 0)
(0.896908 -0.171734 0)
(1.08783 0.314796 0)
(1.14536 0.0550766 0)
(1.11462 -0.156603 0)
(1.07752 -0.105453 0)
(0.529736 0.0482862 0)
(0.982215 0.466594 0)
(0.423097 0.746605 0)
(0.492906 1.45165 0)
(0.483051 1.66175 0)
(0.818901 0.224002 0)
(0.645774 0.294179 0)
(0.63339 0.331814 0)
(0.716458 0.00274529 0)
(0.711487 -0.312241 0)
(0.910405 -0.144269 0)
(1.16457 -0.240693 0)
(1.142 -0.178027 0)
(1.00374 -0.29834 0)
(0.834441 -0.142074 0)
(0.944467 -0.178093 0)
(0.916342 -0.219584 0)
(0.613522 -0.356329 0)
(0.41361 -0.0889486 0)
(0.182826 -0.0541267 0)
(0.655261 0.41161 0)
(0.337542 0.497542 0)
(0.388684 1.56447 0)
(0.322418 1.83995 0)
(0.527042 0.287353 0)
(0.545797 0.261171 0)
(0.830229 0.0720398 0)
(0.805109 -0.220432 0)
(0.920886 -0.206068 0)
(1.4225 -0.0232304 0)
(1.27713 -0.161136 0)
(1.12535 -0.122879 0)
(0.979067 -0.339262 0)
(0.890693 -0.176162 0)
(0.80718 0.137188 0)
(0.584381 0.0706715 0)
(0.466702 -0.237225 0)
(0.388792 -0.0455704 0)
(0.295872 0.145691 0)
(0.43068 0.471912 0)
(0.0585605 0.537031 0)
(0.226055 1.57433 0)
(0.220141 1.96368 0)
(0.498977 0.42684 0)
(0.618365 0.173443 0)
(1.22208 -0.15453 0)
(0.965754 -0.279755 0)
(0.703163 -0.0371291 0)
(0.939209 -0.14264 0)
(1.26879 -0.265942 0)
(1.14912 -0.111207 0)
(0.906007 -0.165983 0)
(0.758291 -0.0510234 0)
(0.596992 0.166996 0)
(0.470977 0.0894092 0)
(0.485126 -0.170922 0)
(0.740072 -0.0633801 0)
(0.377787 -0.0473783 0)
(0.341026 0.325142 0)
(-0.191518 0.661932 0)
(0.0511757 1.60228 0)
(0.118948 2.03347 0)
(0.43001 0.23418 0)
(0.372462 0.233692 0)
(0.701729 -0.00694695 0)
(0.618961 -0.393559 0)
(0.614167 -0.218976 0)
(1.06737 0.248756 0)
(0.942832 -0.0134234 0)
(0.647076 -0.00339155 0)
(0.627852 -0.165987 0)
(0.434098 -0.0338882 0)
(0.209568 0.168261 0)
(0.217649 0.0765414 0)
(0.0827408 -0.217893 0)
(0.490611 0.0542003 0)
(0.222539 0.0190048 0)
(0.210342 0.498473 0)
(-0.327333 0.790642 0)
(-0.0544737 1.45575 0)
(0.0936844 2.08841 0)
(0.31134 0.15593 0)
(0.242143 0.0247002 0)
(0.466123 0.0721883 0)
(0.50519 -0.166785 0)
(0.522824 -0.161632 0)
(0.793545 -0.159651 0)
(0.767776 -0.0400447 0)
(0.704878 0.0658295 0)
(0.62701 0.0288741 0)
(0.803731 0.103776 0)
(0.314085 0.254072 0)
(0.275604 0.148477 0)
(0.0710049 -0.147087 0)
(0.208168 -0.138306 0)
(0.094194 0.0469399 0)
(0.0803381 0.675939 0)
(-0.276849 0.919998 0)
(-0.0732542 1.2057 0)
(0.12142 2.10508 0)
(0.209501 0.248247 0)
(0.16693 0.034846 0)
(0.270351 -0.241648 0)
(0.308968 -0.220792 0)
(0.352776 -0.329374 0)
(0.129848 -0.587488 0)
(0.511593 -0.0164333 0)
(0.475513 0.102533 0)
(0.412864 0.220619 0)
(0.495356 0.240468 0)
(0.269649 0.355179 0)
(0.282472 0.218393 0)
(0.173285 -0.180296 0)
(0.0354401 -0.134969 0)
(0.0361855 0.164926 0)
(-0.0574498 0.740648 0)
(-0.0339917 0.974087 0)
(-0.0616973 1.12231 0)
(0.14755 2.10283 0)
(0.0819427 0.197778 0)
(0.299071 -0.00343631 0)
(0.102782 -0.217365 0)
(0.205279 -0.153099 0)
(0.243332 -0.206018 0)
(0.0743051 -0.897033 0)
(0.27413 -0.302976 0)
(0.24784 0.145773 0)
(0.232225 0.330027 0)
(0.186351 0.323936 0)
(0.190312 0.408824 0)
(0.402194 0.24817 0)
(0.417029 0.0816901 0)
(0.072395 -0.010033 0)
(0.0637451 0.15735 0)
(-0.128325 0.731184 0)
(0.124836 0.950303 0)
(-0.0806318 1.12528 0)
(0.150209 2.12301 0)
(-0.0541847 -0.0678472 0)
(0.0580655 -0.0680385 0)
(0.139141 -0.325153 0)
(0.0813765 -0.322055 0)
(0.122894 -0.446383 0)
(-0.0824697 -0.500952 0)
(-0.12468 -0.329427 0)
(-0.240668 -0.0471694 0)
(-0.143575 0.249157 0)
(-0.031706 0.286592 0)
(0.174055 0.347054 0)
(0.344228 0.13207 0)
(0.617102 0.112124 0)
(0.382125 0.196324 0)
(0.161648 0.297409 0)
(-0.125325 0.741413 0)
(0.167825 0.935537 0)
(-0.105625 1.1391 0)
(0.163879 2.14984 0)
(-0.0476704 0.0268072 0)
(0.0379613 -0.00842907 0)
(-0.00538576 -0.0854591 0)
(-0.0371012 -0.189661 0)
(-0.0313433 -0.187703 0)
(-0.235962 -0.40046 0)
(-0.167632 -0.174613 0)
(-0.24335 0.0136715 0)
(-0.214396 0.0895026 0)
(-0.105773 0.199797 0)
(0.170355 0.112482 0)
(0.175269 -0.0681793 0)
(0.398758 0.0358818 0)
(0.335612 0.217947 0)
(0.171246 0.344564 0)
(-0.1361 0.759474 0)
(0.11408 0.917567 0)
(-0.188826 1.16069 0)
(0.167509 2.17511 0)
(-0.0629288 -0.1353 0)
(-0.0259135 -0.148205 0)
(-0.0534594 -0.218413 0)
(-0.141116 -0.14844 0)
(-0.154402 -0.169639 0)
(-0.0986211 -0.0903619 0)
(-0.101356 -0.0816866 0)
(-0.160059 -0.0546623 0)
(-0.128024 -0.0451686 0)
(-0.0450198 0.0894544 0)
(-0.000782628 0.0278311 0)
(0.102844 -0.0966182 0)
(0.316117 0.0249823 0)
(-0.0510738 0.305366 0)
(0.0660281 0.529509 0)
(-0.154897 0.800493 0)
(-0.0103565 0.926339 0)
(-0.304975 1.16305 0)
(0.162432 2.22345 0)
(-0.101016 -0.138507 0)
(-0.0868725 -0.175361 0)
(-0.0566293 -0.218379 0)
(-0.061207 -0.178788 0)
(-0.0718862 -0.082279 0)
(-0.0762625 -0.0786385 0)
(-0.0555746 -0.113976 0)
(-0.10082 -0.117897 0)
(-0.0880108 0.0131964 0)
(-0.0843468 0.0243549 0)
(0.035238 -0.000720703 0)
(-0.0528142 -0.111235 0)
(0.166112 0.0881488 0)
(0.00533286 0.387068 0)
(0.0283874 1.09892 0)
(-0.203741 0.900353 0)
(-0.0951869 0.943168 0)
(-0.30757 1.09263 0)
(0.173447 2.2191 0)
(-0.0521717 -0.179049 0)
(-0.143266 -0.195304 0)
(-0.0784028 -0.117624 0)
(-0.0535747 -0.155424 0)
(-0.0554695 -0.120457 0)
(-0.104459 -0.133265 0)
(-0.0659962 -0.173836 0)
(-0.0387337 -0.0482953 0)
(-0.029999 -0.0338842 0)
(-0.00645291 -0.0146683 0)
(-0.0246289 -0.0117545 0)
(-0.0739243 -0.161775 0)
(-0.129999 0.0866852 0)
(0.178928 0.316971 0)
(0.00761106 0.951571 0)
(-0.351782 0.957478 0)
(-0.204996 0.964809 0)
(-0.248086 0.880087 0)
(0.204031 2.13726 0)
(-0.0980115 -0.126951 0)
(-0.030851 -0.14236 0)
(-0.0301195 -0.0954887 0)
(-0.0578873 -0.129265 0)
(-0.0536835 -0.0582496 0)
(-0.0946641 -0.111145 0)
(-0.0294235 -0.122758 0)
(0.0116432 -0.058296 0)
(-0.0514201 -0.0294883 0)
(-0.0190976 0.0203845 0)
(0.0135434 0.000373552 0)
(-0.0779173 -0.0570877 0)
(-0.314636 -0.140085 0)
(-0.111557 0.289132 0)
(-0.0321025 0.698803 0)
(-0.248619 0.989045 0)
(-0.249951 1.00661 0)
(-0.343781 0.715373 0)
(0.241473 1.96489 0)
(-0.0222007 -0.0761045 0)
(-0.0634287 -0.0612911 0)
(-0.0695276 -0.099368 0)
(-0.0278327 -0.109646 0)
(-0.036449 -0.142246 0)
(-0.0885499 -0.115391 0)
(-0.116474 -0.113825 0)
(-0.0306172 -0.116902 0)
(-0.0897329 -0.0247358 0)
(-0.0473239 -0.0394417 0)
(-0.0573609 0.0398539 0)
(-0.0963502 -0.0324174 0)
(-0.185137 0.105531 0)
(-0.132471 0.232607 0)
(-0.00816144 0.800974 0)
(-0.169063 1.13428 0)
(-0.316782 1.08195 0)
(-0.404095 0.565983 0)
(0.289949 1.87874 0)
(-0.039385 -0.129492 0)
(0.0540962 -0.205998 0)
(0.00727797 -0.166513 0)
(-0.0723598 -0.116349 0)
(-0.0738205 -0.154729 0)
(-0.0290811 -0.097365 0)
(-0.0938596 -0.102594 0)
(-0.0413376 -0.0844709 0)
(-0.12464 -0.0343098 0)
(-0.133013 0.0079234 0)
(-0.0970125 0.0509658 0)
(-0.108377 -0.0309505 0)
(-0.182327 0.00505412 0)
(-0.19176 0.139351 0)
(-0.0260448 0.767006 0)
(-0.0904572 1.14674 0)
(-0.234086 1.13726 0)
(-0.359432 0.424136 0)
(0.322123 1.85623 0)
(-0.0455581 -0.203111 0)
(-0.0551471 -0.124472 0)
(0.023009 -0.197272 0)
(-0.056508 -0.07184 0)
(-0.0107739 -0.10448 0)
(0.00809128 -0.107006 0)
(-0.102419 -0.103043 0)
(-0.0911351 -0.0707594 0)
(-0.0603235 -0.0371117 0)
(-0.122975 0.0291783 0)
(-0.12401 0.0184252 0)
(-0.160026 0.00681693 0)
(-0.256954 0.0767362 0)
(-0.135681 0.23525 0)
(-0.075607 0.60875 0)
(0.0157072 1.18176 0)
(-0.0527266 1.24665 0)
(-0.13555 0.236349 0)
(0.35544 1.87668 0)
(-0.0212239 -0.201072 0)
(0.0113492 -0.127068 0)
(-0.0124711 -0.134762 0)
(-0.0464835 -0.110097 0)
(-0.0833373 -0.0504979 0)
(-0.0167099 -0.113474 0)
(-0.006762 -0.151507 0)
(-0.0289155 -0.0268228 0)
(-0.0288627 -0.0318942 0)
(-0.0851461 0.0107563 0)
(-0.0611853 0.118932 0)
(-0.0163297 -0.0359156 0)
(-0.028485 0.0934664 0)
(-0.0028171 0.231328 0)
(-0.13588 0.599549 0)
(0.0363965 1.18271 0)
(0.134956 1.2598 0)
(-0.0555586 0.167794 0)
(0.367065 1.9213 0)
(-0.0918311 -0.109673 0)
(-0.0662048 -0.114946 0)
(0.00552079 -0.154802 0)
(-0.00571835 -0.198933 0)
(-0.00164309 -0.121392 0)
(-0.0539389 -0.0256418 0)
(-0.0159795 -0.0799957 0)
(0.0475405 -0.059843 0)
(-0.0167208 -0.00941927 0)
(0.0439387 -0.0108231 0)
(0.0454289 0.0720397 0)
(0.0492102 -0.00901867 0)
(-0.0429017 0.0484079 0)
(-0.0271123 0.112979 0)
(-0.182584 0.550445 0)
(0.0224844 1.06599 0)
(0.215005 1.2723 0)
(-0.0767701 0.13776 0)
(0.383891 1.96995 0)
(0.0301478 -0.202489 0)
(-0.0893498 -0.186309 0)
(-0.121942 -0.178275 0)
(-0.0349078 -0.0864633 0)
(0.0591966 -0.148244 0)
(0.0252833 -0.124409 0)
(-0.0107286 -0.0972497 0)
(0.0376776 -0.107452 0)
(0.00400996 -0.044276 0)
(0.064794 0.00379886 0)
(0.0311612 0.00961134 0)
(0.0371011 0.0946014 0)
(-0.144112 0.194945 0)
(0.035741 0.303215 0)
(-0.299551 0.681927 0)
(0.0196666 0.927286 0)
(0.350162 1.37982 0)
(-0.0624482 0.198683 0)
(0.376837 2.0413 0)
(-0.0232183 -0.258345 0)
(-0.00974895 -0.266778 0)
(0.0237041 -0.204712 0)
(-0.000966872 -0.164274 0)
(-0.0570815 -0.13371 0)
(0.0113389 -0.14837 0)
(0.000273383 -0.0712839 0)
(0.0423436 -0.118352 0)
(0.0435881 -0.0610141 0)
(0.0995715 -0.0286018 0)
(0.109726 0.0597438 0)
(0.196861 0.096698 0)
(0.0497783 0.222501 0)
(0.228924 0.572839 0)
(-0.0239638 0.639246 0)
(0.0921905 1.17378 0)
(0.313604 1.41867 0)
(-0.070421 0.255071 0)
(0.378869 2.10117 0)
(0.018051 -0.162144 0)
(0.0230548 -0.275295 0)
(-0.0203208 -0.190255 0)
(0.0317553 -0.227643 0)
(0.0210432 -0.165537 0)
(0.074703 -0.170972 0)
(-0.00212415 -0.133012 0)
(0.0164003 -0.0955311 0)
(0.0879729 -0.113673 0)
(0.146388 -0.0160353 0)
(0.11324 -0.038601 0)
(0.175987 -0.000222248 0)
(0.253342 0.0995461 0)
(0.259468 0.432724 0)
(0.368117 0.877078 0)
(0.367853 0.850557 0)
(0.309707 1.45784 0)
(-0.0497196 0.292618 0)
(0.375989 2.17052 0)
(-0.0653203 -0.145451 0)
(-0.0259925 -0.17447 0)
(0.0757459 -0.236091 0)
(0.0289642 -0.195713 0)
(0.00834461 -0.170718 0)
(0.0526046 -0.181362 0)
(0.0615058 -0.206993 0)
(0.0703741 -0.0736247 0)
(0.135116 -0.0929331 0)
(0.18573 -0.0997503 0)
(0.216902 -0.0873915 0)
(0.267932 -0.0245826 0)
(0.364749 0.00107213 0)
(0.574649 0.383609 0)
(0.568345 0.814874 0)
(0.318094 0.777439 0)
(0.378345 1.48274 0)
(-0.0217029 0.410913 0)
(0.362742 2.23674 0)
(-0.0119403 -0.180271 0)
(-0.0438011 -0.149586 0)
(-0.0101279 -0.177676 0)
(0.114222 -0.196685 0)
(0.0652055 -0.200278 0)
(0.0585572 -0.190251 0)
(0.110441 -0.219413 0)
(0.16696 -0.191086 0)
(0.149625 -0.120815 0)
(0.237234 0.0140737 0)
(0.337654 -0.17088 0)
(0.273932 -0.117073 0)
(0.474283 -0.137622 0)
(0.713115 0.0983606 0)
(0.580991 0.627069 0)
(0.431694 0.836513 0)
(0.472294 1.67736 0)
(0.0233927 0.490007 0)
(0.355717 2.30467 0)
(-0.0226572 -0.142136 0)
(-0.0164245 -0.168059 0)
(0.0222643 -0.147333 0)
(0.0447808 -0.194932 0)
(0.0383826 -0.211354 0)
(0.0451412 -0.262167 0)
(0.106934 -0.180895 0)
(0.186051 -0.211918 0)
(0.360952 -0.125258 0)
(0.338144 -0.161354 0)
(0.372871 -0.281681 0)
(0.418268 -0.139743 0)
(0.275274 -0.0348852 0)
(0.624818 0.0233698 0)
(0.651563 0.709008 0)
(0.652031 1.02015 0)
(0.556278 1.88817 0)
(-0.0189107 0.521212 0)
(0.364867 2.39332 0)
(0.040051 -0.226578 0)
(-0.061175 -0.178917 0)
(-0.0314886 -0.207977 0)
(0.0433458 -0.206166 0)
(0.000366897 -0.271515 0)
(0.0681994 -0.204361 0)
(0.149169 -0.192905 0)
(0.222787 -0.204639 0)
(0.224436 -0.22703 0)
(0.307898 -0.323658 0)
(0.585016 -0.327049 0)
(0.542696 -0.364956 0)
(0.550234 -0.231806 0)
(0.708471 0.241344 0)
(0.509295 0.992582 0)
(0.613843 1.3159 0)
(0.624916 2.09156 0)
(0.0380689 0.634336 0)
(0.34331 2.44965 0)
(-0.0491828 -0.261485 0)
(-0.0182188 -0.131197 0)
(-0.0474142 -0.189272 0)
(-0.0476168 -0.258506 0)
(0.013234 -0.193548 0)
(0.100363 -0.177615 0)
(0.0774676 -0.155483 0)
(0.140855 -0.240403 0)
(0.272009 -0.337763 0)
(0.369856 -0.272607 0)
(0.45564 -0.431859 0)
(0.57915 -0.462679 0)
(0.785994 -0.262707 0)
(0.898196 0.135696 0)
(0.565755 1.52856 0)
(0.565476 2.29677 0)
(0.374809 2.36573 0)
(-0.101421 1.00388 0)
(0.350368 2.5509 0)
(0.0260153 -0.282541 0)
(-0.056267 -0.20022 0)
(-0.124376 -0.208145 0)
(0.00231888 -0.209251 0)
(0.0651128 -0.189802 0)
(0.110447 -0.201256 0)
(0.0465982 -0.335618 0)
(0.0732553 -0.211037 0)
(0.123903 -0.345897 0)
(0.253177 -0.46733 0)
(0.497594 -0.585832 0)
(0.512381 -0.621939 0)
(0.54792 -0.504252 0)
(0.906118 -0.155736 0)
(0.533283 1.34679 0)
(-0.189482 2.50713 0)
(0.413306 2.51274 0)
(-0.325068 1.74427 0)
(0.331601 2.60503 0)
(-0.0677705 -0.231541 0)
(0.04739 -0.286415 0)
(-0.0424432 -0.211428 0)
(-0.0356541 -0.12059 0)
(-0.00305154 -0.211433 0)
(-0.0498879 -0.239528 0)
(0.0645639 -0.341286 0)
(0.131418 -0.435434 0)
(0.0219982 -0.301286 0)
(0.116577 -0.615596 0)
(0.238866 -0.660768 0)
(0.172309 -0.782215 0)
(0.107791 -0.624246 0)
(-0.263184 0.178201 0)
(0.0120375 1.26536 0)
(-0.804306 2.54499 0)
(0.322778 2.46691 0)
(-0.453544 1.90789 0)
(0.304 2.75711 0)
(-0.0247601 -0.152852 0)
(-0.00344437 -0.231095 0)
(-0.013678 -0.176333 0)
(-0.0191582 -0.25143 0)
(-0.0594086 -0.213422 0)
(-0.0357104 -0.226347 0)
(-0.113787 -0.243029 0)
(0.0425189 -0.405525 0)
(-0.0128633 -0.482449 0)
(-0.101759 -0.461892 0)
(0.20798 -0.713645 0)
(-0.0394176 -0.577678 0)
(-0.336533 -0.352786 0)
(-0.869334 0.42883 0)
(-0.152096 1.5249 0)
(-0.794903 2.58514 0)
(0.379196 2.60205 0)
(-0.404771 1.78162 0)
(0.273187 2.74408 0)
(-0.0754961 -0.19911 0)
(0.0335619 -0.245445 0)
(-0.0999153 -0.228853 0)
(-0.0929483 -0.259343 0)
(0.0137721 -0.243042 0)
(-0.0570928 -0.230827 0)
(-0.0381486 -0.270483 0)
(-0.0625024 -0.233198 0)
(-0.0349419 -0.612909 0)
(-0.141191 -0.377797 0)
(-0.0444835 -0.505326 0)
(-0.105264 -0.507215 0)
(-0.462863 -0.267115 0)
(-0.528112 0.457616 0)
(-0.0772647 2.01427 0)
(-0.619702 2.77467 0)
(0.174905 3.23776 0)
(-0.892785 2.47878 0)
(0.0616719 2.99991 0)
(-0.0342022 -0.195053 0)
(-0.0405229 -0.228666 0)
(-0.0413735 -0.254601 0)
(-0.0690755 -0.181814 0)
(-0.0361864 -0.206561 0)
(-0.0448414 -0.206207 0)
(-0.0436628 -0.275091 0)
(-0.169011 -0.306966 0)
(-0.126875 -0.357339 0)
(-0.0454024 -0.389237 0)
(-0.107406 -0.364534 0)
(-0.313245 -0.387348 0)
(-0.37544 -0.219742 0)
(-0.467903 0.580191 0)
(-0.0126923 1.88306 0)
(-0.354112 2.84939 0)
(0.435166 3.16479 0)
(-0.488772 2.85399 0)
(0.174907 3.68967 0)
(-0.0338825 -0.200979 0)
(-0.0301427 -0.221178 0)
(-0.0473862 -0.215582 0)
(-0.0693279 -0.237695 0)
(0.0147172 -0.21352 0)
(-0.091801 -0.314487 0)
(-0.100744 -0.261834 0)
(-0.107259 -0.315743 0)
(-0.130883 -0.213526 0)
(-0.212267 -0.326685 0)
(-0.200916 -0.352539 0)
(-0.397674 -0.379867 0)
(-0.619259 -0.159813 0)
(-0.61634 0.456452 0)
(-0.0765902 1.73532 0)
(-0.190765 2.77411 0)
(0.335311 2.992 0)
(-0.112921 2.87139 0)
(0.212241 3.62396 0)
(-0.0516424 -0.160679 0)
(-0.0444613 -0.225027 0)
(-0.0444465 -0.215245 0)
(-0.0636869 -0.211228 0)
(-0.116159 -0.20109 0)
(-0.066131 -0.301798 0)
(-0.0183605 -0.215601 0)
(-0.0963134 -0.266413 0)
(-0.15186 -0.176266 0)
(-0.14479 -0.273423 0)
(-0.117491 -0.332336 0)
(-0.409289 -0.459166 0)
(-0.676924 -0.184122 0)
(-0.673974 0.220771 0)
(-0.257621 1.33838 0)
(-0.124118 2.50336 0)
(0.331504 3.00835 0)
(-0.115368 2.94941 0)
(0.194061 3.69183 0)
(-0.0784969 -0.220802 0)
(-0.0840659 -0.208234 0)
(-0.0511621 -0.208988 0)
(-0.0502951 -0.194575 0)
(-0.0683759 -0.133296 0)
(-0.080559 -0.168024 0)
(-0.07692 -0.241796 0)
(-0.0872901 -0.24787 0)
(-0.156971 -0.19497 0)
(-0.242704 -0.221354 0)
(-0.194609 -0.255588 0)
(-0.254237 -0.321376 0)
(-0.68223 -0.0430759 0)
(-0.712934 0.208719 0)
(-0.520023 1.12857 0)
(-0.184786 2.26414 0)
(0.339106 2.89214 0)
(-0.00634652 3.12248 0)
(0.145589 3.92376 0)
(-0.0408237 -0.276024 0)
(-0.050769 -0.273211 0)
(-0.045053 -0.235771 0)
(0.00333482 -0.217076 0)
(-0.109085 -0.200139 0)
(-0.144425 -0.206951 0)
(-0.0894295 -0.217378 0)
(-0.0860761 -0.187293 0)
(-0.128326 -0.238441 0)
(-0.200594 -0.233613 0)
(-0.192071 -0.172382 0)
(-0.151243 -0.22369 0)
(-0.529744 -0.0192758 0)
(-0.653114 0.0909978 0)
(-0.509555 0.797175 0)
(-0.174782 1.59522 0)
(0.423437 2.83722 0)
(0.125068 3.07358 0)
(0.213693 4.05124 0)
(-0.0615254 -0.206594 0)
(-0.0302252 -0.170301 0)
(-0.0105058 -0.214587 0)
(-0.0317216 -0.172222 0)
(-0.0598628 -0.287961 0)
(-0.0767037 -0.171929 0)
(-0.0512783 -0.179899 0)
(-0.0634656 -0.219345 0)
(-0.127148 -0.226355 0)
(-0.227486 -0.178763 0)
(-0.20742 -0.0815974 0)
(-0.153588 -0.0543568 0)
(-0.409629 -0.120106 0)
(-0.562964 0.240769 0)
(-0.375086 0.718437 0)
(0.146795 1.21697 0)
(0.387607 2.54898 0)
(0.417228 3.37235 0)
(0.168282 4.56451 0)
(0.0475948 -0.219445 0)
(-0.0290551 -0.160857 0)
(-0.034839 -0.178268 0)
(-0.0309117 -0.224067 0)
(-0.0541479 -0.232424 0)
(-0.0288904 -0.22934 0)
(-0.0908576 -0.25818 0)
(-0.0810541 -0.275295 0)
(-0.0650151 -0.288819 0)
(-0.100023 -0.259395 0)
(-0.0869963 -0.139344 0)
(-0.0367382 -0.0700701 0)
(-0.0650828 -0.168859 0)
(-0.028917 0.0477089 0)
(0.113693 0.111365 0)
(0.8176 0.227054 0)
(1.04412 1.35889 0)
(1.24873 2.51849 0)
(0.605869 4.90047 0)
)
;

boundaryField
{
    leftWall
    {
        type            fixedValue;
        value           uniform (0 0 0);
    }
    rightWall
    {
        type            fixedValue;
        value           uniform (0 0 0);
    }
    lowerWall
    {
        type            fixedValue;
        value           uniform (0 0 0);
    }
    atmosphere
    {
        type            pressureInletOutletVelocity;
        value           nonuniform List<vector> 
46
(
(0 -0.336831 0)
(0 -0.344525 0)
(0 -0.348306 0)
(0 -0.387284 0)
(0 -0.326873 0)
(0 -0.312699 0)
(0 -0.300106 0)
(0 -0.264974 0)
(0 -0.316241 0)
(0 -0.239213 0)
(0 -0.313651 0)
(0 -0.252463 0)
(0 -0.304104 0)
(0 -0.286296 0)
(0 -0.302433 0)
(0 -0.284053 0)
(0 -0.284766 0)
(0 -0.27013 0)
(0 -0.257533 0)
(0 -0.261001 0)
(0 -0.233121 0)
(0 -0.258267 0)
(0 -0.222943 0)
(0 -0.215532 0)
(0 -0.206313 0)
(0 -0.233796 0)
(0 -0.189371 0)
(0 -0.219445 0)
(0 -0.160857 0)
(0 -0.178268 0)
(0 -0.224067 0)
(0 -0.232424 0)
(0 -0.22934 0)
(0 -0.25818 0)
(0 -0.275295 0)
(0 -0.288819 0)
(0 -0.259395 0)
(0 -0.139344 0)
(0 -0.0700701 0)
(0 -0.168859 0)
(-0.028917 0.0477089 0)
(0.113693 0.111365 0)
(0.8176 0.227054 0)
(1.04412 1.35889 0)
(1.24873 2.51849 0)
(0.605869 4.90047 0)
)
;
    }
    defaultFaces
    {
        type            empty;
    }
}


// ************************************************************************* //
