/*--------------------------------*- C++ -*----------------------------------*\
| =========                 |                                                 |
| \\      /  F ield         | foam-extend: Open Source CFD                    |
|  \\    /   O peration     | Version:     4.1                                |
|   \\  /    A nd           | Web:         http://www.foam-extend.org         |
|    \\/     M anipulation  |                                                 |
\*---------------------------------------------------------------------------*/
FoamFile
{
    version     2.0;
    format      ascii;
    class       volVectorField;
    location    "0.45";
    object      U_0;
}
// * * * * * * * * * * * * * * * * * * * * * * * * * * * * * * * * * * * * * //

dimensions      [0 1 -1 0 0 0 0];

internalField   nonuniform List<vector> 
2268
(
(-0.0131102 -0.0127084 0)
(0.0635855 -0.00834295 0)
(0.0827 -0.00758799 0)
(0.161112 -0.00949567 0)
(0.201786 -0.0141723 0)
(0.376475 -0.0116792 0)
(0.425167 -0.000186503 0)
(0.483584 -0.017855 0)
(0.742663 -0.0153225 0)
(0.670202 -0.0506997 0)
(0.567177 -0.000103456 0)
(0.61464 -0.0130747 0)
(0.645054 0.00945073 0)
(0.611107 0.042628 0)
(0.664437 0.133574 0)
(0.788968 -0.0324222 0)
(0.766049 0.00196826 0)
(0.620734 0.0975956 0)
(0.457389 0.0591314 0)
(0.294674 -0.0513897 0)
(0.144504 -0.0254181 0)
(0.190141 0.0677302 0)
(-0.212766 -0.142611 0)
(-0.0104367 -0.0105973 0)
(0.0667854 -0.0145159 0)
(0.0857229 -0.014918 0)
(0.159971 -0.0198875 0)
(0.204024 -0.0343844 0)
(0.37591 -0.0461134 0)
(0.413799 -0.039111 0)
(0.489675 -0.0645186 0)
(0.76914 -0.0277126 0)
(0.653699 -0.188549 0)
(0.570654 0.00965563 0)
(0.61614 -0.0409009 0)
(0.647733 -0.00175538 0)
(0.652773 -0.0435138 0)
(0.640404 0.0860047 0)
(0.672669 0.0253301 0)
(0.763132 0.0327067 0)
(0.61843 -0.0233177 0)
(0.472966 0.0970678 0)
(0.430549 0.0241383 0)
(0.38734 0.0711802 0)
(0.321335 0.0927081 0)
(0.343258 0.131695 0)
(-0.0111591 -0.0403152 0)
(0.0703859 -0.0318311 0)
(0.0880465 -0.0295502 0)
(0.158196 -0.0389446 0)
(0.202354 -0.0636699 0)
(0.361735 -0.062192 0)
(0.434444 -0.045303 0)
(0.531127 -0.117377 0)
(0.698366 -0.0636175 0)
(0.642101 -0.227808 0)
(0.555121 -0.027698 0)
(0.520829 -0.00124404 0)
(0.541442 -0.0383105 0)
(0.528968 0.0892242 0)
(0.627893 0.138739 0)
(0.710624 0.19583 0)
(0.744011 0.0776523 0)
(0.593966 -0.0625571 0)
(0.497977 0.0242466 0)
(0.374393 0.0400398 0)
(0.271381 0.0730477 0)
(0.261684 0.106737 0)
(0.357164 0.177689 0)
(-0.00419893 -0.0352409 0)
(0.0823088 -0.0375113 0)
(0.0936673 -0.0346231 0)
(0.150975 -0.0479335 0)
(0.220824 -0.0795811 0)
(0.405162 -0.108213 0)
(0.454774 -0.028658 0)
(0.545904 -0.128082 0)
(0.624714 -0.0414178 0)
(0.576841 -0.181644 0)
(0.546318 -0.164601 0)
(0.475676 -0.121125 0)
(0.541875 0.0506621 0)
(0.616018 0.0941149 0)
(0.578019 0.195195 0)
(0.612111 0.188812 0)
(0.633527 0.102843 0)
(0.560449 0.0362239 0)
(0.491806 -0.0149221 0)
(0.473693 0.0887254 0)
(0.370769 0.0861065 0)
(0.301278 0.187877 0)
(0.381602 0.268397 0)
(-0.00800542 -0.0827116 0)
(0.0844881 -0.0569472 0)
(0.0918354 -0.0465755 0)
(0.157896 -0.0710832 0)
(0.258741 -0.122617 0)
(0.437384 -0.122213 0)
(0.410746 -0.082904 0)
(0.511364 -0.185807 0)
(0.581377 -0.0809877 0)
(0.549033 -0.202118 0)
(0.534554 -0.194418 0)
(0.567775 -0.151369 0)
(0.580385 0.0955157 0)
(0.566191 -0.107086 0)
(0.605946 0.119405 0)
(0.529592 0.164084 0)
(0.542695 0.0551621 0)
(0.494359 0.0129003 0)
(0.494821 0.0287142 0)
(0.472965 0.114259 0)
(0.369656 0.118893 0)
(0.298183 0.251987 0)
(0.40436 0.348812 0)
(0.00929159 -0.0620018 0)
(0.103609 -0.0594013 0)
(0.0963883 -0.050338 0)
(0.185063 -0.0880608 0)
(0.302732 -0.143908 0)
(0.43349 -0.144118 0)
(0.384948 -0.159179 0)
(0.477519 -0.156583 0)
(0.609842 -0.123285 0)
(0.545412 -0.187135 0)
(0.585412 -0.214157 0)
(0.579263 -0.000798462 0)
(0.541476 -0.11867 0)
(0.59118 -0.0417043 0)
(0.734981 0.0573065 0)
(0.576573 0.194657 0)
(0.533588 0.0762806 0)
(0.545863 0.0665351 0)
(0.556707 0.0390859 0)
(0.530677 0.17271 0)
(0.400512 0.178765 0)
(0.313194 0.349534 0)
(0.381171 0.423824 0)
(0.000107787 -0.0467388 0)
(0.100825 -0.0825772 0)
(0.100284 -0.0671263 0)
(0.222756 -0.122678 0)
(0.323627 -0.180124 0)
(0.434981 -0.156017 0)
(0.410421 -0.133255 0)
(0.562799 -0.114689 0)
(0.579069 -0.243265 0)
(0.519422 -0.208928 0)
(0.605784 -0.217671 0)
(0.622161 -0.162805 0)
(0.549546 0.0930976 0)
(0.672327 0.131925 0)
(0.755042 -0.111139 0)
(0.634018 0.0923686 0)
(0.492312 0.107781 0)
(0.509067 0.0882986 0)
(0.608863 -0.0193432 0)
(0.609053 0.182404 0)
(0.48896 0.190358 0)
(0.306931 0.411849 0)
(0.398487 0.535108 0)
(-0.00872188 -0.0777158 0)
(0.0989065 -0.0744728 0)
(0.127174 -0.0778589 0)
(0.2502 -0.141218 0)
(0.352953 -0.187929 0)
(0.474754 -0.162262 0)
(0.461459 -0.227257 0)
(0.506818 -0.17836 0)
(0.592319 -0.286094 0)
(0.586408 -0.223574 0)
(0.601742 -0.125197 0)
(0.699716 -0.11873 0)
(0.595884 0.0814449 0)
(0.512863 -0.00686399 0)
(0.625325 0.0628539 0)
(0.557218 0.119164 0)
(0.393757 0.00861123 0)
(0.351769 0.0162013 0)
(0.550668 -0.00850908 0)
(0.684438 0.238368 0)
(0.582624 0.314128 0)
(0.371592 0.440743 0)
(0.312584 0.73019 0)
(-0.808802 0.2014 0)
(-1.05695 -0.0349745 0)
(-1.11607 -0.0318165 0)
(-1.116 -0.0458452 0)
(-1.18935 -0.0636002 0)
(-1.25714 -0.0795655 0)
(-1.2187 -0.124265 0)
(-1.24199 -0.180619 0)
(-1.51878 -0.0211591 0)
(-1.2179 0.0387938 0)
(-1.28294 -0.150314 0)
(-1.52366 0.182113 0)
(-1.22178 -0.109335 0)
(-1.00825 -0.0882048 0)
(-0.461313 -0.0950454 0)
(-0.240109 -0.0514744 0)
(-0.132616 -0.0716784 0)
(-0.366721 0.0477164 0)
(-0.156624 -0.105971 0)
(-0.518304 0.544281 0)
(-0.371035 0.206153 0)
(-0.628211 0.0727617 0)
(-0.67751 0.0637387 0)
(-0.677653 0.0987277 0)
(-0.606684 0.105037 0)
(-0.511703 0.0349784 0)
(-0.848829 -0.208795 0)
(-1.299 0.0909506 0)
(-1.13519 0.242571 0)
(-1.05999 -0.0938644 0)
(-1.39097 0.254233 0)
(-0.826876 -0.0943072 0)
(-0.39014 -0.218781 0)
(-0.251754 -0.254306 0)
(-0.000115214 -0.141427 0)
(0.138572 0.0795748 0)
(-0.259898 0.0799913 0)
(0.146272 -0.139282 0)
(-0.34861 1.05245 0)
(0.0861546 0.516904 0)
(-0.137 0.278522 0)
(-0.221913 0.0422609 0)
(-0.345282 -0.0735972 0)
(-0.289147 -0.136657 0)
(-0.171381 -0.215801 0)
(-0.655023 -0.030221 0)
(-0.842846 0.159703 0)
(-0.739859 0.368492 0)
(-0.237036 -0.227122 0)
(-0.801744 -0.216548 0)
(-0.447963 -0.0388712 0)
(0.215756 -0.396865 0)
(0.304954 -0.267786 0)
(0.292851 -0.178755 0)
(0.33954 0.0483681 0)
(0.113304 0.0904418 0)
(0.227187 -0.148751 0)
(-0.320036 0.91066 0)
(0.605814 0.263301 0)
(0.767995 0.0367267 0)
(0.524021 0.215638 0)
(0.1292 0.300693 0)
(0.143102 -0.0157692 0)
(0.169951 0.0354118 0)
(-0.15694 0.0914276 0)
(-0.239998 0.188746 0)
(-0.322184 0.267404 0)
(0.271006 -0.113117 0)
(-0.260203 -0.0493506 0)
(0.29922 -0.281829 0)
(0.55406 -0.352906 0)
(0.776994 -0.282351 0)
(0.667483 -0.13165 0)
(0.50189 0.0435851 0)
(0.366506 0.107533 0)
(0.305071 -0.0704773 0)
(-0.264402 0.733417 0)
(0.621429 0.0960472 0)
(0.873173 -0.0768685 0)
(0.365305 0.267634 0)
(0.129497 0.127549 0)
(0.010375 -0.00307176 0)
(-0.244079 -0.0278361 0)
(-0.235158 0.103071 0)
(0.28977 0.0455497 0)
(0.205774 0.010646 0)
(0.460171 -0.0607478 0)
(0.457248 -0.205306 0)
(0.86498 -0.375368 0)
(0.926619 -0.365703 0)
(0.965239 -0.290925 0)
(0.943529 -0.184248 0)
(0.759447 0.0984671 0)
(0.532757 0.138336 0)
(0.274589 -0.00968659 0)
(-0.18101 0.614814 0)
(0.561624 0.0397134 0)
(0.518734 0.02423 0)
(0.311267 0.468529 0)
(0.157809 0.277774 0)
(-0.125181 0.0953022 0)
(0.124164 0.0299869 0)
(0.192735 -0.0462138 0)
(0.61045 0.0523647 0)
(0.609567 0.0901066 0)
(0.804802 -0.0592529 0)
(0.861724 -0.234363 0)
(1.11821 -0.384223 0)
(1.10097 -0.364916 0)
(1.0582 -0.288153 0)
(1.05663 -0.193771 0)
(0.886467 0.132494 0)
(0.685596 0.219155 0)
(0.316478 0.0969473 0)
(0.130577 0.353372 0)
(0.456303 -0.0543599 0)
(0.538575 0.00130068 0)
(0.340396 0.405706 0)
(-0.0503976 0.195224 0)
(-0.0590168 0.148855 0)
(0.746886 -0.147594 0)
(-0.683312 -0.0414762 0)
(0.148326 -0.149091 0)
(0.554756 0.181747 0)
(0.963654 -0.0914275 0)
(1.22532 -0.334449 0)
(1.33067 -0.433469 0)
(1.31101 -0.372118 0)
(1.19311 -0.284959 0)
(1.14749 -0.150867 0)
(1.00302 0.165471 0)
(0.723256 0.261447 0)
(0.362043 0.206293 0)
(0.0322926 0.202314 0)
(0.408171 -0.197678 0)
(0.376263 0.00805602 0)
(0.380955 0.765321 0)
(-0.02869 0.331623 0)
(0.130227 -0.214729 0)
(0.535177 0.049641 0)
(-0.508914 0.241091 0)
(0.342737 -0.454007 0)
(0.689488 0.0071887 0)
(1.34858 -0.219046 0)
(1.51694 -0.38993 0)
(1.49049 -0.41923 0)
(1.42256 -0.342477 0)
(1.29264 -0.242614 0)
(1.11914 -0.100779 0)
(1.08995 0.243749 0)
(0.798794 0.353546 0)
(0.342357 0.321488 0)
(0.0106588 -0.106718 0)
(0.107178 -0.118631 0)
(0.146194 -0.115256 0)
(0.254576 -0.201933 0)
(0.368348 -0.277701 0)
(0.454279 -0.224018 0)
(0.526928 -0.334367 0)
(0.610492 -0.271539 0)
(0.71277 -0.297102 0)
(0.6942 -0.236276 0)
(0.696457 -0.135504 0)
(0.594444 0.123853 0)
(0.504184 -0.0228805 0)
(0.592854 0.0442031 0)
(0.971522 0.101834 0)
(0.804225 0.0216049 0)
(0.532403 -0.0193769 0)
(0.607282 -0.0183538 0)
(0.604479 0.0766704 0)
(0.52565 0.0989078 0)
(0.554766 0.281257 0)
(0.498509 0.554741 0)
(0.530483 0.984786 0)
(-0.0100811 -0.187103 0)
(0.0621257 -0.174187 0)
(0.104441 -0.221276 0)
(0.179791 -0.357443 0)
(0.341368 -0.321251 0)
(0.566321 -0.288895 0)
(0.612161 -0.352 0)
(0.723405 -0.316565 0)
(0.768772 -0.310434 0)
(0.728683 -0.230233 0)
(0.708263 0.0226716 0)
(0.527216 0.0262253 0)
(0.434126 0.0931319 0)
(0.556683 0.193593 0)
(0.641973 0.0823834 0)
(0.580106 -0.154783 0)
(0.556119 0.060277 0)
(0.520576 0.051197 0)
(0.424403 0.0738962 0)
(0.388276 0.168393 0)
(0.56755 0.320195 0)
(0.812439 0.445316 0)
(0.980695 1.04571 0)
(-0.0208982 -0.146819 0)
(-0.112556 -0.249395 0)
(-0.0125532 -0.232761 0)
(0.293345 -0.403743 0)
(0.477057 -0.262589 0)
(0.308982 -0.342615 0)
(0.32897 -0.428132 0)
(0.511621 -0.373638 0)
(0.49956 -0.322466 0)
(0.721953 -0.205179 0)
(0.660896 -0.0887513 0)
(0.425732 -0.113841 0)
(0.483661 -0.151413 0)
(0.547924 -0.0965491 0)
(0.632061 -0.0614368 0)
(0.585357 0.0768824 0)
(0.466033 0.13062 0)
(0.509727 0.165505 0)
(0.465252 0.124123 0)
(0.558666 0.167319 0)
(0.694047 0.508504 0)
(1.05442 0.395967 0)
(1.14724 0.632176 0)
(-0.176587 -0.0618697 0)
(-0.0496373 -0.56569 0)
(0.0945654 -0.7288 0)
(0.0818477 -0.394598 0)
(0.222872 -0.328123 0)
(0.081807 -0.206021 0)
(0.127273 -0.412337 0)
(0.169816 -0.356537 0)
(0.0195678 -0.393213 0)
(0.0787221 -0.308374 0)
(0.287146 -0.253899 0)
(0.325386 0.0993979 0)
(0.628117 0.0385401 0)
(0.854639 -0.030352 0)
(0.837875 0.0588501 0)
(0.632176 0.0552762 0)
(0.299083 0.139188 0)
(0.366785 0.174287 0)
(0.422192 0.202828 0)
(0.6521 0.292588 0)
(0.894886 0.634103 0)
(1.01565 0.55259 0)
(0.981369 0.279342 0)
(-0.101455 0.10129 0)
(-0.0931074 -0.818134 0)
(0.0102355 -0.995145 0)
(0.00343267 -0.870571 0)
(-0.0450667 -0.366407 0)
(0.143079 -0.359242 0)
(-0.0188831 -0.609861 0)
(-0.0826781 -0.296327 0)
(-0.118351 -0.397966 0)
(-0.0381937 -0.433463 0)
(0.120781 -0.39735 0)
(0.789406 -0.289741 0)
(0.709334 -0.0989566 0)
(0.714018 -0.100657 0)
(0.730439 0.0644842 0)
(0.598405 0.121651 0)
(0.355582 0.17832 0)
(0.49404 0.0761743 0)
(0.54484 0.187777 0)
(0.668953 0.164983 0)
(0.727123 0.204122 0)
(0.808988 0.288808 0)
(0.696568 0.202296 0)
(0.0108715 0.122681 0)
(0.0764285 -0.828017 0)
(-0.0846442 -0.987402 0)
(0.0350285 -1.16078 0)
(-0.0277995 -0.572122 0)
(0.0211088 -0.66856 0)
(0.027198 -0.814864 0)
(-0.115168 -0.305323 0)
(-0.205368 -0.347523 0)
(-0.0892656 -0.470878 0)
(0.0781807 -0.654316 0)
(0.393926 -0.300575 0)
(0.391914 -0.458095 0)
(0.439373 -0.277227 0)
(0.368572 0.124014 0)
(0.149364 0.314842 0)
(0.148342 0.186538 0)
(0.827504 -0.103909 0)
(0.825535 -0.0490931 0)
(0.789054 -0.0379864 0)
(0.721785 0.0819725 0)
(0.796449 0.197861 0)
(0.786326 0.21352 0)
(0.137407 0.0542029 0)
(0.287896 -0.667064 0)
(0.12922 -1.00907 0)
(0.164624 -1.00916 0)
(-0.0325182 -0.468751 0)
(-0.163473 -0.432794 0)
(-0.0864612 -0.544483 0)
(-0.282987 -0.198249 0)
(-0.218096 -0.32851 0)
(0.0381238 -0.693785 0)
(0.196465 -0.982171 0)
(0.360154 -0.688456 0)
(0.27508 -0.178081 0)
(0.0575163 0.0599958 0)
(0.176107 0.367903 0)
(0.116202 0.425175 0)
(0.424319 0.0627769 0)
(0.299074 -0.294009 0)
(0.149036 -0.458251 0)
(0.44487 0.10537 0)
(0.574018 0.16551 0)
(0.819306 0.230937 0)
(0.799981 0.285324 0)
(0.193366 -0.283132 0)
(0.422795 -0.738069 0)
(0.236846 -0.775636 0)
(0.119476 -0.628583 0)
(-0.261846 -0.192418 0)
(-0.109962 -0.349969 0)
(-0.0705157 -0.576884 0)
(-0.209548 -0.406368 0)
(-0.0233944 -0.456894 0)
(0.0422724 -0.738547 0)
(0.00978177 -1.1411 0)
(0.224093 -0.913955 0)
(0.0958022 -0.292931 0)
(0.0615357 -0.135894 0)
(0.151232 0.44829 0)
(-0.183478 0.445471 0)
(0.219957 0.23225 0)
(0.172943 -0.133401 0)
(0.0195052 -0.297468 0)
(0.0626619 -0.385585 0)
(0.182306 -0.257584 0)
(0.724554 0.0647786 0)
(0.638499 0.310694 0)
(-0.137256 -0.687254 0)
(0.1083 -0.653036 0)
(-0.0908562 -0.526725 0)
(0.0774238 -0.236909 0)
(-0.112192 0.0995736 0)
(-0.0134151 -0.370621 0)
(-0.267064 -0.498872 0)
(-0.194605 -0.442461 0)
(0.0901541 -0.584209 0)
(0.0350781 -0.717818 0)
(-0.0644578 -1.06883 0)
(-0.0856253 -0.587616 0)
(0.14864 -0.456939 0)
(-0.0358881 -0.143421 0)
(0.168826 0.337486 0)
(0.0785405 0.365437 0)
(0.22032 -0.0544843 0)
(0.134493 -0.20325 0)
(0.106419 -0.35569 0)
(0.156262 -0.244052 0)
(-0.0352842 -0.38422 0)
(0.291915 0.0317158 0)
(0.306323 0.0576226 0)
(-0.0420841 -1.02752 0)
(0.130799 -0.707397 0)
(-0.0985011 -0.727771 0)
(0.1535 -0.481016 0)
(0.0762798 -0.106562 0)
(0.0539988 -0.529829 0)
(0.00463594 -0.595979 0)
(0.067892 -0.282073 0)
(-0.0223274 -0.544335 0)
(0.00470058 -0.688202 0)
(-0.0184856 -0.966732 0)
(-0.138128 -0.504737 0)
(0.0115367 -0.440473 0)
(0.0226109 -0.135464 0)
(0.000989712 0.527949 0)
(-0.113238 0.238593 0)
(0.00912143 -0.156285 0)
(0.0508997 -0.042951 0)
(0.0270519 -0.287216 0)
(-0.0568059 -0.262792 0)
(-0.0969605 -0.526791 0)
(-0.0152048 -0.389073 0)
(-0.179083 0.0502169 0)
(-0.0981622 -0.938767 0)
(0.0637738 -0.538171 0)
(-0.0918321 -0.631259 0)
(0.00491033 -0.424873 0)
(0.0629321 0.0764502 0)
(0.155615 -0.267161 0)
(0.0197735 -0.517479 0)
(0.0284653 -0.395726 0)
(-0.0446051 -0.481286 0)
(-0.0419789 -0.742008 0)
(0.00912733 -0.905322 0)
(-0.157208 -0.586163 0)
(0.0505504 -0.186084 0)
(-0.346459 -0.0441419 0)
(-0.172831 0.282324 0)
(-0.0749812 0.166976 0)
(-0.049401 -0.204768 0)
(0.0184745 -0.121214 0)
(0.0201731 -0.221174 0)
(-0.114011 -0.224622 0)
(-0.10525 -0.313776 0)
(-0.183843 -0.158316 0)
(-0.0667616 0.0340397 0)
(-0.131277 -0.991368 0)
(0.00203384 -0.660043 0)
(-0.0760751 -0.701023 0)
(-0.0456236 -0.59882 0)
(-0.0077832 -0.285621 0)
(0.0876809 -0.282455 0)
(0.0404266 -0.398852 0)
(0.0451845 -0.307134 0)
(-0.0785768 -0.454929 0)
(-0.0397312 -0.804766 0)
(0.023929 -0.807439 0)
(-0.247183 -0.646298 0)
(0.0483869 -0.0953159 0)
(-0.341003 0.0738769 0)
(-0.141211 0.1841 0)
(-0.0155217 0.0730379 0)
(0.0279054 -0.186971 0)
(-0.00157608 -0.144861 0)
(-0.0670485 -0.210965 0)
(-0.170419 -0.195442 0)
(-0.135603 -0.170272 0)
(-0.199244 -0.245833 0)
(-0.178581 -0.175441 0)
(-0.184598 -0.835068 0)
(-0.00975784 -0.469343 0)
(0.00100181 -0.716814 0)
(-0.0795667 -0.399009 0)
(0.160331 -0.447084 0)
(0.12386 -0.372082 0)
(0.0437172 -0.368879 0)
(0.123496 -0.295844 0)
(-0.0587503 -0.367234 0)
(-0.00647612 -0.862998 0)
(0.0207498 -0.715102 0)
(-0.289297 -0.766802 0)
(-0.378861 -0.0789937 0)
(-0.405884 0.0691623 0)
(-0.052944 -0.00495882 0)
(0.0518931 0.000956816 0)
(-0.0178562 -0.195485 0)
(0.0213799 -0.194099 0)
(-0.0749574 -0.184155 0)
(-0.112336 -0.199183 0)
(-0.109129 -0.146542 0)
(-0.179014 -0.229115 0)
(-0.148737 -0.128753 0)
(0.030612 -0.532247 0)
(0.0272418 -0.365217 0)
(-0.0589978 -0.397423 0)
(0.0347142 -0.342293 0)
(0.0406534 -0.325484 0)
(0.206587 -0.313832 0)
(0.228044 -0.33567 0)
(0.307775 -0.240984 0)
(0.0296933 -0.348654 0)
(-0.0202018 -0.857327 0)
(0.0113864 -0.680535 0)
(-0.145981 -0.716987 0)
(-0.104196 -0.319958 0)
(0.235559 -0.049363 0)
(0.147779 -0.0250652 0)
(0.0552874 -0.0061605 0)
(0.0247347 -0.084155 0)
(-0.0389604 -0.11325 0)
(-0.0413007 -0.217649 0)
(-0.0917569 -0.188454 0)
(-0.0561108 -0.207914 0)
(-0.0823923 -0.164504 0)
(-0.166828 -0.118904 0)
(-0.127894 -0.309962 0)
(-0.0623871 -0.339755 0)
(-0.0554269 -0.291427 0)
(-0.0461754 -0.423756 0)
(0.071645 -0.338815 0)
(0.0915826 -0.340786 0)
(0.186834 -0.481116 0)
(0.215275 -0.426406 0)
(0.530005 -0.329362 0)
(0.11396 -0.909606 0)
(0.0391798 -0.635758 0)
(-0.0713759 -0.530735 0)
(-0.092382 -0.503863 0)
(0.111325 -0.0582394 0)
(0.0726313 0.0746283 0)
(-0.000430343 0.0164888 0)
(0.00321059 -0.0125485 0)
(-0.0326884 -0.0701325 0)
(0.00117687 -0.0857897 0)
(-0.0325293 -0.163961 0)
(-0.0784154 -0.0736473 0)
(-0.0421952 -0.195124 0)
(-0.0975368 -0.118411 0)
(-0.0847228 -0.343682 0)
(-0.0386309 -0.357494 0)
(-0.0494265 -0.378183 0)
(-0.0392891 -0.417435 0)
(0.00937948 -0.428267 0)
(-0.0022708 -0.497513 0)
(0.115628 -0.579907 0)
(0.128919 -0.431934 0)
(0.197559 -0.350337 0)
(0.0973556 -1.04393 0)
(-0.0464896 -0.593809 0)
(-0.0189944 -0.347631 0)
(0.0589936 -0.525696 0)
(-0.0913574 -0.142386 0)
(0.0108634 0.126425 0)
(-0.123079 0.0210595 0)
(0.016979 -0.00237826 0)
(-0.0585211 -0.0375258 0)
(-0.0435502 -0.061607 0)
(-0.0395028 -0.110396 0)
(-0.104192 -0.156978 0)
(-0.114449 -0.127604 0)
(-0.0969683 -0.143812 0)
(-0.10188 -0.310074 0)
(-0.0829983 -0.300375 0)
(-0.107831 -0.386713 0)
(-0.0390559 -0.427406 0)
(-0.030127 -0.421894 0)
(-0.1203 -0.585734 0)
(0.147367 -0.476924 0)
(0.223573 -0.702786 0)
(0.182688 -0.406848 0)
(0.25007 -0.482963 0)
(0.00804807 -0.498643 0)
(-0.0553577 -0.24091 0)
(-0.133992 -0.388472 0)
(-0.388088 -0.0704878 0)
(-0.341044 0.100369 0)
(-0.13966 0.0395595 0)
(-0.0992935 -0.0309315 0)
(-0.100739 -0.0156054 0)
(-0.0762811 -0.0962292 0)
(-0.159619 -0.0636381 0)
(-0.12571 -0.124653 0)
(-0.0568373 -0.137229 0)
(-0.0207136 -0.127807 0)
(0.0751384 -0.490302 0)
(0.00267884 -0.476643 0)
(-0.137254 -0.336751 0)
(-0.0344365 -0.416983 0)
(-0.106688 -0.396667 0)
(-0.0513271 -0.580158 0)
(-0.0741191 -0.512863 0)
(-0.0401777 -0.935477 0)
(-0.0417131 -0.848629 0)
(0.171683 -0.63118 0)
(-0.0388127 -0.342995 0)
(-0.0394774 -0.205862 0)
(-0.136594 -0.253942 0)
(-0.538009 -0.239166 0)
(-0.40836 -0.0230532 0)
(-0.177821 -0.0129628 0)
(-0.0891884 -0.0396474 0)
(-0.143985 -0.077801 0)
(-0.0836192 -0.0908654 0)
(-0.0933001 -0.106387 0)
(-0.139491 -0.0786518 0)
(-0.0986739 -0.150563 0)
(-0.123825 -0.187963 0)
(-0.00218473 -0.515439 0)
(0.110986 -0.540817 0)
(-0.030691 -0.536547 0)
(-0.0547025 -0.323441 0)
(-0.137711 -0.559886 0)
(-0.221762 -0.514724 0)
(-0.169103 -0.554041 0)
(-0.238624 -0.595903 0)
(-0.166353 -0.689547 0)
(-0.246741 -0.688479 0)
(-0.224851 -0.618284 0)
(-0.202204 -0.33191 0)
(-0.459192 -0.38135 0)
(-0.407745 -0.173333 0)
(-0.382455 -0.138995 0)
(-0.186244 -0.0599657 0)
(-0.184785 -0.0826331 0)
(-0.14802 -0.106827 0)
(-0.0853974 -0.148638 0)
(-0.129776 -0.178072 0)
(-0.0705061 -0.116204 0)
(-0.101911 -0.1441 0)
(-0.0819947 -0.113213 0)
(0.0132683 -0.575552 0)
(0.0114424 -0.572372 0)
(0.0778533 -0.639947 0)
(-0.0473797 -0.523935 0)
(-0.266656 -0.644325 0)
(-0.128262 -0.593132 0)
(-0.0869646 -0.459445 0)
(-0.191433 -0.45254 0)
(-0.210137 -0.509239 0)
(-0.278598 -0.44475 0)
(-0.358551 -0.271326 0)
(-0.343664 -0.207086 0)
(-0.442766 -0.184086 0)
(-0.488129 -0.203005 0)
(-0.234688 -0.0806265 0)
(-0.171151 -0.07013 0)
(-0.170512 -0.0600365 0)
(-0.219153 -0.0471494 0)
(-0.178563 -0.115526 0)
(-0.0598536 -0.126393 0)
(-0.064867 -0.202751 0)
(-0.0967407 -0.138315 0)
(-0.0726534 -0.0690552 0)
(-0.00379227 -0.576683 0)
(-0.00170057 -0.575136 0)
(-0.0216673 -0.557704 0)
(-0.0357759 -0.596639 0)
(-0.140029 -0.526628 0)
(0.0350616 -0.434104 0)
(0.0273015 -0.559268 0)
(-0.267264 -0.425181 0)
(-0.193142 -0.441329 0)
(-0.119213 -0.451171 0)
(-0.210522 -0.449196 0)
(-0.38051 -0.368755 0)
(-0.375626 -0.315224 0)
(-0.242875 -0.151403 0)
(-0.245693 -0.0927176 0)
(-0.160262 -0.142181 0)
(-0.165812 -0.160311 0)
(-0.169336 -0.0947755 0)
(-0.183554 -0.105759 0)
(-0.21765 -0.0941914 0)
(-0.115028 -0.194407 0)
(0.0108024 -0.157113 0)
(-0.0848487 -0.182931 0)
(-0.00424668 -0.559641 0)
(-0.00902408 -0.546471 0)
(0.00603911 -0.520446 0)
(-0.0329508 -0.544049 0)
(-0.0300434 -0.540423 0)
(-0.020929 -0.310483 0)
(0.0410351 -0.63654 0)
(-0.062154 -0.507699 0)
(-0.257563 -0.405382 0)
(-0.234305 -0.414843 0)
(-0.220993 -0.468243 0)
(-0.255521 -0.475987 0)
(-0.264283 -0.325654 0)
(-0.201338 -0.280763 0)
(-0.197457 -0.18738 0)
(-0.220352 -0.128594 0)
(-0.0803456 -0.229071 0)
(-0.168524 -0.217344 0)
(-0.195836 -0.271577 0)
(-0.112788 -0.158964 0)
(-0.131232 -0.139476 0)
(-0.0999195 -0.149572 0)
(-0.132723 -0.181082 0)
(-0.0161607 -0.586191 0)
(-0.0104613 -0.595088 0)
(-0.0849616 -0.585247 0)
(-0.019952 -0.442139 0)
(0.156923 -0.579028 0)
(0.0162572 -0.542869 0)
(-0.155762 -0.531118 0)
(-0.0526131 -0.613618 0)
(-0.158443 -0.577236 0)
(-0.163373 -0.480495 0)
(-0.135611 -0.433961 0)
(-0.233187 -0.388359 0)
(-0.170494 -0.323618 0)
(-0.104348 -0.308277 0)
(-0.122416 -0.248067 0)
(-0.201338 -0.24885 0)
(-0.216019 -0.218357 0)
(-0.202523 -0.270608 0)
(-0.127235 -0.158392 0)
(-0.0773594 -0.118461 0)
(-0.0901903 -0.187356 0)
(-0.0327293 -0.163983 0)
(-5.18587e-05 -0.245716 0)
(-0.0802822 -0.493536 0)
(-0.0682842 -0.393571 0)
(0.0797936 -0.388202 0)
(0.00312325 -0.349809 0)
(-0.0073424 -0.364309 0)
(0.0995985 -0.618767 0)
(-0.0344663 -0.525291 0)
(-0.029986 -0.506781 0)
(-0.0953572 -0.498129 0)
(-0.110256 -0.425014 0)
(-0.130519 -0.399019 0)
(-0.11723 -0.369883 0)
(-0.1325 -0.254745 0)
(-0.0637181 -0.283459 0)
(-0.153569 -0.293305 0)
(-0.206691 -0.235753 0)
(-0.105878 -0.267666 0)
(-0.111246 -0.279421 0)
(-0.0334978 -0.135668 0)
(-0.114076 -0.186654 0)
(-0.15307 -0.168915 0)
(-0.122886 -0.192102 0)
(-0.0873198 -0.199809 0)
(0.0624225 -0.291673 0)
(0.0526028 -0.291551 0)
(-0.000568778 -0.247989 0)
(-0.0312991 -0.323047 0)
(-0.0695896 -0.277771 0)
(-0.079882 -0.368357 0)
(0.0308408 -0.330758 0)
(0.0372968 -0.508427 0)
(-0.0434478 -0.423316 0)
(-0.0635195 -0.430928 0)
(-0.0785816 -0.449788 0)
(-0.104173 -0.441198 0)
(-0.0923074 -0.406166 0)
(-0.072245 -0.360867 0)
(-0.00899224 -0.385566 0)
(-0.173696 -0.302614 0)
(-0.219423 -0.297425 0)
(-0.0307373 -0.185223 0)
(-0.0432732 -0.240122 0)
(-0.117581 -0.2653 0)
(-0.0947111 -0.185523 0)
(-0.0747202 -0.192619 0)
(-0.0606446 -0.133066 0)
(0.000858172 -0.236718 0)
(-0.0102927 -0.293026 0)
(-0.00374601 -0.293752 0)
(-0.006711 -0.288791 0)
(-0.0298063 -0.28423 0)
(-0.0246533 -0.261385 0)
(-0.0978825 -0.252937 0)
(-0.0647475 -0.299155 0)
(-0.0247586 -0.307467 0)
(-0.13969 -0.32154 0)
(-0.124627 -0.276785 0)
(-0.0690488 -0.292189 0)
(-0.0143257 -0.287514 0)
(0.03034 -0.403858 0)
(-0.072366 -0.308862 0)
(-0.13082 -0.420879 0)
(-0.00554828 -0.184478 0)
(0.00185906 -0.284658 0)
(-0.12572 -0.266854 0)
(-0.0764619 -0.270707 0)
(-0.0758857 -0.198514 0)
(-0.0935601 -0.20517 0)
(-0.0616875 -0.186531 0)
(0.00696427 -0.270181 0)
(0.00721845 -0.284823 0)
(-0.00623181 -0.270623 0)
(-0.00971052 -0.280561 0)
(-0.0291909 -0.269268 0)
(-0.0223395 -0.286034 0)
(-0.0290556 -0.270688 0)
(-0.0288648 -0.230656 0)
(-0.042868 -0.266582 0)
(-0.0520221 -0.256318 0)
(-0.0673804 -0.204053 0)
(-0.0851873 -0.21705 0)
(-0.109448 -0.208351 0)
(-0.0776651 -0.240691 0)
(-0.0625105 -0.271367 0)
(-0.0078072 -0.219889 0)
(-0.0779896 -0.237128 0)
(-0.0689419 -0.300293 0)
(0.00483218 -0.319003 0)
(-0.0554368 -0.304903 0)
(-0.012418 -0.178764 0)
(-0.0782131 -0.193383 0)
(-0.0196924 -0.172025 0)
(-0.00238801 -0.257289 0)
(-0.000959849 -0.279283 0)
(-0.00696709 -0.271307 0)
(-0.00494349 -0.268556 0)
(-0.0222034 -0.263935 0)
(-0.0182498 -0.259707 0)
(-0.0447134 -0.246382 0)
(-0.0402073 -0.255627 0)
(-0.0465386 -0.246843 0)
(-0.0602742 -0.255835 0)
(-0.050916 -0.198926 0)
(-0.0640273 -0.232658 0)
(-0.057065 -0.254403 0)
(-0.0607131 -0.218586 0)
(-0.0560377 -0.301785 0)
(-0.0732159 -0.140102 0)
(-0.0484301 -0.333849 0)
(-0.0441449 -0.134102 0)
(-0.10289 -0.224594 0)
(0.0491282 -0.207417 0)
(0.0405251 -0.232869 0)
(-0.0821352 -0.183804 0)
(-0.0786472 -0.197595 0)
(-0.00160351 -0.2644 0)
(0.00594671 -0.279281 0)
(-0.00362512 -0.270753 0)
(0.00376801 -0.269419 0)
(-0.0134151 -0.26759 0)
(-0.00643755 -0.275283 0)
(-0.0342615 -0.258696 0)
(-0.0202158 -0.243374 0)
(-0.032679 -0.251366 0)
(0.0119888 -0.246598 0)
(-0.0272038 -0.247107 0)
(-0.112621 -0.222899 0)
(-0.0999555 -0.232349 0)
(-0.116512 -0.235037 0)
(0.0319762 -0.218549 0)
(-0.0123702 -0.300027 0)
(-0.0331356 -0.175019 0)
(0.0459845 -0.25113 0)
(-0.0886136 -0.178885 0)
(-0.0244432 -0.182975 0)
(-0.0142674 -0.322403 0)
(-0.0361713 -0.15326 0)
(-0.04685 -0.198723 0)
(-0.00324142 -0.260038 0)
(0.00504594 -0.276596 0)
(-0.0063174 -0.266071 0)
(-0.000217191 -0.254329 0)
(-0.0250987 -0.244476 0)
(-0.0121582 -0.214217 0)
(-0.0323131 -0.207122 0)
(-0.0329796 -0.244958 0)
(-0.0323524 -0.279529 0)
(-0.0420873 -0.283449 0)
(-0.0216293 -0.309411 0)
(-0.0551863 -0.258571 0)
(-0.0713221 -0.245215 0)
(-0.064224 -0.238252 0)
(-0.0562978 -0.189262 0)
(-0.0312067 -0.381057 0)
(-0.0389337 -0.180402 0)
(-0.0314389 -0.333096 0)
(-0.0258193 -0.220214 0)
(-0.0582827 -0.236032 0)
(0.0399611 -0.135727 0)
(0.0193604 -0.201989 0)
(-0.0332254 -0.166333 0)
(-0.00430003 -0.262075 0)
(0.0101656 -0.277336 0)
(0.00579678 -0.268505 0)
(0.0268956 -0.26002 0)
(0.0394415 -0.266893 0)
(0.046152 -0.308057 0)
(-0.0985466 -0.274791 0)
(-0.0840248 -0.252268 0)
(-0.0527706 -0.251584 0)
(-0.038372 -0.260051 0)
(-0.0320008 -0.254937 0)
(-0.0657377 -0.23031 0)
(-0.0718533 -0.229422 0)
(-0.0863504 -0.235935 0)
(-0.0891569 -0.214838 0)
(-0.00779571 -0.226322 0)
(0.0192661 -0.154065 0)
(0.014232 -0.279759 0)
(-0.0206122 -0.152693 0)
(0.0351553 -0.233622 0)
(-0.0331344 -0.232014 0)
(-0.0980517 -0.31373 0)
(-0.064538 -0.175481 0)
(-0.0059347 -0.262868 0)
(0.00651215 -0.277618 0)
(-0.00628808 -0.271367 0)
(0.00478828 -0.262731 0)
(-0.0195674 -0.282082 0)
(-0.0169951 -0.38171 0)
(-0.0177242 -0.347724 0)
(-0.0285045 -0.289421 0)
(-0.0129086 -0.364467 0)
(-0.048999 -0.345151 0)
(-0.019446 -0.335356 0)
(-0.0403519 -0.249015 0)
(-0.0535575 -0.237353 0)
(-0.0527389 -0.233469 0)
(-0.0527964 -0.20695 0)
(0.0296998 -0.197661 0)
(-0.0747252 -0.265537 0)
(-0.0271829 -0.210227 0)
(0.0227771 -0.273821 0)
(-0.114326 -0.221244 0)
(-0.0570492 -0.278691 0)
(0.0485702 -0.15588 0)
(0.0398679 -0.196107 0)
(-0.00562564 -0.266246 0)
(0.00674608 -0.277693 0)
(-0.00252072 -0.270421 0)
(0.0154663 -0.252251 0)
(-0.0147128 -0.259349 0)
(-0.00431377 -0.337337 0)
(-0.054739 -0.287605 0)
(-0.105346 -0.263469 0)
(-0.064489 -0.252063 0)
(0.0177785 -0.228359 0)
(0.0382416 -0.261812 0)
(-0.0152338 -0.188163 0)
(-0.0382667 -0.217882 0)
(-0.0591282 -0.225645 0)
(-0.0611641 -0.224115 0)
(-0.0739337 -0.217267 0)
(-0.00353736 -0.272683 0)
(0.0443352 -0.164627 0)
(0.00119247 -0.333362 0)
(0.0076605 -0.15939 0)
(0.00829161 -0.149023 0)
(-0.0221226 -0.220421 0)
(-0.0786587 -0.249819 0)
(-0.00509576 -0.268529 0)
(0.00410193 -0.279261 0)
(-0.00977685 -0.273639 0)
(0.00178538 -0.249448 0)
(-0.0647674 -0.268137 0)
(-0.0220341 -0.243724 0)
(0.0583394 -0.29597 0)
(-0.0247825 -0.183046 0)
(0.00709991 -0.198571 0)
(-0.0113065 -0.190537 0)
(0.0458498 -0.251684 0)
(-0.0178201 -0.238406 0)
(-0.0829302 -0.228071 0)
(-0.0530089 -0.227306 0)
(-0.0420141 -0.214443 0)
(-0.0223858 -0.195256 0)
(-0.0274333 -0.169954 0)
(-0.0518386 -0.205057 0)
(0.046425 -0.205832 0)
(0.0598602 -0.234322 0)
(-0.106811 -0.280392 0)
(-0.0467066 -0.235491 0)
(0.013256 -0.321394 0)
(-0.0047461 -0.26556 0)
(0.00344385 -0.275601 0)
(-0.00663271 -0.264987 0)
(0.00480262 -0.229381 0)
(-0.00920391 -0.18554 0)
(-0.005315 -0.204772 0)
(0.0628248 -0.24305 0)
(-0.0430557 -0.260089 0)
(-0.0721855 -0.246485 0)
(-0.0396298 -0.229063 0)
(-0.0199301 -0.27607 0)
(0.00599167 -0.29575 0)
(-0.037732 -0.242604 0)
(-0.0459832 -0.241722 0)
(-0.0391129 -0.228451 0)
(-0.0394856 -0.217592 0)
(-0.0168146 -0.22099 0)
(-0.00384691 -0.200764 0)
(-0.00926587 -0.175144 0)
(-0.0630603 -0.263454 0)
(0.0497792 -0.224463 0)
(0.0119902 -0.178497 0)
(-0.0827727 -0.195687 0)
(-0.00324213 -0.267616 0)
(0.00648809 -0.275127 0)
(-0.00212799 -0.277946 0)
(0.0556286 -0.24121 0)
(-0.0180995 -0.292455 0)
(-0.0702812 -0.264145 0)
(-0.00667677 -0.286599 0)
(-0.0230975 -0.30524 0)
(-0.00609314 -0.265846 0)
(-0.0246081 -0.241289 0)
(-0.0267133 -0.311578 0)
(-0.00411065 -0.238189 0)
(-0.0396241 -0.205319 0)
(-0.0433982 -0.232803 0)
(-0.0312166 -0.223306 0)
(-0.0180725 -0.212987 0)
(-0.0195303 -0.198016 0)
(-0.00759061 -0.215716 0)
(0.00386538 -0.193733 0)
(0.0234407 -0.286851 0)
(-0.00554697 -0.150959 0)
(0.0456624 -0.302845 0)
(-0.00454903 -0.21383 0)
(-0.00085765 -0.266942 0)
(-0.00364404 -0.277152 0)
(-0.00552804 -0.285434 0)
(0.000788792 -0.247533 0)
(-0.00398038 -0.339932 0)
(-0.0212246 -0.267124 0)
(-0.00309556 -0.284391 0)
(-0.0302141 -0.245468 0)
(-0.0377776 -0.252494 0)
(-0.0547734 -0.188326 0)
(-0.00497426 -0.244837 0)
(0.111747 -0.25211 0)
(-0.00285642 -0.251328 0)
(-0.0595045 -0.242699 0)
(-0.0362084 -0.236946 0)
(-0.026638 -0.219234 0)
(-0.030658 -0.213871 0)
(-0.0119058 -0.198897 0)
(-0.0452129 -0.20093 0)
(-0.0106325 -0.195754 0)
(0.0380965 -0.216568 0)
(0.0154733 -0.211091 0)
(-0.0475833 -0.325001 0)
(-0.00292344 -0.266922 0)
(-0.00694344 -0.278598 0)
(-0.00903601 -0.280429 0)
(0.00160857 -0.242311 0)
(-0.00997519 -0.258598 0)
(-0.0215665 -0.269329 0)
(-0.00552987 -0.278406 0)
(0.0087293 -0.267541 0)
(0.0410698 -0.258192 0)
(0.00734452 -0.271287 0)
(-0.0677679 -0.218638 0)
(-0.0140286 -0.255975 0)
(-0.0424688 -0.288122 0)
(-0.0254965 -0.253041 0)
(-0.027636 -0.243477 0)
(-0.0192888 -0.222576 0)
(-0.0236518 -0.213207 0)
(-0.0112551 -0.193326 0)
(-0.00738125 -0.196021 0)
(-0.00174181 -0.159505 0)
(0.00149938 -0.151387 0)
(-0.0392366 -0.241052 0)
(0.0260576 -0.204424 0)
(-0.000817727 -0.255972 0)
(-0.00499416 -0.273407 0)
(-0.00554581 -0.28408 0)
(-0.00704701 -0.259994 0)
(-0.0126215 -0.280304 0)
(-0.0139644 -0.281719 0)
(-0.0220033 -0.350631 0)
(-0.00626168 -0.289495 0)
(-0.0184677 -0.274091 0)
(-0.017094 -0.343529 0)
(-0.0130972 -0.255382 0)
(0.00726052 -0.264424 0)
(-0.0196038 -0.243118 0)
(-0.0227616 -0.244856 0)
(-0.0260317 -0.23403 0)
(-0.0233054 -0.213316 0)
(-0.0284159 -0.206848 0)
(-0.0152567 -0.187881 0)
(-0.0242536 -0.209296 0)
(0.028453 -0.175717 0)
(-0.0393852 -0.206632 0)
(-0.0737696 -0.19225 0)
(-0.0292554 -0.180725 0)
(-0.00837547 -0.275792 0)
(-0.0226442 -0.282097 0)
(-0.0290094 -0.289266 0)
(-0.0230471 -0.210013 0)
(-0.0222203 -0.238662 0)
(-0.0368905 -0.278651 0)
(-0.0267977 -0.240104 0)
(0.0744302 -0.276156 0)
(0.00523298 -0.273983 0)
(0.00257217 -0.266614 0)
(-0.0143544 -0.261657 0)
(-0.0139175 -0.258747 0)
(-0.00787415 -0.261089 0)
(-0.00233488 -0.261703 0)
(-0.0121398 -0.256576 0)
(-0.0184764 -0.23906 0)
(-0.0241848 -0.233013 0)
(-0.0373818 -0.219448 0)
(-0.0149871 -0.225028 0)
(-0.027499 -0.176169 0)
(-0.0131843 -0.252429 0)
(-0.0123105 -0.109947 0)
(-0.00312315 -0.196912 0)
(0.00395855 -0.207177 0)
(-0.00654895 -0.219877 0)
(0.0283802 -0.258999 0)
(0.00443738 -0.321043 0)
(-0.111824 -0.268883 0)
(-0.0149232 -0.241867 0)
(-0.0297751 -0.175913 0)
(0.0108526 -0.27477 0)
(-0.0161232 -0.220177 0)
(-0.00568872 -0.301072 0)
(-0.00877033 -0.229609 0)
(-0.0114846 -0.264319 0)
(-0.00277805 -0.241032 0)
(0.000312088 -0.223166 0)
(-0.0109735 -0.197201 0)
(-0.0208072 -0.17774 0)
(-0.0243541 -0.166032 0)
(-0.0280952 -0.160188 0)
(-0.0048296 -0.179483 0)
(-0.0217211 -0.171182 0)
(0.0414444 -0.194918 0)
(-0.0305113 -0.210611 0)
(-0.0452929 -0.172803 0)
(-0.0100136 -0.337871 0)
(-0.0518314 -0.34556 0)
(-0.108382 -0.349198 0)
(-0.0737104 -0.38818 0)
(0.0426056 -0.327625 0)
(0.0624219 -0.313605 0)
(-0.0757583 -0.300873 0)
(0.0339608 -0.265729 0)
(-0.0142976 -0.317061 0)
(-0.0134317 -0.239923 0)
(0.0116545 -0.314414 0)
(-0.0769063 -0.253193 0)
(0.0782872 -0.304704 0)
(0.0735753 -0.287084 0)
(0.0287255 -0.303193 0)
(-0.0078581 -0.284843 0)
(-0.016469 -0.285478 0)
(-0.0626374 -0.270784 0)
(-0.0477024 -0.258198 0)
(-0.0776327 -0.26154 0)
(-0.0882424 -0.233361 0)
(0.0188058 -0.258904 0)
(0.0211247 -0.222739 0)
(0.904239 1.02942 0)
(1.01803 0.914043 0)
(0.308791 0.802985 0)
(-0.324489 -0.463998 0)
(1.10092 0.992756 0)
(1.16547 0.804385 0)
(0.871642 0.678226 0)
(0.692468 0.521077 0)
(1.1679 0.584846 0)
(1.13141 0.485108 0)
(0.86446 0.355091 0)
(0.870841 0.292342 0)
(0.854369 0.259443 0)
(0.863796 0.172472 0)
(0.853602 0.188189 0)
(0.851919 0.209257 0)
(0.66141 0.263703 0)
(0.679096 0.293098 0)
(0.722582 0.299447 0)
(0.816107 0.290121 0)
(0.798671 0.224367 0)
(0.813655 0.214305 0)
(0.787079 0.17421 0)
(0.814362 0.149074 0)
(0.751199 0.261683 0)
(0.666124 0.193593 0)
(0.597603 0.14122 0)
(0.514924 0.181043 0)
(0.541628 0.405691 0)
(0.501412 0.41244 0)
(0.488607 0.416656 0)
(0.508129 0.426304 0)
(0.384613 0.34225 0)
(0.464151 0.442079 0)
(0.455855 0.493294 0)
(0.4528 0.46086 0)
(-0.0424306 0.19986 0)
(0.127326 0.294312 0)
(0.166658 0.238698 0)
(0.302018 0.183516 0)
(0.0106151 -0.0592398 0)
(0.0405674 -0.0518111 0)
(0.0923769 -0.0394127 0)
(0.118731 0.0771222 0)
(-0.089397 -0.0182076 0)
(-0.0646385 0.0707817 0)
(-0.0598658 0.126948 0)
(-0.0180881 0.282982 0)
(-0.129373 -0.178746 0)
(-0.142541 -0.105033 0)
(-0.12554 -0.108523 0)
(-0.0975053 -0.0327943 0)
(-0.103522 -0.113974 0)
(-0.091538 -0.0842148 0)
(-0.0883262 -0.0123916 0)
(-0.0461374 0.0105937 0)
(-0.138755 -0.142791 0)
(-0.112528 -0.151865 0)
(-0.0670367 -0.126135 0)
(-0.0555204 -0.134855 0)
(-0.103071 -0.102041 0)
(-0.12339 -0.121517 0)
(-0.12209 -0.141792 0)
(-0.117026 -0.165446 0)
(-0.0385557 -0.125948 0)
(-0.124728 -0.141299 0)
(-0.15466 -0.139509 0)
(-0.118487 -0.147767 0)
(-0.103436 -0.175217 0)
(-0.0142109 -0.136185 0)
(-0.0550693 -0.130376 0)
(-0.113265 -0.0995896 0)
(-0.0108238 -0.143063 0)
(0.00706402 -0.116275 0)
(-0.056973 -0.103941 0)
(-0.0394108 -0.101181 0)
(-0.0996616 -0.145075 0)
(-0.0609 -0.157918 0)
(-0.00926592 -0.166558 0)
(-0.0504227 -0.158479 0)
(-0.0947161 -0.20491 0)
(-0.0987552 -0.175025 0)
(-0.0896521 -0.172948 0)
(0.0325499 -0.197132 0)
(-0.0718214 -0.110454 0)
(-0.0237032 -0.127079 0)
(-0.0393067 -0.0890371 0)
(-0.0729759 -0.127028 0)
(0.00130097 -0.168481 0)
(-0.0595226 -0.190009 0)
(-0.0634845 -0.173021 0)
(-0.0895408 -0.116866 0)
(0.0146392 -0.202718 0)
(0.0397728 -0.264704 0)
(0.0421153 -0.269015 0)
(0.028809 -0.270958 0)
(-0.0783719 -0.155901 0)
(-0.080917 -0.138858 0)
(0.00540117 -0.148133 0)
(0.0011568 -0.254636 0)
(-0.0044753 -0.158247 0)
(-0.0764981 -0.167978 0)
(-0.115175 -0.152359 0)
(-0.0808865 -0.16921 0)
(-0.0711419 -0.18796 0)
(-0.0382555 -0.179671 0)
(-0.00849578 -0.15874 0)
(-0.0725999 -0.145759 0)
(0.00147658 -0.201049 0)
(0.00491256 -0.201911 0)
(-0.0690803 -0.202268 0)
(-0.0356626 -0.179262 0)
(-0.0779479 -0.131719 0)
(-0.0549167 -0.212257 0)
(0.0710589 -0.228257 0)
(-0.0243583 -0.204148 0)
(-0.0703128 -0.214455 0)
(-0.126733 -0.183708 0)
(-0.0689999 -0.225149 0)
(0.0472942 -0.223643 0)
(0.00301764 -0.219026 0)
(0.0260921 -0.235606 0)
(-0.0602052 -0.194467 0)
(-0.0475194 -0.213142 0)
(-0.101143 -0.185412 0)
(-0.0331286 -0.232933 0)
(-0.0113226 -0.204151 0)
(-0.0291649 -0.221698 0)
(-0.0393145 -0.255606 0)
(0.0150544 -0.215872 0)
(-0.0814547 -0.259236 0)
(-0.149558 -0.228888 0)
(-0.0461917 -0.271941 0)
(-0.0426201 -0.223763 0)
(-0.00564918 -0.252955 0)
(0.0287509 -0.191439 0)
(0.0669218 -0.190492 0)
(0.0535923 -0.199893 0)
(0.0161623 -0.17625 0)
(-0.00912959 -0.211608 0)
(-0.103729 -0.245471 0)
(-0.0487529 -0.246654 0)
(-0.0414549 -0.210262 0)
(-0.0350678 -0.252472 0)
(0.00981932 -0.22293 0)
(0.0452587 -0.198343 0)
(0.00545762 -0.189809 0)
(0.0133597 -0.209779 0)
(0.0582897 -0.213136 0)
(-0.0487249 -0.200022 0)
(-0.0893755 -0.202558 0)
(-0.0554535 -0.165138 0)
(-0.0198674 -0.22703 0)
(0.033859 -0.211507 0)
(0.100627 -0.240515 0)
(0.10856 -0.213288 0)
(-0.00153244 -0.181105 0)
(-0.0449545 -0.220579 0)
(-0.0529421 -0.19222 0)
(-0.0288614 -0.266166 0)
(-0.0633482 -0.188496 0)
(0.0107517 -0.212033 0)
(0.0208239 -0.178484 0)
(-0.0660074 -0.211449 0)
(-0.038309 -0.215916 0)
(-0.0491511 -0.206366 0)
(-0.103733 -0.234007 0)
(-0.0727193 -0.189433 0)
(0.428788 -0.317968 0)
(0.0161024 -0.0908183 0)
(-0.557184 -0.0169953 0)
(0.350735 0.16009 0)
(0.636667 0.299166 0)
(0.956781 0.166955 0)
(0.793309 0.0969678 0)
(0.469931 0.0778598 0)
(0.9433 -0.447529 0)
(1.41822 -0.191019 0)
(1.64069 -0.290715 0)
(1.65034 -0.415652 0)
(1.57839 -0.423991 0)
(1.46924 -0.292616 0)
(1.38225 -0.197619 0)
(1.14041 -0.0844133 0)
(1.04003 0.218955 0)
(0.872227 0.477658 0)
(0.460645 0.540057 0)
(0.561091 0.245214 0)
(0.517924 0.114755 0)
(0.521833 0.0476883 0)
(0.753207 -0.177238 0)
(0.840452 0.0139987 0)
(0.956009 0.0894139 0)
(1.0914 0.0153799 0)
(1.13225 -0.0389222 0)
(1.40644 -0.160686 0)
(1.90832 -0.320956 0)
(1.75181 -0.337966 0)
(1.68045 -0.27077 0)
(1.61782 -0.307998 0)
(1.49108 -0.284642 0)
(1.36194 -0.101126 0)
(1.11622 0.207047 0)
(0.791082 0.398865 0)
(0.756267 0.564901 0)
(0.326142 0.842394 0)
(0.827882 0.0615411 0)
(0.860567 0.0113049 0)
(0.886876 -0.163654 0)
(1.07834 -0.0992094 0)
(1.5676 -0.054104 0)
(1.55443 -0.0564905 0)
(1.71172 -0.0824071 0)
(1.71654 -0.174152 0)
(1.78093 0.0929059 0)
(1.82718 -0.155867 0)
(1.83122 -0.216027 0)
(1.61228 -0.4038 0)
(1.17933 -0.378226 0)
(1.20895 -0.351807 0)
(1.0941 -0.197115 0)
(1.17078 0.150267 0)
(0.8003 0.405484 0)
(0.795629 0.741832 0)
(0.526919 1.05389 0)
(0.874121 0.0971308 0)
(0.778011 -0.0193625 0)
(0.917144 -0.0784507 0)
(1.34769 0.157171 0)
(1.29235 -0.0825293 0)
(1.45117 -0.112186 0)
(1.5593 -0.0929081 0)
(1.77687 -0.29414 0)
(1.65812 -0.356184 0)
(1.4237 -0.373139 0)
(1.18603 -0.234442 0)
(1.01944 -0.518895 0)
(1.12417 -0.434491 0)
(1.42414 -0.238584 0)
(1.28134 -0.101988 0)
(1.27761 0.407034 0)
(0.697254 0.736935 0)
(0.756487 1.20415 0)
(0.585183 1.42295 0)
(0.811086 0.172989 0)
(0.482751 0.0758656 0)
(0.490079 0.200941 0)
(0.850676 -0.159695 0)
(0.906385 -0.369738 0)
(1.13998 -0.349048 0)
(1.37664 -0.405187 0)
(1.3736 -0.440884 0)
(1.08095 -0.656762 0)
(0.900538 -0.154508 0)
(1.08141 0.293429 0)
(1.14801 0.0275561 0)
(1.12536 -0.163233 0)
(1.07248 -0.10461 0)
(0.525133 0.0512402 0)
(0.975423 0.467332 0)
(0.416818 0.751501 0)
(0.49308 1.46032 0)
(0.480125 1.67198 0)
(0.816901 0.228797 0)
(0.641025 0.296691 0)
(0.637516 0.323661 0)
(0.726531 -0.00783305 0)
(0.718605 -0.314911 0)
(0.914126 -0.141748 0)
(1.16789 -0.235504 0)
(1.1384 -0.172441 0)
(0.999521 -0.293711 0)
(0.838218 -0.140391 0)
(0.944956 -0.182434 0)
(0.904415 -0.222045 0)
(0.605151 -0.357109 0)
(0.409632 -0.0893584 0)
(0.181796 -0.0554027 0)
(0.657731 0.414604 0)
(0.332196 0.501583 0)
(0.386258 1.57162 0)
(0.319252 1.84824 0)
(0.528104 0.291304 0)
(0.552185 0.251546 0)
(0.844198 0.0416569 0)
(0.808721 -0.224215 0)
(0.926944 -0.199689 0)
(1.4197 -0.0142012 0)
(1.27631 -0.155376 0)
(1.12107 -0.120293 0)
(0.97538 -0.336282 0)
(0.888324 -0.168883 0)
(0.801214 0.116442 0)
(0.575841 0.0449282 0)
(0.466042 -0.25006 0)
(0.387853 -0.0492714 0)
(0.290354 0.142981 0)
(0.427225 0.483493 0)
(0.0471839 0.541924 0)
(0.221053 1.57797 0)
(0.216827 1.96947 0)
(0.502861 0.416048 0)
(0.627999 0.15147 0)
(1.22869 -0.158669 0)
(0.964541 -0.28135 0)
(0.70292 -0.0307749 0)
(0.945147 -0.140159 0)
(1.27267 -0.256418 0)
(1.14186 -0.104496 0)
(0.90349 -0.162773 0)
(0.754097 -0.0477009 0)
(0.592298 0.160762 0)
(0.469381 0.0719163 0)
(0.490231 -0.18791 0)
(0.740639 -0.0668947 0)
(0.38133 -0.0487412 0)
(0.338032 0.343457 0)
(-0.204541 0.672516 0)
(0.0459725 1.59879 0)
(0.119494 2.03939 0)
(0.43373 0.22075 0)
(0.375646 0.232908 0)
(0.701365 -0.0104526 0)
(0.618585 -0.394548 0)
(0.615454 -0.219574 0)
(1.06578 0.253198 0)
(0.940305 -0.00780908 0)
(0.646396 0.00166925 0)
(0.630021 -0.163459 0)
(0.432524 -0.0269211 0)
(0.207383 0.165784 0)
(0.21464 0.0540188 0)
(0.0839518 -0.235725 0)
(0.496523 0.0536538 0)
(0.222215 0.0198133 0)
(0.214551 0.509873 0)
(-0.32773 0.805421 0)
(-0.0576676 1.44184 0)
(0.0960738 2.09325 0)
(0.307021 0.151031 0)
(0.242366 0.0168627 0)
(0.46766 0.0694761 0)
(0.502898 -0.166669 0)
(0.522747 -0.159338 0)
(0.797003 -0.140954 0)
(0.768435 -0.0243553 0)
(0.699397 0.071531 0)
(0.62474 0.0331602 0)
(0.794951 0.10882 0)
(0.307386 0.252683 0)
(0.272505 0.128659 0)
(0.0745223 -0.155079 0)
(0.210046 -0.14186 0)
(0.0961576 0.0501725 0)
(0.0867281 0.684641 0)
(-0.264599 0.934671 0)
(-0.0753266 1.20437 0)
(0.12448 2.11167 0)
(0.205637 0.241747 0)
(0.165652 0.0255444 0)
(0.270959 -0.243616 0)
(0.311299 -0.220701 0)
(0.352409 -0.33263 0)
(0.140283 -0.59241 0)
(0.516572 -0.00852454 0)
(0.474153 0.104855 0)
(0.414746 0.22249 0)
(0.497824 0.248591 0)
(0.274238 0.352858 0)
(0.283955 0.204344 0)
(0.173017 -0.190138 0)
(0.0318816 -0.138772 0)
(0.0365842 0.169439 0)
(-0.0616371 0.744254 0)
(-0.0157143 0.976633 0)
(-0.0647897 1.13302 0)
(0.147895 2.11742 0)
(0.0864433 0.189641 0)
(0.299243 -0.0139019 0)
(0.0985759 -0.223792 0)
(0.207546 -0.148737 0)
(0.242955 -0.215674 0)
(0.0632725 -0.881455 0)
(0.282842 -0.270701 0)
(0.248972 0.151786 0)
(0.234362 0.337286 0)
(0.191804 0.327628 0)
(0.20723 0.397847 0)
(0.410191 0.234129 0)
(0.418542 0.0755106 0)
(0.0715859 -0.015216 0)
(0.0649132 0.162343 0)
(-0.131535 0.733981 0)
(0.125767 0.956462 0)
(-0.076929 1.13832 0)
(0.155298 2.13627 0)
(-0.054184 -0.0741095 0)
(0.0584735 -0.078331 0)
(0.136038 -0.33408 0)
(0.0808344 -0.322745 0)
(0.121779 -0.45222 0)
(-0.0908479 -0.501628 0)
(-0.123543 -0.313154 0)
(-0.235244 -0.0395909 0)
(-0.141812 0.24664 0)
(-0.018084 0.282606 0)
(0.189973 0.328997 0)
(0.353083 0.122781 0)
(0.619837 0.108783 0)
(0.380843 0.195136 0)
(0.158096 0.302791 0)
(-0.121961 0.745996 0)
(0.167454 0.943426 0)
(-0.104143 1.15337 0)
(0.167883 2.15745 0)
(-0.0442834 0.0246933 0)
(0.037477 -0.0091315 0)
(-0.00666043 -0.0867568 0)
(-0.0381702 -0.188264 0)
(-0.0316747 -0.189171 0)
(-0.237457 -0.399778 0)
(-0.166537 -0.167651 0)
(-0.238933 0.0158585 0)
(-0.209991 0.092459 0)
(-0.0982915 0.19888 0)
(0.17921 0.103511 0)
(0.180115 -0.0742893 0)
(0.398506 0.0333463 0)
(0.333746 0.216443 0)
(0.164656 0.351412 0)
(-0.13444 0.766017 0)
(0.108495 0.922258 0)
(-0.190768 1.17024 0)
(0.170092 2.18432 0)
(-0.0610305 -0.137562 0)
(-0.0253493 -0.151626 0)
(-0.0550827 -0.220461 0)
(-0.142313 -0.149972 0)
(-0.155375 -0.169577 0)
(-0.10065 -0.0897099 0)
(-0.101729 -0.0801703 0)
(-0.157002 -0.0544204 0)
(-0.123034 -0.0460947 0)
(-0.0403557 0.0867922 0)
(0.00188272 0.0239672 0)
(0.105814 -0.100578 0)
(0.315526 0.0243682 0)
(-0.0519295 0.307648 0)
(0.06143 0.535499 0)
(-0.153361 0.808238 0)
(-0.0177833 0.93141 0)
(-0.304974 1.16459 0)
(0.165768 2.22481 0)
(-0.0994999 -0.141329 0)
(-0.0865088 -0.178303 0)
(-0.0565807 -0.221067 0)
(-0.0615726 -0.179463 0)
(-0.0720442 -0.083086 0)
(-0.0762693 -0.0785632 0)
(-0.054807 -0.111789 0)
(-0.0988362 -0.116605 0)
(-0.0857357 0.0126913 0)
(-0.0813748 0.0231978 0)
(0.0370297 -0.00217946 0)
(-0.0521884 -0.111196 0)
(0.16535 0.090052 0)
(0.00380716 0.391536 0)
(0.0278961 1.10341 0)
(-0.205055 0.910182 0)
(-0.106545 0.947463 0)
(-0.307846 1.08444 0)
(0.17691 2.21772 0)
(-0.0507975 -0.180993 0)
(-0.143024 -0.197442 0)
(-0.0780797 -0.118779 0)
(-0.0530059 -0.156367 0)
(-0.0556617 -0.120786 0)
(-0.103969 -0.133298 0)
(-0.0646692 -0.173521 0)
(-0.0377714 -0.0485515 0)
(-0.0277903 -0.0343082 0)
(-0.00396264 -0.015616 0)
(-0.0240718 -0.0124028 0)
(-0.0750599 -0.16286 0)
(-0.131532 0.0892901 0)
(0.178843 0.32167 0)
(0.00896024 0.957616 0)
(-0.349149 0.970422 0)
(-0.21411 0.971747 0)
(-0.259554 0.875142 0)
(0.210038 2.12632 0)
(-0.0974598 -0.128357 0)
(-0.0301065 -0.143415 0)
(-0.0289774 -0.0964944 0)
(-0.0576063 -0.130322 0)
(-0.0532248 -0.0585841 0)
(-0.0941347 -0.1117 0)
(-0.0284241 -0.123107 0)
(0.0128117 -0.0585555 0)
(-0.050049 -0.0301356 0)
(-0.0169046 0.0190132 0)
(0.0150371 -0.000892849 0)
(-0.0766724 -0.057236 0)
(-0.314463 -0.139005 0)
(-0.110058 0.291278 0)
(-0.0268553 0.699626 0)
(-0.242034 1.00413 0)
(-0.251451 1.02039 0)
(-0.344714 0.70788 0)
(0.249154 1.95935 0)
(-0.020682 -0.0765803 0)
(-0.0627651 -0.0623672 0)
(-0.0694709 -0.0999339 0)
(-0.0268127 -0.110928 0)
(-0.0366394 -0.142441 0)
(-0.0872407 -0.116446 0)
(-0.115291 -0.113924 0)
(-0.0294589 -0.117718 0)
(-0.0886412 -0.0253372 0)
(-0.0455261 -0.0393765 0)
(-0.0565702 0.0397494 0)
(-0.0952575 -0.0320516 0)
(-0.183911 0.107377 0)
(-0.132232 0.233065 0)
(-0.00516008 0.802412 0)
(-0.157536 1.14569 0)
(-0.302952 1.09878 0)
(-0.401136 0.532875 0)
(0.296927 1.88043 0)
(-0.0388122 -0.130034 0)
(0.0550264 -0.208188 0)
(0.00822209 -0.167271 0)
(-0.0712279 -0.117981 0)
(-0.0733766 -0.155994 0)
(-0.0284292 -0.0975939 0)
(-0.0931495 -0.103655 0)
(-0.0405293 -0.0857245 0)
(-0.122546 -0.0348821 0)
(-0.130947 0.00650551 0)
(-0.0952843 0.0519433 0)
(-0.106858 -0.0313881 0)
(-0.178836 0.00664376 0)
(-0.187724 0.139878 0)
(-0.0229715 0.76412 0)
(-0.0778116 1.15643 0)
(-0.207487 1.15556 0)
(-0.33114 0.396368 0)
(0.326427 1.866 0)
(-0.0448187 -0.204762 0)
(-0.0542069 -0.125529 0)
(0.0241221 -0.198638 0)
(-0.0556437 -0.0726605 0)
(-0.00979458 -0.105998 0)
(0.00974404 -0.108295 0)
(-0.101822 -0.104415 0)
(-0.0899959 -0.0718761 0)
(-0.0590441 -0.0375272 0)
(-0.120581 0.0271873 0)
(-0.122512 0.0187529 0)
(-0.156848 0.00642733 0)
(-0.253364 0.0777235 0)
(-0.130549 0.235491 0)
(-0.0749279 0.604268 0)
(0.0204701 1.18332 0)
(-0.0329177 1.25657 0)
(-0.135706 0.229134 0)
(0.35955 1.89191 0)
(-0.0212427 -0.202489 0)
(0.0125982 -0.127723 0)
(-0.0111406 -0.13627 0)
(-0.0457314 -0.111156 0)
(-0.0830685 -0.0514178 0)
(-0.0158794 -0.114966 0)
(-0.00538151 -0.153851 0)
(-0.027582 -0.0277421 0)
(-0.0278994 -0.0336439 0)
(-0.082508 0.00909429 0)
(-0.057324 0.117872 0)
(-0.013932 -0.0345912 0)
(-0.0241264 0.0920896 0)
(0.00307642 0.230832 0)
(-0.136413 0.598519 0)
(0.0376381 1.18311 0)
(0.146965 1.26652 0)
(-0.0633749 0.169313 0)
(0.36909 1.93817 0)
(-0.0915136 -0.110409 0)
(-0.0655764 -0.115756 0)
(0.00622814 -0.156511 0)
(-0.00427577 -0.200887 0)
(-0.00115252 -0.12371 0)
(-0.0537601 -0.0264847 0)
(-0.0147772 -0.0820762 0)
(0.049254 -0.0618868 0)
(-0.0160266 -0.0118783 0)
(0.0463483 -0.0130315 0)
(0.0495708 0.0689965 0)
(0.0519027 -0.0114202 0)
(-0.0396227 0.049397 0)
(-0.0215719 0.113163 0)
(-0.181242 0.552403 0)
(0.0228828 1.05912 0)
(0.221172 1.28144 0)
(-0.0772374 0.141779 0)
(0.385307 1.98796 0)
(0.0305517 -0.203643 0)
(-0.0889822 -0.188064 0)
(-0.12185 -0.179988 0)
(-0.0347443 -0.0880669 0)
(0.0604265 -0.150682 0)
(0.0261538 -0.126431 0)
(-0.0102054 -0.0995312 0)
(0.039072 -0.110612 0)
(0.00483413 -0.0470479 0)
(0.0670728 0.0010432 0)
(0.0346431 0.00676248 0)
(0.0437771 0.0932815 0)
(-0.138227 0.194255 0)
(0.0469 0.306811 0)
(-0.288842 0.683663 0)
(0.0205701 0.92355 0)
(0.351828 1.38802 0)
(-0.0638574 0.204565 0)
(0.376988 2.05886 0)
(-0.0230747 -0.260153 0)
(-0.00969469 -0.268915 0)
(0.0245862 -0.206585 0)
(-0.000577949 -0.166188 0)
(-0.0568916 -0.135637 0)
(0.0117614 -0.151347 0)
(0.0005964 -0.0729787 0)
(0.0434598 -0.122359 0)
(0.044589 -0.0642849 0)
(0.102013 -0.0321307 0)
(0.115196 0.0573591 0)
(0.201881 0.0941432 0)
(0.0560466 0.21976 0)
(0.235279 0.570468 0)
(-0.0158996 0.64304 0)
(0.0971384 1.17267 0)
(0.31472 1.42796 0)
(-0.0700091 0.261909 0)
(0.379314 2.11821 0)
(0.0181514 -0.163356 0)
(0.0232861 -0.2773 0)
(-0.0200472 -0.192325 0)
(0.0318683 -0.230198 0)
(0.0212878 -0.168184 0)
(0.0759706 -0.173405 0)
(-0.00257017 -0.136568 0)
(0.0162063 -0.0979255 0)
(0.0890556 -0.117419 0)
(0.149333 -0.0193566 0)
(0.117366 -0.0418736 0)
(0.182212 -0.0052083 0)
(0.25755 0.0972347 0)
(0.272601 0.432435 0)
(0.377387 0.87883 0)
(0.377717 0.857317 0)
(0.311291 1.46952 0)
(-0.0502555 0.301105 0)
(0.375331 2.18824 0)
(-0.0658074 -0.146517 0)
(-0.0263619 -0.175858 0)
(0.0760923 -0.238702 0)
(0.0287106 -0.19755 0)
(0.00844249 -0.17355 0)
(0.0521958 -0.184246 0)
(0.061421 -0.210471 0)
(0.0708282 -0.0760485 0)
(0.135489 -0.096952 0)
(0.188818 -0.100663 0)
(0.219761 -0.0945723 0)
(0.272316 -0.0307226 0)
(0.372735 -0.00275746 0)
(0.589736 0.385999 0)
(0.580879 0.815515 0)
(0.328776 0.787277 0)
(0.382556 1.49498 0)
(-0.0190617 0.421305 0)
(0.361773 2.25319 0)
(-0.0124436 -0.181158 0)
(-0.0447548 -0.150603 0)
(-0.0103562 -0.179027 0)
(0.114198 -0.198833 0)
(0.0644708 -0.202789 0)
(0.0590483 -0.192726 0)
(0.110003 -0.223318 0)
(0.166486 -0.194441 0)
(0.151786 -0.124114 0)
(0.236952 0.00786894 0)
(0.335908 -0.176508 0)
(0.277981 -0.12705 0)
(0.479369 -0.147969 0)
(0.725882 0.0920463 0)
(0.586332 0.631103 0)
(0.441292 0.84795 0)
(0.479557 1.6969 0)
(0.0260458 0.503735 0)
(0.356336 2.32301 0)
(-0.0230697 -0.143001 0)
(-0.0171269 -0.16943 0)
(0.0217615 -0.148212 0)
(0.0438438 -0.197612 0)
(0.0383769 -0.212944 0)
(0.0436926 -0.265899 0)
(0.106464 -0.184116 0)
(0.18675 -0.215399 0)
(0.359985 -0.131172 0)
(0.340539 -0.170209 0)
(0.370415 -0.292656 0)
(0.412062 -0.153325 0)
(0.275569 -0.0500398 0)
(0.634068 0.0131597 0)
(0.660037 0.713468 0)
(0.656308 1.03279 0)
(0.557651 1.90799 0)
(-0.0179176 0.536826 0)
(0.364372 2.41117 0)
(0.0398997 -0.227544 0)
(-0.0620327 -0.18009 0)
(-0.0323929 -0.209041 0)
(0.0429174 -0.20813 0)
(-0.00112476 -0.27335 0)
(0.0671502 -0.206684 0)
(0.149546 -0.1947 0)
(0.219804 -0.207728 0)
(0.222244 -0.231299 0)
(0.30597 -0.33177 0)
(0.578582 -0.339824 0)
(0.538637 -0.375814 0)
(0.545645 -0.241402 0)
(0.711435 0.236217 0)
(0.507427 0.998597 0)
(0.616574 1.33628 0)
(0.624323 2.10624 0)
(0.0430961 0.646688 0)
(0.342374 2.46827 0)
(-0.0494576 -0.262694 0)
(-0.0188986 -0.132307 0)
(-0.0490175 -0.190077 0)
(-0.0490615 -0.260509 0)
(0.0127539 -0.194961 0)
(0.0989094 -0.179249 0)
(0.0762986 -0.157724 0)
(0.139301 -0.24311 0)
(0.268548 -0.340611 0)
(0.366842 -0.279559 0)
(0.451075 -0.439695 0)
(0.570855 -0.47514 0)
(0.770098 -0.279782 0)
(0.884657 0.120068 0)
(0.55781 1.53914 0)
(0.541542 2.3256 0)
(0.367548 2.39652 0)
(-0.0927325 1.01398 0)
(0.35071 2.57156 0)
(0.0253448 -0.283758 0)
(-0.0569966 -0.201317 0)
(-0.12639 -0.208866 0)
(0.00114578 -0.209648 0)
(0.0641796 -0.191004 0)
(0.108573 -0.203579 0)
(0.0453229 -0.33824 0)
(0.0702457 -0.213891 0)
(0.1208 -0.349511 0)
(0.249102 -0.470658 0)
(0.485651 -0.592511 0)
(0.502844 -0.627683 0)
(0.533443 -0.511624 0)
(0.885458 -0.17226 0)
(0.518428 1.3669 0)
(-0.222356 2.50646 0)
(0.403784 2.52945 0)
(-0.324783 1.76515 0)
(0.331846 2.62602 0)
(-0.0688408 -0.232432 0)
(0.0468282 -0.287861 0)
(-0.0433481 -0.21206 0)
(-0.0376261 -0.121302 0)
(-0.00497387 -0.212559 0)
(-0.0522267 -0.240227 0)
(0.0622637 -0.344584 0)
(0.128745 -0.436784 0)
(0.0177396 -0.304503 0)
(0.111258 -0.61819 0)
(0.227314 -0.663007 0)
(0.157391 -0.784022 0)
(0.076852 -0.626679 0)
(-0.286262 0.171274 0)
(-0.00856505 1.28044 0)
(-0.813648 2.53625 0)
(0.318529 2.47613 0)
(-0.457372 1.92287 0)
(0.305104 2.77537 0)
(-0.0261099 -0.153575 0)
(-0.00408715 -0.231142 0)
(-0.0148464 -0.177249 0)
(-0.0208557 -0.252146 0)
(-0.0604368 -0.214429 0)
(-0.0393742 -0.22657 0)
(-0.11667 -0.24347 0)
(0.0391918 -0.407837 0)
(-0.0183107 -0.482079 0)
(-0.10607 -0.464678 0)
(0.196561 -0.711742 0)
(-0.0539136 -0.578593 0)
(-0.355275 -0.357535 0)
(-0.879286 0.431085 0)
(-0.159194 1.53087 0)
(-0.794542 2.57721 0)
(0.378623 2.61442 0)
(-0.409711 1.8151 0)
(0.274683 2.76127 0)
(-0.0759606 -0.199598 0)
(0.0329821 -0.245649 0)
(-0.101073 -0.229752 0)
(-0.095013 -0.259352 0)
(0.0117064 -0.243934 0)
(-0.0593802 -0.23078 0)
(-0.0423735 -0.269743 0)
(-0.0668712 -0.233416 0)
(-0.0389289 -0.611324 0)
(-0.145006 -0.378082 0)
(-0.0512657 -0.506515 0)
(-0.116716 -0.507361 0)
(-0.478899 -0.269854 0)
(-0.538052 0.458131 0)
(-0.0933004 2.00549 0)
(-0.613062 2.76535 0)
(0.162952 3.23835 0)
(-0.894822 2.49561 0)
(0.0604054 3.01877 0)
(-0.0348964 -0.195385 0)
(-0.0416706 -0.229355 0)
(-0.0426028 -0.255332 0)
(-0.0707758 -0.182345 0)
(-0.0374092 -0.206448 0)
(-0.0472432 -0.2073 0)
(-0.0459688 -0.274668 0)
(-0.17254 -0.305869 0)
(-0.131827 -0.357673 0)
(-0.0494702 -0.389224 0)
(-0.112849 -0.3648 0)
(-0.323807 -0.383722 0)
(-0.399191 -0.222415 0)
(-0.482284 0.57385 0)
(-0.0385852 1.87626 0)
(-0.351881 2.85386 0)
(0.412237 3.16604 0)
(-0.491313 2.889 0)
(0.169994 3.71862 0)
(-0.0343712 -0.201099 0)
(-0.0312729 -0.221277 0)
(-0.0486172 -0.215712 0)
(-0.0707718 -0.237655 0)
(0.0123146 -0.212697 0)
(-0.0937078 -0.315116 0)
(-0.102937 -0.260646 0)
(-0.110545 -0.316216 0)
(-0.1345 -0.212289 0)
(-0.216489 -0.325187 0)
(-0.207321 -0.349221 0)
(-0.408287 -0.374646 0)
(-0.638247 -0.159149 0)
(-0.6375 0.45215 0)
(-0.108315 1.7189 0)
(-0.200107 2.76577 0)
(0.322272 3.03379 0)
(-0.106168 2.89051 0)
(0.214185 3.65726 0)
(-0.0520415 -0.160853 0)
(-0.0456532 -0.22494 0)
(-0.0453574 -0.215577 0)
(-0.0643404 -0.210947 0)
(-0.117934 -0.200206 0)
(-0.0685474 -0.300895 0)
(-0.0205899 -0.214366 0)
(-0.0987164 -0.264807 0)
(-0.155942 -0.173417 0)
(-0.149865 -0.270334 0)
(-0.121574 -0.329758 0)
(-0.415863 -0.457174 0)
(-0.692061 -0.182944 0)
(-0.687621 0.219209 0)
(-0.288654 1.3201 0)
(-0.13568 2.50261 0)
(0.335381 3.03339 0)
(-0.108895 2.97137 0)
(0.192128 3.72381 0)
(-0.0786412 -0.221173 0)
(-0.085258 -0.208188 0)
(-0.0520873 -0.209197 0)
(-0.0511819 -0.193966 0)
(-0.0702148 -0.133832 0)
(-0.0818797 -0.166838 0)
(-0.0782739 -0.240697 0)
(-0.0886607 -0.246696 0)
(-0.160621 -0.191917 0)
(-0.247011 -0.216468 0)
(-0.198335 -0.251024 0)
(-0.260433 -0.316001 0)
(-0.690318 -0.0358137 0)
(-0.721946 0.211387 0)
(-0.544632 1.11709 0)
(-0.192638 2.23925 0)
(0.339778 2.88592 0)
(-0.00857289 3.12689 0)
(0.140869 3.94434 0)
(-0.0412639 -0.276341 0)
(-0.0517539 -0.272846 0)
(-0.0454389 -0.23535 0)
(0.00276846 -0.216288 0)
(-0.11025 -0.198668 0)
(-0.145776 -0.204962 0)
(-0.091197 -0.215688 0)
(-0.0875584 -0.185812 0)
(-0.130113 -0.235329 0)
(-0.203929 -0.227796 0)
(-0.193888 -0.169265 0)
(-0.150309 -0.219751 0)
(-0.535105 -0.01248 0)
(-0.661013 0.0974687 0)
(-0.524335 0.788961 0)
(-0.189146 1.57471 0)
(0.401187 2.81628 0)
(0.117705 3.07003 0)
(0.208386 4.06724 0)
(-0.0615655 -0.206727 0)
(-0.0307691 -0.170511 0)
(-0.010936 -0.213703 0)
(-0.0320463 -0.172047 0)
(-0.0611562 -0.286686 0)
(-0.0773598 -0.170994 0)
(-0.0533139 -0.17806 0)
(-0.0643073 -0.215107 0)
(-0.125753 -0.224752 0)
(-0.230934 -0.176041 0)
(-0.210838 -0.0750801 0)
(-0.153294 -0.0479989 0)
(-0.412332 -0.111539 0)
(-0.564711 0.24891 0)
(-0.393429 0.719106 0)
(0.108548 1.23832 0)
(0.362663 2.4962 0)
(0.404068 3.3567 0)
(0.174299 4.58455 0)
(0.047014 -0.219429 0)
(-0.0289798 -0.160623 0)
(-0.0357923 -0.177627 0)
(-0.0317053 -0.222942 0)
(-0.0546535 -0.231471 0)
(-0.0308734 -0.226523 0)
(-0.0907703 -0.255499 0)
(-0.0830976 -0.271905 0)
(-0.0693576 -0.283893 0)
(-0.100551 -0.253861 0)
(-0.086974 -0.132634 0)
(-0.0366716 -0.061148 0)
(-0.067825 -0.158901 0)
(-0.0357144 0.060716 0)
(0.102413 0.123557 0)
(0.779531 0.253282 0)
(1.04122 1.29105 0)
(1.24485 2.50551 0)
(0.591036 4.90163 0)
)
;

boundaryField
{
    leftWall
    {
        type            fixedValue;
        value           uniform (0 0 0);
    }
    rightWall
    {
        type            fixedValue;
        value           uniform (0 0 0);
    }
    lowerWall
    {
        type            fixedValue;
        value           uniform (0 0 0);
    }
    atmosphere
    {
        type            pressureInletOutletVelocity;
        value           nonuniform List<vector> 
46
(
(0 -0.337871 0)
(0 -0.34556 0)
(0 -0.349198 0)
(0 -0.38818 0)
(0 -0.327625 0)
(0 -0.313605 0)
(0 -0.300873 0)
(0 -0.265729 0)
(0 -0.317061 0)
(0 -0.239923 0)
(0 -0.314414 0)
(0 -0.253193 0)
(0 -0.304704 0)
(0 -0.287084 0)
(0 -0.303193 0)
(0 -0.284843 0)
(0 -0.285478 0)
(0 -0.270784 0)
(0 -0.258198 0)
(0 -0.26154 0)
(0 -0.233361 0)
(0 -0.258904 0)
(0 -0.222739 0)
(0 -0.215916 0)
(0 -0.206366 0)
(0 -0.234007 0)
(0 -0.189433 0)
(0 -0.219429 0)
(0 -0.160623 0)
(0 -0.177627 0)
(0 -0.222942 0)
(0 -0.231471 0)
(0 -0.226523 0)
(0 -0.255499 0)
(0 -0.271905 0)
(0 -0.283893 0)
(0 -0.253861 0)
(0 -0.132634 0)
(0 -0.061148 0)
(0 -0.158901 0)
(-0.0357144 0.060716 0)
(0.102413 0.123557 0)
(0.779531 0.253282 0)
(1.04122 1.29105 0)
(1.24485 2.50551 0)
(0.591036 4.90163 0)
)
;
    }
    defaultFaces
    {
        type            empty;
    }
}


// ************************************************************************* //
