/*--------------------------------*- C++ -*----------------------------------*\
| =========                 |                                                 |
| \\      /  F ield         | foam-extend: Open Source CFD                    |
|  \\    /   O peration     | Version:     4.1                                |
|   \\  /    A nd           | Web:         http://www.foam-extend.org         |
|    \\/     M anipulation  |                                                 |
\*---------------------------------------------------------------------------*/
FoamFile
{
    version     2.0;
    format      ascii;
    class       surfaceScalarField;
    location    "0.8";
    object      phi_0;
}
// * * * * * * * * * * * * * * * * * * * * * * * * * * * * * * * * * * * * * //

dimensions      [0 3 -1 0 0 0 0];

internalField   nonuniform List<scalar> 
4432
(
-3.01407e-06
3.01407e-06
-5.50451e-06
2.49045e-06
-7.05006e-06
1.54555e-06
-4.56614e-06
-2.48392e-06
-5.9555e-06
1.38936e-06
-7.78654e-06
1.83104e-06
-7.70582e-06
-8.07202e-08
-6.89776e-06
-8.08065e-07
-4.83221e-06
-2.06554e-06
-5.48055e-06
6.48338e-07
-5.07486e-06
-4.05693e-07
-2.04538e-06
-3.02948e-06
-3.58568e-06
1.5403e-06
-1.66763e-06
-1.91804e-06
-3.1954e-06
1.52777e-06
-5.73402e-07
-2.622e-06
8.15745e-07
-1.38915e-06
1.99818e-06
-1.18244e-06
2.64497e-06
-6.46789e-07
2.13559e-06
5.09384e-07
7.76567e-07
1.35902e-06
3.32153e-07
4.44414e-07
3.32153e-07
-1.56693e-06
4.581e-06
-1.72678e-06
2.65029e-06
-3.32801e-06
3.14678e-06
-5.04384e-06
-7.68094e-07
-5.8312e-06
2.17672e-06
-7.49842e-06
3.49826e-06
-7.23702e-06
-3.42126e-07
-5.53258e-06
-2.5125e-06
-8.14149e-06
5.43362e-07
-6.06249e-06
-1.43066e-06
-3.10068e-06
-3.3675e-06
-5.09157e-06
-1.03859e-06
-5.35587e-06
1.8046e-06
-3.29963e-06
-3.97428e-06
-3.48299e-06
1.71113e-06
-2.30098e-06
-3.80402e-06
-1.45962e-06
-2.23051e-06
4.95887e-07
-3.13794e-06
1.3915e-06
-1.5424e-06
1.15799e-06
7.42896e-07
-9.35358e-08
2.61054e-06
-8.13067e-07
1.16394e-06
-4.80913e-07
-2.9415e-06
7.5225e-06
-5.93224e-06
5.64103e-06
-8.26073e-06
5.47527e-06
-1.06633e-05
1.63449e-06
-1.28641e-05
4.37753e-06
-7.97176e-06
-1.3941e-06
-7.45112e-06
-8.62759e-07
-6.07095e-06
-3.89267e-06
-1.02652e-05
4.73759e-06
-5.01072e-06
-6.68512e-06
-8.53428e-06
1.56058e-07
-8.53183e-06
-1.04104e-06
-5.33235e-06
-1.39489e-06
-9.68854e-06
3.81907e-07
-5.18435e-06
-2.79306e-06
-9.17293e-06
1.84569e-07
-3.54993e-06
-7.85351e-06
-1.72691e-06
-4.96097e-06
-7.25246e-07
-2.54406e-06
-6.53617e-08
8.30121e-08
-7.20535e-07
3.26572e-06
-8.81908e-07
1.32532e-06
-1.36282e-06
-3.63421e-06
1.11567e-05
-5.25295e-06
7.25977e-06
-4.4747e-06
4.69702e-06
-5.21461e-06
2.37439e-06
-6.17698e-06
5.33991e-06
-8.40687e-06
8.35787e-07
-7.8464e-06
-1.42323e-06
-1.44152e-05
2.67609e-06
-7.83983e-06
-1.83774e-06
-1.36722e-05
-8.52719e-07
-1.46179e-05
1.1017e-06
-1.62717e-05
6.12747e-07
-1.69547e-05
-7.11859e-07
-1.74116e-05
8.38819e-07
-1.74252e-05
-2.77946e-06
-1.66887e-05
-5.51883e-07
-1.40147e-05
-1.05276e-05
-9.59537e-06
-9.38029e-06
-6.02847e-06
-6.11096e-06
-3.24386e-06
-2.7016e-06
-2.49838e-06
2.52024e-06
-1.78489e-06
6.11826e-07
-3.14771e-06
-4.02209e-06
1.51788e-05
-6.17755e-06
9.41523e-06
-8.17721e-06
6.69668e-06
-9.93704e-06
4.13423e-06
-6.83525e-06
2.23812e-06
-9.56413e-06
3.56467e-06
-9.38252e-06
-1.60483e-06
-9.44117e-06
2.73474e-06
-9.2704e-06
-2.00851e-06
-1.55324e-05
5.40932e-06
-1.72783e-05
2.84756e-06
-1.94621e-05
2.79651e-06
-2.04002e-05
2.26276e-07
-2.06728e-05
1.11143e-06
-2.14182e-05
-2.03407e-06
-2.06711e-05
-1.29902e-06
-1.77752e-05
-1.34235e-05
-1.49059e-05
-1.22496e-05
-1.24159e-05
-8.60094e-06
-9.00764e-06
-6.10986e-06
-5.64767e-06
-8.39734e-07
-2.58151e-06
-2.45434e-06
-5.72922e-06
-2.69938e-06
1.78782e-05
-7.96226e-06
1.46781e-05
-1.15772e-05
1.03116e-05
-1.33551e-05
5.91212e-06
-8.00644e-06
-3.11054e-06
-1.0511e-05
6.06918e-06
-1.03368e-05
-1.77899e-06
-9.59242e-06
1.99036e-06
-1.91421e-05
7.54117e-06
-2.00234e-05
6.29063e-06
-2.14266e-05
4.25075e-06
-2.14486e-05
2.81846e-06
-2.17706e-05
5.48336e-07
-2.13458e-05
6.86658e-07
-2.07113e-05
-2.66863e-06
-2.08661e-05
-1.14423e-06
-1.97265e-05
-1.4563e-05
-1.66553e-05
-1.53208e-05
-1.42092e-05
-1.10471e-05
-1.36401e-05
-6.679e-06
-5.794e-06
-8.6858e-06
-2.75795e-06
-5.49039e-06
-8.48717e-06
-3.43241e-06
2.13106e-05
-2.80589e-06
1.40516e-05
-6.06767e-06
1.35734e-05
-7.70772e-06
7.55216e-06
-7.80606e-06
-3.0122e-06
-1.00658e-05
8.32896e-06
-2.06847e-05
8.83985e-06
-2.10432e-05
2.3489e-06
-2.06072e-05
7.10519e-06
-2.04964e-05
6.17978e-06
-2.12869e-05
5.04123e-06
-2.14871e-05
3.01865e-06
-2.14643e-05
5.25601e-07
-2.13523e-05
5.74631e-07
-2.25339e-05
-1.48703e-06
-2.4007e-05
3.2889e-07
-1.97671e-05
-1.88029e-05
-1.57261e-05
-1.93618e-05
-1.34568e-05
-1.33163e-05
-1.37334e-05
-6.40235e-06
-1.20659e-05
-1.03533e-05
-5.25895e-06
-1.22974e-05
-1.37461e-05
-2.45814e-06
2.37687e-05
-8.87462e-06
2.04681e-05
-1.5453e-05
2.01518e-05
-1.84663e-05
1.05654e-05
-2.01608e-05
-1.31769e-06
-1.28375e-05
1.00571e-06
-1.22668e-05
8.26915e-06
-2.06619e-05
1.0744e-05
-2.16167e-05
8.05993e-06
-2.36251e-05
8.18825e-06
-2.32756e-05
4.69168e-06
-2.25087e-05
2.25171e-06
-2.30305e-05
1.04746e-06
-2.33976e-05
9.41732e-07
-2.54007e-05
5.16051e-07
-2.83259e-05
3.2541e-06
-1.92607e-05
-2.78681e-05
-1.40196e-05
-2.46029e-05
-1.2125e-05
-1.52109e-05
-1.44897e-05
-4.03771e-06
-1.45226e-05
-1.03204e-05
-4.80461e-06
-2.20153e-05
-1.85507e-05
-5.66201e-05
5.66201e-05
-9.09124e-05
3.42923e-05
-0.000112987
2.20746e-05
-0.000120028
7.04108e-06
-0.000113755
-6.27278e-06
-9.10508e-05
-2.27045e-05
-7.36565e-05
-1.73943e-05
-6.9464e-05
-4.19246e-06
-6.02574e-05
-9.20664e-06
-4.75216e-05
-1.27358e-05
-3.81345e-05
-9.38711e-06
-2.69679e-05
-1.11666e-05
-1.18944e-05
-1.50734e-05
-1.19386e-06
-1.07006e-05
7.89844e-06
-9.0923e-06
1.10758e-05
-3.17738e-06
-2.78008e-06
1.38559e-05
-8.7699e-06
5.98983e-06
-8.7699e-06
-4.67202e-05
0.00010334
-7.1749e-05
5.93211e-05
-9.32746e-05
4.36002e-05
-9.91724e-05
1.29388e-05
-7.39463e-05
-3.14989e-05
-4.1913e-05
-5.47378e-05
-3.17598e-05
-2.75475e-05
-3.46795e-05
-1.27267e-06
-3.07251e-05
-1.31611e-05
-2.23453e-05
-2.11157e-05
-1.45897e-05
-1.71427e-05
-4.01065e-06
-2.17456e-05
5.96937e-06
-2.50535e-05
7.49136e-06
-1.22226e-05
6.07125e-06
-7.67219e-06
1.48154e-05
-1.19215e-05
-4.0511e-07
2.90764e-05
-1.2177e-05
1.77617e-05
-2.09469e-05
-2.39001e-05
0.00012724
-5.85045e-05
9.39255e-05
-6.04851e-05
4.55808e-05
-4.72327e-05
-3.13526e-07
-2.82232e-05
-5.05084e-05
-1.54793e-05
-6.74816e-05
6.29817e-06
-4.93251e-05
2.02448e-05
-1.52193e-05
1.36634e-05
-6.5797e-06
2.00304e-05
-2.74826e-05
3.98684e-05
-3.69808e-05
3.88815e-05
-2.07587e-05
2.25652e-05
-8.73724e-06
3.90307e-05
-2.8688e-05
4.34801e-05
-1.21216e-05
3.48513e-05
-3.29269e-06
4.35383e-05
2.03894e-05
1.41643e-05
4.71356e-05
-6.78253e-06
-1.93341e-05
0.000146575
-4.01902e-05
0.000114782
-1.49695e-05
2.036e-05
-1.17628e-05
-3.52022e-06
-6.9242e-06
-5.5347e-05
-7.98476e-06
-6.64211e-05
7.7453e-06
-6.50551e-05
2.39666e-05
-3.14406e-05
3.51552e-05
-1.77683e-05
2.27485e-05
-1.50758e-05
2.63543e-05
-4.05866e-05
2.70361e-05
-2.14404e-05
5.21562e-05
-3.38574e-05
4.75347e-05
-2.40665e-05
5.01237e-05
-1.47106e-05
4.68919e-05
-6.08967e-08
6.50482e-05
2.23309e-06
3.31822e-05
7.90017e-05
2.63997e-05
-1.43035e-05
0.000160878
-1.83466e-05
0.000118825
-1.4064e-05
1.60774e-05
1.39467e-06
-1.89788e-05
3.87214e-06
-5.78245e-05
-2.26824e-07
-6.23221e-05
3.92823e-06
-6.92102e-05
2.36174e-05
-5.11298e-05
3.7515e-05
-3.16659e-05
4.27691e-05
-2.03299e-05
2.60278e-05
-2.38453e-05
5.31405e-05
-4.85532e-05
5.27435e-05
-3.34603e-05
5.28281e-05
-2.41512e-05
5.37228e-05
-1.56052e-05
4.05485e-05
1.31134e-05
2.86178e-05
1.41637e-05
2.11005e-05
8.6519e-05
4.75002e-05
-1.00219e-05
0.0001709
-3.03231e-06
0.000111835
8.15321e-06
4.89187e-06
2.1197e-05
-3.20226e-05
2.10615e-05
-5.7689e-05
8.80617e-06
-5.00667e-05
9.77157e-06
-7.01756e-05
1.14217e-05
-5.27799e-05
3.28001e-05
-5.30443e-05
3.54547e-05
-2.29846e-05
3.87806e-05
-2.71712e-05
4.06941e-05
-5.04667e-05
4.71799e-05
-3.99461e-05
5.0037e-05
-2.70082e-05
5.14374e-05
-1.70057e-05
3.23227e-05
3.22281e-05
3.82772e-05
8.20916e-06
1.1696e-05
0.0001131
5.91962e-05
-6.44728e-06
0.000177347
5.45337e-06
9.99346e-05
2.87882e-05
-1.8443e-05
4.13491e-05
-4.45835e-05
1.42339e-05
-3.05738e-05
2.03576e-05
-5.61904e-05
3.03977e-05
-8.02157e-05
1.38469e-05
-3.6229e-05
1.29256e-05
-5.2123e-05
3.12763e-05
-4.13352e-05
3.1903e-05
-2.7798e-05
1.45148e-05
-3.30785e-05
3.3811e-05
-5.92423e-05
4.24737e-05
-3.56709e-05
4.39807e-05
-1.85128e-05
4.63383e-05
2.98706e-05
1.98503e-05
3.46972e-05
1.96868e-05
0.000113264
7.8883e-05
-7.12659e-06
0.000184474
2.33309e-05
6.94771e-05
2.36542e-05
-1.87663e-05
2.55802e-05
-4.65095e-05
2.94028e-05
-3.43964e-05
2.31778e-05
-4.99654e-05
1.92289e-05
-7.62668e-05
1.76758e-05
-3.4676e-05
2.38252e-05
-5.82724e-05
2.61007e-05
-4.36107e-05
2.95204e-05
-3.12177e-05
2.58303e-05
-2.93884e-05
1.25789e-05
-4.59908e-05
1.07026e-05
-3.37947e-05
9.8721e-06
-1.76822e-05
3.1847e-05
7.89567e-06
3.54083e-05
3.11359e-05
3.89621e-05
0.00010971
0.000117845
-2.64173e-07
2.40329e-05
-3.68807e-06
2.3892e-05
-1.64954e-05
3.29592e-05
-2.39899e-05
1.80599e-05
-3.98672e-05
1.45596e-05
-4.00697e-05
1.20813e-06
-4.56088e-05
1.38083e-05
-4.76857e-05
1.28209e-05
-4.8675e-05
9.04922e-06
-4.63883e-05
5.90154e-06
-4.5652e-05
3.95535e-06
-4.63687e-05
2.96849e-06
-4.73064e-05
1.98516e-06
-4.80823e-05
1.71759e-06
-5.80984e-05
1.05322e-05
-4.01216e-05
-1.47227e-05
-5.17169e-05
-1.62728e-05
-3.39582e-05
-4.23616e-05
-1.66871e-05
-3.2482e-05
-1.27095e-05
-8.01529e-06
-1.63263e-05
-6.70357e-06
-2.00221e-06
-3.63395e-05
-3.65476e-05
1.59946e-05
-4.36152e-05
6.76481e-05
-5.83051e-05
3.85818e-05
-3.72128e-05
1.18669e-05
-3.38257e-05
1.46729e-05
-2.21053e-05
2.83923e-06
-2.65794e-05
5.6822e-06
-3.1414e-05
1.86429e-05
-4.29538e-05
2.43606e-05
-4.61462e-05
1.22416e-05
-4.46918e-05
4.44715e-06
-4.12692e-05
5.32763e-07
-4.01127e-05
1.812e-06
-3.90801e-05
9.52571e-07
-4.81719e-05
1.08093e-05
-4.41438e-05
6.50414e-06
-5.58293e-05
-3.03719e-06
-4.4242e-05
-2.78601e-05
-3.29685e-05
-5.36352e-05
9.62094e-06
-7.50715e-05
1.11297e-05
-9.52405e-06
-1.93522e-05
2.37783e-05
-4.70418e-05
-8.64984e-06
-3.38744e-05
-4.9715e-05
-6.91926e-06
7.45674e-05
7.36827e-06
2.42943e-05
-4.73052e-06
2.39657e-05
-5.15572e-06
1.50981e-05
-1.03581e-05
8.04158e-06
-7.0705e-06
2.39465e-06
4.19964e-06
7.37281e-06
-8.93666e-06
3.74969e-05
-3.84863e-05
4.17913e-05
-4.2203e-05
8.16388e-06
-2.81312e-05
-1.35391e-05
-3.67854e-05
1.04662e-05
-6.57322e-05
2.98993e-05
-0.000136058
8.1135e-05
-0.000227608
9.80545e-05
-0.0002137
-1.69455e-05
-0.000126345
-0.000115215
-9.09844e-05
-8.89957e-05
-3.26737e-05
-0.000133382
-1.69466e-05
-2.52511e-05
-1.56338e-05
2.24655e-05
-2.92687e-05
4.98507e-06
-5.12609e-06
-5.8017e-05
7.82179e-06
6.67456e-05
3.92372e-05
-7.12108e-06
4.50089e-05
1.81939e-05
2.97906e-06
5.71278e-05
-5.84935e-05
6.95142e-05
-6.94648e-05
1.33659e-05
-9.18405e-05
2.97486e-05
-0.000147279
9.29355e-05
-0.000129889
2.44011e-05
-6.70964e-05
-5.46285e-05
3.68594e-05
-0.000117495
0.000116083
-6.87578e-05
1.63915e-06
0.000144344
-0.00019635
0.000279124
-0.000174442
7.6147e-05
-0.000113732
-7.76558e-05
-0.000146999
-8.19475e-05
-9.26654e-05
-0.00014333
-9.07802e-05
-0.000135267
-4.24232e-05
-7.36081e-05
-3.42947e-05
1.43369e-05
-5.40043e-05
2.46947e-05
4.15195e-05
-0.00010065
-5.46494e-05
0.000121395
-0.000116612
5.48419e-05
-0.000176525
7.81063e-05
-0.000190353
7.09563e-05
-0.000225524
0.000104685
-0.00035838
0.000146223
-0.00044991
0.000121278
-0.000404979
4.80049e-05
-0.000323657
-5.69213e-05
-0.000256243
-0.000122043
-0.000167696
-0.000206042
-6.83097e-05
-0.000168144
-9.24276e-05
0.000168461
-0.000124681
0.000311378
-0.000196291
0.000147757
-0.00020739
-6.65572e-05
-0.00016402
-0.000125317
-0.000163628
-0.000143721
-0.000165161
-0.000133734
-0.000154357
-8.44126e-05
-0.000143769
3.74939e-06
-0.000135558
1.64829e-05
2.5139e-05
-0.000119177
-0.000143467
0.000264862
-0.000232162
0.000143537
-0.000281645
0.000127589
-0.000321159
0.00011047
-0.000471458
0.000254984
-0.00056709
0.000241855
-0.00053898
9.31684e-05
-0.000437752
-5.32223e-05
-0.000387713
-0.00010696
-0.000298616
-0.00021114
-0.000279873
-0.000224785
-0.000271536
-0.000176481
-0.000218928
0.000115854
-0.000183006
0.000275455
-0.000143907
0.000108658
-0.000115856
-9.46083e-05
-0.000103189
-0.000137984
-0.000101229
-0.000145681
-0.000108051
-0.000126913
-0.000163627
-2.88364e-05
-0.000153255
-6.62223e-06
-0.000142767
5.99523e-06
-2.91997e-06
-0.000114709
-0.000207896
0.000472758
-0.000270134
0.000205774
-0.000369022
0.000226477
-0.000462541
0.00020399
-0.000535471
0.000327914
-0.000519807
0.00022619
-0.00050097
7.43309e-05
-0.000435309
-0.000118883
-0.000369055
-0.000173215
-0.000334109
-0.000246086
-0.000322782
-0.000236112
-0.000344336
-0.000154927
-0.00032698
9.84981e-05
-0.000256213
0.000204687
-0.000203461
5.59059e-05
-0.000215652
-8.24167e-05
-0.000230211
-0.000123425
-0.000199269
-0.000176624
-0.000181165
-0.000145016
-0.000169666
-4.03354e-05
-0.00015115
-2.51385e-05
-0.000114268
-3.08869e-05
-3.10546e-05
-8.61329e-05
-0.00018151
0.000654268
-0.000256517
0.000280781
-0.000277965
0.000247926
-0.000471754
0.000397779
-0.000469686
0.000325846
-0.00042794
0.000184444
-0.000368918
1.53089e-05
-0.000341295
-0.000146506
-0.00031912
-0.000195389
-0.000363072
-0.000202135
-0.000404723
-0.000194461
-0.0004158
-0.00014385
-0.000355005
3.77032e-05
-0.000273274
0.000122956
-0.00026634
4.89714e-05
-0.000261025
-8.77309e-05
-0.000266179
-0.000118272
-0.000248316
-0.000194486
-0.000210379
-0.000182953
-8.78674e-05
-0.000162847
-6.30425e-05
-4.99634e-05
-8.14426e-05
-1.24869e-05
-1.37825e-05
-9.87147e-05
-0.000162896
0.000817164
-0.000247502
0.000365386
-0.000325133
0.000325557
-0.000361239
0.000433884
-0.000423553
0.00038816
-0.000372138
0.000133029
-0.000346998
-9.83052e-06
-0.000360669
-0.000132836
-0.000352387
-0.000203671
-0.00040065
-0.000153871
-0.000441623
-0.000153488
-0.000431141
-0.000154332
-0.000365658
-2.77798e-05
-0.000300955
5.82539e-05
-0.000278139
2.61549e-05
-0.000292577
-7.32922e-05
-0.000280236
-0.000130613
-0.0002685
-0.000206223
-0.000241894
-0.000209558
-0.000180666
-0.000224076
-0.000107315
-0.000123314
-7.99287e-05
-3.98732e-05
-4.68125e-05
-4.68988e-05
-0.000151822
0.000968986
-0.000245065
0.00045863
-0.000363605
0.000444097
-0.000381512
0.000451791
-0.00037019
0.000376839
-0.000430779
0.000193617
-0.00045077
1.01611e-05
-0.00045025
-0.000133356
-0.000441116
-0.000212805
-0.000437559
-0.000157428
-0.000427252
-0.000163795
-0.000407873
-0.000173711
-0.000328854
-0.000106798
-0.000256209
-1.43908e-05
-0.000218437
-1.16178e-05
-0.000227703
-6.40255e-05
-0.000250497
-0.000107819
-0.00025103
-0.00020569
-0.000247226
-0.000213362
-0.000242019
-0.000229282
-0.000227416
-0.000137917
-0.000159533
-0.000107756
-9.6896e-05
-0.00010945
-0.000157079
0.00112607
-0.000295992
0.000597543
-0.000358386
0.000506491
-0.000361251
0.000454656
-0.000371111
0.000386698
-0.000424075
0.000246581
-0.000450239
3.63255e-05
-0.000448807
-0.000134787
-0.000447596
-0.000214017
-0.000452288
-0.000152736
-0.000389576
-0.000226507
-0.000425655
-0.000137633
-0.00035299
-0.000179463
-0.000242091
-0.00012529
-0.000129141
-0.000124567
-0.000113284
-7.98831e-05
-0.000103369
-0.000117734
-0.000191548
-0.000117512
-0.000183414
-0.000221496
-0.000253324
-0.000159372
-0.000247644
-0.000143597
-0.000227692
-0.000127708
-0.000109542
-0.000215047
-0.0001569
0.00128296
-0.000321566
0.000762209
-0.000376258
0.000561183
-0.000290309
0.000368707
-0.000267986
0.000364375
-0.000182764
0.00016136
-0.000176714
3.02752e-05
-0.000283761
-2.77402e-05
-0.000328497
-0.000169281
-0.000329976
-0.000151256
-0.000344548
-0.000211935
-0.000233967
-0.000248214
-0.00022324
-0.000190189
-0.000179065
-0.000169465
-0.000233248
-7.03852e-05
-0.000231522
-8.16083e-05
-0.000244129
-0.000105127
-0.000236755
-0.000124886
-0.000261634
-0.000196618
-0.000286095
-0.000134911
-0.000288554
-0.000141138
-0.000150158
-0.000266104
-0.000120689
-0.000139012
-6.32568e-05
0.00134622
-0.000196387
0.00089534
-0.000253038
0.000617833
-0.000161126
0.000276795
-8.55378e-05
0.000288787
-2.96183e-05
0.00010544
1.18137e-05
-1.11566e-05
4.0713e-05
-5.66396e-05
-2.40109e-05
-0.000104557
-0.0001551
-2.01669e-05
-0.00019357
-0.000173465
-0.000357966
-8.38185e-05
-0.000367962
-0.000180193
-0.000372305
-0.000165122
-0.00031111
-0.00013158
-0.000330544
-6.21749e-05
-0.000341802
-9.38685e-05
-0.000315328
-0.000151359
-0.000335271
-0.000176675
-0.000368185
-0.000101997
-0.000314951
-0.000194371
-0.000316065
-0.00026499
-0.000277513
-0.00015924
0.00014011
0.00120611
6.60392e-05
0.000969411
5.06058e-05
0.000633267
0.000140792
0.000186609
0.00016206
0.000267519
0.000227911
3.9589e-05
0.000210006
6.74745e-06
0.000177289
-2.39217e-05
0.00010701
-3.42788e-05
9.91772e-05
-1.23335e-05
-3.87855e-05
-3.55023e-05
-0.000153349
3.07445e-05
-0.00030384
-2.97019e-05
-0.000357225
-0.000111737
-0.000327803
-0.000161001
-0.000220778
-0.0001692
-0.000217532
-9.7115e-05
-0.000307084
-6.18072e-05
-0.000318746
-0.000165012
-0.000214274
-0.000206469
-0.0002235
-0.000185145
-0.000342138
-0.000146352
-0.000211163
-0.000408487
0.000238932
0.00096718
0.000380915
0.000827428
0.000446516
0.000567665
0.000285135
0.000347991
0.000449059
0.000103595
0.000489904
-1.25594e-06
0.000456446
4.02055e-05
0.000456528
-2.40039e-05
0.000431957
-9.70792e-06
0.000365407
5.42168e-05
0.000203067
0.000126838
9.80066e-05
0.000135805
-6.59369e-05
0.000134242
-9.16881e-05
-8.59856e-05
-0.000113392
-0.000139297
-0.000264116
-1.84759e-05
-0.000310744
-5.04868e-05
-0.000311117
-6.14339e-05
-0.000314042
-0.000162088
-0.000328436
-0.000192075
-0.000385214
-0.000128367
-0.000342035
-0.000189532
-0.000130424
-0.000422773
0.000366667
0.000600513
0.000471791
0.000722304
0.000469131
0.000570325
0.000435645
0.000381477
0.000520648
1.85922e-05
0.000588748
-6.93562e-05
0.000688033
-5.90796e-05
0.000736132
-7.21028e-05
0.000728516
-2.0918e-06
0.000617032
0.000165701
0.000550085
0.000193784
0.000499502
0.000186387
0.000369909
0.000263835
7.01237e-05
0.0002138
-4.7774e-05
-2.13991e-05
-0.000121366
5.5116e-05
-0.000156207
-1.56457e-05
-0.000157816
-5.98249e-05
-0.000249255
-7.06489e-05
-0.000317018
-0.000124312
-0.000319283
-0.000126103
-0.000304333
-0.000204482
-0.000119971
-0.000314786
0.000263709
0.000336803
0.000365581
0.000620433
0.00066004
0.000275866
0.000682164
0.000359353
0.000599692
0.000101065
0.00066706
-0.000136725
0.000783013
-0.000175033
0.000807472
-9.65613e-05
0.000702767
0.000102613
0.000628221
0.000240247
0.000563438
0.000258567
0.000461978
0.000287847
0.000247925
0.000477889
5.99162e-05
0.000401808
-0.00012521
0.000163727
-0.000211306
0.000141212
-0.000268318
4.13662e-05
-0.000285246
-4.28974e-05
-0.000262844
-9.3051e-05
-0.00029214
-9.50153e-05
-0.000297724
-0.00012052
-0.000297949
-0.000204256
-0.000173738
-0.000244183
0.000157833
0.000178971
0.000295274
0.000482992
0.000465195
0.000105944
0.0007489
7.56478e-05
0.000831612
1.83528e-05
0.000744877
-4.99893e-05
0.00054674
2.31042e-05
0.000352465
9.77138e-05
0.000276073
0.000179005
0.000326331
0.00018999
0.00034541
0.000239487
0.000282346
0.000350911
0.000213906
0.000546329
0.000128525
0.00048719
-1.20202e-05
0.000304272
-0.000103516
0.000232709
-0.00021857
0.00015642
-0.000281606
2.01392e-05
-0.000303549
-7.11088e-05
-0.000318793
-7.97707e-05
-0.000251698
-0.000187615
-0.00024438
-0.000211574
-0.000190266
-0.000227851
5.58821e-05
0.000123088
0.000268168
0.000270707
0.000337551
3.65608e-05
0.000353378
5.98213e-05
0.000229693
0.000142037
3.17132e-05
0.000147991
-1.32636e-05
6.80809e-05
3.94877e-05
4.49625e-05
9.92106e-05
0.000119282
0.000142316
0.000146885
0.00014155
0.000240253
0.000205825
0.000286636
0.000152962
0.000599191
9.06787e-05
0.000549473
-2.92921e-06
0.00039788
-9.40061e-05
0.000323785
-0.000178346
0.00024076
-0.000246023
8.78156e-05
-0.000300484
-1.66479e-05
-0.000313386
-6.6869e-05
-0.000268961
-0.000232039
-0.00019116
-0.000289376
-0.000177625
-0.000203801
-0.000108483
0.000231571
-5.11182e-05
0.000213342
-8.82145e-05
7.3657e-05
-7.59159e-05
4.75227e-05
7.14678e-06
5.89746e-05
1.72429e-05
0.000137895
5.15721e-06
8.01666e-05
9.34465e-06
4.07751e-05
-7.88573e-06
0.000136512
2.80962e-05
0.000110903
8.32946e-05
0.000185055
5.68156e-05
0.000313115
7.48767e-06
0.000648519
-0.00011334
0.000670301
-3.1652e-05
0.000316192
-0.000136419
0.000428553
-9.95885e-05
0.000203929
-0.000263798
0.000252025
-0.000289846
9.4007e-06
-0.000194626
-0.000162089
-0.000173901
-0.000252764
-0.000176691
-0.000286587
-0.000213793
-0.000140522
-0.000107359
0.00033893
-9.05992e-05
0.000196583
-0.000114912
9.79699e-05
-0.000124366
5.6977e-05
-8.47432e-05
1.93513e-05
-2.87574e-05
8.1909e-05
-2.28195e-05
7.42287e-05
-2.45603e-05
4.25158e-05
-1.14961e-05
0.000123448
-7.03442e-06
0.000106441
-3.75112e-05
0.000215531
-0.000241117
0.000516721
-0.000259056
0.000666459
-0.000266284
0.000677529
-0.00024914
0.000299048
-0.000253355
0.000432767
-0.000282718
0.000233293
-0.000298143
0.000267449
-0.000287084
-1.65773e-06
-0.000285405
-0.000163768
-0.00027128
-0.000266889
-0.000232169
-0.000325697
-0.000337173
-0.00010879
-0.000148969
0.000487899
-0.000166885
0.000214499
-0.000170955
0.000102039
-0.000158526
4.45481e-05
-0.000166334
2.71596e-05
-0.000170764
8.63388e-05
-0.000173629
7.70934e-05
-0.000159838
2.87249e-05
-0.00011011
7.37198e-05
-0.000120177
0.000116509
-0.000200751
0.000296105
-0.000201164
0.000517133
-0.00020443
0.000669725
-0.000171739
0.000644838
-0.000305504
0.000432813
-0.000155148
0.000282411
-0.000247049
0.000325194
-0.000165875
0.000186275
-8.97692e-05
-7.77639e-05
-0.000162334
-9.12032e-05
-0.000137504
-0.000291719
-8.86179e-05
-0.000374583
-0.000367695
-5.80958e-05
-6.48721e-05
0.000552771
-9.30638e-05
0.000242691
-0.000115653
0.000124628
-0.000136501
6.53962e-05
-0.00017147
6.21286e-05
-0.000189491
0.00010436
-0.000167208
5.48096e-05
-0.00022992
9.14371e-05
-0.000231617
7.54168e-05
-0.000350085
0.000234977
-0.000233932
0.000179951
-0.000255399
0.000538601
-0.000225462
0.000639788
-0.000201609
0.000620984
-0.000162842
0.000394046
-0.000201318
0.000320887
-0.000128715
0.000252591
-1.67375e-05
7.42971e-05
1.40681e-05
-0.00010857
2.76718e-05
-0.000104807
-5.02215e-05
-0.000213826
-2.51593e-05
-0.000399645
-0.000389782
-3.0724e-06
-0.000135166
0.000687938
-0.000174518
0.000282043
-0.000229155
0.000179265
-0.000328954
0.000165195
-0.000432254
0.000165429
-0.000423628
9.57349e-05
-0.000430545
6.17263e-05
-0.000390953
5.18453e-05
-0.000413201
9.76641e-05
-0.000273287
9.50639e-05
-0.000297108
0.000203773
-0.000260143
0.000501635
-0.000208957
0.000588603
-0.00016136
0.000573387
-0.000117032
0.000349719
-0.000103521
0.000307376
3.63362e-05
0.000112734
9.83344e-05
1.22989e-05
8.72065e-05
-9.74417e-05
0.000142543
-0.000160143
7.99883e-05
-0.000151272
4.35249e-05
-0.000363182
-0.000384967
3.87105e-05
-0.000115052
0.00080299
-0.000209182
0.000376173
-0.000299073
0.000269156
-0.000437482
0.000303604
-0.000516154
0.0002441
-0.000514194
9.37753e-05
-0.000561646
0.000109178
-0.000542642
3.28407e-05
-0.000493458
4.84798e-05
-0.000493244
9.485e-05
-0.000510815
0.000221344
-0.00025132
0.00024214
-0.000183459
0.000520741
-0.000136187
0.000526115
2.0529e-05
0.000193003
0.000104316
0.000223589
0.000147614
6.94353e-05
0.000184049
-2.41366e-05
0.000176164
-8.95568e-05
0.000107171
-9.11494e-05
0.000224998
-0.0002691
8.15295e-05
-0.000219713
-0.000401853
9.84152e-05
-0.000166943
0.000969932
-0.000320404
0.000529635
-0.000402482
0.000351234
-0.000440011
0.000341132
-0.000363591
0.000167681
-0.000507833
0.000238017
-0.00053196
0.000133305
-0.000549657
5.0538e-05
-0.000517588
1.64102e-05
-0.000447362
2.4624e-05
-0.000350148
0.000124131
-0.00032385
0.000215842
-0.000174931
0.000371823
-7.12781e-06
0.000358312
1.68297e-05
0.000169045
0.000150985
8.94343e-05
0.000195317
2.51026e-05
0.000182912
-1.17308e-05
0.000149434
-5.6079e-05
0.000226862
-0.000168578
0.000116501
-0.000158738
0.000230015
-0.000333227
-0.000368439
0.000196601
-0.000158869
0.0011288
-0.000297857
0.000668622
-0.000346236
0.000399613
-0.00036249
0.000357387
-0.00038909
0.000194281
-0.000382425
0.000231353
-0.000321365
7.22452e-05
-0.000339426
6.85983e-05
-0.000335017
1.20014e-05
-0.000342039
3.16459e-05
-0.000282115
6.42071e-05
-0.000185478
0.000119204
-4.60372e-05
0.000232382
8.36958e-05
0.000228579
0.000139642
0.000113099
0.000139403
8.96725e-05
0.00016472
-2.13672e-07
0.000189753
-3.67642e-05
0.000227242
-9.35682e-05
0.000173517
-0.000114852
0.000167766
-0.000152988
0.000143634
-0.000309095
-0.000344904
0.000120099
-9.71308e-05
0.00122593
-0.000152628
0.000724119
-0.000266427
0.000513412
-0.000140176
0.000231136
-0.000251364
0.000305469
-0.000123312
0.000103301
-0.000131394
8.03268e-05
-0.000126517
6.3721e-05
-0.000136414
2.18989e-05
-0.000127635
2.28673e-05
-9.43269e-05
3.08985e-05
-6.04938e-05
8.53714e-05
-3.51355e-06
0.000175402
0.000119942
0.000105124
0.000114606
0.000118435
0.000136839
6.74396e-05
0.000142085
-5.45967e-06
0.000147179
-4.18589e-05
0.000177692
-0.000124081
0.000217141
-0.000154302
0.00029842
-0.000234266
0.000272222
-0.000282897
-0.000333558
0.000260876
-1.59401e-05
0.00124187
-5.15524e-05
0.000759732
-7.54346e-05
0.000537294
-5.19614e-05
0.000207663
-3.48747e-05
0.000288382
-1.23347e-05
8.07616e-05
1.59292e-05
5.20629e-05
3.46648e-05
4.49852e-05
3.88054e-05
1.77582e-05
3.83237e-05
2.3349e-05
3.99826e-05
2.92396e-05
7.32982e-05
5.20559e-05
0.000177401
7.12988e-05
0.000188756
9.37691e-05
0.000261639
4.5552e-05
0.000309029
2.00493e-05
0.000326746
-2.31758e-05
0.000343603
-5.87167e-05
0.000344979
-0.000125456
0.000353542
-0.000162866
0.000267104
-0.000147828
0.000269047
-0.000284839
-0.000190273
0.000125762
2.05032e-05
0.00122137
0.000190547
0.000589688
0.000181774
0.000546067
0.000192166
0.00019727
0.000209195
0.000271354
0.000216235
7.37219e-05
0.000220614
4.76833e-05
0.000227579
3.80199e-05
0.000223562
2.17752e-05
0.00020928
3.76312e-05
0.000216373
2.21466e-05
0.000235398
3.30313e-05
0.000255118
5.15785e-05
0.000300822
4.80652e-05
0.000317298
2.90754e-05
0.000347012
-9.66438e-06
0.0003625
-3.86639e-05
0.00035406
-5.02765e-05
0.000336172
-0.000107568
0.000316603
-0.000143296
0.000286277
-0.000117502
0.00013757
-0.000136132
-0.000217039
0.000164335
6.05781e-05
0.00116079
0.000176487
0.000473779
0.000165924
0.00055663
0.000172516
0.000190678
0.000326633
0.000117237
0.000322127
7.82275e-05
0.000316543
5.32668e-05
0.000307758
4.6805e-05
0.000288609
4.09245e-05
0.000259303
6.69377e-05
0.00025067
3.07789e-05
0.000244362
3.93394e-05
0.000272933
2.30077e-05
0.000304317
1.66807e-05
0.000327792
5.60085e-06
0.000351536
-3.34082e-05
0.000334451
-2.15793e-05
0.000307153
-2.29784e-05
0.00028818
-8.85952e-05
0.00025288
-0.000107996
0.000210142
-7.47634e-05
0.000202775
-0.000128765
-0.00013059
0.000116326
9.71698e-05
0.00106362
0.00013639
0.000434559
0.00039376
0.00029926
0.000383098
0.000201341
0.000369062
0.000131273
0.000353971
9.33178e-05
0.00033816
6.90782e-05
0.000325844
5.91213e-05
0.000314094
5.26741e-05
0.000297828
8.32032e-05
0.000250903
7.77045e-05
0.000264269
2.59736e-05
0.000255469
3.18075e-05
0.000251597
2.05528e-05
0.000245845
1.13521e-05
0.000203525
8.9124e-06
0.000214879
-3.29333e-05
0.000277709
-8.58082e-05
0.000224041
-3.49272e-05
0.000198886
-8.28411e-05
0.000210812
-8.66901e-05
0.000188264
-0.000106217
-0.00012686
0.000184533
0.000162122
0.0009015
0.000265359
0.000331322
0.000326914
0.000237704
0.000346348
0.000181906
0.000339876
0.000137745
0.00032851
0.000104684
0.000320802
7.67861e-05
0.000311863
6.80602e-05
0.000306571
5.79667e-05
0.000288583
0.000101191
0.00026727
9.90176e-05
0.000258848
3.43952e-05
0.000263284
2.73718e-05
0.00026326
2.05768e-05
0.00026565
8.96215e-06
0.000273214
1.34859e-06
0.000248224
-7.94311e-06
0.000199964
-3.75481e-05
0.000186766
-2.17295e-05
0.000169407
-6.54821e-05
0.000155958
-7.32413e-05
0.000137194
-8.74533e-05
-0.00012926
0.000139594
0.000163931
0.000737568
0.000210512
0.000284741
0.000255357
0.000192859
0.000271726
0.000165538
0.000275107
0.000134363
0.000269422
0.000110369
0.00026423
8.19781e-05
0.000262153
7.01376e-05
0.000257982
6.21382e-05
0.000248179
0.000110993
0.00024313
0.000104067
0.000228731
4.87944e-05
0.000214691
4.14118e-05
0.000204638
3.063e-05
0.00017943
3.41698e-05
0.000141887
3.88912e-05
0.000141825
-7.88055e-06
0.00013113
-2.68529e-05
0.000163913
-5.45132e-05
0.000126755
-2.8324e-05
0.000120254
-6.67401e-05
0.000104827
-7.20265e-05
-9.45246e-05
7.00922e-05
0.000194903
0.000542665
0.000204373
0.000275271
0.000215847
0.000181385
0.000217241
0.000164143
0.00021522
0.000136385
0.000211414
0.000114174
0.000196779
9.66129e-05
0.000189613
7.73041e-05
0.000173831
7.792e-05
0.000230077
5.47471e-05
0.00022494
0.000109204
0.000216213
5.75211e-05
0.000211106
4.65193e-05
0.000205092
3.66435e-05
0.000191224
4.80381e-05
0.000202185
2.79303e-05
0.000189338
4.9657e-06
0.000165925
-3.43947e-06
0.000139589
-2.81775e-05
0.000132841
-2.15754e-05
0.000132198
-6.60979e-05
0.000107417
-4.72449e-05
-9.7755e-05
0.000110647
0.000172036
0.000370629
0.000176786
0.000270522
0.00017099
0.000187181
0.000169943
0.00016519
0.000170595
0.000135733
0.000173785
0.000110984
0.000170077
0.000100321
0.000165566
8.18156e-05
0.000166433
7.70529e-05
0.000169693
5.14867e-05
0.000167119
0.000111778
0.000168274
5.63654e-05
0.000176464
3.83296e-05
0.000179415
3.36924e-05
0.000164942
6.25107e-05
0.000147647
4.52257e-05
0.000101356
5.12561e-05
9.55852e-05
2.33184e-06
8.53664e-05
-1.79587e-05
0.000105859
-4.20675e-05
9.77641e-05
-5.80035e-05
0.000104518
-5.39985e-05
-7.29487e-05
7.97115e-05
6.86456e-05
0.000301983
0.000116369
0.000222798
0.000120254
0.000183296
0.000127995
0.000157448
0.00013327
0.000130459
0.000134762
0.000109493
0.000133997
0.000101085
0.000125024
9.07879e-05
0.000122372
7.97047e-05
0.000100769
7.30905e-05
0.000167271
4.52753e-05
0.000133069
9.05683e-05
0.000132158
3.92399e-05
8.44441e-05
8.14064e-05
7.73489e-05
6.96059e-05
7.38074e-05
4.87671e-05
0.000115325
9.73846e-06
0.000109679
7.97763e-06
9.29927e-05
-1.27219e-06
6.43278e-05
-1.34026e-05
2.92382e-05
-2.29139e-05
5.30507e-05
-7.7811e-05
-0.00013777
0.000117872
5.37423e-05
0.000248241
8.10952e-05
0.000195446
9.12681e-05
0.000173123
9.92314e-05
0.000149485
0.000104581
0.000125109
0.000107358
0.000106716
0.000110037
9.84061e-05
0.000108285
9.25396e-05
0.000108701
7.9289e-05
0.000110216
7.15756e-05
0.000112423
4.30684e-05
0.000116433
8.65585e-05
7.40629e-05
8.16094e-05
7.72918e-05
7.81774e-05
6.75299e-05
7.93677e-05
6.26657e-05
5.36314e-05
5.752e-05
1.48841e-05
6.74715e-05
-1.97394e-06
5.46315e-05
1.15679e-05
4.07332e-05
4.95785e-07
4.99739e-05
-3.21546e-05
4.62002e-05
-7.40373e-05
-0.000139038
4.74678e-05
3.92842e-05
0.000208957
5.50348e-05
0.000179695
6.88436e-05
0.000159314
7.76528e-05
0.000140676
8.67365e-05
0.000116025
8.62003e-05
0.000107252
8.39546e-05
0.000100652
8.34484e-05
9.30457e-05
7.69261e-05
8.58114e-05
7.58926e-05
7.26091e-05
5.72037e-05
6.17573e-05
9.9436e-05
4.43262e-05
7.6408e-05
0.000104637
8.10089e-05
7.35764e-05
0.00010609
5.42865e-05
0.00010005
5.96712e-05
9.62147e-05
1.87196e-05
8.75842e-05
6.65657e-06
6.98608e-05
2.92913e-05
5.30141e-05
1.73425e-05
4.7028e-05
-2.61686e-05
6.77382e-05
-9.47475e-05
-0.000132342
6.10427e-05
2.48991e-05
0.000184058
3.67915e-05
0.000167802
4.80351e-05
0.000148071
5.59847e-05
0.000132726
6.39044e-05
0.000108105
6.26063e-05
0.00010855
6.41128e-05
9.91451e-05
6.39283e-05
9.32303e-05
6.37921e-05
8.59475e-05
6.15953e-05
7.4806e-05
5.99678e-05
6.33847e-05
4.56299e-05
5.86641e-05
9.69257e-05
5.33415e-05
7.08958e-05
9.96063e-05
6.53974e-05
5.97848e-05
9.55275e-05
2.95411e-05
6.00097e-05
5.42373e-05
5.75721e-05
9.09416e-06
4.02424e-05
4.66211e-05
5.50747e-05
2.51015e-06
6.58533e-05
-3.69472e-05
3.12376e-05
-6.01317e-05
-0.000124083
2.29788e-05
1.50164e-05
0.000169041
2.6451e-05
0.000156368
3.62858e-05
0.000138236
4.77038e-05
0.000121308
5.0741e-05
0.000105068
7.972e-05
7.95714e-05
3.51727e-05
0.000143692
5.85418e-05
6.98612e-05
2.25694e-05
0.00012192
4.08551e-05
5.65202e-05
5.84027e-05
4.58371e-05
2.94879e-05
8.75788e-05
4.29119e-05
3.99175e-05
5.96967e-05
8.28214e-05
9.94798e-05
2.00016e-05
8.40912e-05
4.49298e-05
8.42302e-05
5.40983e-05
6.31377e-05
3.01868e-05
5.95367e-05
5.02221e-05
4.62592e-05
1.57876e-05
5.59122e-05
-4.66001e-05
4.09446e-05
-4.51641e-05
-0.000147493
6.43537e-05
2.98066e-06
7.91826e-06
1.07315e-05
1.24064e-05
5.99539e-06
5.9442e-06
4.03296e-05
2.30922e-05
5.50964e-05
3.84168e-05
2.13232e-05
4.99618e-05
3.60799e-05
5.8543e-05
6.04458e-05
8.63244e-05
9.89543e-05
7.00994e-05
9.21749e-05
6.58341e-05
3.46294e-05
3.64503e-05
-5.13568e-06
2.19201e-05
-5.92552e-06
1.36082e-05
8.31195e-06
-2.58563e-05
3.94645e-05
3.5424e-05
-6.12803e-05
-6.03341e-05
4.69364e-06
-8.16953e-05
2.96732e-05
-8.20452e-05
3.98144e-05
2.55163e-05
-7.21375e-05
-8.18567e-05
2.85333e-05
-6.93939e-05
1.72104e-05
-6.31588e-05
3.35793e-05
3.20117e-05
-6.96542e-05
-0.000100942
2.88259e-05
-9.64423e-05
1.27102e-05
-8.27691e-05
1.99061e-05
2.00953e-05
-7.08527e-05
-0.000102545
1.21937e-05
-0.00010303
1.31952e-05
-9.08659e-05
7.7421e-06
1.81029e-05
-8.88735e-05
-9.92901e-05
-3.22483e-06
-0.000100252
1.41574e-05
-0.000113642
2.1132e-05
2.22446e-05
-0.000117784
-7.87405e-05
-1.06172e-05
-6.25085e-05
-2.07461e-06
-5.07144e-05
9.33785e-06
4.86467e-05
-7.71166e-05
-9.766e-05
-1.16719e-05
-8.62264e-05
-1.35082e-05
-6.87351e-05
-8.15352e-06
3.26446e-05
-5.27329e-05
-4.32733e-05
-1.52973e-05
-4.60989e-05
-1.06826e-05
-6.03647e-05
6.11224e-06
3.52259e-05
-6.2946e-05
-9.19067e-05
-3.28404e-05
-9.86046e-05
-3.98472e-06
-0.000121078
2.85856e-05
4.29955e-05
-0.000128847
-0.000209925
-3.79617e-05
-0.000173879
-4.0031e-05
-0.000141081
-4.2126e-06
1.21833e-05
-0.000110269
-0.000132995
-4.39782e-05
-0.000136103
-3.69233e-05
-0.000105802
-3.45132e-05
-5.53431e-06
-8.80846e-05
-0.000122675
-8.05435e-05
-9.42967e-05
-6.53017e-05
-8.7286e-05
-4.15239e-05
-1.20634e-05
-8.07569e-05
-0.000435572
-5.34586e-05
-0.000419959
-8.09152e-05
-0.000427987
-3.3496e-05
-3.40934e-05
-0.000405957
-0.000427142
-4.90897e-05
-0.000430524
-7.75332e-05
-0.000425632
-3.83886e-05
-5.64927e-05
-0.000403232
-0.000313007
-5.08683e-05
-0.000308983
-8.15569e-05
-0.000275108
-7.22644e-05
-3.98368e-05
-0.000291764
-0.000218022
-7.70297e-05
-0.000249249
-5.033e-05
-0.000239735
-8.17782e-05
-4.58945e-05
-0.000233677
-0.000225423
-7.94585e-05
-0.000195471
-8.02813e-05
-0.000199696
-7.75538e-05
-8.17961e-05
-0.000163794
-0.00020936
-7.39001e-05
-0.000175224
-0.000114417
-0.000155811
-9.69674e-05
-8.90556e-05
-0.000148551
-0.000116823
-9.75985e-05
-7.63039e-05
-0.000154936
-9.12022e-05
-8.20692e-05
-7.35603e-05
-0.000106698
-4.3373e-05
-0.000163015
-4.09402e-05
-0.000157369
-3.63049e-05
-8.67045e-05
-0.000136726
2.68611e-05
-4.46829e-05
-0.000176428
-4.89762e-05
-0.000153076
3.5221e-06
-0.000139203
-0.000136235
3.03062e-06
1.44996e-05
-0.000194
3.57713e-05
-0.000174347
-8.23658e-06
-9.5195e-05
-9.09563e-05
-5.35151e-05
3.22198e-05
-0.00018751
2.78589e-05
-0.000169986
9.99639e-05
-0.0001673
-9.9521e-05
0.000108529
8.09921e-05
-0.000170087
6.92432e-05
-0.000158238
5.31105e-05
-0.000151167
-0.000150472
0.000104062
0.000125675
-9.91607e-05
0.000128087
-0.000160649
0.000130446
-0.000153526
-8.62528e-05
6.62265e-05
0.000114015
-9.30772e-05
9.97021e-05
-0.000146337
8.8129e-05
-0.000141953
-0.000134774
0.00013665
0.000265996
-9.81971e-05
0.00022154
-0.000101881
0.000169551
-8.99644e-05
-8.46631e-05
0.000119441
0.000153616
-0.000126051
0.00012647
-7.47345e-05
0.000185261
-0.000148755
-8.20706e-05
0.000182668
0.000137446
-9.91624e-05
0.000172816
-0.000110104
8.90184e-05
-6.49575e-05
-7.2625e-05
7.95728e-05
8.67129e-05
-6.9549e-05
6.36605e-05
-8.70519e-05
8.58644e-05
-8.71614e-05
-8.79525e-05
0.000101192
0.000157155
-4.21705e-05
0.000148931
-7.88275e-05
0.000143777
-8.20076e-05
-8.39574e-05
0.000139782
0.000137904
-4.04806e-05
0.000136572
-7.74948e-05
0.000139191
-8.46273e-05
-9.34601e-05
0.000148694
8.10435e-05
-5.14319e-05
7.12816e-05
-6.77329e-05
6.32591e-05
-7.66047e-05
-8.53346e-05
5.51336e-05
0.000116417
-5.72016e-05
0.000121221
-7.25374e-05
0.000126198
-8.15812e-05
-5.39939e-05
9.48573e-05
8.90487e-05
-6.65388e-05
8.9837e-05
-7.33258e-05
8.49896e-05
-7.67338e-05
-4.77423e-05
7.87379e-05
9.25721e-05
-4.12386e-05
9.52093e-05
-7.59629e-05
6.5338e-05
-4.68625e-05
-4.56802e-05
6.3276e-05
9.39157e-05
-8.76865e-05
6.89078e-05
-5.09551e-05
7.71869e-05
-5.51416e-05
-5.29849e-05
8.44916e-05
1.60906e-05
-4.27343e-05
4.36258e-05
-7.84903e-05
3.38093e-05
-4.53251e-05
-8.18902e-05
6.27146e-05
4.30208e-05
-6.27763e-05
3.28457e-05
-6.83152e-05
5.88479e-05
-7.13274e-05
-4.21827e-05
1.91404e-05
4.56372e-05
-4.40598e-05
2.5225e-05
-4.7903e-05
1.34884e-06
-4.74512e-05
-4.69266e-05
6.09273e-06
7.74691e-06
2.13697e-05
3.59754e-05
5.45591e-05
-3.69934e-05
0.000160187
3.4919e-05
-2.4353e-06
6.52994e-05
-4.91467e-05
4.94947e-05
-3.07048e-05
1.8987e-05
-3.88873e-06
3.39944e-05
-6.49727e-05
3.60908e-05
-7.83633e-05
5.82838e-05
-5.6869e-05
4.27003e-05
-4.26889e-05
3.30136e-05
-3.3924e-05
2.71504e-05
-2.53545e-05
1.96816e-05
-2.19195e-05
-2.02031e-06
-2.42889e-05
-1.27305e-05
-2.30845e-05
-2.04439e-05
-9.96883e-06
1.2119e-05
-2.46672e-05
2.67386e-05
1.65162e-05
5.15361e-05
8.49124e-05
0.000169381
-2.80728e-05
0.000116122
-2.48923e-05
-5.61577e-06
-5.58112e-05
-1.82278e-05
-9.75739e-05
1.10578e-05
-8.52655e-05
-1.61971e-05
7.9792e-06
-0.000158217
4.0864e-06
-7.44705e-05
-1.57235e-05
-3.70591e-05
-2.67708e-05
-3.16416e-05
-4.29306e-05
-1.77642e-05
-4.21975e-05
-2.60876e-05
-3.34107e-05
-3.07063e-05
-1.4423e-05
-4.32766e-05
-2.65451e-05
-1.09625e-05
-2.38634e-05
-1.26505e-05
7.08376e-06
-5.56143e-05
4.59084e-05
-2.23085e-05
4.35366e-05
8.72843e-05
0.000212918
-4.07282e-05
8.71962e-05
-0.000102323
5.5979e-05
-0.000111234
-9.31717e-06
-0.000120233
2.00571e-05
-0.00011735
-1.90797e-05
-0.000131024
-0.000144544
-0.00012566
-7.98351e-05
-7.47736e-05
-8.7945e-05
-9.71388e-05
-9.27629e-06
-8.52931e-05
-2.96099e-05
-6.00432e-05
-5.13376e-05
-1.96874e-05
-7.10621e-05
-2.31461e-05
-3.98179e-05
-1.70988e-05
-1.70098e-05
-2.71413e-06
-2.70352e-05
-1.72615e-05
-4.10669e-05
-3.90547e-05
-5.15246e-07
-8.14302e-06
5.63726e-05
0.000204775
-5.62208e-05
7.25643e-05
-0.000101672
0.00010143
-0.000186478
7.5489e-05
-0.000147312
-1.91089e-05
-0.000126449
-3.99428e-05
-0.000178757
-9.22359e-05
-9.42997e-05
-0.000164293
-0.000127486
-5.47587e-05
-9.30545e-05
-4.37078e-05
-8.07192e-05
-4.19452e-05
-6.52059e-05
-6.68509e-05
-7.23888e-05
-6.38793e-05
-2.96261e-05
-8.25805e-05
-7.02399e-05
2.36039e-05
-0.000162853
6.55776e-05
-0.000201623
-2.29635e-06
-0.000188981
-1.31577e-05
-0.000140193
7.58481e-06
6.45817e-05
-5.87651e-05
4.24558e-05
-0.000158832
0.000201498
-0.000265351
0.000182008
-0.000274286
-1.01743e-05
-0.000183631
-0.000130598
-0.000141781
-0.000134086
-0.000189533
-0.00011654
-0.000163086
-8.12059e-05
-9.05795e-05
-0.000116214
-7.39848e-05
-5.85399e-05
-6.63341e-05
-7.45016e-05
-6.79899e-05
-6.22234e-05
-0.000112132
-3.8438e-05
-0.000207314
0.000118785
-0.000267383
0.000125647
-0.000243962
-2.5718e-05
-0.000186553
-7.05663e-05
-0.000115567
-6.3401e-05
-5.09855e-05
-0.000154354
7.90265e-05
-0.000214081
0.000261224
-0.000205947
0.000173874
-0.00012172
-9.44009e-05
-9.24156e-05
-0.000159903
-0.000136816
-8.96853e-05
-0.000150727
-0.00010263
-0.000142603
-8.93298e-05
-0.000118255
-0.000140561
-0.000100801
-7.59941e-05
-6.84064e-05
-0.000106896
-4.11611e-05
-8.94688e-05
-0.000151865
7.22658e-05
-0.000211163
0.000178083
-0.000191055
0.00010554
-0.000148156
-6.86171e-05
-0.000114627
-0.000104096
-3.89541e-05
-0.000139074
-8.99396e-05
-0.000136891
0.000138801
-0.000129788
0.000254121
-4.1022e-05
8.5108e-05
-1.94488e-05
-0.000115974
-7.76187e-06
-0.000171589
-4.89601e-05
-4.8487e-05
-0.000138851
-1.2739e-05
-0.000126308
-0.000101872
-0.000110756
-0.000156114
-4.53827e-05
-0.000141368
-4.0723e-05
-0.000111556
-0.000121395
-8.79663e-06
-0.000220101
0.000170971
-0.000236779
0.000194761
-0.000178543
4.73036e-05
-0.000144206
-0.000102954
-0.000154373
-9.39287e-05
-0.000117671
-0.000175776
-0.000207611
-5.09653e-05
0.000137033
-5.31972e-05
0.000256353
2.00683e-05
1.18425e-05
7.15256e-06
-0.000103058
5.90818e-06
-0.000170345
7.29053e-05
-0.000115484
4.23812e-06
5.59281e-05
-8.92614e-05
-8.37291e-06
-9.06969e-05
-0.000154678
-9.13142e-05
-0.00014075
-0.00010535
-9.75205e-05
-0.000173214
5.9068e-05
-0.000221296
0.000219053
-0.00024826
0.000221726
-0.000266807
6.585e-05
-0.000292382
-7.7378e-05
-0.000273998
-0.000112313
-0.000106574
-0.0003432
-0.000314185
-9.33571e-05
0.000167444
-6.61574e-05
0.000229153
-2.07375e-05
-3.35775e-05
1.46214e-05
-0.000138417
-2.73218e-05
-0.000128402
-1.65793e-05
-0.000126227
2.54877e-05
1.38611e-05
4.42969e-05
-2.71821e-05
-3.79826e-05
-7.23987e-05
-7.99548e-05
-9.8778e-05
-9.35587e-05
-8.39166e-05
-0.000102546
6.80554e-05
-0.000137048
0.000253554
-0.000170765
0.000255443
-0.000260688
0.000155773
-0.000229491
-0.000108574
-0.000159384
-0.00018242
-8.49204e-05
-0.000417663
-0.000399105
-0.000106765
0.000145362
-1.94819e-05
0.000141871
1.42648e-05
-6.73242e-05
-2.21325e-05
-0.00010202
-5.36191e-05
-9.69153e-05
-7.30443e-05
-0.000106801
-5.49164e-05
-4.26682e-06
-8.22192e-06
-7.38766e-05
-1.26357e-05
-6.7985e-05
-7.5959e-05
-3.54547e-05
-8.90348e-05
-7.08408e-05
-5.7601e-05
3.66216e-05
-5.07159e-05
0.000246669
-4.58116e-05
0.000250539
-0.000119861
0.000229822
-0.00020453
-2.39048e-05
-9.10441e-05
-0.000295907
-5.02085e-05
-0.000458499
-0.000449314
-6.86264e-05
0.000103719
-2.44156e-06
7.56858e-05
2.00703e-05
-8.9836e-05
-2.63098e-05
-5.56398e-05
-5.62415e-05
-6.69836e-05
-7.11619e-05
-9.1881e-05
-1.85243e-05
-5.69045e-05
2.24527e-05
-0.000114853
-1.64154e-06
-4.38908e-05
-2.74783e-05
-9.61797e-06
-6.63214e-05
-3.19977e-05
-2.06027e-05
-9.09706e-06
1.23833e-05
0.000213683
7.50888e-06
0.000255413
-3.90116e-05
0.000276343
-6.79821e-05
5.06572e-06
-3.62693e-05
-0.000327619
-5.74993e-06
-0.000489018
-0.000455064
-3.58269e-05
5.14617e-05
1.94809e-05
2.0378e-05
-3.49223e-05
-3.54328e-05
-0.000108717
1.81544e-05
-9.88e-05
-7.69002e-05
-5.72039e-05
-0.000133477
9.05019e-06
-0.000123159
1.42818e-05
-0.000120085
1.68057e-05
-4.64146e-05
-1.391e-06
8.5787e-06
-6.84388e-06
-2.65448e-05
7.33606e-06
-2.3277e-05
2.05992e-05
0.00020042
1.2384e-05
0.000263628
2.18506e-05
0.000266876
7.13778e-05
-4.44615e-05
7.93074e-05
-0.000335549
4.92229e-05
-0.000458934
-0.000405841
-6.13401e-05
3.20449e-05
-9.45923e-05
5.36302e-05
-0.000147626
1.76007e-05
-0.000172259
4.27875e-05
-0.000176791
-7.23677e-05
-0.000159962
-0.000150306
-0.000123356
-0.000159765
-0.000113075
-0.000130367
-4.10835e-05
-0.000118406
6.80298e-06
-3.93077e-05
-2.39679e-07
-1.95021e-05
4.06745e-06
-2.75841e-05
3.0653e-05
0.000173834
0.000125521
0.000168761
0.000204374
0.000188023
0.000257533
-9.76211e-05
0.000205785
-0.000283801
0.000115991
-0.000369139
-0.00028985
-0.000352189
-2.17225e-05
-0.000304955
6.39589e-06
-0.000275277
-1.20774e-05
-0.00016601
-6.64798e-05
-0.000158833
-7.95447e-05
-0.000244003
-6.51357e-05
-0.000240321
-0.000163447
-0.000195547
-0.00017514
-0.000146472
-0.000167481
-8.5905e-05
-9.98751e-05
-4.32514e-05
-6.21557e-05
-4.31058e-05
-2.77298e-05
4.93268e-05
8.14018e-05
0.000155986
6.21018e-05
0.000319924
2.4085e-05
0.000356498
-0.000134195
0.00031439
-0.000241693
0.00015453
-0.000209279
-0.00013532
-0.000368494
-5.64609e-05
-0.000290765
-7.13335e-05
-0.000276168
-2.66742e-05
-0.00026563
-7.7018e-05
-0.000254778
-9.03966e-05
-0.000222169
-9.77444e-05
-0.000223938
-0.000161677
-0.000217931
-0.000181148
-0.000189865
-0.000195546
-0.000141832
-0.000147908
-0.000108695
-9.52932e-05
-0.000104095
-3.23294e-05
-1.37172e-05
-8.97627e-06
7.77172e-05
-2.93326e-05
0.000222582
-0.00012078
0.000264746
-0.000176359
0.000196631
-0.000173578
9.2995e-05
-0.000105643
-4.23248e-05
-0.00026306
-8.51645e-05
-0.000210046
-0.000124348
-0.000125316
-0.000111404
-0.000104905
-9.74293e-05
-0.000143113
-5.21881e-05
-0.000116511
-0.000124347
-0.000109778
-0.000168411
-0.000111597
-0.000179329
-0.000134468
-0.000172676
-0.000131183
-0.000151193
-8.16409e-05
-0.000144835
-4.96572e-05
-6.4313e-05
1.46945e-05
-7.33279e-05
3.39159e-05
-4.8554e-05
9.10979e-05
-0.000177962
0.000138582
-0.000223844
0.000122129
-0.000157125
8.32569e-05
-6.67705e-05
4.09321e-05
-0.000154875
-0.000163966
-0.000118023
-0.0001612
-0.000132268
-9.71592e-05
-9.53759e-05
-0.000134321
-3.27502e-05
-0.000114814
-2.18134e-06
-0.000154916
1.83275e-06
-0.000172425
5.60775e-06
-0.000183104
2.65948e-06
-0.000169727
-2.03515e-06
-0.000146498
-3.70154e-05
-0.000109855
1.41878e-05
-0.000115516
3.54828e-05
-9.4623e-05
0.000104276
-0.000117347
5.91354e-05
-0.000132821
6.84008e-05
-0.000233109
2.29228e-05
-0.000111647
-1.07745e-06
-4.27703e-05
3.98547e-05
-0.00012336
-0.0002044
-8.94308e-05
-0.000195129
-7.20346e-05
-0.000114555
-2.93968e-05
-0.000176959
4.2759e-06
-0.000148486
2.11912e-05
-0.000171831
1.97242e-05
-0.000170958
1.41907e-05
-0.00017757
5.53334e-06
-0.00016107
1.23799e-05
-0.000153345
3.39044e-06
-0.000100866
2.5572e-05
-0.000137698
2.81104e-05
-9.71613e-05
8.2534e-05
-0.000171771
6.85049e-05
-0.000118792
1.52303e-05
-0.000179834
-3.90545e-05
-5.73622e-05
-4.43598e-05
-3.7465e-05
-4.50507e-06
-0.000111524
-0.000241427
-5.44926e-05
-0.000252161
-3.10999e-05
-0.000137948
1.12388e-05
-0.000219298
4.4948e-05
-0.000182196
3.58821e-05
-0.000162765
3.37785e-05
-0.000168854
2.65826e-05
-0.000170374
3.89553e-05
-0.000173443
3.9813e-07
-0.000114788
-7.08113e-06
-9.33862e-05
1.3653e-05
-0.000158432
4.35522e-05
-0.00012706
3.94215e-05
-0.00016764
-3.39406e-06
-7.59763e-05
-6.53068e-05
-0.000117921
-7.69948e-05
-4.56742e-05
-5.46777e-05
-5.9782e-05
-5.91828e-05
-8.17661e-05
-0.000266358
-3.4483e-05
-0.000299444
-8.76313e-06
-0.000163668
1.49226e-05
-0.000242984
4.73428e-05
-0.000214616
3.86508e-05
-0.000154073
3.95787e-05
-0.000169782
5.08781e-05
-0.000181673
4.41296e-05
-0.000166694
3.26922e-05
-0.00010335
2.63907e-05
-8.70847e-05
1.46475e-05
-0.000146689
-2.0259e-06
-0.000110387
-4.35226e-05
-0.000126144
-3.23291e-05
-8.71698e-05
-5.95272e-05
-9.07233e-05
-7.15793e-05
-3.36222e-05
-4.20324e-05
-8.93288e-05
-0.000101215
-1.90001e-05
-0.000220497
-9.51698e-05
-0.000223275
1.54424e-05
-0.00027428
2.91917e-05
-0.000256733
4.79625e-05
-0.000233387
7.01374e-05
-0.000176248
8.22001e-05
-0.000181845
2.30684e-05
-0.000122542
1.59906e-05
-0.000159616
4.8515e-05
-0.000135874
6.17758e-05
-0.000100345
2.3826e-05
-0.000108739
2.95156e-06
-8.95126e-05
-4.30321e-05
-8.01599e-05
-4.51411e-05
-8.50607e-05
-9.36467e-05
-4.22177e-05
-4.45525e-05
-8.27163e-05
-1.87579e-05
-0.000115124
-0.000119973
1.61262e-05
-0.000233593
1.65083e-05
-0.000223657
4.79194e-05
-0.000305691
6.07571e-05
-0.000269571
7.19342e-05
-0.000244564
2.58735e-05
-0.000130187
5.7657e-05
-0.000213628
4.05371e-05
-0.000105422
3.96885e-05
-0.000158768
5.19851e-05
-0.000148171
4.48945e-05
-9.32549e-05
2.28654e-05
-8.67097e-05
5.02035e-06
-7.16674e-05
-1.82077e-05
-5.69318e-05
-2.2579e-05
-8.06894e-05
-2.41278e-05
-4.06689e-05
-3.76023e-05
-6.92418e-05
-1.61863e-05
-0.00013654
-0.000136159
4.72929e-05
-0.000334401
3.51414e-05
-0.000211505
4.19558e-05
-0.000312506
6.36514e-05
-0.000291266
7.01069e-05
-0.000251019
8.19691e-05
-0.000142049
2.72974e-05
-0.000158957
7.77995e-05
-0.000155924
8.48655e-05
-0.000165834
3.51672e-05
-9.84727e-05
5.41065e-05
-0.000112194
4.36921e-05
-7.62953e-05
1.44378e-05
-4.24131e-05
-1.16861e-05
-3.08079e-05
-1.95814e-05
-7.2794e-05
-1.7619e-05
-4.26312e-05
-4.70598e-06
-8.21548e-05
-3.11773e-06
-0.000138128
-0.000139277
2.27084e-05
-0.00024858
7.36723e-05
-0.000262469
5.19231e-05
-0.000290756
4.37663e-05
-0.00028311
6.23801e-05
-0.000269633
6.8817e-05
-0.000148486
5.70435e-05
-0.000147183
8.65942e-05
-0.000185474
7.34273e-05
-0.000152667
0.000103425
-0.00012847
8.13241e-05
-9.00933e-05
5.72261e-05
-5.21973e-05
2.01176e-05
-5.30454e-06
-6.34098e-06
-4.34927e-06
-1.27221e-05
-6.64129e-05
3.97574e-06
-5.9329e-05
1.1757e-05
-8.9936e-05
6.33551e-06
-0.000132706
-0.000132941
6.32341e-05
-0.000207753
9.15262e-05
-0.000290761
8.80155e-05
-0.000287246
7.06482e-05
-0.000265742
3.52697e-05
-0.000234254
0.00010237
-0.000215586
7.58438e-05
-0.000120657
6.42937e-05
-0.000173924
5.74532e-05
-0.000145826
5.82174e-05
-0.000129235
5.95838e-05
-9.14596e-05
3.20856e-05
-2.4699e-05
2.11152e-05
5.66583e-06
7.16348e-06
9.60249e-06
-1.91002e-05
-4.01492e-05
-8.8736e-06
-6.95557e-05
4.44134e-05
-0.000143223
2.50583e-05
-0.000113351
-0.000107883
0.000155172
-0.000296698
5.92312e-05
-0.000194821
6.15225e-05
-0.000289537
6.00998e-05
-0.00026432
7.5944e-05
-0.000250099
8.96366e-05
-0.000229279
7.85082e-05
-0.000109529
7.55539e-05
-0.00017097
6.90317e-05
-0.000139304
6.72613e-05
-0.000127464
7.05717e-05
-9.477e-05
4.56633e-05
2.09406e-07
2.93529e-05
2.19763e-05
1.76617e-05
2.12936e-05
-2.27763e-05
2.88931e-07
2.13167e-05
-0.000113649
2.38517e-05
-0.000145758
1.93749e-05
-0.000108874
-8.85082e-05
0.000133269
-0.000293317
0.000138722
-0.000200274
0.000128021
-0.000278836
0.000105875
-0.000242174
9.89244e-05
-0.000243148
0.00011527
-0.000245624
0.000174911
-0.00016917
0.000175505
-0.000171564
0.000156391
-0.00012019
9.06357e-05
-6.17087e-05
6.22431e-05
-6.63775e-05
5.89758e-05
3.47676e-06
4.50208e-05
3.59314e-05
3.87442e-05
2.75702e-05
5.67408e-06
3.33591e-05
1.25075e-05
-0.000120482
2.23022e-05
-0.000155553
2.11564e-05
-0.000107729
-6.73518e-05
0.000112865
-0.000286741
0.00016784
-0.000255249
0.000176112
-0.000287109
0.000133893
-0.000199954
8.85828e-05
-0.000197838
0.000136727
-0.000293769
0.000177839
-0.000210281
0.000109141
-0.000102867
0.000144246
-0.000155295
0.000133236
-5.06986e-05
7.38471e-05
-6.9883e-06
5.53242e-05
2.19997e-05
3.94779e-05
5.17777e-05
3.54534e-05
3.15947e-05
3.07522e-05
3.80603e-05
3.65572e-05
-0.000126287
2.53672e-05
-0.000144363
1.99757e-05
-0.000102337
-4.73762e-05
9.15808e-05
-0.000195654
0.000145049
-0.000308718
8.34977e-05
-0.000225557
0.000118491
-0.000234947
0.000153441
-0.000232788
0.000172385
-0.000312713
0.000181873
-0.000219768
0.00019561
-0.000116604
0.000195645
-0.00015533
0.000206324
-6.13778e-05
0.000189704
9.63244e-06
0.00012876
8.29437e-05
9.34219e-05
8.71156e-05
5.56255e-05
6.93911e-05
6.55029e-05
2.81829e-05
5.59895e-05
-0.000116774
2.88003e-05
-0.000117174
1.78881e-05
-9.14248e-05
-2.94881e-05
0.000183306
-0.000299387
9.86909e-05
-0.000224102
8.51286e-05
-0.000211995
0.000140949
-0.000290768
0.000218083
-0.000309922
0.000100751
-0.000195381
0.000139793
-0.000258811
0.000194968
-0.000171778
0.000114392
-7.47537e-05
9.58663e-05
-4.28526e-05
6.07774e-05
4.47215e-05
5.31517e-05
9.05693e-05
5.00561e-05
9.02112e-05
6.10546e-05
5.83927e-05
8.27889e-05
6.44856e-06
6.39298e-05
-9.79144e-05
3.21131e-05
-8.53569e-05
1.62577e-05
-7.55694e-05
-1.32304e-05
7.54745e-05
-0.000273669
0.000153688
-0.000302316
0.000151255
-0.000209562
7.83808e-05
-0.000217894
9.2457e-05
-0.000323998
0.000212853
-0.000315776
0.000136808
-0.000182766
0.000163022
-0.000197993
0.000154894
-6.66251e-05
9.08745e-05
2.11665e-05
8.69236e-05
4.86724e-05
0.000112667
6.4826e-05
9.15272e-05
0.000111351
5.67309e-05
9.3189e-05
8.55305e-05
-2.2351e-05
6.35237e-05
-7.59075e-05
4.58851e-05
-6.77183e-05
1.46991e-05
-4.43834e-05
1.46875e-06
0.000124475
-0.000258363
8.96742e-05
-0.000267515
6.29429e-05
-0.00018283
0.000153239
-0.00030819
0.000153081
-0.000323841
0.000162666
-0.000325361
0.000161832
-0.000181932
0.000175422
-0.000211583
0.000196239
-8.7442e-05
0.000174121
4.32845e-05
0.000116976
0.000105817
9.3343e-05
8.84591e-05
6.00182e-05
0.000144676
7.32418e-05
7.99654e-05
8.75529e-05
-3.66622e-05
6.63564e-05
-5.4711e-05
4.36411e-05
-4.5003e-05
1.62959e-05
-1.70382e-05
1.77646e-05
5.88337e-05
-0.000168503
5.37231e-05
-0.000262404
0.000135183
-0.00026429
0.00012348
-0.000296487
0.00011614
-0.0003165
0.000127176
-0.000336396
0.000170268
-0.000225024
0.00013144
-0.000172755
6.33608e-05
-1.93629e-05
7.17682e-05
3.48771e-05
0.00012199
5.55957e-05
8.60249e-05
0.000124424
9.17164e-05
0.000138984
7.33969e-05
9.82849e-05
6.93445e-05
-3.26098e-05
6.58382e-05
-5.12046e-05
2.42039e-05
-3.36873e-06
1.2259e-05
-5.09325e-06
3.00236e-05
0.000122222
-0.000235591
0.000132977
-0.000273159
5.53644e-05
-0.000186678
8.79671e-05
-0.00032909
9.21169e-05
-0.00032065
9.2564e-05
-0.000336844
9.60204e-05
-0.00022848
6.75297e-05
-0.000144265
6.77663e-05
-1.95995e-05
4.54631e-05
5.71803e-05
1.83112e-05
8.27477e-05
5.77107e-05
8.50244e-05
4.68351e-05
0.00014986
4.91065e-05
9.60136e-05
5.98571e-05
-4.33604e-05
3.26137e-05
-2.39612e-05
2.77612e-05
1.4838e-06
6.10397e-06
1.6564e-05
3.61275e-05
8.49422e-05
-0.000225676
8.06286e-05
-0.000268845
7.60456e-05
-0.000182095
5.56279e-05
-0.000308672
4.71943e-05
-0.000312217
5.11458e-05
-0.000340795
-1.93373e-05
-0.000157997
-1.89955e-05
-0.000144606
-1.70493e-05
-2.15458e-05
-9.81719e-06
4.99482e-05
-3.04795e-06
7.59784e-05
-9.91663e-06
9.18931e-05
-9.24229e-06
0.000149185
3.44971e-05
5.22742e-05
4.22336e-05
-5.10969e-05
1.86901e-05
-4.17643e-07
5.4571e-06
1.47168e-05
1.36706e-06
2.0654e-05
3.74946e-05
6.70407e-05
-0.000213979
3.03257e-05
-0.00023213
8.79029e-05
-0.000239672
5.38268e-05
-0.000274596
6.15439e-05
-0.000319934
-3.80265e-05
-0.000241225
-1.91271e-05
-0.000176896
-2.74567e-06
-0.000160988
-1.07536e-05
-1.35378e-05
-1.2669e-05
5.18637e-05
5.68931e-06
5.76201e-05
-2.55892e-05
0.000123172
-3.87354e-06
0.00012747
8.35174e-06
4.00489e-05
3.50925e-06
-4.62544e-05
2.10396e-06
9.87652e-07
-4.38146e-06
2.12022e-05
-8.78695e-06
2.50595e-05
2.87076e-05
6.29119e-05
-0.000213615
5.24255e-05
-0.000221644
4.5662e-05
-0.000232908
2.49579e-05
-0.000253892
1.60724e-06
-0.000296583
-1.94417e-05
-0.000220176
3.48284e-05
-0.000231166
1.53354e-05
-0.000141495
-5.2742e-06
7.0718e-06
5.32306e-06
4.12664e-05
-1.08074e-05
7.37506e-05
-1.44357e-05
0.0001268
2.29807e-05
9.00534e-05
4.25061e-05
2.05235e-05
1.14081e-05
-1.51564e-05
-6.77076e-07
1.30728e-05
-6.11864e-06
2.66438e-05
-1.87136e-06
2.08122e-05
2.68363e-05
2.27804e-05
-0.000151904
3.5508e-05
-0.000234372
2.13057e-05
-0.000218706
8.65623e-06
-0.000241242
-2.63781e-05
-0.000261549
-3.99633e-07
-0.000246154
-1.12031e-05
-0.000220363
-3.48453e-05
-0.000117853
-5.35542e-06
-2.24181e-05
-1.09839e-05
4.6895e-05
-5.5479e-06
6.83145e-05
4.55755e-05
7.56765e-05
5.86142e-05
7.70147e-05
2.52631e-05
5.38746e-05
6.52908e-06
3.57763e-06
3.38721e-06
1.62147e-05
-3.94591e-06
3.39769e-05
-4.31547e-06
2.11818e-05
2.25208e-05
3.82583e-05
-0.000127447
3.6463e-05
-0.000232576
4.72056e-05
-0.000229449
-2.18355e-05
-0.000172201
-2.68993e-05
-0.000256485
-2.20765e-05
-0.000250977
-9.25329e-05
-0.000149907
-9.54161e-05
-0.00011497
-6.97954e-06
-0.000110855
3.53018e-05
4.61359e-06
2.90251e-05
7.45913e-05
4.26045e-05
6.20972e-05
6.3583e-05
5.60361e-05
4.95236e-05
6.7934e-05
1.76246e-05
3.54766e-05
6.49621e-06
2.73431e-05
-3.77205e-07
4.08503e-05
3.19956e-06
1.7605e-05
2.57204e-05
6.37182e-05
-0.000172025
5.83422e-05
-0.0002272
-3.35482e-06
-0.000167752
-1.00001e-05
-0.000165556
-6.07251e-06
-0.000260412
-7.2399e-05
-0.00018465
-6.76766e-05
-0.000154629
-3.92181e-05
-0.000143428
-5.01076e-05
-9.99652e-05
-8.95357e-06
-3.65404e-05
3.28606e-05
3.27771e-05
6.46571e-05
3.03007e-05
3.86328e-05
8.20604e-05
6.01274e-05
4.64393e-05
4.01277e-05
5.54764e-05
2.15346e-05
4.59361e-05
1.46362e-05
4.77487e-05
1.07542e-05
2.1487e-05
3.64746e-05
2.2022e-05
-0.000187954
1.77148e-05
-0.000222893
1.1684e-05
-0.000161721
2.27373e-06
-0.000156146
-9.8337e-06
-0.000248305
-3.24346e-05
-0.00016205
-4.34175e-05
-0.000143646
-5.60299e-05
-0.000130816
-5.19632e-05
-0.000104032
-2.371e-05
-6.47937e-05
2.46116e-05
-1.55445e-05
6.73742e-05
-1.24619e-05
6.05412e-05
8.88934e-05
3.10217e-05
7.59589e-05
-2.21879e-06
8.87169e-05
-9.99292e-06
5.37103e-05
5.6246e-06
3.21312e-05
7.24463e-06
1.9867e-05
4.37192e-05
2.06268e-05
-2.45861e-05
-1.38922e-06
2.22079e-05
-3.50928e-05
-2.25327e-05
-1.42276e-05
-6.97381e-06
-9.60483e-07
1.21088e-05
4.15741e-05
6.23402e-05
0.000115892
3.98805e-05
1.32647e-05
2.07385e-05
6.22008e-06
-4.28579e-06
)
;

boundaryField
{
    leftWall
    {
        type            calculated;
        value           uniform 0;
    }
    rightWall
    {
        type            calculated;
        value           uniform 0;
    }
    lowerWall
    {
        type            calculated;
        value           uniform 0;
    }
    atmosphere
    {
        type            calculated;
        value           nonuniform List<scalar> 
46
(
0.00016606
0.00015143
0.000135422
0.000119633
0.000111479
7.96226e-05
0.000109307
8.70986e-05
8.99158e-05
7.31999e-05
6.29306e-05
5.89402e-05
5.37994e-05
6.03583e-05
1.80988e-05
1.90512e-05
4.14684e-05
5.90416e-05
2.81467e-05
4.21284e-05
-1.53955e-05
-4.6985e-05
-0.000105907
-5.69424e-05
-6.15258e-05
-6.20568e-05
-6.55103e-05
-0.000154022
-0.00017768
-0.000184918
-0.000179743
-0.000191004
-0.00017461
-0.000151951
-0.000138069
-0.000110045
-7.78629e-05
-4.50098e-05
-3.3228e-05
3.53421e-05
0.00015197
0.000115333
4.62364e-05
4.66496e-05
3.03729e-05
3.94335e-05
)
;
    }
    defaultFaces
    {
        type            empty;
    }
}


// ************************************************************************* //
