/*--------------------------------*- C++ -*----------------------------------*\
| =========                 |                                                 |
| \\      /  F ield         | foam-extend: Open Source CFD                    |
|  \\    /   O peration     | Version:     4.1                                |
|   \\  /    A nd           | Web:         http://www.foam-extend.org         |
|    \\/     M anipulation  |                                                 |
\*---------------------------------------------------------------------------*/
FoamFile
{
    version     2.0;
    format      ascii;
    class       volVectorField;
    location    "0.6";
    object      U;
}
// * * * * * * * * * * * * * * * * * * * * * * * * * * * * * * * * * * * * * //

dimensions      [0 1 -1 0 0 0 0];

internalField   nonuniform List<vector> 
2268
(
(0.0339117 -0.0042033 0)
(0.0321808 -0.000827174 0)
(0.0465252 -0.00242229 0)
(0.0780242 -0.00347042 0)
(0.0851231 0.00181691 0)
(0.0891314 0.000391166 0)
(0.069963 0.00284765 0)
(0.0621442 0.00312221 0)
(0.0361112 0.00336289 0)
(0.0316184 -0.00773973 0)
(0.0302535 -0.00649047 0)
(0.0379161 -0.00319645 0)
(0.0498836 0.00160551 0)
(0.056065 0.00109001 0)
(0.0637877 0.00056972 0)
(0.0666303 0.00016603 0)
(0.0712271 -0.000859488 0)
(0.0743068 0.000519337 0)
(0.0722916 0.000401582 0)
(0.0681994 0.00347848 0)
(0.054024 0.00767973 0)
(0.0321407 0.00387483 0)
(0.0171173 0.00779854 0)
(0.0300784 -0.0111817 0)
(0.0323481 -0.0022721 0)
(0.0554271 -0.00782003 0)
(0.0803251 -0.00562048 0)
(0.0865846 -0.00419491 0)
(0.0907867 0.00391824 0)
(0.0722357 0.00890038 0)
(0.063773 0.00560464 0)
(0.0373722 0.00364363 0)
(0.0495954 0.0118784 0)
(0.0288736 -0.0132916 0)
(0.0251863 -0.00523127 0)
(0.0333939 -0.0116735 0)
(0.0346617 -0.00812868 0)
(0.0423657 -0.010864 0)
(0.04668 -0.00356248 0)
(0.0535784 -0.00574874 0)
(0.0617812 -0.00067283 0)
(0.0630965 0.00261817 0)
(0.0608347 0.00477751 0)
(0.0490085 0.00955573 0)
(0.0297019 0.0133843 0)
(0.00389574 0.0155342 0)
(0.0215993 -0.0187286 0)
(0.0294778 -0.00696822 0)
(0.0661974 -0.0132492 0)
(0.0781935 -0.0107617 0)
(0.0855482 -0.000569943 0)
(0.0920873 0.0044241 0)
(0.0705911 0.0137977 0)
(0.0631352 0.0112563 0)
(0.0452447 0.0040636 0)
(0.0478423 -0.0041985 0)
(0.0300187 -0.0162739 0)
(0.0271462 -0.0107982 0)
(0.0237971 -0.0152808 0)
(0.0217027 -0.0106876 0)
(0.0245452 -0.00974432 0)
(0.0279816 -0.00508703 0)
(0.0318013 -0.00520851 0)
(0.0427251 -0.00442145 0)
(0.0472568 0.00450034 0)
(0.0494173 0.0101051 0)
(0.0447416 0.0226317 0)
(0.0296714 0.024786 0)
(0.0100862 0.0239258 0)
(0.0134788 -0.0229606 0)
(0.0283542 -0.0129311 0)
(0.0755832 -0.0186423 0)
(0.0768904 -0.0103201 0)
(0.0965188 -0.00683668 0)
(0.0974276 0.00828949 0)
(0.0724695 0.0230629 0)
(0.0556978 0.0132406 0)
(0.0365953 0.00977281 0)
(0.00776385 -0.00883655 0)
(0.00213668 -0.00355253 0)
(-0.0225892 0.00476299 0)
(-0.0318712 0.00162824 0)
(-0.0434431 -0.0011581 0)
(-0.0436684 -0.00526936 0)
(-0.0407953 -0.00653527 0)
(-0.0335813 -0.0135804 0)
(-0.0170199 -0.00775543 0)
(-0.00728708 -0.00189726 0)
(0.0160591 0.00571576 0)
(0.0288638 0.0185482 0)
(0.0281026 0.0299962 0)
(0.00947589 0.0339169 0)
(0.0113644 -0.0284522 0)
(0.0330149 -0.0218721 0)
(0.0815272 -0.0242739 0)
(0.0828304 -0.0157219 0)
(0.10672 -0.00552871 0)
(0.0975143 0.010782 0)
(0.0597673 0.0299915 0)
(0.0462293 0.0176637 0)
(-0.00350008 -0.000359767 0)
(-0.0168592 0.024058 0)
(-0.0362724 -0.00370169 0)
(-0.0518538 0.00802225 0)
(-0.0591545 -0.00329827 0)
(-0.065011 -0.00313149 0)
(-0.0655237 -0.0106475 0)
(-0.0797267 -0.00960384 0)
(-0.0756348 -0.0151597 0)
(-0.064142 -0.016103 0)
(-0.0644432 -0.0163836 0)
(-0.0366389 -0.0070348 0)
(-0.0126299 0.0183709 0)
(0.0146659 0.0331544 0)
(0.0100786 0.0417701 0)
(0.0174466 -0.0330025 0)
(0.0444114 -0.0297722 0)
(0.0892381 -0.0296564 0)
(0.0875515 -0.0169068 0)
(0.108515 -0.00895134 0)
(0.0975424 0.0195294 0)
(0.0601435 0.0518388 0)
(0.0327389 0.0317523 0)
(-0.0260372 0.0243598 0)
(-0.0405753 0.0258231 0)
(-0.0648719 0.0112916 0)
(-0.0866159 0.0153292 0)
(-0.0910673 0.0109181 0)
(-0.0992303 0.000225634 0)
(-0.0957667 -0.00529642 0)
(-0.0972698 -0.00068335 0)
(-0.100248 -0.0253553 0)
(-0.0926025 -0.0145338 0)
(-0.087114 -0.0357233 0)
(-0.0675701 -0.0187094 0)
(-0.0685653 -0.00718546 0)
(-0.00902741 0.0201062 0)
(0.0101402 0.0470551 0)
(0.0251316 -0.0429251 0)
(0.0514956 -0.0393657 0)
(0.08922 -0.0336534 0)
(0.087446 -0.020589 0)
(0.117692 -0.00788087 0)
(0.11206 0.0236474 0)
(0.0496377 0.0499086 0)
(-0.00821882 0.0320888 0)
(-0.0599437 0.0351365 0)
(-0.070161 0.063784 0)
(-0.0871331 0.0188552 0)
(-0.105785 0.021949 0)
(-0.101592 0.00958182 0)
(-0.106942 0.000620163 0)
(-0.100381 -0.00698922 0)
(-0.114313 -0.00916804 0)
(-0.106668 -0.0519328 0)
(-0.0960003 -0.0201671 0)
(-0.0933816 -0.0390509 0)
(-0.0824049 -0.0154501 0)
(-0.0876413 -0.0251881 0)
(-0.0251521 0.0122856 0)
(0.00476138 0.0389132 0)
(0.0279936 -0.0511572 0)
(0.0520641 -0.0457165 0)
(0.0913612 -0.0381483 0)
(0.0924277 -0.0249299 0)
(0.128956 -0.0143252 0)
(0.108492 0.0351947 0)
(0.0461985 0.0455448 0)
(-0.0297312 0.0674249 0)
(-0.0565049 0.0569477 0)
(-0.09577 0.0511681 0)
(-0.124624 0.0269998 0)
(-0.121086 0.0209266 0)
(-0.113717 0.00898386 0)
(-0.117364 -0.000963544 0)
(-0.109349 -0.00776389 0)
(-0.124997 0.00649338 0)
(-0.109514 -0.0463021 0)
(-0.0852966 -0.023816 0)
(-0.0860319 -0.0505842 0)
(-0.0827106 -0.0237436 0)
(-0.0938355 -0.0359703 0)
(-0.0406184 -0.0209525 0)
(0.00087862 0.04914 0)
(-0.756074 0.286673 0)
(-1.52401 0.10572 0)
(-1.84281 -0.0141431 0)
(-1.92525 -0.0345303 0)
(-1.76978 -0.141096 0)
(-1.44694 -0.17547 0)
(-1.29695 -0.0705476 0)
(-1.23332 -0.0619035 0)
(-1.23212 -0.0324829 0)
(-1.3007 -0.0258919 0)
(-1.32583 -0.0216525 0)
(-1.26301 -0.0778149 0)
(-1.19242 -0.04678 0)
(-1.15814 -0.0277349 0)
(-1.12327 -0.169216 0)
(-1.03038 0.00941763 0)
(-0.411557 -0.152997 0)
(-0.107378 -0.239928 0)
(0.0881589 -0.0295451 0)
(-0.826385 0.612207 0)
(-1.47973 0.283513 0)
(-1.74725 0.160207 0)
(-1.80251 0.0982491 0)
(-1.46906 -0.174121 0)
(-1.07793 -0.188073 0)
(-0.983951 -0.0490997 0)
(-1.01756 0.0571915 0)
(-1.03766 0.0783687 0)
(-1.13017 0.0997153 0)
(-1.17158 0.0966173 0)
(-1.12988 -0.0276205 0)
(-1.03667 -0.0135523 0)
(-1.06261 -0.095504 0)
(-1.0493 -0.253538 0)
(-0.85051 -0.151939 0)
(-0.668258 -0.0597545 0)
(-0.164623 -0.159585 0)
(0.0947226 0.0227704 0)
(-0.799031 1.04686 0)
(-1.27052 0.541629 0)
(-1.54491 0.250707 0)
(-1.69354 -0.0974867 0)
(-1.2789 -0.272134 0)
(-0.327901 -0.299618 0)
(-0.254432 -0.0922132 0)
(-0.799886 -0.0278319 0)
(-0.839843 0.0314828 0)
(-1.02784 -0.0352992 0)
(-1.11634 -0.0695724 0)
(-1.06527 -0.0750318 0)
(-0.919788 -0.202411 0)
(-1.00975 -0.331029 0)
(-0.990476 -0.249937 0)
(-0.74037 -0.338923 0)
(-0.558445 -0.173781 0)
(-0.270872 -0.243621 0)
(-0.0253195 -0.0472795 0)
(-0.730529 1.20106 0)
(-0.827781 0.859197 0)
(-0.868774 0.0457148 0)
(-0.488383 -0.380806 0)
(-0.304244 -0.427759 0)
(-0.0827974 -0.418663 0)
(0.0144326 -0.0971514 0)
(0.250446 0.343286 0)
(-0.597494 0.36831 0)
(-0.455094 0.111893 0)
(-0.812997 -0.136538 0)
(-0.991312 0.204648 0)
(-0.68845 -0.139634 0)
(-0.965458 -0.392397 0)
(-1.05026 -0.214064 0)
(-0.804206 -0.262282 0)
(-0.600185 -0.292745 0)
(-0.411371 -0.363451 0)
(-0.147944 -0.0779543 0)
(-0.655733 1.30803 0)
(0.0221507 1.02787 0)
(0.0956245 -0.00957444 0)
(-0.108254 -0.129432 0)
(0.0668131 -0.417665 0)
(0.0265512 -0.41374 0)
(0.0469078 -0.157064 0)
(0.570136 0.0813291 0)
(0.373875 0.335895 0)
(0.605652 0.318501 0)
(1.43564 0.0713047 0)
(0.422983 -0.0363705 0)
(0.894028 -0.246854 0)
(-0.600431 -0.203146 0)
(-0.806072 -0.0253866 0)
(-0.80594 -0.0958499 0)
(-0.629574 -0.361387 0)
(-0.460273 -0.416556 0)
(-0.3479 -0.309681 0)
(-0.634219 1.35668 0)
(0.668094 0.935512 0)
(0.360455 0.0562851 0)
(0.148159 -0.410545 0)
(0.197473 -0.46852 0)
(0.0711509 -0.406392 0)
(0.0630601 -0.176576 0)
(0.427454 0.0102654 0)
(0.683866 0.19152 0)
(0.835055 0.198937 0)
(1.14198 0.0932584 0)
(1.32557 -0.0326753 0)
(1.34621 0.0796506 0)
(-0.407411 0.11656 0)
(-0.746989 0.0956344 0)
(-0.809739 -0.158347 0)
(-0.553984 -0.428015 0)
(-0.456415 -0.526922 0)
(-0.446193 -0.404193 0)
(-0.597925 1.35777 0)
(0.669429 0.885189 0)
(0.456287 0.097894 0)
(0.262354 -0.509919 0)
(0.29588 -0.482727 0)
(0.113876 -0.569156 0)
(0.0227504 -0.225084 0)
(0.305273 -0.041529 0)
(0.652374 0.0630224 0)
(0.756089 -0.114327 0)
(0.806003 -0.115055 0)
(0.873816 0.00580717 0)
(1.24502 0.368076 0)
(-0.234028 0.40525 0)
(-0.736076 0.379145 0)
(-0.808861 -0.116704 0)
(-0.512528 -0.60052 0)
(-0.328839 -0.669595 0)
(-0.418822 -0.500536 0)
(-0.555335 1.41709 0)
(0.632946 0.889742 0)
(0.424483 0.256246 0)
(0.510323 -0.299026 0)
(0.336749 -0.442565 0)
(0.158217 -0.621506 0)
(0.169562 -0.265281 0)
(0.389939 -0.0719935 0)
(0.498598 -0.0615861 0)
(0.580154 -0.163226 0)
(0.731806 -0.0844476 0)
(0.713382 0.0798719 0)
(0.897401 0.397705 0)
(0.307357 0.9 0)
(-0.401531 0.500637 0)
(-0.915123 -0.136604 0)
(-0.489863 -0.696395 0)
(-0.290792 -0.781859 0)
(-0.341059 -0.549764 0)
(0.0200279 -0.0668324 0)
(0.0503279 -0.059625 0)
(0.08469 -0.0433395 0)
(0.0811489 -0.0332656 0)
(0.132211 -0.0104888 0)
(0.0826082 0.0480478 0)
(-0.00975425 0.0671498 0)
(-0.0531785 0.0921559 0)
(-0.101747 0.0657131 0)
(-0.120281 0.0372989 0)
(-0.121726 0.0350576 0)
(-0.12694 0.0178188 0)
(-0.115518 0.00711454 0)
(-0.119093 -0.000982749 0)
(-0.0903836 0.00560179 0)
(-0.131863 -0.0147347 0)
(-0.121381 -0.017777 0)
(-0.0843669 -0.0213679 0)
(-0.0835413 -0.0382511 0)
(-0.0689961 -0.0357781 0)
(-0.0874848 -0.050268 0)
(-0.0328292 -0.0466284 0)
(0.00237137 -0.023548 0)
(0.0201597 -0.0791101 0)
(0.00995586 -0.0747429 0)
(0.0643163 -0.0495013 0)
(0.0313337 -0.0457809 0)
(-0.0861104 -0.0135484 0)
(-0.242165 0.137812 0)
(-0.167671 0.179624 0)
(-0.175142 0.147115 0)
(-0.183243 0.122768 0)
(-0.164726 0.0701531 0)
(-0.14826 0.0313104 0)
(-0.121844 0.0146272 0)
(-0.106859 -0.0124938 0)
(-0.0801298 -0.0197772 0)
(-0.0858414 -0.0225932 0)
(-0.110336 -0.0577847 0)
(-0.0701346 -0.00934783 0)
(-0.0777501 -0.0549616 0)
(-0.0849448 -0.0380855 0)
(-0.0663198 -0.0638991 0)
(-0.0468497 -0.0514363 0)
(-0.0821155 -0.0378177 0)
(-0.0916732 -0.029858 0)
(-0.0593195 -0.0790411 0)
(-0.0590132 -0.0798302 0)
(-0.215091 -0.0383341 0)
(-0.226818 0.0386577 0)
(-0.219046 0.207611 0)
(-0.484252 0.416926 0)
(-0.692261 0.168108 0)
(-0.441302 0.125313 0)
(-0.328703 0.0581798 0)
(-0.285945 0.01139 0)
(-0.245431 -0.00556901 0)
(-0.177261 -0.0217424 0)
(-0.144382 -0.0306366 0)
(-0.103183 -0.0272808 0)
(-0.0966916 -0.0460506 0)
(-0.087582 -0.0248345 0)
(-0.0684141 -0.0244478 0)
(-0.0611211 -0.0583603 0)
(-0.0554259 -0.0416413 0)
(-0.0642234 -0.0494676 0)
(-0.0847518 -0.0481803 0)
(-0.0893158 -0.0381546 0)
(-0.0667143 0.00134752 0)
(-0.0723325 0.0430678 0)
(-0.0688951 0.0333121 0)
(-0.217478 -0.00375561 0)
(-0.237493 0.101688 0)
(-0.169188 0.205598 0)
(-0.379633 0.377967 0)
(-0.494206 0.272412 0)
(-0.548341 0.248234 0)
(-0.516999 0.0210925 0)
(-0.547999 -0.0279046 0)
(-0.490839 -0.0808918 0)
(-0.299457 -0.0917511 0)
(-0.182808 -0.0897423 0)
(-0.168267 -0.0669706 0)
(-0.309886 -0.0484115 0)
(-0.347392 -0.0847704 0)
(-0.319078 -0.0401421 0)
(-0.210425 -0.0152373 0)
(-0.167567 -0.0359643 0)
(-0.145794 -0.0354055 0)
(-0.108226 -0.020538 0)
(-0.0856908 -0.0185368 0)
(-0.0618022 -0.00885912 0)
(-0.0710653 0.100101 0)
(-0.0984307 0.0533015 0)
(-0.14533 0.00850323 0)
(-0.14298 0.184883 0)
(-0.155533 0.220194 0)
(-0.122504 0.345993 0)
(-0.157983 0.413191 0)
(-0.371459 0.234955 0)
(-0.253855 -0.0450466 0)
(-0.391514 -0.44546 0)
(-0.385431 -0.145615 0)
(-0.343191 -0.162589 0)
(-0.503852 0.0375074 0)
(-0.472584 0.0762322 0)
(-0.373699 -0.144847 0)
(-0.539771 -0.152441 0)
(-0.402771 -0.0701637 0)
(-0.353304 0.0322638 0)
(-0.43771 -0.090149 0)
(-0.417697 -0.113784 0)
(-0.505084 -0.137684 0)
(-0.33182 -0.0802304 0)
(-0.200871 -0.0438903 0)
(-0.0428868 0.188681 0)
(-0.0629457 0.150526 0)
(-0.0929994 0.0650052 0)
(-0.0818241 0.155027 0)
(-0.160512 0.1966 0)
(-0.154494 0.307468 0)
(-0.0621074 0.297476 0)
(-0.0346879 0.301605 0)
(-0.0698697 0.0790963 0)
(-0.240431 -0.184115 0)
(-0.370139 -0.162947 0)
(-0.398456 -0.206014 0)
(-0.465033 -0.137956 0)
(-0.42038 0.107484 0)
(-0.572013 -0.216721 0)
(-0.610563 -0.216286 0)
(-0.528877 0.127436 0)
(-0.448776 0.072978 0)
(-0.558882 -0.0165054 0)
(-0.594037 -0.0808702 0)
(-0.451153 -0.338996 0)
(-0.377063 0.0129661 0)
(-0.340094 -0.24156 0)
(-0.00893503 0.209364 0)
(-0.0521288 0.142671 0)
(-0.0843376 0.0518342 0)
(-0.0538284 0.120098 0)
(-0.110286 0.165349 0)
(-0.10547 0.294614 0)
(-0.0756359 0.303457 0)
(-0.0275175 0.296985 0)
(-0.0400747 0.106978 0)
(-0.146985 0.0436894 0)
(-0.241585 0.0271184 0)
(-0.336704 -0.00899757 0)
(-0.36131 -0.0841178 0)
(-0.481743 0.00308943 0)
(-0.520656 -0.0666967 0)
(-0.522041 0.0538213 0)
(-0.620263 -0.046766 0)
(-0.56351 -0.130059 0)
(-0.650151 -0.263504 0)
(-0.750883 -0.142182 0)
(-0.813847 -0.156185 0)
(-0.790869 -0.142563 0)
(-0.90919 -0.191041 0)
(-0.0278457 0.223279 0)
(-0.0436012 0.146164 0)
(-0.051984 0.046302 0)
(-0.0144877 0.0887484 0)
(-0.0628987 0.200114 0)
(-0.0816884 0.278786 0)
(-0.0775235 0.285509 0)
(-0.110715 0.305423 0)
(-0.105772 0.175 0)
(-0.105268 0.154439 0)
(-0.18034 0.0994401 0)
(-0.383331 0.0217892 0)
(-0.430191 0.0594998 0)
(-0.407252 -0.00994148 0)
(-0.498187 0.079328 0)
(-0.522819 0.111483 0)
(-0.562637 0.135531 0)
(-0.603965 0.0486819 0)
(-0.694577 -0.0301325 0)
(-0.813419 0.0534718 0)
(-0.91852 -0.0681644 0)
(-0.901508 -0.131569 0)
(-0.936808 -0.163651 0)
(-0.026259 0.241883 0)
(-0.0486944 0.180822 0)
(-0.0392062 0.0237352 0)
(-0.00384222 0.0922394 0)
(-0.0605066 0.211916 0)
(-0.0714027 0.301327 0)
(-0.0524714 0.304998 0)
(-0.129719 0.323645 0)
(-0.129697 0.366961 0)
(-0.119989 0.193946 0)
(-0.218933 0.148285 0)
(-0.233778 0.058259 0)
(-0.417365 0.115821 0)
(-0.564649 0.115796 0)
(-0.470466 0.127206 0)
(-0.438165 0.089145 0)
(-0.554517 0.143323 0)
(-0.615766 0.0189267 0)
(-0.548351 0.0526336 0)
(-0.960752 0.0277584 0)
(-1.15652 0.0464573 0)
(-0.886125 0.00410613 0)
(-0.814404 -0.0544695 0)
(-0.0152309 0.259639 0)
(-0.0436076 0.202056 0)
(-0.0264681 -0.00731517 0)
(-0.00236155 0.0776535 0)
(-0.0316923 0.233875 0)
(-0.0798725 0.317043 0)
(-0.0582556 0.326858 0)
(-0.0852789 0.295719 0)
(-0.168034 0.331882 0)
(-0.214022 0.28365 0)
(-0.18531 0.245548 0)
(-0.293129 0.151425 0)
(-0.308556 0.122226 0)
(-0.387614 0.180189 0)
(-0.482853 0.257732 0)
(-0.434987 0.166968 0)
(-0.6275 0.215187 0)
(-0.690843 0.21838 0)
(-0.64801 0.095649 0)
(-0.853015 -0.0456531 0)
(-0.974425 0.0464325 0)
(-0.966437 0.14828 0)
(-0.972572 0.0422866 0)
(-0.00121964 0.271687 0)
(-0.036567 0.217282 0)
(-0.0288978 -0.0134958 0)
(-0.0101275 0.0996762 0)
(-0.0353364 0.253413 0)
(-0.0950994 0.326387 0)
(-0.0912797 0.355833 0)
(-0.0905 0.338309 0)
(-0.104564 0.296851 0)
(-0.137483 0.314711 0)
(-0.26095 0.307766 0)
(-0.313228 0.215005 0)
(-0.325277 0.201841 0)
(-0.3702 0.208835 0)
(-0.459988 0.222213 0)
(-0.44786 0.256325 0)
(-0.452903 0.208219 0)
(-0.627742 0.337526 0)
(-0.782658 0.245289 0)
(-0.888327 0.236978 0)
(-0.814011 0.268248 0)
(-0.796263 0.155885 0)
(-0.984958 0.063715 0)
(-0.00258514 0.278353 0)
(-0.00912204 0.220337 0)
(-0.0142335 -0.00419303 0)
(-0.0386767 0.14288 0)
(-0.0685942 0.278123 0)
(-0.101628 0.337356 0)
(-0.0788013 0.350107 0)
(-0.11933 0.342543 0)
(-0.156492 0.279542 0)
(-0.122411 0.272281 0)
(-0.224744 0.239524 0)
(-0.32503 0.258749 0)
(-0.284034 0.287428 0)
(-0.303891 0.213431 0)
(-0.415561 0.241573 0)
(-0.436626 0.273429 0)
(-0.511569 0.249073 0)
(-0.568043 0.313029 0)
(-0.650189 0.324969 0)
(-0.707158 0.294608 0)
(-0.839079 0.407916 0)
(-0.960648 0.249646 0)
(-0.888767 0.230827 0)
(-0.00927766 0.282629 0)
(-0.00842324 0.224073 0)
(-0.0295575 0.0287823 0)
(-0.0792932 0.222645 0)
(-0.104334 0.325944 0)
(-0.11996 0.349966 0)
(-0.114397 0.363373 0)
(-0.16621 0.372965 0)
(-0.155249 0.416238 0)
(-0.119911 0.364456 0)
(-0.207432 0.275456 0)
(-0.193989 0.306302 0)
(-0.305168 0.388001 0)
(-0.348007 0.348998 0)
(-0.389989 0.43364 0)
(-0.389353 0.406577 0)
(-0.373075 0.352111 0)
(-0.521832 0.353738 0)
(-0.681144 0.317874 0)
(-0.69934 0.350462 0)
(-0.731071 0.27486 0)
(-0.78402 0.267342 0)
(-0.678723 0.257832 0)
(-0.0133707 0.295514 0)
(-0.00736512 0.246199 0)
(-0.0267794 0.0654341 0)
(-0.0557207 0.303527 0)
(-0.103801 0.31247 0)
(-0.11402 0.352025 0)
(-0.091718 0.384581 0)
(-0.085996 0.37256 0)
(-0.126713 0.443489 0)
(-0.22122 0.418923 0)
(-0.224243 0.478945 0)
(-0.160085 0.401966 0)
(-0.231983 0.34278 0)
(-0.153471 0.528178 0)
(-0.297921 0.466219 0)
(-0.4378 0.443078 0)
(-0.452542 0.390347 0)
(-0.511332 0.361259 0)
(-0.513959 0.368348 0)
(-0.627727 0.414782 0)
(-0.752618 0.316965 0)
(-0.753764 0.372775 0)
(-0.714169 0.222131 0)
(-0.0185401 0.304016 0)
(-0.0190021 0.238733 0)
(0.0134986 0.0832062 0)
(-0.133568 0.343248 0)
(-0.145666 0.413454 0)
(-0.0502567 0.358823 0)
(-0.10166 0.32753 0)
(-0.111655 0.349584 0)
(-0.0902172 0.340278 0)
(-0.105064 0.338898 0)
(-0.148978 0.427681 0)
(-0.200956 0.357966 0)
(-0.134024 0.351765 0)
(-0.151634 0.444656 0)
(-0.352965 0.384845 0)
(-0.375394 0.380752 0)
(-0.355182 0.418013 0)
(-0.468321 0.395251 0)
(-0.553081 0.500139 0)
(-0.636316 0.431043 0)
(-0.613699 0.466502 0)
(-0.739173 0.593977 0)
(-0.886579 0.493849 0)
(-0.0339839 0.331362 0)
(-0.0181013 0.237061 0)
(-0.0434364 0.119578 0)
(-0.00861831 0.299657 0)
(-0.117072 0.410941 0)
(-0.166684 0.378441 0)
(-0.0974236 0.410903 0)
(-0.0585301 0.417251 0)
(-0.0881014 0.365998 0)
(-0.130857 0.353345 0)
(-0.162643 0.315915 0)
(-0.158865 0.474021 0)
(-0.0953378 0.546808 0)
(-0.195463 0.467525 0)
(-0.306205 0.442257 0)
(-0.336954 0.531787 0)
(-0.38248 0.522871 0)
(-0.371812 0.566869 0)
(-0.472178 0.570727 0)
(-0.541896 0.646912 0)
(-0.437408 0.664929 0)
(-0.662379 0.574457 0)
(-0.823274 0.681596 0)
(-0.0443228 0.34953 0)
(0.0111792 0.243641 0)
(-0.0778115 0.159844 0)
(-0.111896 0.317264 0)
(-0.107968 0.37946 0)
(0.00498955 0.358164 0)
(-0.0569271 0.383206 0)
(-0.11349 0.414269 0)
(-0.0914126 0.40818 0)
(-0.120422 0.404096 0)
(-0.0229955 0.409969 0)
(-0.00350788 0.518354 0)
(-0.178452 0.570395 0)
(-0.207868 0.591632 0)
(-0.192558 0.721402 0)
(-0.224021 0.670666 0)
(-0.277511 0.718559 0)
(-0.40337 0.796506 0)
(-0.442519 0.715823 0)
(-0.481052 0.836973 0)
(-0.526427 0.680882 0)
(-0.52511 0.631268 0)
(-0.556394 0.744714 0)
(-0.0505573 0.364837 0)
(-0.0116584 0.247728 0)
(-0.1445 0.251662 0)
(-0.100723 0.483571 0)
(-0.055195 0.577572 0)
(-0.0816278 0.332471 0)
(-0.0492313 0.358361 0)
(0.000875691 0.384353 0)
(-0.0382674 0.432295 0)
(-0.06712 0.367042 0)
(-0.0890224 0.602549 0)
(-0.0725052 0.349986 0)
(-0.113102 0.630346 0)
(-0.0842051 0.55317 0)
(-0.161354 0.651715 0)
(-0.232664 0.534544 0)
(-0.258278 0.60345 0)
(-0.366598 0.654688 0)
(-0.383532 0.656306 0)
(-0.437716 0.667716 0)
(-0.481976 0.564287 0)
(-0.310831 0.605139 0)
(-0.294865 0.654464 0)
(-0.0636967 0.418853 0)
(-0.00443801 0.239114 0)
(0.0518187 0.187398 0)
(0.0116714 0.466554 0)
(-0.17907 0.489469 0)
(-0.111222 0.391982 0)
(-0.0215726 0.540474 0)
(-0.0187298 0.405377 0)
(-0.0648271 0.430949 0)
(0.0589717 0.407897 0)
(-0.112427 0.535272 0)
(-0.0627605 0.406 0)
(-0.0558066 0.598442 0)
(-0.211175 0.508693 0)
(-0.218939 0.515846 0)
(-0.230445 0.53869 0)
(-0.256713 0.576943 0)
(-0.342607 0.588795 0)
(-0.409238 0.650202 0)
(-0.507225 0.594675 0)
(-0.597808 0.628445 0)
(-0.817679 0.739865 0)
(-1.15362 1.05672 0)
(-0.0352019 0.435018 0)
(0.00537821 0.21936 0)
(-0.0626697 0.188417 0)
(-0.0291128 0.339397 0)
(-0.102721 0.386801 0)
(0.0452833 0.394388 0)
(-0.0490177 0.406678 0)
(-0.0616025 0.37627 0)
(-0.0431158 0.410024 0)
(-0.00972653 0.440522 0)
(-0.106491 0.369705 0)
(-0.0633491 0.591189 0)
(-0.0959903 0.456843 0)
(-0.139873 0.469843 0)
(-0.145597 0.563371 0)
(-0.202188 0.637691 0)
(-0.287474 0.647213 0)
(-0.328519 0.701279 0)
(-0.344631 0.751413 0)
(-0.396223 0.714228 0)
(-0.633965 0.662655 0)
(-1.26864 0.811973 0)
(-1.49903 1.55147 0)
(-0.0176793 0.435905 0)
(0.0144951 0.20818 0)
(-0.0501269 0.210413 0)
(-0.0214652 0.351979 0)
(-0.0587596 0.399215 0)
(-0.0153614 0.33289 0)
(-0.0406606 0.269065 0)
(-0.0147229 0.351774 0)
(-0.0366652 0.407537 0)
(-0.0123179 0.427038 0)
(-0.0785087 0.427547 0)
(-0.0728617 0.580528 0)
(-0.136639 0.518897 0)
(-0.0810748 0.643632 0)
(-0.0129108 0.511311 0)
(-0.161153 0.646126 0)
(-0.225166 0.714154 0)
(-0.239706 0.849921 0)
(-0.349304 0.80778 0)
(-0.468725 0.807688 0)
(-0.708728 0.820044 0)
(-1.31023 1.24571 0)
(-1.37834 1.84197 0)
(-0.0112826 0.446343 0)
(0.0289688 0.237965 0)
(-0.0422352 0.239115 0)
(-0.0168632 0.361851 0)
(-0.0306866 0.38341 0)
(0.00778109 0.40583 0)
(-0.0403832 0.32366 0)
(0.00101491 0.372149 0)
(-0.0165165 0.41121 0)
(0.0113281 0.441499 0)
(-0.0136216 0.453202 0)
(-0.0407467 0.560824 0)
(0.0217381 0.556044 0)
(-0.125876 0.724883 0)
(-0.12658 0.687327 0)
(-0.0428959 0.711102 0)
(-0.0765409 0.789645 0)
(-0.144255 0.875116 0)
(-0.313663 0.968566 0)
(-0.432605 1.13866 0)
(-0.49384 1.29289 0)
(-0.383177 1.82861 0)
(-0.946935 2.11808 0)
(-0.015842 0.446956 0)
(0.0225374 0.243565 0)
(-0.0246871 0.238081 0)
(0.00634053 0.345034 0)
(0.0521314 0.362638 0)
(0.0024586 0.32944 0)
(-0.0770339 0.311683 0)
(0.00793636 0.316851 0)
(-0.00753775 0.402801 0)
(0.020056 0.429106 0)
(0.0126334 0.460112 0)
(0.00975336 0.610041 0)
(0.0203424 0.538666 0)
(0.0547083 0.543439 0)
(-0.0146143 0.697659 0)
(-0.0856472 0.701323 0)
(-0.035578 0.803867 0)
(-0.026925 0.839241 0)
(-0.0570038 0.997427 0)
(-0.131282 1.18555 0)
(0.299119 1.53018 0)
(0.061396 1.95705 0)
(-0.475242 1.922 0)
(-0.0104848 0.450527 0)
(0.0338982 0.238474 0)
(-0.0392915 0.249811 0)
(-0.0113729 0.335299 0)
(0.00900377 0.360884 0)
(0.0249118 0.282057 0)
(-0.0627748 0.267828 0)
(0.0255916 0.375022 0)
(0.073971 0.405347 0)
(0.0494557 0.440265 0)
(0.126063 0.4423 0)
(0.0344433 0.542569 0)
(-0.0442847 0.524688 0)
(0.0725799 0.543745 0)
(0.018838 0.564176 0)
(-0.015491 0.683018 0)
(0.0540305 0.806321 0)
(0.0525854 0.904084 0)
(0.0218951 1.04054 0)
(0.0914759 1.11894 0)
(0.585959 1.28441 0)
(0.457198 1.57248 0)
(0.280587 1.81102 0)
(-0.0316253 0.415692 0)
(0.0321921 0.294917 0)
(-0.00876575 0.261737 0)
(-0.00266415 0.319614 0)
(0.0286039 0.317848 0)
(-0.0140691 0.315228 0)
(0.00192066 0.36752 0)
(0.106246 0.485371 0)
(0.0655223 0.404393 0)
(0.0408841 0.452726 0)
(0.0754563 0.376222 0)
(0.0996063 0.380061 0)
(0.0373985 0.46529 0)
(0.111368 0.545527 0)
(0.0850698 0.577698 0)
(0.0946659 0.58497 0)
(0.154903 0.764821 0)
(0.21802 0.831381 0)
(0.188115 0.969568 0)
(0.332331 1.36411 0)
(0.628594 1.42803 0)
(0.608118 1.49963 0)
(0.82017 1.55449 0)
(0.0489241 0.488587 0)
(0.120455 0.372645 0)
(-0.0488602 0.286337 0)
(-0.0678376 0.303929 0)
(-0.000801034 0.396108 0)
(0.128034 0.395738 0)
(0.108298 0.374005 0)
(0.0191266 0.473603 0)
(0.0591485 0.411499 0)
(-0.0116618 0.464737 0)
(0.0612699 0.469939 0)
(0.10234 0.431613 0)
(0.0805407 0.578984 0)
(0.186185 0.592744 0)
(0.104657 0.557498 0)
(0.18913 0.635347 0)
(0.269562 0.69902 0)
(0.293077 0.91535 0)
(0.428124 1.01329 0)
(0.703967 1.20098 0)
(0.676893 1.31939 0)
(0.652235 1.34589 0)
(0.913725 1.5485 0)
(-0.0566328 0.711016 0)
(0.0323686 0.287836 0)
(-0.0550876 0.345455 0)
(0.00858971 0.352477 0)
(0.137951 0.529945 0)
(0.0207348 0.384782 0)
(0.094649 0.349521 0)
(0.103434 0.394834 0)
(0.0365786 0.406356 0)
(0.056477 0.476901 0)
(0.0479991 0.621957 0)
(0.193525 0.511898 0)
(0.218386 0.643485 0)
(0.111374 0.599371 0)
(0.142413 0.723621 0)
(0.327 0.874876 0)
(0.445346 0.791753 0)
(0.470784 0.885154 0)
(0.636043 1.00039 0)
(0.646494 1.06059 0)
(0.692229 1.06391 0)
(0.850963 1.22317 0)
(1.23053 1.28589 0)
(-0.14854 0.588159 0)
(-0.0626074 0.328971 0)
(0.00608038 0.343617 0)
(0.0611075 0.381165 0)
(-0.0100548 0.409337 0)
(-0.012416 0.317652 0)
(0.121545 0.420359 0)
(0.0603013 0.331159 0)
(0.104161 0.376718 0)
(0.138118 0.450123 0)
(0.0877591 0.582344 0)
(0.187344 0.550212 0)
(0.229972 0.536931 0)
(0.257978 0.636707 0)
(0.370208 0.736924 0)
(0.333153 0.835041 0)
(0.45076 0.932653 0)
(0.543054 0.847456 0)
(0.659357 0.824711 0)
(0.632233 0.857582 0)
(0.780324 1.05868 0)
(0.933861 1.07353 0)
(1.10813 1.07692 0)
(-0.0157956 0.430021 0)
(0.0649455 0.378897 0)
(0.0383172 0.300678 0)
(0.0404098 0.327813 0)
(0.0550009 0.24967 0)
(0.0548767 0.405466 0)
(0.0890256 0.377063 0)
(0.049223 0.329148 0)
(0.118769 0.434382 0)
(0.282868 0.393502 0)
(0.16546 0.464439 0)
(0.13906 0.606827 0)
(0.325159 0.551558 0)
(0.37166 0.624859 0)
(0.376166 0.650531 0)
(0.495117 0.688999 0)
(0.529762 0.700608 0)
(0.552642 0.790491 0)
(0.61772 0.75219 0)
(0.762402 0.773264 0)
(0.856944 0.908984 0)
(0.861496 0.769933 0)
(1.13614 0.739751 0)
(0.00796026 0.446117 0)
(0.0317741 0.388872 0)
(0.0325465 0.289318 0)
(0.00326365 0.368216 0)
(0.0563268 0.339019 0)
(0.108123 0.387064 0)
(0.0455867 0.407386 0)
(0.124288 0.390163 0)
(0.171192 0.482718 0)
(0.208611 0.42087 0)
(0.3357 0.377692 0)
(0.297861 0.484797 0)
(0.279551 0.500657 0)
(0.388779 0.485464 0)
(0.486564 0.503732 0)
(0.383373 0.492328 0)
(0.516942 0.42957 0)
(0.62222 0.627423 0)
(0.631589 0.655494 0)
(0.723482 0.6352 0)
(0.759896 0.665766 0)
(0.842267 0.797536 0)
(1.22671 0.880591 0)
(0.0138856 0.418523 0)
(-0.0131124 0.371243 0)
(0.049967 0.336809 0)
(0.110593 0.367379 0)
(0.0812964 0.43982 0)
(0.10306 0.398913 0)
(0.102168 0.411265 0)
(0.138515 0.453382 0)
(0.154267 0.42341 0)
(0.196769 0.417824 0)
(0.229646 0.419462 0)
(0.247474 0.27286 0)
(0.297724 0.360299 0)
(0.342252 0.406749 0)
(0.381546 0.357294 0)
(0.46412 0.300157 0)
(0.701741 0.397846 0)
(0.730092 0.62441 0)
(0.534425 0.689555 0)
(0.660388 0.674156 0)
(0.923661 0.680327 0)
(0.911083 0.829927 0)
(1.05041 0.968177 0)
(0.0236177 0.402243 0)
(0.0218012 0.373837 0)
(0.0486263 0.412394 0)
(0.104951 0.364909 0)
(0.0755405 0.377211 0)
(0.0810355 0.367693 0)
(0.0958132 0.368005 0)
(0.125566 0.370013 0)
(0.136669 0.352417 0)
(0.202898 0.367917 0)
(0.165605 0.342667 0)
(0.269644 0.34034 0)
(0.413605 0.351208 0)
(0.364768 0.308161 0)
(0.3658 0.315067 0)
(0.480821 0.349052 0)
(0.85547 0.415996 0)
(0.886616 0.471327 0)
(0.767548 0.527152 0)
(0.752194 0.706541 0)
(0.901628 0.691124 0)
(1.06699 0.726886 0)
(1.07619 0.783027 0)
(0.0281132 0.380609 0)
(0.046038 0.346755 0)
(0.0553824 0.36294 0)
(0.0775358 0.350345 0)
(0.0798553 0.324059 0)
(0.0968133 0.343021 0)
(0.104793 0.336164 0)
(0.130989 0.333382 0)
(0.137568 0.326241 0)
(0.179859 0.331405 0)
(0.216386 0.297499 0)
(0.252371 0.36663 0)
(0.266845 0.310871 0)
(0.310071 0.232072 0)
(0.410898 0.28701 0)
(0.525928 0.188227 0)
(0.706478 0.238072 0)
(0.82375 0.238367 0)
(0.814178 0.445987 0)
(0.83281 0.54782 0)
(0.973431 0.741355 0)
(1.02246 0.712886 0)
(1.13616 0.733113 0)
(0.0313889 0.310661 0)
(0.0489402 0.321294 0)
(0.0504455 0.325027 0)
(0.0711793 0.323307 0)
(0.0740119 0.323675 0)
(0.0844764 0.322793 0)
(0.0941289 0.306476 0)
(0.112507 0.298375 0)
(0.116602 0.277795 0)
(0.155902 0.259265 0)
(0.199796 0.254224 0)
(0.234407 0.273345 0)
(0.256688 0.251436 0)
(0.316513 0.260973 0)
(0.319749 0.240926 0)
(0.431599 0.207834 0)
(0.659629 0.0656601 0)
(1.20858 0.110991 0)
(1.20943 0.252949 0)
(1.06964 0.439471 0)
(1.1767 0.537045 0)
(1.11706 0.658087 0)
(1.27943 0.851891 0)
(0.068061 0.355668 0)
(0.0955638 0.329965 0)
(0.0659835 0.321531 0)
(0.0733041 0.314498 0)
(0.0713403 0.305337 0)
(0.0835117 0.29934 0)
(0.0840438 0.290242 0)
(0.100204 0.282301 0)
(0.0848733 0.269933 0)
(0.141207 0.273327 0)
(0.21648 0.234738 0)
(0.222462 0.234489 0)
(0.240548 0.20103 0)
(0.286905 0.20004 0)
(0.345708 0.094804 0)
(0.481235 0.125346 0)
(0.631102 -0.139762 0)
(0.767395 -0.148759 0)
(1.07535 -0.135119 0)
(1.05101 0.225814 0)
(1.11791 0.320247 0)
(1.27887 0.504556 0)
(1.3303 0.797299 0)
(0.0195792 0.414314 0)
(0.0347976 0.341965 0)
(0.0412333 0.326006 0)
(0.0536605 0.311212 0)
(0.0582181 0.300006 0)
(0.0692039 0.291446 0)
(0.074185 0.279383 0)
(0.0895471 0.269807 0)
(0.097097 0.256661 0)
(0.11851 0.268039 0)
(0.161981 0.210202 0)
(0.202517 0.178009 0)
(0.214428 0.146764 0)
(0.231657 0.0364713 0)
(0.2786 0.0309967 0)
(0.27202 -0.0646698 0)
(0.546869 -0.179762 0)
(0.850978 -0.330314 0)
(1.52934 -0.136947 0)
(1.49991 -0.0318295 0)
(1.3653 0.168294 0)
(1.54428 0.423223 0)
(1.46316 0.773982 0)
(0.013283 0.330252 0)
(0.0276836 0.302071 0)
(0.0348281 0.293343 0)
(0.0454525 0.283661 0)
(0.0495518 0.273237 0)
(0.0608724 0.264648 0)
(0.0623009 0.252113 0)
(0.0780986 0.241463 0)
(0.0764133 0.226088 0)
(0.0945253 0.208229 0)
(0.125112 0.194337 0)
(0.181932 0.118229 0)
(0.127272 0.110349 0)
(0.205337 0.0726183 0)
(0.244948 0.0180072 0)
(0.380874 -0.0683967 0)
(0.311297 -0.288688 0)
(0.456168 -0.583007 0)
(0.710305 -0.600609 0)
(0.74984 -0.487084 0)
(0.926448 -0.101434 0)
(1.66792 0.388299 0)
(1.57349 0.932087 0)
(0.00748223 0.32064 0)
(0.0175201 0.299766 0)
(0.02483 0.291585 0)
(0.0324256 0.284135 0)
(0.0370282 0.272569 0)
(0.0449166 0.265992 0)
(0.0463041 0.248131 0)
(0.0588397 0.24228 0)
(0.0539321 0.214868 0)
(0.0794009 0.201966 0)
(0.0664277 0.172626 0)
(0.139614 0.132465 0)
(0.150295 0.086241 0)
(0.177516 0.132134 0)
(0.128733 -0.0264246 0)
(0.037024 -0.0670022 0)
(0.0615195 -0.537818 0)
(0.200897 -0.742737 0)
(0.348992 -0.835061 0)
(0.885203 -0.643119 0)
(0.786322 -0.0551001 0)
(1.49907 0.474473 0)
(1.63752 0.870221 0)
(0.00512791 0.27829 0)
(0.0133403 0.264122 0)
(0.0203573 0.257803 0)
(0.0268941 0.251736 0)
(0.0324786 0.242609 0)
(0.0373331 0.235513 0)
(0.0433158 0.221626 0)
(0.0448894 0.215011 0)
(0.052471 0.194142 0)
(0.0461097 0.183443 0)
(0.0531263 0.141028 0)
(0.124683 0.160323 0)
(0.10567 0.073523 0)
(0.0815808 0.0718934 0)
(0.103396 0.0744156 0)
(-0.171815 -0.0540334 0)
(0.0230351 -0.566399 0)
(0.159599 -0.874614 0)
(0.106385 -0.957703 0)
(0.417131 -1.03375 0)
(0.619454 -0.722655 0)
(1.13444 0.514754 0)
(1.24957 0.673033 0)
(0.00330362 0.294399 0)
(0.00904358 0.275924 0)
(0.0153362 0.274424 0)
(0.0204355 0.268994 0)
(0.0249605 0.263319 0)
(0.029289 0.25055 0)
(0.0343443 0.242898 0)
(0.0381694 0.227621 0)
(0.0410886 0.211274 0)
(0.0321335 0.19786 0)
(0.0448918 0.195985 0)
(0.0839976 0.181352 0)
(0.0772557 0.125934 0)
(0.0572595 0.118024 0)
(-0.0167014 0.161169 0)
(-0.242157 -0.0436014 0)
(0.055498 -0.696786 0)
(0.0530578 -0.892334 0)
(0.013678 -1.00978 0)
(0.106729 -0.983615 0)
(0.453861 -0.798293 0)
(0.811556 0.196869 0)
(0.624633 0.779582 0)
(-0.00627083 0.236619 0)
(0.00167915 0.237888 0)
(0.0150995 0.228562 0)
(0.0169956 0.220627 0)
(0.0153919 0.207265 0)
(0.0182468 0.204138 0)
(0.0223963 0.183222 0)
(0.0166016 0.179646 0)
(0.0281918 0.154892 0)
(0.0352914 0.147426 0)
(0.037557 0.147889 0)
(0.0524194 0.14193 0)
(0.0373782 0.115608 0)
(0.0821526 0.129877 0)
(0.148364 0.207457 0)
(-0.0348987 -0.112449 0)
(0.131455 -0.751104 0)
(0.0508213 -0.878562 0)
(0.00502996 -0.981792 0)
(0.00377791 -1.01083 0)
(0.0138016 -0.882331 0)
(0.215829 0.154352 0)
(0.403801 0.782819 0)
(0.00951634 0.203249 0)
(0.00513361 0.198397 0)
(-0.00416108 0.19608 0)
(-0.00379192 0.190561 0)
(0.00522115 0.186812 0)
(0.0012321 0.174892 0)
(0.00529595 0.172192 0)
(0.00695422 0.155009 0)
(0.00346501 0.157845 0)
(0.0166307 0.136382 0)
(0.0301816 0.11986 0)
(0.0544412 0.0916807 0)
(0.0377705 0.043469 0)
(0.13598 0.0624428 0)
(0.327924 0.177186 0)
(0.382338 -0.168351 0)
(0.200482 -0.84825 0)
(0.117169 -1.05696 0)
(0.0162637 -1.20035 0)
(-0.0501256 -1.30583 0)
(-0.0775063 -1.24746 0)
(-0.110601 -0.253103 0)
(0.294576 1.09223 0)
(0.0789504 0.022035 0)
(0.081552 -0.035999 0)
(0.18568 0.115188 0)
(-0.0221271 0.910935 0)
(-0.0678638 -0.0162968 0)
(-0.0820896 -0.0716788 0)
(-0.134784 -0.00368729 0)
(-0.0374616 0.63299 0)
(-0.111583 0.0216332 0)
(-0.196521 0.0268949 0)
(-0.161058 0.0468321 0)
(-0.127059 0.339526 0)
(-0.0501243 -0.00874527 0)
(-0.0695919 0.0281126 0)
(-0.0694005 0.0844287 0)
(-0.106925 0.147048 0)
(-0.105975 0.00908519 0)
(-0.0726483 0.0459483 0)
(-0.0480305 0.101367 0)
(-0.0813496 0.144151 0)
(-0.331469 -0.184364 0)
(-0.322679 -0.092252 0)
(-0.119284 0.0462501 0)
(-0.0820561 0.217149 0)
(-1.27132 -0.317296 0)
(-1.10875 -0.409751 0)
(-0.813725 -0.446061 0)
(-0.743069 -0.259548 0)
(-1.07062 -0.186795 0)
(-1.12601 -0.104882 0)
(-1.16217 -0.138866 0)
(-1.19481 -0.234252 0)
(-0.863595 -0.0650904 0)
(-0.98589 -0.0487974 0)
(-1.43616 -0.0752433 0)
(-1.57046 -0.0973279 0)
(-1.0202 0.0253096 0)
(-1.06252 -0.0487277 0)
(-1.12794 -0.0564459 0)
(-1.18167 0.0605365 0)
(-1.0887 0.0984794 0)
(-1.17616 0.0868159 0)
(-1.20291 0.0901996 0)
(-1.18854 0.110005 0)
(-1.00848 0.257627 0)
(-1.10684 0.161671 0)
(-1.12642 0.141157 0)
(-1.10772 0.144484 0)
(-1.09283 0.211985 0)
(-1.20351 0.236715 0)
(-1.21113 0.274827 0)
(-1.2826 0.285761 0)
(-0.808303 0.172069 0)
(-0.920485 0.292367 0)
(-1.04759 0.362651 0)
(-1.16487 0.394612 0)
(-0.951767 0.490529 0)
(-0.978486 0.486331 0)
(-0.961805 0.465793 0)
(-1.03324 0.407603 0)
(-0.890417 0.754471 0)
(-0.971627 0.82282 0)
(-0.951925 0.822825 0)
(-0.836925 0.743789 0)
(-0.567283 0.784376 0)
(-0.635535 0.912906 0)
(-0.706394 0.962503 0)
(-0.837124 0.821934 0)
(-0.531588 0.661942 0)
(-0.827146 0.907584 0)
(-0.966514 0.951086 0)
(-1.0179 0.896401 0)
(-1.51434 1.30218 0)
(-1.74469 1.39643 0)
(-1.75517 1.47004 0)
(-1.81241 1.15352 0)
(-1.62896 1.99081 0)
(-1.61322 1.9927 0)
(-1.51214 1.61896 0)
(-1.62776 1.10246 0)
(-1.29835 2.01781 0)
(-1.30978 1.98753 0)
(-1.26627 1.71187 0)
(-1.35683 1.39146 0)
(-0.980274 2.18208 0)
(-1.00743 1.943 0)
(-0.971966 1.72988 0)
(-1.00172 1.49818 0)
(-0.253798 2.22836 0)
(-0.405612 1.99079 0)
(-0.0114441 1.80248 0)
(-0.0472562 1.58023 0)
(0.555057 2.14583 0)
(0.579655 2.11846 0)
(1.05142 2.04364 0)
(1.12955 1.70923 0)
(1.26323 1.60473 0)
(1.28075 1.68669 0)
(1.54658 1.74363 0)
(1.74544 1.50069 0)
(1.32045 1.50336 0)
(1.67427 1.40966 0)
(1.67965 1.27209 0)
(1.63047 1.17065 0)
(1.31386 1.33055 0)
(1.32635 1.28783 0)
(1.28535 1.05806 0)
(1.45212 0.991046 0)
(1.17753 1.0179 0)
(1.28688 0.997295 0)
(1.32711 1.03182 0)
(1.42067 1.02501 0)
(1.31 0.889127 0)
(1.42319 1.00595 0)
(1.3901 1.07472 0)
(1.34695 1.06531 0)
(1.56766 0.793986 0)
(1.6148 0.824691 0)
(1.56098 0.835816 0)
(1.43019 0.966569 0)
(1.22821 0.871055 0)
(1.47885 0.847128 0)
(1.67076 0.753619 0)
(1.61562 0.730736 0)
(1.13631 0.837065 0)
(1.19523 0.849702 0)
(1.21489 0.811382 0)
(1.24362 0.813818 0)
(1.23589 0.774427 0)
(1.23323 0.826466 0)
(1.33383 0.822096 0)
(1.36904 0.923025 0)
(1.32588 0.858944 0)
(1.30373 0.892847 0)
(1.37306 0.939231 0)
(1.53226 0.925895 0)
(1.35894 0.841905 0)
(1.40938 0.849757 0)
(1.43993 0.896472 0)
(1.44562 0.89406 0)
(1.38778 0.89342 0)
(1.41682 0.924336 0)
(1.49656 0.973887 0)
(1.47763 0.983884 0)
(1.43481 1.18079 0)
(1.46389 1.18676 0)
(1.44895 1.16537 0)
(1.3723 1.13 0)
(1.36922 1.09187 0)
(1.12521 1.2056 0)
(1.07251 1.15186 0)
(1.08408 1.03049 0)
(1.08756 0.741338 0)
(0.846946 0.949891 0)
(0.849531 1.11469 0)
(0.949709 1.11707 0)
(0.826705 1.02244 0)
(0.692304 1.13701 0)
(0.621076 1.33787 0)
(0.710162 1.34597 0)
(0.468676 0.961255 0)
(0.440319 1.13256 0)
(0.432208 1.38429 0)
(0.587346 1.40785 0)
(0.352657 1.2286 0)
(0.266671 1.16919 0)
(0.149611 1.10538 0)
(0.278345 1.49835 0)
(-0.402791 1.36765 0)
(0.354739 0.805266 0)
(0.407463 -0.0346641 0)
(0.566871 -0.374531 0)
(0.355801 -0.440989 0)
(0.257783 -0.368616 0)
(0.269652 -0.217776 0)
(0.281224 -0.0964074 0)
(0.388832 -0.159145 0)
(0.532847 -0.283799 0)
(0.744199 -0.20883 0)
(0.720137 -0.0628289 0)
(0.772113 0.206673 0)
(0.864488 0.829081 0)
(0.870917 0.83136 0)
(0.557369 0.44087 0)
(-0.348573 -0.678357 0)
(-0.215557 -0.818339 0)
(-0.178045 -0.661416 0)
(-0.18939 1.12183 0)
(0.391277 0.535984 0)
(0.591173 -0.197396 0)
(0.449624 -0.385777 0)
(0.361054 -0.460243 0)
(0.346715 -0.294918 0)
(0.30924 -0.22203 0)
(0.331063 -0.236663 0)
(0.3138 -0.394638 0)
(0.287921 -0.417122 0)
(0.363114 -0.291422 0)
(0.619633 0.144033 0)
(0.785766 0.3469 0)
(0.873394 0.871334 0)
(0.788259 0.871677 0)
(0.47486 0.627149 0)
(-0.18507 -0.275897 0)
(-0.168036 -0.78925 0)
(-0.0992235 -0.763952 0)
(0.0133745 0.888278 0)
(0.460482 0.314004 0)
(0.505128 -0.122468 0)
(0.370234 -0.314557 0)
(0.33264 -0.255565 0)
(0.362746 -0.280286 0)
(0.230965 -0.213063 0)
(0.0741235 -0.458882 0)
(0.0655492 -0.460903 0)
(0.127982 -0.294049 0)
(0.125824 -0.296941 0)
(0.295541 -0.394746 0)
(0.665366 0.407067 0)
(0.843798 0.966229 0)
(0.679518 1.14291 0)
(0.443193 1.05307 0)
(-0.165558 -0.142464 0)
(-0.152536 -0.740006 0)
(-0.084059 -0.930913 0)
(0.11456 0.515302 0)
(0.350864 0.253623 0)
(0.424241 -0.128724 0)
(0.443241 -0.286566 0)
(0.294656 -0.126506 0)
(-0.0972374 -0.212862 0)
(-0.525699 -0.00106322 0)
(-0.640489 -0.037372 0)
(-0.016563 -0.415738 0)
(0.00394633 -0.656374 0)
(0.0296681 -0.768432 0)
(0.233474 -0.636598 0)
(0.434671 -0.0209275 0)
(0.805844 0.89956 0)
(0.204463 1.73135 0)
(0.138588 1.41989 0)
(-0.431953 -0.0520154 0)
(-0.0476704 -0.743475 0)
(-0.0205701 -1.07441 0)
(0.113029 0.357454 0)
(0.279731 0.208439 0)
(0.535311 -0.18074 0)
(0.126914 -0.448061 0)
(-0.357716 0.20995 0)
(-0.507867 0.250708 0)
(-1.00732 0.307462 0)
(-0.519764 -0.578276 0)
(-0.204531 -0.876833 0)
(-0.040638 -0.899903 0)
(0.0738685 -0.615395 0)
(0.301402 -0.62183 0)
(0.361405 -0.33491 0)
(-0.285692 1.20143 0)
(-0.744761 2.30112 0)
(-0.104833 1.65679 0)
(-0.544719 -0.2763 0)
(0.0166906 -0.844161 0)
(-0.00298617 -1.12225 0)
(0.094265 0.421411 0)
(0.16632 0.192045 0)
(-0.61558 -0.0171227 0)
(-0.902873 0.430154 0)
(-1.14651 0.434905 0)
(-1.45878 0.614 0)
(-0.793732 -0.25139 0)
(-0.739915 -0.773915 0)
(-0.657338 -0.819877 0)
(-0.133385 -0.813276 0)
(0.0699999 -0.537904 0)
(-0.0727529 -0.648037 0)
(-0.919265 0.597164 0)
(-1.15067 2.17818 0)
(-1.18295 2.39925 0)
(-0.55475 1.50746 0)
(-0.00956891 -0.731012 0)
(-0.0608679 -0.726383 0)
(0.0305403 -1.13349 0)
(-0.57809 -0.00702216 0)
(-1.11702 0.458098 0)
(-1.25206 0.564547 0)
(-1.18118 0.649295 0)
(-1.46512 0.788128 0)
(-1.12062 -0.123119 0)
(-0.856046 -0.671971 0)
(-0.865554 -0.751488 0)
(-1.12992 -0.862757 0)
(-1.45373 -0.982449 0)
(-1.40896 -0.778776 0)
(-1.84381 0.14486 0)
(-2.10172 1.45699 0)
(-2.59756 1.79572 0)
(-1.73578 1.7233 0)
(-0.519665 0.736042 0)
(0.0981098 -0.882896 0)
(-0.12374 -1.15059 0)
(-0.199897 -1.28527 0)
(-1.57603 -0.119428 0)
(-1.731 0.531499 0)
(-1.36558 0.766037 0)
(-1.15336 0.712776 0)
(-1.17409 0.731709 0)
(-0.830607 -0.284554 0)
(-0.693161 -0.562792 0)
(-1.1197 -0.590545 0)
(-2.01505 -0.646526 0)
(-2.33534 -1.14833 0)
(-3.37088 -0.187202 0)
(-3.32956 0.532186 0)
(-3.13247 0.777593 0)
(-2.41955 0.654317 0)
(-1.09023 0.308058 0)
(-0.0950207 -0.377853 0)
(-0.0537313 -0.887746 0)
(-0.156921 -1.33278 0)
(0.0430921 -1.53057 0)
(-1.2963 -0.0954117 0)
(-1.16983 0.447237 0)
(-1.21361 0.693593 0)
(-0.986435 0.757476 0)
(-0.816827 0.382282 0)
(-0.781572 -0.322001 0)
(-0.683504 -0.462375 0)
(-1.23273 -0.662569 0)
(-2.1281 -0.0133527 0)
(-2.42752 0.356186 0)
(-2.56763 0.186452 0)
(-2.44179 0.354701 0)
(-1.77346 0.197338 0)
(-0.863333 -0.293591 0)
(-0.294033 -0.488981 0)
(-0.0559313 -0.47494 0)
(-0.0858937 -0.832628 0)
(-0.200301 -1.37054 0)
(0.154095 -1.37844 0)
(-1.18296 0.154341 0)
(-1.09024 0.196709 0)
(-0.88693 0.463692 0)
(-0.696495 0.660712 0)
(-0.432244 0.505531 0)
(-0.457881 -0.0202805 0)
(-0.674458 -0.315489 0)
(-1.05878 -0.427533 0)
(-1.3611 0.0863653 0)
(-1.52171 1.31687 0)
(-1.61739 0.373381 0)
(-1.07365 -0.0943902 0)
(-0.752736 -0.589474 0)
(-0.408836 -0.71687 0)
(-0.258961 -0.535637 0)
(-0.39622 -0.546604 0)
(-0.126454 -0.828147 0)
(-0.305566 -1.44675 0)
(0.00840874 -1.54383 0)
(-1.16458 0.109054 0)
(-1.09144 0.0488308 0)
(-0.88449 -0.00771145 0)
(-0.658067 0.190365 0)
(-0.372298 0.0805577 0)
(0.0796308 0.00248719 0)
(-0.297073 -0.254027 0)
(-0.719698 -0.330716 0)
(-1.19601 0.0532013 0)
(-0.87444 1.63338 0)
(-0.770276 0.0540641 0)
(-0.512685 -0.562787 0)
(-0.460817 -0.783647 0)
(-0.417452 -0.713985 0)
(-0.646081 -0.725625 0)
(-0.422466 -0.760003 0)
(-0.150356 -0.636993 0)
(-0.431094 -1.11446 0)
(0.109157 -1.7782 0)
(-1.30334 0.103329 0)
(-1.52629 -0.0397344 0)
(-1.04832 0.0797903 0)
(-0.6109 -0.136664 0)
(-0.556661 -0.26628 0)
(-0.428221 -8.75132e-05 0)
(-0.325199 -0.248424 0)
(-0.567323 -0.391414 0)
(-1.02723 0.108959 0)
(-1.02533 1.35345 0)
(-0.561978 -0.0691366 0)
(-0.560158 -0.475105 0)
(-0.400699 -0.578862 0)
(-0.374757 -0.627178 0)
(-0.492175 -0.659616 0)
(-0.28644 -1.05608 0)
(0.115329 -0.504527 0)
(-0.202753 -1.25601 0)
(0.116648 -1.67929 0)
(-1.36282 0.26452 0)
(-1.09639 0.122284 0)
(-0.681813 -0.0987135 0)
(-0.725413 -0.24734 0)
(-0.70745 -0.42927 0)
(-0.747154 -0.400081 0)
(-0.779949 -0.0853276 0)
(-0.730367 0.0599898 0)
(-1.04963 0.531314 0)
(-0.981732 1.0737 0)
(-0.43174 0.164621 0)
(-0.396657 -0.412346 0)
(-0.36285 -0.508112 0)
(-0.390563 -0.720241 0)
(-0.231607 -0.970144 0)
(-0.213477 -1.50549 0)
(0.417388 -0.655054 0)
(-0.112506 -1.34006 0)
(0.136544 -1.61835 0)
(-1.21169 0.310748 0)
(-0.954978 -0.139952 0)
(-0.886764 -0.225779 0)
(-1.1797 -0.244345 0)
(-1.22782 -0.239432 0)
(-0.906712 -0.21859 0)
(-0.711288 -0.0384225 0)
(-0.878383 0.373069 0)
(-0.93002 0.479193 0)
(-0.761197 0.75824 0)
(-0.269263 -0.18362 0)
(-0.377246 -0.516406 0)
(-0.404227 -0.621138 0)
(-0.334656 -0.730191 0)
(0.39935 -0.876777 0)
(-0.101349 -1.4699 0)
(0.377527 -0.588298 0)
(0.0188999 -1.37337 0)
(0.144497 -1.59439 0)
(-1.15736 0.144442 0)
(-1.14801 -0.0533244 0)
(-1.19741 -0.139826 0)
(-1.34182 -0.31181 0)
(-1.58222 -0.383172 0)
(-1.64727 -0.251447 0)
(-1.60057 -0.136134 0)
(-1.39082 0.354616 0)
(-1.02039 0.328932 0)
(-0.526973 -0.189289 0)
(-0.577832 -0.339586 0)
(-0.573567 -0.538383 0)
(-0.487798 -0.617179 0)
(-0.30166 -0.943143 0)
(0.0397775 -0.98659 0)
(-0.167217 -1.36709 0)
(0.0825248 -1.13417 0)
(-0.0952388 -1.42272 0)
(0.13393 -1.57533 0)
(-0.978238 0.349053 0)
(-1.05057 -0.0157358 0)
(-1.41414 -0.166339 0)
(-1.55002 -0.179276 0)
(-1.32405 -0.00425269 0)
(-1.19977 -0.0922483 0)
(-1.27898 -0.339344 0)
(-0.959236 -0.301769 0)
(-0.811443 -0.285218 0)
(-0.58097 -0.143764 0)
(-0.595849 -0.360836 0)
(-0.508368 -0.45135 0)
(-0.464485 -0.698396 0)
(-0.381416 -1.25063 0)
(-0.292988 -1.39847 0)
(-0.299899 -1.39702 0)
(-0.138383 -1.47992 0)
(-0.133953 -1.56363 0)
(0.13756 -1.57063 0)
(-0.875065 0.42009 0)
(-0.83764 -0.00135175 0)
(-1.09937 -0.421503 0)
(-1.23013 -0.113141 0)
(-1.16773 -0.0707497 0)
(-1.03452 -0.223323 0)
(-0.948131 -0.265038 0)
(-0.85556 -0.157118 0)
(-0.748456 -0.0380342 0)
(-0.712763 -0.0239877 0)
(-0.586493 -0.277484 0)
(-0.393446 -0.340787 0)
(-0.410588 -0.87091 0)
(-0.466885 -1.34889 0)
(-0.307855 -1.5781 0)
(-0.301036 -1.55248 0)
(-0.237025 -1.59515 0)
(-0.111663 -1.73102 0)
(0.172004 -1.64044 0)
(-1.00675 0.562503 0)
(-1.09882 -0.0211117 0)
(-1.31244 -0.0877976 0)
(-1.17354 -0.0728869 0)
(-1.1004 -0.0412987 0)
(-1.05984 -0.0814942 0)
(-0.933383 -0.230272 0)
(-0.689171 -0.425799 0)
(-0.267322 -0.622173 0)
(-0.102121 -0.756893 0)
(-0.293208 -0.54296 0)
(-0.275695 -0.481517 0)
(-0.338906 -0.923341 0)
(-0.477449 -1.38284 0)
(-0.292714 -1.664 0)
(-0.276341 -1.89197 0)
(-0.303271 -1.63187 0)
(-0.0839642 -1.82019 0)
(0.0293411 -1.69344 0)
(-1.94513 0.43812 0)
(-1.93068 0.132234 0)
(-1.78643 -0.00880843 0)
(-1.4647 -0.0714533 0)
(-1.23294 -0.132845 0)
(-1.03317 -0.363206 0)
(-0.725073 -0.65203 0)
(-0.489417 -0.760645 0)
(-0.310142 -0.718445 0)
(-0.2243 -0.671396 0)
(-0.220723 -0.500511 0)
(-0.138406 -0.411241 0)
(-0.0548904 -0.541394 0)
(-0.117786 -1.73663 0)
(-0.082364 -1.79366 0)
(-0.00380494 -1.92852 0)
(-0.282425 -1.77252 0)
(0.0695069 -1.63696 0)
(-0.0247197 -1.577 0)
(-1.93245 0.585519 0)
(-1.99584 0.0575232 0)
(-1.87989 -0.537784 0)
(-1.78943 -0.617645 0)
(-1.36695 -0.488088 0)
(-0.812485 -0.726103 0)
(-0.610786 -0.83602 0)
(-0.513843 -0.761881 0)
(-0.409124 -0.75931 0)
(-0.353984 -0.832667 0)
(-0.208189 -0.759091 0)
(-0.084737 -0.569418 0)
(0.125335 -0.42302 0)
(-0.153954 -1.52986 0)
(0.287489 -1.62645 0)
(0.0834684 -1.73503 0)
(-0.11307 -1.25912 0)
(0.178228 -1.12176 0)
(-0.0860021 -1.48328 0)
(-1.72678 1.00417 0)
(-1.73644 0.1223 0)
(-0.920965 -0.74728 0)
(-0.976765 -1.06331 0)
(-0.450238 -0.991243 0)
(-0.41486 -0.922406 0)
(-0.427933 -0.963744 0)
(-0.362106 -1.05099 0)
(-0.52752 -1.01986 0)
(-0.515965 -0.863659 0)
(-0.218008 -0.936074 0)
(-0.183365 -0.686664 0)
(-0.171095 -0.46786 0)
(0.068588 -1.59166 0)
(0.305097 -1.42097 0)
(0.101339 -1.81034 0)
(-0.162154 -1.10105 0)
(-0.182574 -1.12455 0)
(-0.0140887 -1.54796 0)
(-0.941156 0.862094 0)
(-1.11883 -0.0233869 0)
(-0.418539 -0.823514 0)
(-0.346108 -0.980821 0)
(-0.267997 -1.01919 0)
(-0.47284 -0.978576 0)
(-0.577337 -1.04198 0)
(-0.466949 -1.33005 0)
(-0.439576 -1.37924 0)
(-0.654117 -0.787485 0)
(-0.886044 -0.957084 0)
(-0.88488 -0.532347 0)
(-0.237811 -0.888389 0)
(0.0561898 -1.60509 0)
(0.206986 -1.43994 0)
(0.109792 -1.85572 0)
(0.0550346 -1.50151 0)
(-0.315485 -1.07063 0)
(0.10956 -1.76962 0)
(0.406451 0.967009 0)
(-0.379163 -0.122239 0)
(0.362725 -0.936059 0)
(0.0973421 -1.02237 0)
(-0.353028 -0.960906 0)
(-0.393051 -0.951649 0)
(-0.628601 -1.02869 0)
(-0.824077 -1.22302 0)
(-0.791144 -1.10625 0)
(-1.05411 -0.55482 0)
(-1.0338 -0.585966 0)
(-0.638221 -0.871411 0)
(-0.0342639 -1.43783 0)
(0.0220698 -1.537 0)
(0.129444 -1.36943 0)
(-0.0933521 -1.70316 0)
(0.0480034 -1.62429 0)
(-0.177774 -1.10236 0)
(0.276314 -1.70444 0)
(1.63571 0.612922 0)
(0.883793 -0.445372 0)
(0.766552 -0.734206 0)
(0.368798 -0.773449 0)
(-0.340972 -0.661307 0)
(-0.453535 -0.831903 0)
(-0.436937 -1.04827 0)
(-0.673799 -0.655636 0)
(-0.91929 -0.643688 0)
(-1.07502 -0.569425 0)
(-1.00291 -0.753457 0)
(-0.367845 -1.34291 0)
(0.0194816 -1.52351 0)
(-0.0199674 -1.49541 0)
(-0.0686365 -1.44777 0)
(-0.228888 -1.73125 0)
(0.0632336 -1.65594 0)
(-0.000615569 -1.27445 0)
(0.339154 -1.54842 0)
(1.63493 0.762902 0)
(1.29652 -0.207462 0)
(1.24219 -0.289438 0)
(0.698668 -0.498822 0)
(-0.168794 -0.313881 0)
(-0.277787 -0.640732 0)
(-0.284587 -0.826177 0)
(-0.35315 -0.643604 0)
(-0.493828 -0.557023 0)
(-0.640687 -0.709056 0)
(-0.477627 -1.08028 0)
(-0.221627 -1.45256 0)
(-0.0150981 -1.53936 0)
(-0.148798 -1.50779 0)
(-0.192286 -1.51896 0)
(-0.383916 -1.71281 0)
(0.151891 -1.44145 0)
(0.134991 -1.29432 0)
(0.365736 -1.41865 0)
(1.43049 0.680774 0)
(1.40399 0.400855 0)
(1.35575 0.238276 0)
(0.732879 -0.2898 0)
(0.506522 -0.0140704 0)
(0.0764726 -0.127254 0)
(-0.109704 -0.819014 0)
(-0.173627 -0.585179 0)
(-0.401648 -0.365134 0)
(-0.55705 -0.588809 0)
(-0.395037 -1.23643 0)
(-0.200202 -1.49127 0)
(-0.109111 -1.50221 0)
(-0.286831 -1.51086 0)
(-0.246329 -1.47312 0)
(-0.290083 -1.37068 0)
(0.244737 -1.36373 0)
(-0.163692 -1.25321 0)
(0.368078 -1.34706 0)
(1.42447 0.769064 0)
(1.34707 0.792858 0)
(1.15032 0.39965 0)
(0.655864 -0.0520017 0)
(0.597412 -0.15121 0)
(0.164109 0.0396374 0)
(-0.0251701 -0.415054 0)
(-0.123985 -0.556597 0)
(-0.195518 -0.484655 0)
(-0.458265 -0.63119 0)
(-0.279594 -1.277 0)
(-0.227236 -1.4483 0)
(-0.216013 -1.47106 0)
(-0.294037 -1.46475 0)
(-0.160154 -1.36553 0)
(-0.273872 -1.27714 0)
(0.142157 -1.38459 0)
(-0.361086 -1.25918 0)
(0.357257 -1.31766 0)
(1.4493 0.881465 0)
(1.24823 0.790776 0)
(0.813567 0.34289 0)
(0.656648 0.308194 0)
(0.794995 0.187771 0)
(0.603624 0.251493 0)
(0.380166 -0.0414903 0)
(-0.123397 -0.530605 0)
(-0.169749 -0.496268 0)
(-0.203474 -0.597518 0)
(-0.050221 -1.24338 0)
(-0.250398 -1.38815 0)
(-0.222218 -1.42403 0)
(-0.24872 -1.42714 0)
(-0.112841 -1.35609 0)
(-0.209215 -1.33696 0)
(0.0804767 -1.32251 0)
(-0.35001 -1.22312 0)
(0.302416 -1.32723 0)
(1.31977 0.973626 0)
(1.19076 0.690822 0)
(0.930295 0.497694 0)
(0.839762 0.455687 0)
(0.765628 0.355848 0)
(0.636076 0.21394 0)
(0.442161 0.113961 0)
(0.160685 -0.383101 0)
(0.212318 -0.30639 0)
(-0.108333 -0.56515 0)
(0.129114 -1.14207 0)
(-0.307432 -1.36986 0)
(-0.145662 -1.38231 0)
(-0.167331 -1.44645 0)
(-0.00332053 -1.35083 0)
(-0.102786 -1.31187 0)
(0.140709 -1.27551 0)
(-0.310513 -1.17273 0)
(0.0885158 -1.5009 0)
(1.19453 0.856406 0)
(1.09694 0.717017 0)
(1.07445 0.645508 0)
(0.994925 0.615097 0)
(0.886043 0.43387 0)
(0.685427 0.432637 0)
(0.639119 0.310176 0)
(0.233639 -0.102003 0)
(0.330432 -0.214739 0)
(0.202682 -0.533035 0)
(0.185785 -1.05582 0)
(-0.310597 -1.32216 0)
(-0.0494751 -1.43356 0)
(-0.0156056 -1.48075 0)
(0.0497508 -1.34149 0)
(-0.0161018 -1.381 0)
(0.290001 -1.22611 0)
(-0.25788 -1.17199 0)
(0.0444819 -1.52677 0)
(1.25433 0.684712 0)
(1.20227 0.659094 0)
(1.20816 0.68654 0)
(1.08876 0.796456 0)
(1.03058 0.574168 0)
(0.791733 0.424891 0)
(0.689608 0.450152 0)
(0.628756 0.143998 0)
(0.434665 -0.0872108 0)
(0.398676 -0.400549 0)
(0.345936 -0.917042 0)
(-0.137007 -1.29091 0)
(0.0627788 -1.51979 0)
(0.137965 -1.51246 0)
(0.139565 -1.386 0)
(0.126605 -1.41761 0)
(0.326035 -1.19125 0)
(-0.13119 -1.05649 0)
(0.0937698 -1.50467 0)
(1.21456 0.803812 0)
(1.25787 0.744056 0)
(1.53419 0.770689 0)
(1.34702 0.853245 0)
(0.949851 0.659818 0)
(0.924579 0.268351 0)
(0.884324 0.39636 0)
(0.912359 0.301863 0)
(0.748517 0.00386339 0)
(0.671585 -0.162523 0)
(0.479393 -0.658698 0)
(0.279721 -1.18638 0)
(0.236824 -1.4684 0)
(0.28533 -1.53147 0)
(0.211439 -1.48045 0)
(0.227697 -1.41579 0)
(0.378522 -1.21136 0)
(-0.0551674 -0.945337 0)
(0.230716 -1.49227 0)
(1.11464 1.06628 0)
(1.17612 1.00751 0)
(1.51645 0.744534 0)
(1.38055 0.667941 0)
(0.937851 0.745801 0)
(1.02495 0.516394 0)
(1.05536 0.396303 0)
(0.846756 0.322398 0)
(0.890153 0.209673 0)
(0.914298 -0.166658 0)
(0.586514 -0.71461 0)
(0.420825 -1.11171 0)
(0.371565 -1.4036 0)
(0.355274 -1.51365 0)
(0.290073 -1.49113 0)
(0.285157 -1.41135 0)
(0.43878 -1.28554 0)
(0.137358 -0.877359 0)
(0.356064 -1.40822 0)
(1.1875 1.03866 0)
(0.934577 1.01438 0)
(1.23832 0.904886 0)
(1.46267 0.47632 0)
(1.13418 0.68911 0)
(0.900763 0.669861 0)
(0.943914 0.391514 0)
(0.921704 0.412542 0)
(0.817749 0.39619 0)
(0.820529 0.118337 0)
(0.711277 -0.682356 0)
(0.664708 -1.26097 0)
(0.477041 -1.48111 0)
(0.467426 -1.52562 0)
(0.369276 -1.44237 0)
(0.344672 -1.30781 0)
(0.482583 -1.26786 0)
(0.216319 -0.731415 0)
(0.426892 -1.26345 0)
(1.28852 0.796203 0)
(0.95724 0.927846 0)
(1.03292 0.992474 0)
(1.25156 0.750322 0)
(1.13915 0.571671 0)
(0.883925 0.663788 0)
(0.948512 0.543492 0)
(1.00391 0.513595 0)
(0.909289 0.310631 0)
(0.81546 -0.202179 0)
(0.672867 -0.700173 0)
(0.716412 -1.26218 0)
(0.655856 -1.42802 0)
(0.536955 -1.47419 0)
(0.45472 -1.43815 0)
(0.477613 -1.34268 0)
(0.471142 -1.40008 0)
(0.144429 -0.82139 0)
(0.452609 -1.09156 0)
(1.28504 0.810565 0)
(1.01682 0.941784 0)
(1.0486 0.970699 0)
(1.08641 0.932633 0)
(1.04553 0.783261 0)
(0.912519 0.781794 0)
(0.857627 0.900638 0)
(0.708028 0.793178 0)
(0.570434 0.517076 0)
(0.704075 -0.0962339 0)
(0.769365 -0.658355 0)
(0.729853 -1.0262 0)
(0.689696 -1.34252 0)
(0.542516 -1.41921 0)
(0.466055 -1.52038 0)
(0.486694 -1.86162 0)
(0.303254 -1.82999 0)
(-0.0455171 -0.878853 0)
(0.448695 -0.970878 0)
(1.1863 0.90932 0)
(1.0741 1.0248 0)
(1.02327 0.966476 0)
(1.02626 0.879465 0)
(0.992393 0.750321 0)
(0.925477 0.811975 0)
(0.826036 1.00276 0)
(0.668472 1.1122 0)
(0.547616 0.6133 0)
(0.722853 0.0403276 0)
(0.588331 -0.628168 0)
(0.64302 -0.942819 0)
(0.553916 -1.26036 0)
(0.395454 -1.39477 0)
(0.187653 -1.57163 0)
(0.272537 -2.00107 0)
(0.384022 -1.91456 0)
(0.576686 -0.900305 0)
(0.416782 -0.922443 0)
(1.20807 1.05857 0)
(1.13299 1.12476 0)
(0.862404 0.976773 0)
(0.862853 0.966198 0)
(0.913339 0.932011 0)
(0.967894 0.913498 0)
(0.921165 1.10243 0)
(0.610051 1.12391 0)
(0.363385 0.601837 0)
(0.710121 0.0296461 0)
(0.673262 -0.547513 0)
(0.688109 -0.866129 0)
(0.544053 -1.13842 0)
(0.359221 -1.27301 0)
(0.0964074 -1.36855 0)
(0.0598777 -1.37999 0)
(0.218578 -1.21038 0)
(-0.128267 -0.857122 0)
(0.256275 -0.826727 0)
(1.28328 1.27522 0)
(1.04057 1.23767 0)
(0.847375 1.04959 0)
(0.931469 1.05277 0)
(0.843287 1.27805 0)
(0.892228 1.2692 0)
(0.836884 1.25274 0)
(0.543389 1.06829 0)
(0.592538 0.596046 0)
(0.840348 -0.363901 0)
(0.71345 -0.558321 0)
(0.644397 -0.833884 0)
(0.413006 -1.04568 0)
(0.207469 -1.16605 0)
(0.204891 -1.23519 0)
(0.136488 -1.1721 0)
(-0.0476952 -1.05686 0)
(-0.259833 -0.790396 0)
(0.167145 -0.614506 0)
(1.18676 1.32471 0)
(0.97384 1.23706 0)
(0.680386 1.30426 0)
(0.818775 1.22258 0)
(0.837193 1.31411 0)
(0.611847 1.35604 0)
(0.390465 1.44083 0)
(0.171143 0.943543 0)
(0.552755 0.540054 0)
(0.851453 -0.274819 0)
(0.941986 -0.708653 0)
(0.509747 -1.13012 0)
(0.283884 -1.16099 0)
(0.141048 -1.14889 0)
(0.190069 -1.16064 0)
(0.186568 -1.18799 0)
(0.252289 -1.23539 0)
(-0.127032 -1.38555 0)
(0.144578 -0.421491 0)
(1.07494 1.21432 0)
(0.906148 1.06406 0)
(0.711329 1.24039 0)
(0.824175 1.56758 0)
(0.762421 1.55336 0)
(0.350075 1.93724 0)
(0.0697431 1.50256 0)
(0.0581143 0.849158 0)
(0.359458 0.118047 0)
(0.412103 -0.38882 0)
(0.420725 -0.978753 0)
(0.268224 -1.19804 0)
(0.316455 -1.19632 0)
(0.219524 -1.10137 0)
(0.135894 -1.14491 0)
(-0.0491086 -1.25803 0)
(0.0151536 -1.46105 0)
(-0.0437177 -1.58658 0)
(0.124592 -0.498055 0)
(0.582249 1.33948 0)
(0.635475 0.996465 0)
(0.731709 0.992419 0)
(0.755635 1.44202 0)
(0.314984 2.04956 0)
(-0.309023 2.15979 0)
(-0.547779 1.15961 0)
(-0.115656 0.604508 0)
(-0.0335278 -0.0437244 0)
(0.0698694 -0.365936 0)
(0.0964327 -0.620391 0)
(0.126342 -0.838742 0)
(0.319149 -1.00247 0)
(0.137183 -1.29626 0)
(0.057693 -1.34693 0)
(-0.10155 -1.41882 0)
(-0.16542 -1.28482 0)
(0.00516235 -1.38631 0)
(0.212834 -0.545252 0)
)
;

boundaryField
{
    leftWall
    {
        type            fixedValue;
        value           uniform (0 0 0);
    }
    rightWall
    {
        type            fixedValue;
        value           uniform (0 0 0);
    }
    lowerWall
    {
        type            fixedValue;
        value           uniform (0 0 0);
    }
    atmosphere
    {
        type            pressureInletOutletVelocity;
        value           nonuniform List<vector> 
46
(
(0.00951634 0.203249 0)
(0.00513361 0.198397 0)
(-0.00416108 0.19608 0)
(-0.00379192 0.190561 0)
(0.00522115 0.186812 0)
(0.0012321 0.174892 0)
(0.00529595 0.172192 0)
(0.00695422 0.155009 0)
(0.00346501 0.157845 0)
(0.0166307 0.136382 0)
(0.0301816 0.11986 0)
(0.0544412 0.0916807 0)
(0.0377705 0.043469 0)
(0.13598 0.0624428 0)
(0.327924 0.177186 0)
(0 -0.168351 0)
(0 -0.84825 0)
(0 -1.05696 0)
(0 -1.20035 0)
(0 -1.30583 0)
(0 -1.24746 0)
(0 -0.253103 0)
(0.294576 1.09223 0)
(0.352657 1.2286 0)
(0.266671 1.16919 0)
(0.149611 1.10538 0)
(0.278345 1.49835 0)
(0.582249 1.33948 0)
(0.635475 0.996465 0)
(0.731709 0.992419 0)
(0.755635 1.44202 0)
(0.314984 2.04956 0)
(-0.309023 2.15979 0)
(-0.547779 1.15961 0)
(-0.115656 0.604508 0)
(0 -0.0437244 0)
(0 -0.365936 0)
(0 -0.620391 0)
(0 -0.838742 0)
(0 -1.00247 0)
(0 -1.29626 0)
(0 -1.34693 0)
(0 -1.41882 0)
(0 -1.28482 0)
(0 -1.38631 0)
(0 -0.545252 0)
)
;
    }
    defaultFaces
    {
        type            empty;
    }
}


// ************************************************************************* //
