/*--------------------------------*- C++ -*----------------------------------*\
| =========                 |                                                 |
| \\      /  F ield         | foam-extend: Open Source CFD                    |
|  \\    /   O peration     | Version:     4.1                                |
|   \\  /    A nd           | Web:         http://www.foam-extend.org         |
|    \\/     M anipulation  |                                                 |
\*---------------------------------------------------------------------------*/
FoamFile
{
    version     2.0;
    format      ascii;
    class       volVectorField;
    location    "0.6";
    object      U_0;
}
// * * * * * * * * * * * * * * * * * * * * * * * * * * * * * * * * * * * * * //

dimensions      [0 1 -1 0 0 0 0];

internalField   nonuniform List<vector> 
2268
(
(0.0341488 -0.00424689 0)
(0.0326611 -0.000872966 0)
(0.0475492 -0.00249131 0)
(0.0796479 -0.00352667 0)
(0.0871619 0.00174511 0)
(0.0920277 0.000329151 0)
(0.073041 0.00283745 0)
(0.0652962 0.0031777 0)
(0.0388312 0.00346509 0)
(0.033995 -0.00768439 0)
(0.0320017 -0.00657186 0)
(0.0391726 -0.00318221 0)
(0.05125 0.00155335 0)
(0.0572502 0.00104052 0)
(0.0649236 0.000568577 0)
(0.0676813 0.000177273 0)
(0.0721861 -0.000774888 0)
(0.0751283 0.000589372 0)
(0.0730444 0.000422353 0)
(0.0688344 0.00352094 0)
(0.0544779 0.007718 0)
(0.0324549 0.00390253 0)
(0.0172034 0.00784158 0)
(0.0303298 -0.0113117 0)
(0.0328302 -0.00241042 0)
(0.056449 -0.00803068 0)
(0.0819253 -0.00579397 0)
(0.0886232 -0.00445472 0)
(0.0937072 0.00375779 0)
(0.07536 0.00875388 0)
(0.0669817 0.00566672 0)
(0.0401027 0.00367536 0)
(0.0519141 0.012164 0)
(0.0305239 -0.0136929 0)
(0.0263478 -0.00501364 0)
(0.0347247 -0.0115759 0)
(0.0358386 -0.00797068 0)
(0.043543 -0.0107052 0)
(0.0477763 -0.00348985 0)
(0.0545993 -0.00560276 0)
(0.0625941 -0.000553313 0)
(0.063841 0.00266492 0)
(0.0614835 0.00486365 0)
(0.0494748 0.00968559 0)
(0.0300208 0.0135198 0)
(0.00393473 0.0156843 0)
(0.0218683 -0.0189479 0)
(0.0299668 -0.00719481 0)
(0.0672001 -0.0135911 0)
(0.0797445 -0.0110511 0)
(0.0875878 -0.0009759 0)
(0.0950404 0.00413515 0)
(0.0737693 0.0136668 0)
(0.0663735 0.0114707 0)
(0.0480899 0.00428209 0)
(0.0500563 -0.00418185 0)
(0.0316867 -0.0167297 0)
(0.0285412 -0.0105136 0)
(0.0251213 -0.0152363 0)
(0.0229097 -0.0105597 0)
(0.0256987 -0.00961964 0)
(0.0290585 -0.00500935 0)
(0.0328603 -0.00512421 0)
(0.0435766 -0.00428793 0)
(0.0480389 0.00482529 0)
(0.0500978 0.010273 0)
(0.0452643 0.0228233 0)
(0.0300181 0.0250051 0)
(0.0102256 0.024171 0)
(0.0137373 -0.0232711 0)
(0.0288358 -0.0132418 0)
(0.0765548 -0.0191164 0)
(0.0783759 -0.0107293 0)
(0.0986084 -0.00746268 0)
(0.100438 0.007912 0)
(0.0758101 0.0226795 0)
(0.0590532 0.0134118 0)
(0.0392033 0.00991753 0)
(0.00971145 -0.00866665 0)
(0.00401558 -0.00354471 0)
(-0.021187 0.00489166 0)
(-0.0305584 0.00165143 0)
(-0.0422272 -0.00108559 0)
(-0.0425269 -0.00525126 0)
(-0.0396947 -0.00642 0)
(-0.0325085 -0.013326 0)
(-0.0160628 -0.00750721 0)
(-0.00646737 -0.00170922 0)
(0.016649 0.00597412 0)
(0.0293326 0.0188681 0)
(0.0285007 0.0302881 0)
(0.00954691 0.0342468 0)
(0.0115771 -0.0288524 0)
(0.0334431 -0.0222671 0)
(0.0824414 -0.0248623 0)
(0.0842503 -0.0162806 0)
(0.108836 -0.00631188 0)
(0.100425 0.0101927 0)
(0.0631939 0.0297427 0)
(0.0496957 0.018179 0)
(-0.000752836 -0.000718484 0)
(-0.0147307 0.0243692 0)
(-0.0345021 -0.00360081 0)
(-0.0505155 0.00819339 0)
(-0.0578642 -0.00310496 0)
(-0.0638573 -0.00285072 0)
(-0.0642912 -0.0103671 0)
(-0.0785949 -0.00947699 0)
(-0.0746015 -0.0150265 0)
(-0.0632453 -0.0158938 0)
(-0.063655 -0.0160904 0)
(-0.0359216 -0.00667401 0)
(-0.0122514 0.0186897 0)
(0.014898 0.0335518 0)
(0.0102067 0.0423723 0)
(0.0176259 -0.0334633 0)
(0.0447811 -0.0302474 0)
(0.0901402 -0.0303725 0)
(0.0889455 -0.0175952 0)
(0.110568 -0.00994994 0)
(0.100645 0.0188384 0)
(0.0640913 0.0510392 0)
(0.0359478 0.0321906 0)
(-0.0236394 0.0243317 0)
(-0.0383466 0.0259701 0)
(-0.0629294 0.0115589 0)
(-0.0852656 0.0157074 0)
(-0.0897119 0.0113532 0)
(-0.098024 0.00053649 0)
(-0.0947098 -0.00509627 0)
(-0.096285 -0.000536002 0)
(-0.0992468 -0.0249352 0)
(-0.0916808 -0.0140167 0)
(-0.0863425 -0.0350419 0)
(-0.0668395 -0.0183105 0)
(-0.0680329 -0.0066514 0)
(-0.0087379 0.0204239 0)
(0.0103012 0.0474146 0)
(0.0253211 -0.043465 0)
(0.0518687 -0.0399336 0)
(0.0900718 -0.0344736 0)
(0.0886976 -0.0214191 0)
(0.119722 -0.00909946 0)
(0.115092 0.0225918 0)
(0.0535322 0.0496557 0)
(-0.00453756 0.0315768 0)
(-0.0572728 0.0353913 0)
(-0.0679244 0.0645821 0)
(-0.0852361 0.0192778 0)
(-0.10449 0.022448 0)
(-0.100396 0.0099997 0)
(-0.105893 0.000846035 0)
(-0.0993115 -0.00663241 0)
(-0.113249 -0.008909 0)
(-0.105589 -0.0511496 0)
(-0.0951838 -0.0199342 0)
(-0.092668 -0.0384763 0)
(-0.0816496 -0.0151473 0)
(-0.0872461 -0.0244265 0)
(-0.0251828 0.0127679 0)
(0.00478011 0.0399521 0)
(0.0282626 -0.0517219 0)
(0.0524551 -0.046315 0)
(0.0922768 -0.0390315 0)
(0.0937063 -0.0258955 0)
(0.131111 -0.0157775 0)
(0.111903 0.0341109 0)
(0.0502691 0.0449521 0)
(-0.0262311 0.0667864 0)
(-0.0531857 0.0574368 0)
(-0.0932304 0.0522087 0)
(-0.122942 0.0276804 0)
(-0.119886 0.0215615 0)
(-0.112624 0.00956552 0)
(-0.116196 -0.000707399 0)
(-0.108311 -0.00740288 0)
(-0.123894 0.00656134 0)
(-0.108525 -0.04572 0)
(-0.0845455 -0.0234207 0)
(-0.0851313 -0.0498619 0)
(-0.0819067 -0.0230594 0)
(-0.093221 -0.0351073 0)
(-0.0403499 -0.0206534 0)
(0.00122934 0.0493947 0)
(-0.75749 0.288019 0)
(-1.51954 0.105663 0)
(-1.84103 -0.012079 0)
(-1.92742 -0.0310979 0)
(-1.78881 -0.13398 0)
(-1.46671 -0.180265 0)
(-1.30882 -0.0728802 0)
(-1.24036 -0.063086 0)
(-1.23834 -0.0330068 0)
(-1.30535 -0.0243083 0)
(-1.32955 -0.0207837 0)
(-1.26563 -0.075582 0)
(-1.1984 -0.0478977 0)
(-1.16337 -0.0283091 0)
(-1.12831 -0.16974 0)
(-1.03296 0.00945049 0)
(-0.411227 -0.153357 0)
(-0.10746 -0.239703 0)
(0.0866379 -0.0298359 0)
(-0.828697 0.613243 0)
(-1.47838 0.282502 0)
(-1.74824 0.160928 0)
(-1.80974 0.104837 0)
(-1.50261 -0.163378 0)
(-1.09569 -0.191052 0)
(-0.992108 -0.0596251 0)
(-1.02285 0.0545411 0)
(-1.04066 0.0789446 0)
(-1.13332 0.101029 0)
(-1.17372 0.0972781 0)
(-1.13268 -0.0258836 0)
(-1.04105 -0.0122042 0)
(-1.06579 -0.0961934 0)
(-1.05147 -0.254635 0)
(-0.852429 -0.153098 0)
(-0.666354 -0.0602056 0)
(-0.163983 -0.159169 0)
(0.0925746 0.0225771 0)
(-0.803421 1.04617 0)
(-1.27138 0.533658 0)
(-1.54251 0.256962 0)
(-1.70319 -0.0880816 0)
(-1.34538 -0.26559 0)
(-0.324678 -0.305729 0)
(-0.246729 -0.102858 0)
(-0.803961 -0.0324383 0)
(-0.841087 0.0280276 0)
(-1.03142 -0.0357686 0)
(-1.1192 -0.0703933 0)
(-1.06846 -0.0729742 0)
(-0.921953 -0.204486 0)
(-1.01233 -0.334206 0)
(-0.99223 -0.252052 0)
(-0.741329 -0.343546 0)
(-0.556367 -0.174498 0)
(-0.267725 -0.242113 0)
(-0.0258813 -0.0463155 0)
(-0.734777 1.20499 0)
(-0.810859 0.860309 0)
(-0.857192 0.0661941 0)
(-0.476155 -0.370482 0)
(-0.311106 -0.425488 0)
(-0.0691378 -0.428695 0)
(0.0232017 -0.111422 0)
(0.281591 0.340564 0)
(-0.591068 0.370072 0)
(-0.432977 0.115491 0)
(-0.804228 -0.138063 0)
(-0.988177 0.206406 0)
(-0.69048 -0.142563 0)
(-0.970371 -0.394412 0)
(-1.05275 -0.216433 0)
(-0.8024 -0.269487 0)
(-0.598084 -0.293321 0)
(-0.409066 -0.362018 0)
(-0.144566 -0.0779323 0)
(-0.664537 1.30841 0)
(0.0620033 1.02242 0)
(0.108679 0.0226422 0)
(-0.0892572 -0.12006 0)
(0.0820145 -0.415192 0)
(0.043918 -0.423615 0)
(0.0601926 -0.167294 0)
(0.581515 0.0716856 0)
(0.395525 0.336846 0)
(0.630723 0.314631 0)
(1.50208 0.0754559 0)
(0.425708 -0.0240068 0)
(0.931466 -0.245514 0)
(-0.602007 -0.201555 0)
(-0.807436 -0.0267427 0)
(-0.804018 -0.0998949 0)
(-0.62816 -0.362058 0)
(-0.458256 -0.415796 0)
(-0.33995 -0.306534 0)
(-0.642354 1.34529 0)
(0.677485 0.920601 0)
(0.36327 0.0771291 0)
(0.167883 -0.396405 0)
(0.214924 -0.472451 0)
(0.0877619 -0.417269 0)
(0.0771329 -0.183331 0)
(0.434136 0.00130527 0)
(0.697173 0.186364 0)
(0.853001 0.193986 0)
(1.17537 0.0930279 0)
(1.35693 -0.0345601 0)
(1.38045 0.0964694 0)
(-0.433976 0.12215 0)
(-0.749237 0.094036 0)
(-0.809699 -0.16075 0)
(-0.553345 -0.429413 0)
(-0.456493 -0.52794 0)
(-0.442834 -0.400638 0)
(-0.598112 1.34273 0)
(0.666956 0.868185 0)
(0.461815 0.118963 0)
(0.277182 -0.501629 0)
(0.308716 -0.485164 0)
(0.126511 -0.574795 0)
(0.0342427 -0.232095 0)
(0.314788 -0.0497737 0)
(0.65429 0.0489311 0)
(0.762647 -0.117638 0)
(0.814405 -0.114882 0)
(0.884737 0.00975574 0)
(1.27546 0.376315 0)
(-0.246402 0.415949 0)
(-0.738755 0.378348 0)
(-0.812316 -0.121532 0)
(-0.510668 -0.601887 0)
(-0.325981 -0.666853 0)
(-0.420017 -0.496903 0)
(-0.538417 1.41771 0)
(0.616833 0.872167 0)
(0.432545 0.26937 0)
(0.525365 -0.299137 0)
(0.346616 -0.441179 0)
(0.167928 -0.624787 0)
(0.175081 -0.270302 0)
(0.396681 -0.0774809 0)
(0.50222 -0.066981 0)
(0.585664 -0.168199 0)
(0.740385 -0.0891654 0)
(0.722232 0.0783301 0)
(0.914778 0.405733 0)
(0.318329 0.927949 0)
(-0.380814 0.512994 0)
(-0.917735 -0.14295 0)
(-0.485547 -0.70098 0)
(-0.283696 -0.782214 0)
(-0.348044 -0.545335 0)
(0.0205458 -0.0676606 0)
(0.0509053 -0.0604536 0)
(0.0860066 -0.0445119 0)
(0.0826501 -0.0345353 0)
(0.13527 -0.0123865 0)
(0.0868724 0.0460377 0)
(-0.00536002 0.0648167 0)
(-0.0488869 0.0917193 0)
(-0.0985187 0.0667115 0)
(-0.117952 0.0383078 0)
(-0.120076 0.0362398 0)
(-0.125741 0.0188242 0)
(-0.114573 0.00787811 0)
(-0.11837 -0.000552261 0)
(-0.0895539 0.00568354 0)
(-0.130523 -0.0143906 0)
(-0.120039 -0.017392 0)
(-0.083488 -0.0207544 0)
(-0.0825415 -0.0376368 0)
(-0.068416 -0.0345434 0)
(-0.0875893 -0.0490054 0)
(-0.033231 -0.0462556 0)
(0.00217894 -0.0221867 0)
(0.0207814 -0.080099 0)
(0.0108553 -0.0756571 0)
(0.0667603 -0.0504697 0)
(0.035591 -0.0472073 0)
(-0.0739736 -0.0174005 0)
(-0.237067 0.128876 0)
(-0.161039 0.17867 0)
(-0.171106 0.148042 0)
(-0.180809 0.124869 0)
(-0.163129 0.0723248 0)
(-0.14732 0.0330539 0)
(-0.121207 0.0158742 0)
(-0.106373 -0.0117396 0)
(-0.0796456 -0.0194114 0)
(-0.0850059 -0.0225885 0)
(-0.108893 -0.0573097 0)
(-0.0690754 -0.00914091 0)
(-0.0768041 -0.0541943 0)
(-0.0836317 -0.0376447 0)
(-0.0650823 -0.0629415 0)
(-0.0461388 -0.0501366 0)
(-0.0805747 -0.0353106 0)
(-0.0906173 -0.0259445 0)
(-0.0577107 -0.0810937 0)
(-0.0569931 -0.0815686 0)
(-0.212583 -0.0407875 0)
(-0.222016 0.0320462 0)
(-0.215074 0.196152 0)
(-0.471896 0.414228 0)
(-0.680832 0.167405 0)
(-0.441418 0.128869 0)
(-0.328925 0.0619155 0)
(-0.285576 0.0142128 0)
(-0.245638 -0.00330605 0)
(-0.177706 -0.0202353 0)
(-0.144807 -0.0299858 0)
(-0.102917 -0.0271122 0)
(-0.0956954 -0.0458511 0)
(-0.0858688 -0.0246011 0)
(-0.0667282 -0.0239933 0)
(-0.0597692 -0.0572978 0)
(-0.0540066 -0.0411245 0)
(-0.0625974 -0.0483681 0)
(-0.0829528 -0.0468892 0)
(-0.0873339 -0.0356271 0)
(-0.0674137 0.00418101 0)
(-0.0707752 0.0399396 0)
(-0.0680733 0.0294588 0)
(-0.215444 -0.00831195 0)
(-0.23591 0.0954589 0)
(-0.16642 0.191973 0)
(-0.368235 0.381025 0)
(-0.482088 0.284362 0)
(-0.543327 0.256272 0)
(-0.514989 0.026783 0)
(-0.548869 -0.0245482 0)
(-0.492638 -0.0783935 0)
(-0.301462 -0.0902336 0)
(-0.182022 -0.090015 0)
(-0.165913 -0.0682948 0)
(-0.30416 -0.0497399 0)
(-0.341162 -0.0851169 0)
(-0.315465 -0.0395785 0)
(-0.20806 -0.014997 0)
(-0.164902 -0.0357362 0)
(-0.142891 -0.0346085 0)
(-0.105376 -0.019123 0)
(-0.0825664 -0.0164176 0)
(-0.0582331 -0.00706605 0)
(-0.070249 0.0964619 0)
(-0.0978416 0.0477815 0)
(-0.142898 0.00244471 0)
(-0.141245 0.175653 0)
(-0.158387 0.212311 0)
(-0.123861 0.339115 0)
(-0.154411 0.417751 0)
(-0.362863 0.24952 0)
(-0.251592 -0.039904 0)
(-0.384237 -0.439144 0)
(-0.378936 -0.142602 0)
(-0.335037 -0.163022 0)
(-0.494317 0.031542 0)
(-0.465279 0.0737863 0)
(-0.367221 -0.143259 0)
(-0.532751 -0.149472 0)
(-0.397806 -0.0682773 0)
(-0.348291 0.0315394 0)
(-0.431846 -0.0905748 0)
(-0.411876 -0.112927 0)
(-0.501774 -0.136408 0)
(-0.329299 -0.0782678 0)
(-0.19849 -0.0443992 0)
(-0.0421788 0.183347 0)
(-0.0624363 0.144059 0)
(-0.0934461 0.0585205 0)
(-0.0814904 0.145405 0)
(-0.159418 0.188989 0)
(-0.156509 0.300473 0)
(-0.0654227 0.296553 0)
(-0.0288191 0.30886 0)
(-0.0596429 0.091994 0)
(-0.230641 -0.174639 0)
(-0.360341 -0.160901 0)
(-0.387108 -0.208201 0)
(-0.456384 -0.142992 0)
(-0.41169 0.10997 0)
(-0.558978 -0.21242 0)
(-0.599237 -0.214422 0)
(-0.519814 0.126186 0)
(-0.442325 0.0703008 0)
(-0.550995 -0.0165294 0)
(-0.585496 -0.0762952 0)
(-0.444969 -0.332249 0)
(-0.371272 0.0153705 0)
(-0.33124 -0.241465 0)
(-0.00954728 0.203423 0)
(-0.0512285 0.137663 0)
(-0.0824878 0.0455428 0)
(-0.0523577 0.11439 0)
(-0.10872 0.159612 0)
(-0.104791 0.289219 0)
(-0.0775282 0.300379 0)
(-0.0262256 0.297748 0)
(-0.0329261 0.108653 0)
(-0.137476 0.0462401 0)
(-0.233389 0.0298713 0)
(-0.325515 -0.0101154 0)
(-0.351083 -0.0866835 0)
(-0.466412 0.00245579 0)
(-0.502383 -0.0646417 0)
(-0.504094 0.0576441 0)
(-0.602251 -0.0417875 0)
(-0.546246 -0.126165 0)
(-0.633446 -0.261435 0)
(-0.727743 -0.140955 0)
(-0.78763 -0.152877 0)
(-0.769308 -0.141942 0)
(-0.878134 -0.183038 0)
(-0.0278405 0.217747 0)
(-0.0430034 0.141809 0)
(-0.0515831 0.0398913 0)
(-0.0137834 0.0821906 0)
(-0.0611456 0.194228 0)
(-0.0803348 0.273885 0)
(-0.0774828 0.281697 0)
(-0.110646 0.303707 0)
(-0.0982205 0.177945 0)
(-0.0956462 0.153376 0)
(-0.172671 0.101076 0)
(-0.371704 0.0193327 0)
(-0.418704 0.0571887 0)
(-0.394462 -0.0113741 0)
(-0.483877 0.0753341 0)
(-0.506323 0.108377 0)
(-0.544118 0.13248 0)
(-0.581952 0.0499591 0)
(-0.669141 -0.031239 0)
(-0.78554 0.0479743 0)
(-0.890122 -0.0727352 0)
(-0.878261 -0.127261 0)
(-0.910137 -0.150538 0)
(-0.0259243 0.235922 0)
(-0.0483129 0.175718 0)
(-0.0383251 0.0170655 0)
(-0.00260503 0.0857351 0)
(-0.0584276 0.205854 0)
(-0.0697556 0.296214 0)
(-0.0506726 0.301869 0)
(-0.125741 0.319994 0)
(-0.123095 0.365652 0)
(-0.113249 0.189684 0)
(-0.211003 0.147917 0)
(-0.226294 0.0554182 0)
(-0.400886 0.110707 0)
(-0.548823 0.110225 0)
(-0.45689 0.122531 0)
(-0.423701 0.085751 0)
(-0.536169 0.139355 0)
(-0.596379 0.0152784 0)
(-0.528749 0.0485983 0)
(-0.928361 0.0235403 0)
(-1.12275 0.0425792 0)
(-0.860663 0.0065492 0)
(-0.787851 -0.0511809 0)
(-0.0146547 0.253569 0)
(-0.0429451 0.196689 0)
(-0.0254652 -0.0134051 0)
(-0.00126052 0.0723006 0)
(-0.0298977 0.228038 0)
(-0.0777081 0.311188 0)
(-0.0563267 0.322304 0)
(-0.0805924 0.291701 0)
(-0.161768 0.325896 0)
(-0.206487 0.279449 0)
(-0.177187 0.240298 0)
(-0.283632 0.149847 0)
(-0.298169 0.118609 0)
(-0.373154 0.172302 0)
(-0.467679 0.250407 0)
(-0.419206 0.160724 0)
(-0.607025 0.208169 0)
(-0.668977 0.2122 0)
(-0.625476 0.0931542 0)
(-0.823935 -0.047689 0)
(-0.942394 0.0402281 0)
(-0.935671 0.140948 0)
(-0.940495 0.0383848 0)
(-0.000998167 0.26517 0)
(-0.0351328 0.210983 0)
(-0.0262945 -0.0205729 0)
(-0.00934327 0.0928562 0)
(-0.0350871 0.246997 0)
(-0.0933257 0.320327 0)
(-0.0883467 0.349605 0)
(-0.0871956 0.333249 0)
(-0.0988394 0.291276 0)
(-0.131164 0.309859 0)
(-0.251581 0.300306 0)
(-0.302518 0.209478 0)
(-0.314986 0.196426 0)
(-0.357051 0.202679 0)
(-0.445791 0.214736 0)
(-0.43352 0.247981 0)
(-0.437162 0.19977 0)
(-0.607112 0.326295 0)
(-0.756197 0.235528 0)
(-0.860648 0.226556 0)
(-0.786036 0.257096 0)
(-0.763138 0.148521 0)
(-0.943466 0.0541499 0)
(-0.00270622 0.271443 0)
(-0.00802209 0.213668 0)
(-0.0130516 -0.0119954 0)
(-0.0375861 0.133932 0)
(-0.0677118 0.271426 0)
(-0.0999945 0.330446 0)
(-0.0765665 0.343103 0)
(-0.115179 0.336224 0)
(-0.150977 0.273522 0)
(-0.117565 0.265475 0)
(-0.216054 0.233703 0)
(-0.314391 0.251666 0)
(-0.273727 0.279186 0)
(-0.291469 0.206182 0)
(-0.401638 0.233692 0)
(-0.422017 0.26459 0)
(-0.494958 0.240124 0)
(-0.550149 0.299734 0)
(-0.628804 0.312094 0)
(-0.680541 0.278343 0)
(-0.809996 0.391372 0)
(-0.929661 0.237162 0)
(-0.857704 0.214246 0)
(-0.00927103 0.275399 0)
(-0.00760641 0.217303 0)
(-0.0286376 0.0205968 0)
(-0.0775188 0.214427 0)
(-0.102664 0.31888 0)
(-0.117943 0.342047 0)
(-0.111716 0.355516 0)
(-0.162397 0.364788 0)
(-0.149717 0.408183 0)
(-0.114793 0.35635 0)
(-0.199627 0.269866 0)
(-0.18453 0.29846 0)
(-0.294204 0.377486 0)
(-0.335306 0.338356 0)
(-0.376856 0.421011 0)
(-0.376165 0.394075 0)
(-0.359614 0.338204 0)
(-0.502162 0.33719 0)
(-0.660639 0.302762 0)
(-0.677747 0.336273 0)
(-0.701497 0.260189 0)
(-0.754624 0.250042 0)
(-0.645218 0.239097 0)
(-0.0133702 0.287769 0)
(-0.006698 0.238518 0)
(-0.0257474 0.0567705 0)
(-0.05406 0.29327 0)
(-0.101853 0.305541 0)
(-0.112168 0.34366 0)
(-0.089411 0.375945 0)
(-0.0829801 0.364007 0)
(-0.1228 0.434042 0)
(-0.214018 0.407384 0)
(-0.216101 0.4701 0)
(-0.152089 0.390136 0)
(-0.222529 0.330572 0)
(-0.145269 0.514801 0)
(-0.28547 0.452549 0)
(-0.423736 0.428596 0)
(-0.438426 0.37609 0)
(-0.494919 0.34722 0)
(-0.494915 0.352594 0)
(-0.606615 0.397961 0)
(-0.730533 0.302292 0)
(-0.723923 0.352799 0)
(-0.685499 0.191872 0)
(-0.0189896 0.295972 0)
(-0.0180356 0.230445 0)
(0.0124459 0.0756443 0)
(-0.131608 0.334344 0)
(-0.142731 0.40548 0)
(-0.0485952 0.34974 0)
(-0.0990625 0.318773 0)
(-0.108408 0.341156 0)
(-0.087435 0.33075 0)
(-0.0988396 0.328705 0)
(-0.141416 0.415746 0)
(-0.193672 0.345684 0)
(-0.125401 0.340617 0)
(-0.144698 0.431604 0)
(-0.341757 0.373009 0)
(-0.361875 0.366523 0)
(-0.341287 0.401956 0)
(-0.450794 0.377584 0)
(-0.537284 0.48039 0)
(-0.617414 0.409851 0)
(-0.59194 0.442501 0)
(-0.720517 0.559714 0)
(-0.855361 0.455733 0)
(-0.0340468 0.323079 0)
(-0.0155673 0.228211 0)
(-0.0432961 0.108989 0)
(-0.00788124 0.291158 0)
(-0.115034 0.402863 0)
(-0.164445 0.368898 0)
(-0.0946064 0.401121 0)
(-0.055668 0.407058 0)
(-0.0846508 0.356707 0)
(-0.125635 0.343247 0)
(-0.15765 0.304333 0)
(-0.150622 0.459724 0)
(-0.0893785 0.531879 0)
(-0.188922 0.45413 0)
(-0.296215 0.429466 0)
(-0.324549 0.516313 0)
(-0.372616 0.504186 0)
(-0.364501 0.546028 0)
(-0.456778 0.548354 0)
(-0.525146 0.619954 0)
(-0.425843 0.631803 0)
(-0.639015 0.5422 0)
(-0.783964 0.639586 0)
(-0.0447286 0.339855 0)
(0.012245 0.232893 0)
(-0.0766677 0.145252 0)
(-0.110042 0.30871 0)
(-0.106676 0.371325 0)
(0.00640813 0.348122 0)
(-0.055365 0.372688 0)
(-0.110525 0.403012 0)
(-0.0877437 0.396968 0)
(-0.115408 0.39177 0)
(-0.0197584 0.39862 0)
(-0.0018381 0.503565 0)
(-0.173477 0.554735 0)
(-0.202402 0.575913 0)
(-0.186989 0.703145 0)
(-0.217325 0.651182 0)
(-0.269317 0.694586 0)
(-0.393044 0.772176 0)
(-0.437031 0.689646 0)
(-0.47346 0.806342 0)
(-0.51104 0.641353 0)
(-0.501772 0.596369 0)
(-0.528163 0.704385 0)
(-0.0509988 0.355868 0)
(-0.0133664 0.236316 0)
(-0.141787 0.239714 0)
(-0.0974878 0.472216 0)
(-0.0538474 0.566034 0)
(-0.0793201 0.322914 0)
(-0.0479158 0.347886 0)
(0.00281584 0.372667 0)
(-0.0361526 0.420241 0)
(-0.061958 0.351417 0)
(-0.0864375 0.587872 0)
(-0.0706281 0.337246 0)
(-0.110133 0.614714 0)
(-0.0818986 0.537369 0)
(-0.157632 0.634356 0)
(-0.228132 0.516875 0)
(-0.253952 0.582827 0)
(-0.359743 0.631024 0)
(-0.379979 0.629938 0)
(-0.436099 0.63932 0)
(-0.475631 0.519802 0)
(-0.29171 0.539751 0)
(-0.262539 0.586952 0)
(-0.0646079 0.412781 0)
(-0.00385543 0.230767 0)
(0.053361 0.17915 0)
(0.0124289 0.456069 0)
(-0.175937 0.478812 0)
(-0.108362 0.380653 0)
(-0.0223974 0.526634 0)
(-0.0172432 0.393165 0)
(-0.0665719 0.419988 0)
(0.0597719 0.400243 0)
(-0.105569 0.521446 0)
(-0.0613038 0.395739 0)
(-0.0544426 0.584146 0)
(-0.208543 0.495546 0)
(-0.21485 0.500745 0)
(-0.22617 0.522655 0)
(-0.253993 0.561572 0)
(-0.340256 0.571835 0)
(-0.408629 0.630762 0)
(-0.51442 0.577883 0)
(-0.622738 0.594564 0)
(-0.843139 0.663174 0)
(-1.17943 1.01064 0)
(-0.0330635 0.42823 0)
(0.0064709 0.212299 0)
(-0.0647429 0.179244 0)
(-0.0302379 0.32991 0)
(-0.10038 0.37738 0)
(0.0451639 0.38287 0)
(-0.0485754 0.393667 0)
(-0.0576919 0.365779 0)
(-0.0379181 0.399432 0)
(-0.00981962 0.434391 0)
(-0.107318 0.358601 0)
(-0.062894 0.578709 0)
(-0.0943519 0.444494 0)
(-0.136812 0.455973 0)
(-0.141288 0.548854 0)
(-0.197286 0.62212 0)
(-0.284348 0.631915 0)
(-0.3256 0.684487 0)
(-0.341099 0.735109 0)
(-0.396456 0.701087 0)
(-0.645108 0.646055 0)
(-1.27831 0.755336 0)
(-1.50199 1.44721 0)
(-0.0169318 0.427896 0)
(0.0143206 0.198421 0)
(-0.0499445 0.202336 0)
(-0.0209469 0.34261 0)
(-0.0562956 0.389674 0)
(-0.0145101 0.323355 0)
(-0.0398348 0.260911 0)
(-0.0128463 0.342572 0)
(-0.0357496 0.396661 0)
(-0.0115603 0.413115 0)
(-0.0770594 0.415586 0)
(-0.0715227 0.566286 0)
(-0.135265 0.505928 0)
(-0.0790296 0.628207 0)
(-0.0117092 0.495931 0)
(-0.158479 0.63182 0)
(-0.221417 0.698118 0)
(-0.236658 0.833447 0)
(-0.342785 0.792002 0)
(-0.462231 0.796421 0)
(-0.697489 0.800101 0)
(-1.31258 1.20231 0)
(-1.40847 1.76139 0)
(-0.011451 0.437747 0)
(0.0298588 0.229198 0)
(-0.0418126 0.230411 0)
(-0.0172706 0.352364 0)
(-0.0292982 0.373602 0)
(0.00830564 0.393853 0)
(-0.039234 0.31406 0)
(0.00181819 0.362116 0)
(-0.0162929 0.400237 0)
(0.0115307 0.429767 0)
(-0.0129669 0.441687 0)
(-0.0399441 0.546851 0)
(0.0211152 0.542968 0)
(-0.125982 0.709421 0)
(-0.124864 0.672746 0)
(-0.0421227 0.695264 0)
(-0.074965 0.772035 0)
(-0.140629 0.856285 0)
(-0.306083 0.951644 0)
(-0.420814 1.1206 0)
(-0.477103 1.26888 0)
(-0.341751 1.79994 0)
(-0.948741 2.05607 0)
(-0.0164012 0.437372 0)
(0.0223323 0.233445 0)
(-0.0246154 0.227428 0)
(0.0069545 0.334391 0)
(0.0510884 0.353024 0)
(0.00269641 0.318904 0)
(-0.0746336 0.302156 0)
(0.00842506 0.307387 0)
(-0.00807597 0.391442 0)
(0.0200631 0.417087 0)
(0.0119948 0.448955 0)
(0.00980127 0.59493 0)
(0.0195802 0.525678 0)
(0.0558104 0.529467 0)
(-0.0138138 0.682425 0)
(-0.0864301 0.684496 0)
(-0.034473 0.786174 0)
(-0.0298576 0.822176 0)
(-0.0521879 0.979228 0)
(-0.123164 1.16052 0)
(0.302725 1.49827 0)
(0.0731031 1.91379 0)
(-0.441665 1.86897 0)
(-0.0110009 0.440979 0)
(0.033913 0.228273 0)
(-0.0391943 0.239697 0)
(-0.011087 0.325311 0)
(0.00868669 0.3514 0)
(0.025308 0.273988 0)
(-0.0606113 0.259053 0)
(0.0256063 0.365711 0)
(0.0724526 0.39276 0)
(0.0495689 0.428498 0)
(0.124009 0.430972 0)
(0.0347857 0.529048 0)
(-0.0435223 0.512071 0)
(0.0719524 0.531768 0)
(0.0167202 0.550931 0)
(-0.015077 0.666399 0)
(0.0533981 0.788561 0)
(0.0477344 0.885492 0)
(0.0214173 1.01575 0)
(0.0903529 1.0934 0)
(0.571336 1.25515 0)
(0.444657 1.53358 0)
(0.279294 1.76662 0)
(-0.0328991 0.407544 0)
(0.0323342 0.286878 0)
(-0.00806786 0.25209 0)
(-0.00178786 0.309377 0)
(0.028407 0.308413 0)
(-0.0134661 0.30551 0)
(0.00399835 0.356023 0)
(0.102582 0.471346 0)
(0.063989 0.392605 0)
(0.0413483 0.441055 0)
(0.0745318 0.365532 0)
(0.0988391 0.370099 0)
(0.0379702 0.453357 0)
(0.109632 0.533093 0)
(0.0842566 0.563944 0)
(0.0948023 0.571501 0)
(0.152667 0.745842 0)
(0.212847 0.814451 0)
(0.184517 0.948293 0)
(0.327291 1.33638 0)
(0.607024 1.4005 0)
(0.578075 1.45703 0)
(0.783628 1.51051 0)
(0.0477896 0.478621 0)
(0.119116 0.362722 0)
(-0.049231 0.276431 0)
(-0.0671045 0.293868 0)
(-0.000900552 0.385388 0)
(0.12606 0.383381 0)
(0.105672 0.362237 0)
(0.0185716 0.458058 0)
(0.0574744 0.401278 0)
(-0.0109897 0.451645 0)
(0.0611589 0.458192 0)
(0.100936 0.421602 0)
(0.0810819 0.5644 0)
(0.183874 0.579122 0)
(0.102755 0.542326 0)
(0.184479 0.622148 0)
(0.26501 0.683324 0)
(0.286134 0.897571 0)
(0.418341 0.99407 0)
(0.689814 1.18163 0)
(0.658388 1.29598 0)
(0.62521 1.30871 0)
(0.877272 1.52074 0)
(-0.0558873 0.698102 0)
(0.0302213 0.275925 0)
(-0.0546331 0.333293 0)
(0.010009 0.340649 0)
(0.135183 0.514981 0)
(0.0207576 0.372025 0)
(0.0923945 0.338736 0)
(0.101562 0.382416 0)
(0.0364942 0.395117 0)
(0.0555305 0.464272 0)
(0.0490926 0.604578 0)
(0.19058 0.498475 0)
(0.216205 0.627699 0)
(0.10914 0.585413 0)
(0.139784 0.707121 0)
(0.323261 0.855689 0)
(0.437193 0.77483 0)
(0.460169 0.867659 0)
(0.623306 0.982163 0)
(0.630228 1.04528 0)
(0.674802 1.04832 0)
(0.826488 1.20008 0)
(1.19163 1.26956 0)
(-0.144423 0.578309 0)
(-0.0596333 0.31512 0)
(0.00548979 0.331636 0)
(0.0584627 0.367321 0)
(-0.00907961 0.395789 0)
(-0.0107807 0.307901 0)
(0.119055 0.407345 0)
(0.0591305 0.321212 0)
(0.103028 0.365239 0)
(0.137366 0.436951 0)
(0.0874212 0.565373 0)
(0.184897 0.534729 0)
(0.228576 0.522253 0)
(0.255255 0.620811 0)
(0.365551 0.721103 0)
(0.329272 0.81525 0)
(0.444784 0.914134 0)
(0.536834 0.8307 0)
(0.646041 0.811505 0)
(0.618249 0.844402 0)
(0.759225 1.04457 0)
(0.91156 1.06512 0)
(1.0716 1.06498 0)
(-0.0125146 0.416664 0)
(0.066716 0.365441 0)
(0.0398902 0.289148 0)
(0.040525 0.315934 0)
(0.0550544 0.239858 0)
(0.054718 0.393649 0)
(0.0880113 0.365626 0)
(0.0494416 0.317966 0)
(0.117847 0.42155 0)
(0.278387 0.380261 0)
(0.164573 0.451474 0)
(0.137672 0.591115 0)
(0.323626 0.536577 0)
(0.367837 0.60928 0)
(0.372508 0.635484 0)
(0.48999 0.671705 0)
(0.523167 0.683445 0)
(0.545414 0.775631 0)
(0.608935 0.739965 0)
(0.74803 0.764398 0)
(0.839864 0.899591 0)
(0.842062 0.768909 0)
(1.10251 0.738332 0)
(0.00876919 0.433405 0)
(0.0311271 0.376897 0)
(0.0322194 0.279945 0)
(0.00394534 0.355834 0)
(0.057739 0.328054 0)
(0.10667 0.374084 0)
(0.0439406 0.393728 0)
(0.122555 0.378013 0)
(0.16761 0.467282 0)
(0.205427 0.406992 0)
(0.331618 0.365997 0)
(0.292384 0.471196 0)
(0.277926 0.486027 0)
(0.385623 0.471989 0)
(0.478043 0.490362 0)
(0.37858 0.479111 0)
(0.511384 0.418081 0)
(0.615322 0.617618 0)
(0.62228 0.647851 0)
(0.713004 0.62909 0)
(0.746338 0.662243 0)
(0.822103 0.793802 0)
(1.19715 0.879126 0)
(0.0131364 0.403864 0)
(-0.01064 0.3574 0)
(0.0502823 0.324954 0)
(0.107533 0.353535 0)
(0.0800612 0.424714 0)
(0.101548 0.38352 0)
(0.100683 0.395861 0)
(0.136911 0.438061 0)
(0.152579 0.407936 0)
(0.194655 0.403934 0)
(0.226874 0.403304 0)
(0.244757 0.261093 0)
(0.295793 0.350694 0)
(0.338451 0.391795 0)
(0.37808 0.344826 0)
(0.460063 0.289741 0)
(0.695461 0.387245 0)
(0.723397 0.616268 0)
(0.524505 0.683926 0)
(0.651733 0.669514 0)
(0.909769 0.675781 0)
(0.8926 0.825842 0)
(1.02619 0.969654 0)
(0.0230518 0.388372 0)
(0.0218717 0.360632 0)
(0.0480322 0.396043 0)
(0.104063 0.35126 0)
(0.0748619 0.362446 0)
(0.0796632 0.353449 0)
(0.0945103 0.353931 0)
(0.123273 0.356021 0)
(0.134702 0.339121 0)
(0.198656 0.354552 0)
(0.165641 0.328992 0)
(0.272351 0.328907 0)
(0.407766 0.339586 0)
(0.359092 0.296686 0)
(0.360803 0.305664 0)
(0.476046 0.339809 0)
(0.853915 0.409246 0)
(0.883375 0.465986 0)
(0.760789 0.522139 0)
(0.743252 0.705325 0)
(0.889577 0.689445 0)
(1.05334 0.728697 0)
(1.05855 0.785104 0)
(0.0271528 0.366146 0)
(0.0450258 0.332904 0)
(0.0544377 0.348275 0)
(0.0760729 0.336296 0)
(0.0788316 0.310038 0)
(0.095415 0.32898 0)
(0.103768 0.322102 0)
(0.129566 0.31939 0)
(0.136513 0.31319 0)
(0.177538 0.316858 0)
(0.214952 0.285416 0)
(0.25163 0.352379 0)
(0.265456 0.295885 0)
(0.308618 0.221645 0)
(0.408863 0.274688 0)
(0.524661 0.175089 0)
(0.699641 0.228227 0)
(0.819876 0.233258 0)
(0.809087 0.447143 0)
(0.826369 0.550983 0)
(0.965072 0.746878 0)
(1.01131 0.720367 0)
(1.12317 0.743842 0)
(0.0305827 0.298291 0)
(0.0479161 0.307851 0)
(0.0496867 0.311132 0)
(0.0701839 0.3092 0)
(0.0730403 0.309673 0)
(0.0833318 0.30875 0)
(0.0931499 0.292655 0)
(0.111039 0.28507 0)
(0.1153 0.264805 0)
(0.154158 0.247846 0)
(0.198155 0.241148 0)
(0.232684 0.25959 0)
(0.254897 0.23784 0)
(0.313263 0.247574 0)
(0.315678 0.226671 0)
(0.431142 0.197239 0)
(0.663271 0.057089 0)
(1.21135 0.109384 0)
(1.21048 0.253323 0)
(1.06599 0.44519 0)
(1.17178 0.543803 0)
(1.10971 0.666998 0)
(1.26854 0.868695 0)
(0.0653907 0.341528 0)
(0.0924207 0.315252 0)
(0.0642825 0.307004 0)
(0.0718184 0.300291 0)
(0.0702795 0.291053 0)
(0.0825973 0.285229 0)
(0.0836016 0.276481 0)
(0.0995641 0.268623 0)
(0.0860967 0.256759 0)
(0.139503 0.259545 0)
(0.212595 0.221893 0)
(0.220709 0.220805 0)
(0.239321 0.18765 0)
(0.286453 0.185838 0)
(0.346863 0.0810073 0)
(0.481243 0.11295 0)
(0.635193 -0.151031 0)
(0.773565 -0.153848 0)
(1.08121 -0.130463 0)
(1.04897 0.238323 0)
(1.11677 0.334387 0)
(1.28151 0.520317 0)
(1.32794 0.811108 0)
(0.0190286 0.39637 0)
(0.0341337 0.326238 0)
(0.0405419 0.310636 0)
(0.0527347 0.296316 0)
(0.0575189 0.285286 0)
(0.0683639 0.276817 0)
(0.0734881 0.264836 0)
(0.0886537 0.254998 0)
(0.0959052 0.242606 0)
(0.117078 0.251669 0)
(0.15967 0.198599 0)
(0.20117 0.161745 0)
(0.212447 0.131254 0)
(0.230698 0.019619 0)
(0.278833 0.0152798 0)
(0.277723 -0.0806916 0)
(0.556501 -0.19187 0)
(0.862505 -0.331102 0)
(1.54637 -0.135021 0)
(1.51677 -0.0179605 0)
(1.36637 0.185878 0)
(1.54367 0.449871 0)
(1.44729 0.789328 0)
(0.012893 0.314695 0)
(0.027117 0.286922 0)
(0.034165 0.278252 0)
(0.0446462 0.268921 0)
(0.0488163 0.258518 0)
(0.0601805 0.250134 0)
(0.0617437 0.237656 0)
(0.0778022 0.227196 0)
(0.0759331 0.211881 0)
(0.0959717 0.194528 0)
(0.121109 0.180796 0)
(0.176719 0.104219 0)
(0.124867 0.0957212 0)
(0.204173 0.0577576 0)
(0.245552 0.00417273 0)
(0.38606 -0.0830969 0)
(0.318179 -0.305741 0)
(0.467924 -0.585179 0)
(0.725524 -0.590913 0)
(0.75602 -0.471371 0)
(0.940177 -0.088306 0)
(1.66447 0.419984 0)
(1.56472 0.945395 0)
(0.00730206 0.305302 0)
(0.0172005 0.284717 0)
(0.0244188 0.276648 0)
(0.0318701 0.269392 0)
(0.0365239 0.257899 0)
(0.0442803 0.251424 0)
(0.0458668 0.233483 0)
(0.0583436 0.227778 0)
(0.0535233 0.200098 0)
(0.0786874 0.187524 0)
(0.064316 0.156432 0)
(0.136696 0.123113 0)
(0.1473 0.0734238 0)
(0.177239 0.119 0)
(0.12775 -0.0412197 0)
(0.0387745 -0.0833253 0)
(0.0560807 -0.559803 0)
(0.199727 -0.750094 0)
(0.35482 -0.833358 0)
(0.901414 -0.630052 0)
(0.789641 -0.0177436 0)
(1.49769 0.508186 0)
(1.621 0.881373 0)
(0.00510626 0.263369 0)
(0.0131866 0.249184 0)
(0.0200554 0.243079 0)
(0.0264645 0.237216 0)
(0.0320502 0.228101 0)
(0.0368247 0.220861 0)
(0.0430262 0.206948 0)
(0.0447175 0.200231 0)
(0.0525025 0.179111 0)
(0.0459796 0.169003 0)
(0.054591 0.126519 0)
(0.122051 0.147269 0)
(0.099214 0.0615913 0)
(0.0768734 0.0581896 0)
(0.0991957 0.0599293 0)
(-0.177885 -0.070793 0)
(0.0117697 -0.583676 0)
(0.153218 -0.890335 0)
(0.100091 -0.970065 0)
(0.418911 -1.03588 0)
(0.598172 -0.689439 0)
(1.14248 0.566741 0)
(1.22693 0.685085 0)
(0.00318392 0.279801 0)
(0.00892916 0.262005 0)
(0.0152939 0.260481 0)
(0.0200292 0.255075 0)
(0.0242511 0.24877 0)
(0.0284088 0.23628 0)
(0.0336083 0.227621 0)
(0.0372971 0.212778 0)
(0.0407768 0.195196 0)
(0.0321047 0.182903 0)
(0.0442087 0.180516 0)
(0.0833586 0.163315 0)
(0.0740195 0.112685 0)
(0.0515933 0.106835 0)
(-0.0225858 0.148259 0)
(-0.253408 -0.0561437 0)
(0.0384979 -0.705196 0)
(0.0393943 -0.909198 0)
(-0.00352171 -1.02345 0)
(0.0816694 -0.987917 0)
(0.439649 -0.775468 0)
(0.790245 0.246425 0)
(0.603593 0.808091 0)
(-0.00543913 0.219915 0)
(0.00222601 0.220571 0)
(0.0146305 0.211309 0)
(0.0157895 0.203482 0)
(0.014507 0.191949 0)
(0.016869 0.187458 0)
(0.0213433 0.169698 0)
(0.0155385 0.163918 0)
(0.0279714 0.142348 0)
(0.0356055 0.132963 0)
(0.035993 0.13445 0)
(0.0522638 0.12914 0)
(0.0375207 0.102331 0)
(0.0777573 0.120338 0)
(0.143627 0.196716 0)
(-0.0506318 -0.133092 0)
(0.112421 -0.76126 0)
(0.0316352 -0.888849 0)
(-0.0145542 -0.986651 0)
(-0.0179774 -1.00387 0)
(-0.000283853 -0.84141 0)
(0.196027 0.192715 0)
(0.392457 0.804967 0)
(0.00862077 0.191465 0)
(0.00431465 0.186742 0)
(-0.00400616 0.184499 0)
(-0.00227405 0.178997 0)
(0.00486711 0.174638 0)
(0.00207768 0.164284 0)
(0.00537949 0.160251 0)
(0.00694916 0.144985 0)
(0.00413772 0.146721 0)
(0.0156032 0.125466 0)
(0.0310918 0.10908 0)
(0.0536986 0.0809924 0)
(0.0370947 0.033061 0)
(0.134335 0.0525237 0)
(0.316157 0.173914 0)
(0.369463 -0.178167 0)
(0.191586 -0.866601 0)
(0.103952 -1.06123 0)
(-0.00288513 -1.19843 0)
(-0.0703093 -1.29355 0)
(-0.0984684 -1.20801 0)
(-0.120018 -0.202748 0)
(0.282937 1.10462 0)
(0.0751364 0.0248796 0)
(0.0729675 -0.0324444 0)
(0.174622 0.125239 0)
(-0.030903 0.914635 0)
(-0.0686577 -0.012358 0)
(-0.0835275 -0.0668914 0)
(-0.134888 -0.00460106 0)
(-0.0398266 0.61413 0)
(-0.109249 0.0264129 0)
(-0.190917 0.0324916 0)
(-0.160481 0.0498597 0)
(-0.131713 0.320662 0)
(-0.0467575 -0.00424293 0)
(-0.0660055 0.0316445 0)
(-0.06396 0.0869822 0)
(-0.102984 0.145157 0)
(-0.103394 0.00759811 0)
(-0.0701714 0.045194 0)
(-0.0427809 0.101014 0)
(-0.073329 0.141542 0)
(-0.320711 -0.182822 0)
(-0.317122 -0.0929421 0)
(-0.118374 0.0467685 0)
(-0.0797484 0.210782 0)
(-1.26849 -0.308459 0)
(-1.14457 -0.386817 0)
(-0.81999 -0.430626 0)
(-0.745761 -0.270092 0)
(-1.0291 -0.178277 0)
(-1.08396 -0.0886272 0)
(-1.1088 -0.116264 0)
(-1.14845 -0.22868 0)
(-0.831687 -0.0591718 0)
(-0.934619 -0.042246 0)
(-1.37846 -0.0701524 0)
(-1.51489 -0.0986307 0)
(-0.984934 0.0226518 0)
(-1.02996 -0.0475657 0)
(-1.08429 -0.0559932 0)
(-1.13265 0.0518401 0)
(-1.04641 0.0782933 0)
(-1.12299 0.0674092 0)
(-1.15008 0.0700346 0)
(-1.14413 0.0972821 0)
(-0.976575 0.238872 0)
(-1.07378 0.144922 0)
(-1.08599 0.119027 0)
(-1.04143 0.123134 0)
(-1.04061 0.189951 0)
(-1.14615 0.215331 0)
(-1.15068 0.251655 0)
(-1.22133 0.263886 0)
(-0.770318 0.141273 0)
(-0.866876 0.25094 0)
(-0.978837 0.325091 0)
(-1.12269 0.366461 0)
(-0.91002 0.458 0)
(-0.941885 0.461353 0)
(-0.927463 0.447182 0)
(-1.00196 0.405567 0)
(-0.830064 0.694363 0)
(-0.915228 0.780056 0)
(-0.915074 0.791799 0)
(-0.831015 0.7376 0)
(-0.531756 0.736882 0)
(-0.590084 0.861039 0)
(-0.67754 0.938702 0)
(-0.819027 0.837326 0)
(-0.479833 0.581766 0)
(-0.769235 0.847337 0)
(-0.934006 0.951992 0)
(-1.00638 0.937315 0)
(-1.46766 1.27691 0)
(-1.70682 1.36367 0)
(-1.72684 1.45931 0)
(-1.79346 1.27013 0)
(-1.65499 1.92881 0)
(-1.65614 1.94328 0)
(-1.50292 1.70913 0)
(-1.61815 1.21243 0)
(-1.35487 1.93 0)
(-1.3881 1.91411 0)
(-1.31833 1.73124 0)
(-1.36521 1.45513 0)
(-1.00774 2.1568 0)
(-1.06021 1.94521 0)
(-1.02133 1.75318 0)
(-1.03111 1.53913 0)
(-0.202029 2.19902 0)
(-0.392096 1.98638 0)
(0.00949826 1.81733 0)
(-0.0248223 1.60897 0)
(0.561128 2.08345 0)
(0.590246 2.07709 0)
(1.0515 2.0006 0)
(1.15632 1.70639 0)
(1.21944 1.56255 0)
(1.23717 1.65637 0)
(1.49864 1.71323 0)
(1.69646 1.47676 0)
(1.27757 1.47582 0)
(1.59969 1.3955 0)
(1.60882 1.27108 0)
(1.55934 1.16364 0)
(1.25644 1.32573 0)
(1.2604 1.28009 0)
(1.22767 1.06005 0)
(1.39078 1.00437 0)
(1.14465 1.01007 0)
(1.23969 1.00091 0)
(1.276 1.03681 0)
(1.37116 1.03621 0)
(1.26955 0.887019 0)
(1.37561 1.0088 0)
(1.34184 1.08345 0)
(1.31209 1.07426 0)
(1.52625 0.79908 0)
(1.57896 0.832829 0)
(1.52799 0.847107 0)
(1.398 0.980603 0)
(1.19802 0.878695 0)
(1.44463 0.859729 0)
(1.64407 0.769008 0)
(1.58996 0.746235 0)
(1.11994 0.843203 0)
(1.17529 0.857412 0)
(1.19451 0.825085 0)
(1.22306 0.8309 0)
(1.21659 0.784405 0)
(1.21494 0.832833 0)
(1.32264 0.828719 0)
(1.35304 0.934011 0)
(1.2981 0.875607 0)
(1.27961 0.91019 0)
(1.35786 0.953412 0)
(1.51719 0.930736 0)
(1.35325 0.855406 0)
(1.38416 0.860515 0)
(1.40351 0.907521 0)
(1.41638 0.901307 0)
(1.37198 0.901959 0)
(1.3944 0.926506 0)
(1.47873 0.983185 0)
(1.46271 0.996454 0)
(1.42287 1.19253 0)
(1.44755 1.19774 0)
(1.42731 1.178 0)
(1.35553 1.12926 0)
(1.354 1.10297 0)
(1.09555 1.20917 0)
(1.03761 1.14504 0)
(1.05829 1.02309 0)
(1.06173 0.752408 0)
(0.831512 0.964185 0)
(0.833539 1.1194 0)
(0.940927 1.12299 0)
(0.797608 1.03806 0)
(0.662746 1.15492 0)
(0.605654 1.34182 0)
(0.703457 1.34217 0)
(0.461988 0.972748 0)
(0.440164 1.1436 0)
(0.433959 1.38562 0)
(0.588156 1.40879 0)
(0.343453 1.23442 0)
(0.265126 1.16292 0)
(0.151259 1.12614 0)
(0.276965 1.52108 0)
(-0.381989 1.36268 0)
(0.346362 0.802556 0)
(0.419429 -0.0385912 0)
(0.577216 -0.368296 0)
(0.362865 -0.436358 0)
(0.263855 -0.369908 0)
(0.274109 -0.224742 0)
(0.290305 -0.102098 0)
(0.395975 -0.163518 0)
(0.541587 -0.28734 0)
(0.752224 -0.209972 0)
(0.726579 -0.0581137 0)
(0.779314 0.21507 0)
(0.882167 0.840092 0)
(0.918991 0.836424 0)
(0.573651 0.455422 0)
(-0.343926 -0.685196 0)
(-0.206808 -0.821611 0)
(-0.182779 -0.657375 0)
(-0.181196 1.11813 0)
(0.396717 0.517047 0)
(0.596541 -0.201423 0)
(0.45078 -0.380781 0)
(0.362579 -0.455168 0)
(0.348197 -0.295088 0)
(0.3151 -0.228443 0)
(0.338375 -0.248502 0)
(0.319082 -0.4072 0)
(0.296385 -0.425389 0)
(0.375753 -0.294671 0)
(0.636488 0.146122 0)
(0.79438 0.354213 0)
(0.888017 0.876201 0)
(0.806533 0.872088 0)
(0.483818 0.64072 0)
(-0.1859 -0.281171 0)
(-0.162514 -0.798969 0)
(-0.0983961 -0.755957 0)
(0.0187531 0.870856 0)
(0.463381 0.30665 0)
(0.508903 -0.121681 0)
(0.370438 -0.31025 0)
(0.334334 -0.252508 0)
(0.364633 -0.282638 0)
(0.239849 -0.225595 0)
(0.0956237 -0.472314 0)
(0.0849331 -0.473311 0)
(0.134548 -0.308682 0)
(0.132675 -0.299835 0)
(0.301791 -0.390336 0)
(0.672816 0.426121 0)
(0.857884 0.962596 0)
(0.690168 1.15961 0)
(0.451496 1.0733 0)
(-0.162867 -0.144799 0)
(-0.154934 -0.752764 0)
(-0.0855467 -0.913497 0)
(0.116953 0.501164 0)
(0.347176 0.251176 0)
(0.421158 -0.129249 0)
(0.44288 -0.282952 0)
(0.291487 -0.125247 0)
(-0.0526183 -0.219455 0)
(-0.442423 -0.0204981 0)
(-0.596005 -0.0548247 0)
(-0.00456156 -0.39109 0)
(0.00632508 -0.64698 0)
(0.0310122 -0.768808 0)
(0.232466 -0.637731 0)
(0.441533 -0.0169362 0)
(0.820855 0.899882 0)
(0.219491 1.74155 0)
(0.161851 1.44565 0)
(-0.413243 -0.049132 0)
(-0.0740407 -0.753595 0)
(-0.0230008 -1.06612 0)
(0.113145 0.350451 0)
(0.277497 0.203496 0)
(0.534473 -0.183024 0)
(0.131377 -0.464515 0)
(-0.318376 0.179958 0)
(-0.416968 0.214738 0)
(-0.97824 0.286665 0)
(-0.522974 -0.54789 0)
(-0.195118 -0.87162 0)
(-0.0350474 -0.893764 0)
(0.078511 -0.613687 0)
(0.298434 -0.620458 0)
(0.360849 -0.337696 0)
(-0.279176 1.17805 0)
(-0.715409 2.29628 0)
(-0.0915805 1.68584 0)
(-0.569988 -0.227635 0)
(-0.0125517 -0.8336 0)
(-0.0101382 -1.12584 0)
(0.0937331 0.414498 0)
(0.165259 0.184098 0)
(-0.584832 -0.0236566 0)
(-0.844552 0.375612 0)
(-1.04746 0.368781 0)
(-1.4166 0.587312 0)
(-0.822472 -0.166825 0)
(-0.730187 -0.768771 0)
(-0.634905 -0.817705 0)
(-0.129841 -0.798583 0)
(0.0710717 -0.537281 0)
(-0.0578781 -0.631208 0)
(-0.895953 0.599819 0)
(-1.1353 2.19967 0)
(-1.16268 2.41723 0)
(-0.582234 1.54283 0)
(-0.00650466 -0.713639 0)
(-0.0744627 -0.705852 0)
(0.0142237 -1.13876 0)
(-0.609696 -0.0088273 0)
(-1.14539 0.448745 0)
(-1.17217 0.493139 0)
(-1.11106 0.571896 0)
(-1.40316 0.77362 0)
(-1.16411 -0.0151883 0)
(-0.855608 -0.658117 0)
(-0.832969 -0.755355 0)
(-1.05391 -0.859185 0)
(-1.33218 -0.948655 0)
(-1.21322 -0.777337 0)
(-1.74713 0.0919541 0)
(-2.10269 1.50585 0)
(-2.59636 1.83921 0)
(-1.77197 1.75616 0)
(-0.541733 0.781808 0)
(0.103162 -0.880798 0)
(-0.123765 -1.12933 0)
(-0.169668 -1.24835 0)
(-1.48295 -0.147802 0)
(-1.63868 0.480936 0)
(-1.30622 0.687617 0)
(-1.10947 0.648402 0)
(-1.13777 0.722003 0)
(-0.815939 -0.218507 0)
(-0.674339 -0.548447 0)
(-1.09479 -0.594292 0)
(-1.97295 -0.675683 0)
(-2.2568 -1.17349 0)
(-3.38086 -0.18052 0)
(-3.37008 0.599627 0)
(-3.25166 0.827715 0)
(-2.49503 0.72411 0)
(-1.15024 0.362856 0)
(-0.103497 -0.369169 0)
(-0.0605094 -0.882618 0)
(-0.156872 -1.31504 0)
(0.0473633 -1.52594 0)
(-1.24059 -0.103327 0)
(-1.10412 0.383775 0)
(-1.15531 0.629297 0)
(-0.950889 0.710884 0)
(-0.80592 0.434754 0)
(-0.761659 -0.301238 0)
(-0.654892 -0.460791 0)
(-1.20157 -0.648329 0)
(-2.06811 -0.0584656 0)
(-2.43388 0.425538 0)
(-2.63623 0.212843 0)
(-2.55038 0.396702 0)
(-1.88221 0.267695 0)
(-0.918922 -0.241239 0)
(-0.305732 -0.477583 0)
(-0.0570428 -0.488733 0)
(-0.0953808 -0.825061 0)
(-0.193619 -1.35466 0)
(0.171033 -1.41016 0)
(-1.13134 0.13339 0)
(-1.05007 0.166898 0)
(-0.863572 0.415606 0)
(-0.688507 0.620688 0)
(-0.440291 0.508877 0)
(-0.451114 0.00133765 0)
(-0.65773 -0.31702 0)
(-1.06137 -0.431275 0)
(-1.34678 0.0430689 0)
(-1.57844 1.36649 0)
(-1.67995 0.471551 0)
(-1.12088 -0.0284048 0)
(-0.780611 -0.548577 0)
(-0.404039 -0.707351 0)
(-0.244679 -0.54097 0)
(-0.380403 -0.562693 0)
(-0.121907 -0.854806 0)
(-0.275141 -1.46778 0)
(0.0277461 -1.52957 0)
(-1.12732 0.102554 0)
(-1.05172 0.0337136 0)
(-0.864691 -0.0109139 0)
(-0.659064 0.191482 0)
(-0.38299 0.0946162 0)
(0.0607407 0.0259328 0)
(-0.276446 -0.23765 0)
(-0.712338 -0.3329 0)
(-1.17621 0.0270601 0)
(-0.941892 1.67373 0)
(-0.810199 0.18451 0)
(-0.51135 -0.527754 0)
(-0.453756 -0.768703 0)
(-0.407224 -0.702964 0)
(-0.620405 -0.71218 0)
(-0.414032 -0.799065 0)
(-0.115877 -0.706311 0)
(-0.433561 -1.11389 0)
(0.109311 -1.77413 0)
(-1.22749 0.094552 0)
(-1.47343 -0.0491995 0)
(-1.04206 0.0798025 0)
(-0.62015 -0.118906 0)
(-0.559529 -0.257786 0)
(-0.426971 0.00608909 0)
(-0.319127 -0.242922 0)
(-0.554353 -0.391483 0)
(-1.00648 0.0929418 0)
(-1.07872 1.37439 0)
(-0.571218 0.00841144 0)
(-0.558568 -0.454126 0)
(-0.398 -0.570395 0)
(-0.373233 -0.617469 0)
(-0.516721 -0.639448 0)
(-0.308855 -1.02805 0)
(0.099839 -0.560177 0)
(-0.230772 -1.20904 0)
(0.114016 -1.68681 0)
(-1.31477 0.235223 0)
(-1.10015 0.139395 0)
(-0.684956 -0.0675138 0)
(-0.722394 -0.238082 0)
(-0.70803 -0.424336 0)
(-0.746419 -0.404621 0)
(-0.770847 -0.0882334 0)
(-0.720207 0.0565917 0)
(-1.0362 0.545335 0)
(-1.02656 1.15124 0)
(-0.431384 0.264583 0)
(-0.384208 -0.387853 0)
(-0.357488 -0.496725 0)
(-0.387284 -0.699071 0)
(-0.24684 -0.94138 0)
(-0.246809 -1.52032 0)
(0.384018 -0.691031 0)
(-0.103946 -1.36741 0)
(0.135826 -1.61932 0)
(-1.178 0.322109 0)
(-0.943566 -0.102892 0)
(-0.871924 -0.220363 0)
(-1.17081 -0.240938 0)
(-1.22371 -0.23409 0)
(-0.923929 -0.204449 0)
(-0.715283 -0.0431476 0)
(-0.871767 0.373443 0)
(-0.94126 0.502891 0)
(-0.826481 0.870778 0)
(-0.262269 -0.112847 0)
(-0.358894 -0.501561 0)
(-0.387785 -0.604176 0)
(-0.328486 -0.702106 0)
(0.382646 -0.862215 0)
(-0.0963747 -1.49017 0)
(0.349569 -0.626603 0)
(-0.0149091 -1.38868 0)
(0.143385 -1.59713 0)
(-1.14541 0.188808 0)
(-1.14455 -0.0336019 0)
(-1.19026 -0.126041 0)
(-1.31606 -0.27325 0)
(-1.51502 -0.357436 0)
(-1.6266 -0.240696 0)
(-1.61146 -0.138527 0)
(-1.40716 0.404976 0)
(-1.06344 0.374974 0)
(-0.557635 -0.147731 0)
(-0.581169 -0.316914 0)
(-0.566303 -0.521178 0)
(-0.475306 -0.597111 0)
(-0.294189 -0.897761 0)
(0.0937205 -0.939848 0)
(-0.153258 -1.37176 0)
(0.107879 -1.07677 0)
(-0.105733 -1.40744 0)
(0.129549 -1.57329 0)
(-0.942574 0.39665 0)
(-1.03538 0.0141235 0)
(-1.40569 -0.149762 0)
(-1.54306 -0.163376 0)
(-1.30676 0.00709492 0)
(-1.18643 -0.0345787 0)
(-1.30895 -0.272858 0)
(-0.997527 -0.280277 0)
(-0.845968 -0.264231 0)
(-0.584077 -0.117727 0)
(-0.593466 -0.34637 0)
(-0.505615 -0.438036 0)
(-0.460248 -0.691648 0)
(-0.387381 -1.23343 0)
(-0.286463 -1.38664 0)
(-0.286491 -1.39126 0)
(-0.127339 -1.46665 0)
(-0.138076 -1.55064 0)
(0.132807 -1.56036 0)
(-0.869404 0.465707 0)
(-0.864484 0.0282704 0)
(-1.10569 -0.393465 0)
(-1.23998 -0.100353 0)
(-1.17763 -0.0412896 0)
(-1.03824 -0.202547 0)
(-0.952423 -0.246745 0)
(-0.857928 -0.150591 0)
(-0.758474 -0.0201173 0)
(-0.731606 0.00026781 0)
(-0.595758 -0.256006 0)
(-0.402054 -0.334349 0)
(-0.411931 -0.863284 0)
(-0.471748 -1.3387 0)
(-0.311501 -1.55776 0)
(-0.298298 -1.52794 0)
(-0.23167 -1.58933 0)
(-0.115114 -1.71781 0)
(0.165159 -1.58198 0)
(-1.01686 0.696711 0)
(-1.11946 0.011783 0)
(-1.32826 -0.0794524 0)
(-1.18682 -0.0691003 0)
(-1.10084 -0.0320528 0)
(-1.065 -0.060225 0)
(-0.955227 -0.193576 0)
(-0.721819 -0.379671 0)
(-0.312944 -0.584428 0)
(-0.130415 -0.745405 0)
(-0.306866 -0.531961 0)
(-0.286643 -0.475972 0)
(-0.346501 -0.915257 0)
(-0.493732 -1.37666 0)
(-0.29847 -1.63172 0)
(-0.273227 -1.88452 0)
(-0.30052 -1.61955 0)
(-0.0847548 -1.79941 0)
(0.0837235 -1.72043 0)
(-1.96597 0.500637 0)
(-1.9536 0.159971 0)
(-1.823 0.0076432 0)
(-1.50633 -0.0576278 0)
(-1.2602 -0.105919 0)
(-1.058 -0.317873 0)
(-0.753229 -0.605241 0)
(-0.496705 -0.734526 0)
(-0.318722 -0.701437 0)
(-0.234401 -0.662623 0)
(-0.230234 -0.484251 0)
(-0.143891 -0.404775 0)
(-0.0885487 -0.554451 0)
(-0.150712 -1.73806 0)
(-0.115626 -1.73471 0)
(-0.0107314 -1.9291 0)
(-0.286342 -1.73119 0)
(0.0629582 -1.68122 0)
(-0.00183132 -1.62567 0)
(-1.93478 0.664764 0)
(-2.00846 0.122476 0)
(-1.89349 -0.499215 0)
(-1.80803 -0.61376 0)
(-1.42741 -0.481841 0)
(-0.862415 -0.694255 0)
(-0.622141 -0.816135 0)
(-0.520013 -0.747595 0)
(-0.416798 -0.742492 0)
(-0.362146 -0.825006 0)
(-0.214275 -0.747626 0)
(-0.0857989 -0.561699 0)
(0.108609 -0.408716 0)
(-0.178516 -1.47818 0)
(0.298978 -1.62868 0)
(0.0961247 -1.75733 0)
(-0.107035 -1.27398 0)
(0.186055 -1.13434 0)
(-0.078412 -1.4909 0)
(-1.73363 1.04839 0)
(-1.73545 0.22004 0)
(-0.919661 -0.682521 0)
(-0.990299 -1.03548 0)
(-0.45759 -0.978796 0)
(-0.405141 -0.911906 0)
(-0.411052 -0.950165 0)
(-0.359422 -1.0356 0)
(-0.521757 -1.01085 0)
(-0.512444 -0.849047 0)
(-0.216966 -0.918114 0)
(-0.140431 -0.686811 0)
(-0.166402 -0.447982 0)
(0.0671831 -1.56261 0)
(0.301334 -1.44001 0)
(0.106688 -1.81657 0)
(-0.161519 -1.09824 0)
(-0.16965 -1.14206 0)
(-0.0304243 -1.52404 0)
(-0.950524 0.977079 0)
(-1.10034 0.0827049 0)
(-0.377213 -0.779674 0)
(-0.347232 -0.948861 0)
(-0.265869 -1.0138 0)
(-0.472104 -0.969123 0)
(-0.567495 -1.01916 0)
(-0.461765 -1.30205 0)
(-0.428965 -1.35538 0)
(-0.586275 -0.798967 0)
(-0.82739 -0.970263 0)
(-0.85996 -0.540878 0)
(-0.268856 -0.809564 0)
(0.0548831 -1.60806 0)
(0.211506 -1.46159 0)
(0.119362 -1.86134 0)
(0.0592534 -1.50652 0)
(-0.301577 -1.08096 0)
(0.0822032 -1.747 0)
(0.442512 1.00568 0)
(-0.323651 -0.0245734 0)
(0.395564 -0.865666 0)
(0.125758 -0.977073 0)
(-0.340003 -0.956073 0)
(-0.387983 -0.938785 0)
(-0.617472 -0.9969 0)
(-0.797966 -1.20793 0)
(-0.735189 -1.15338 0)
(-1.03044 -0.555137 0)
(-1.02998 -0.555875 0)
(-0.678956 -0.801932 0)
(-0.0417793 -1.41248 0)
(0.0273063 -1.55464 0)
(0.14559 -1.38578 0)
(-0.079883 -1.7126 0)
(0.0574891 -1.62239 0)
(-0.173596 -1.09935 0)
(0.258103 -1.71957 0)
(1.62459 0.648601 0)
(0.890054 -0.381252 0)
(0.787854 -0.645351 0)
(0.398562 -0.735075 0)
(-0.338716 -0.654624 0)
(-0.451766 -0.818104 0)
(-0.436236 -1.03112 0)
(-0.661742 -0.649884 0)
(-0.910931 -0.635719 0)
(-1.08832 -0.555242 0)
(-1.03207 -0.707857 0)
(-0.387969 -1.29867 0)
(0.0274066 -1.52534 0)
(-0.0133421 -1.50311 0)
(-0.0377181 -1.44083 0)
(-0.205057 -1.73053 0)
(0.0745366 -1.64543 0)
(-0.00438862 -1.25745 0)
(0.332457 -1.56419 0)
(1.56757 0.794152 0)
(1.29214 -0.143792 0)
(1.25667 -0.23049 0)
(0.685541 -0.453288 0)
(-0.165827 -0.299189 0)
(-0.293349 -0.623848 0)
(-0.290614 -0.812658 0)
(-0.365865 -0.635139 0)
(-0.508647 -0.553209 0)
(-0.650461 -0.697061 0)
(-0.484485 -1.05014 0)
(-0.221132 -1.4287 0)
(-0.000254273 -1.54536 0)
(-0.112443 -1.50307 0)
(-0.176512 -1.51243 0)
(-0.363363 -1.70835 0)
(0.151711 -1.42859 0)
(0.150041 -1.28392 0)
(0.363304 -1.42725 0)
(1.36403 0.703172 0)
(1.36559 0.479804 0)
(1.33397 0.276585 0)
(0.739312 -0.255194 0)
(0.509238 0.0230442 0)
(0.0645711 -0.113952 0)
(-0.116283 -0.811117 0)
(-0.178908 -0.577878 0)
(-0.415419 -0.359997 0)
(-0.563443 -0.578487 0)
(-0.388299 -1.20884 0)
(-0.187215 -1.49075 0)
(-0.0772114 -1.50015 0)
(-0.26806 -1.51041 0)
(-0.229215 -1.47077 0)
(-0.274056 -1.3698 0)
(0.245912 -1.37154 0)
(-0.0950761 -1.24036 0)
(0.36919 -1.344 0)
(1.37633 0.806564 0)
(1.31025 0.831852 0)
(1.10434 0.429122 0)
(0.654843 -0.0249205 0)
(0.60076 -0.125807 0)
(0.157594 0.0558127 0)
(-0.0367032 -0.417648 0)
(-0.127336 -0.550744 0)
(-0.211283 -0.474158 0)
(-0.471175 -0.62198 0)
(-0.293944 -1.26374 0)
(-0.203625 -1.45843 0)
(-0.190409 -1.47083 0)
(-0.289689 -1.47069 0)
(-0.149009 -1.36773 0)
(-0.271032 -1.2831 0)
(0.168352 -1.40021 0)
(-0.35993 -1.25262 0)
(0.36062 -1.31273 0)
(1.40422 0.905701 0)
(1.2087 0.814866 0)
(0.782817 0.372399 0)
(0.643774 0.334168 0)
(0.788764 0.200149 0)
(0.596471 0.26484 0)
(0.356092 -0.0420967 0)
(-0.130408 -0.524616 0)
(-0.188006 -0.490927 0)
(-0.221977 -0.586985 0)
(-0.0693881 -1.23953 0)
(-0.223553 -1.39007 0)
(-0.208124 -1.43555 0)
(-0.247386 -1.42473 0)
(-0.111073 -1.35289 0)
(-0.215264 -1.33605 0)
(0.0896081 -1.32258 0)
(-0.354725 -1.2233 0)
(0.31992 -1.3091 0)
(1.28962 0.981753 0)
(1.16163 0.715865 0)
(0.905004 0.521485 0)
(0.821646 0.472691 0)
(0.751681 0.370018 0)
(0.627956 0.235444 0)
(0.428017 0.123126 0)
(0.150386 -0.37808 0)
(0.199738 -0.299517 0)
(-0.120253 -0.564262 0)
(0.124914 -1.14788 0)
(-0.291264 -1.36715 0)
(-0.140227 -1.37512 0)
(-0.170881 -1.43244 0)
(-0.00638912 -1.34352 0)
(-0.106342 -1.30073 0)
(0.126335 -1.27516 0)
(-0.31801 -1.16818 0)
(0.120267 -1.46344 0)
(1.16796 0.865051 0)
(1.07945 0.738328 0)
(1.05614 0.663141 0)
(0.979833 0.630307 0)
(0.869347 0.445481 0)
(0.67727 0.447623 0)
(0.62706 0.320009 0)
(0.222761 -0.099903 0)
(0.32215 -0.21028 0)
(0.186116 -0.535731 0)
(0.189585 -1.07182 0)
(-0.296617 -1.31384 0)
(-0.0481163 -1.41165 0)
(-0.0257975 -1.46472 0)
(0.0491693 -1.32976 0)
(-0.0248407 -1.36044 0)
(0.286671 -1.22348 0)
(-0.267155 -1.15925 0)
(0.0500466 -1.5161 0)
(1.23384 0.700209 0)
(1.18591 0.675924 0)
(1.19258 0.700639 0)
(1.07532 0.806476 0)
(1.01295 0.58145 0)
(0.786049 0.440918 0)
(0.681485 0.46487 0)
(0.610718 0.137976 0)
(0.422076 -0.0853666 0)
(0.384719 -0.401624 0)
(0.333379 -0.942699 0)
(-0.155338 -1.28293 0)
(0.0537209 -1.4964 0)
(0.127013 -1.49463 0)
(0.136912 -1.36685 0)
(0.115144 -1.40542 0)
(0.327986 -1.18736 0)
(-0.14361 -1.05791 0)
(0.0834846 -1.5015 0)
(1.19565 0.816669 0)
(1.2405 0.75722 0)
(1.51998 0.782221 0)
(1.33247 0.859436 0)
(0.932815 0.661786 0)
(0.916465 0.283891 0)
(0.87594 0.412428 0)
(0.898411 0.316183 0)
(0.735391 0.00855759 0)
(0.654193 -0.171373 0)
(0.466574 -0.680406 0)
(0.254698 -1.19352 0)
(0.219188 -1.45889 0)
(0.270553 -1.51569 0)
(0.205853 -1.46102 0)
(0.221686 -1.40457 0)
(0.374403 -1.19441 0)
(-0.0692309 -0.938927 0)
(0.214193 -1.48416 0)
(1.09114 1.07418 0)
(1.1587 1.0166 0)
(1.50173 0.754615 0)
(1.36496 0.676132 0)
(0.924723 0.751678 0)
(1.01531 0.524708 0)
(1.04488 0.412917 0)
(0.840248 0.341786 0)
(0.872236 0.216442 0)
(0.901131 -0.169797 0)
(0.574195 -0.718663 0)
(0.40255 -1.11645 0)
(0.362291 -1.4026 0)
(0.341961 -1.50176 0)
(0.279619 -1.47559 0)
(0.279339 -1.39871 0)
(0.440875 -1.26464 0)
(0.120003 -0.869079 0)
(0.347225 -1.40307 0)
(1.16234 1.04453 0)
(0.919486 1.02235 0)
(1.22603 0.911599 0)
(1.44518 0.487435 0)
(1.12022 0.695656 0)
(0.89604 0.684272 0)
(0.934585 0.409411 0)
(0.911638 0.430107 0)
(0.803115 0.403849 0)
(0.81349 0.107965 0)
(0.700221 -0.701311 0)
(0.656077 -1.26869 0)
(0.473726 -1.47951 0)
(0.461816 -1.51722 0)
(0.361322 -1.42775 0)
(0.339561 -1.29439 0)
(0.483805 -1.24789 0)
(0.208806 -0.724842 0)
(0.422809 -1.2689 0)
(1.26686 0.800611 0)
(0.940376 0.936848 0)
(1.01709 0.999011 0)
(1.23584 0.752468 0)
(1.13047 0.584082 0)
(0.883108 0.678924 0)
(0.939978 0.560187 0)
(0.982312 0.534437 0)
(0.881694 0.319551 0)
(0.810026 -0.209047 0)
(0.670531 -0.721187 0)
(0.711712 -1.27217 0)
(0.6526 -1.42521 0)
(0.533004 -1.47129 0)
(0.454821 -1.43041 0)
(0.467669 -1.32483 0)
(0.475314 -1.37527 0)
(0.153412 -0.80439 0)
(0.452345 -1.09782 0)
(1.26021 0.816274 0)
(1.00068 0.949935 0)
(1.03182 0.972475 0)
(1.07632 0.933479 0)
(1.04118 0.798078 0)
(0.910213 0.79617 0)
(0.851573 0.918876 0)
(0.695467 0.819275 0)
(0.569703 0.511056 0)
(0.707095 -0.122087 0)
(0.768977 -0.673204 0)
(0.7296 -1.02974 0)
(0.686945 -1.33804 0)
(0.539583 -1.41681 0)
(0.468109 -1.51362 0)
(0.489468 -1.85108 0)
(0.310026 -1.81905 0)
(-0.0292625 -0.863336 0)
(0.451352 -0.972001 0)
(1.17275 0.917712 0)
(1.05593 1.03637 0)
(1.00322 0.961927 0)
(1.01988 0.88028 0)
(0.987782 0.768985 0)
(0.918657 0.826653 0)
(0.823759 1.02723 0)
(0.655807 1.12781 0)
(0.538558 0.604738 0)
(0.723793 0.017975 0)
(0.597083 -0.640532 0)
(0.639919 -0.944022 0)
(0.549953 -1.25556 0)
(0.39187 -1.38972 0)
(0.188893 -1.56736 0)
(0.280334 -1.99964 0)
(0.402434 -1.92323 0)
(0.577753 -0.888549 0)
(0.421939 -0.920881 0)
(1.21151 1.06729 0)
(1.10991 1.13126 0)
(0.836445 0.982247 0)
(0.864513 0.973647 0)
(0.902393 0.94703 0)
(0.958442 0.927712 0)
(0.920353 1.13059 0)
(0.604225 1.13879 0)
(0.357048 0.590483 0)
(0.714532 0.0162812 0)
(0.68175 -0.559057 0)
(0.685875 -0.865977 0)
(0.539747 -1.13679 0)
(0.358228 -1.27069 0)
(0.0929526 -1.36609 0)
(0.0536837 -1.38292 0)
(0.230943 -1.21407 0)
(-0.125655 -0.84691 0)
(0.264956 -0.82066 0)
(1.28228 1.26634 0)
(1.01642 1.23519 0)
(0.835358 1.06597 0)
(0.926039 1.07343 0)
(0.83127 1.3001 0)
(0.89247 1.29669 0)
(0.837304 1.27459 0)
(0.5252 1.06855 0)
(0.599754 0.570769 0)
(0.848291 -0.374046 0)
(0.713656 -0.564738 0)
(0.639377 -0.831864 0)
(0.413093 -1.04401 0)
(0.207922 -1.16309 0)
(0.202369 -1.23042 0)
(0.131187 -1.17186 0)
(-0.0544934 -1.04806 0)
(-0.263031 -0.77311 0)
(0.172852 -0.594948 0)
(1.18912 1.31344 0)
(0.967315 1.23412 0)
(0.679797 1.32964 0)
(0.809634 1.24709 0)
(0.82223 1.33639 0)
(0.587644 1.40732 0)
(0.372605 1.48581 0)
(0.155911 0.926164 0)
(0.568906 0.517155 0)
(0.844586 -0.289666 0)
(0.933623 -0.718513 0)
(0.504582 -1.13197 0)
(0.28191 -1.16127 0)
(0.138735 -1.14805 0)
(0.187123 -1.15523 0)
(0.184667 -1.18687 0)
(0.252877 -1.2286 0)
(-0.129401 -1.37528 0)
(0.160156 -0.410279 0)
(1.07883 1.21007 0)
(0.904656 1.06201 0)
(0.703983 1.25433 0)
(0.820302 1.60204 0)
(0.741358 1.61476 0)
(0.292393 2.0145 0)
(0.0489963 1.48428 0)
(0.0564694 0.822884 0)
(0.358106 0.0815591 0)
(0.408163 -0.406847 0)
(0.416571 -0.984425 0)
(0.266105 -1.20084 0)
(0.316923 -1.19981 0)
(0.22015 -1.10588 0)
(0.135898 -1.15517 0)
(-0.0456018 -1.25488 0)
(0.0174955 -1.45928 0)
(-0.0340784 -1.58189 0)
(0.14049 -0.485498 0)
(0.572333 1.31714 0)
(0.633451 0.986141 0)
(0.731717 1.01405 0)
(0.732632 1.51204 0)
(0.252568 2.13505 0)
(-0.345818 2.14652 0)
(-0.566798 1.09987 0)
(-0.100114 0.554333 0)
(-0.0222778 -0.0511258 0)
(0.0680141 -0.374909 0)
(0.0957135 -0.627255 0)
(0.124407 -0.843698 0)
(0.319259 -1.00347 0)
(0.127455 -1.29784 0)
(0.0548256 -1.34388 0)
(-0.0942943 -1.41721 0)
(-0.161819 -1.28129 0)
(0.0105963 -1.38705 0)
(0.228796 -0.513235 0)
)
;

boundaryField
{
    leftWall
    {
        type            fixedValue;
        value           uniform (0 0 0);
    }
    rightWall
    {
        type            fixedValue;
        value           uniform (0 0 0);
    }
    lowerWall
    {
        type            fixedValue;
        value           uniform (0 0 0);
    }
    atmosphere
    {
        type            pressureInletOutletVelocity;
        value           nonuniform List<vector> 
46
(
(0.00862077 0.191465 0)
(0.00431465 0.186742 0)
(-0.00400616 0.184499 0)
(-0.00227405 0.178997 0)
(0.00486711 0.174638 0)
(0.00207768 0.164284 0)
(0.00537949 0.160251 0)
(0.00694916 0.144985 0)
(0.00413772 0.146721 0)
(0.0156032 0.125466 0)
(0.0310918 0.10908 0)
(0.0536986 0.0809924 0)
(0.0370947 0.033061 0)
(0.134335 0.0525237 0)
(0.316157 0.173914 0)
(0 -0.178167 0)
(0 -0.866601 0)
(0 -1.06123 0)
(0 -1.19843 0)
(0 -1.29355 0)
(0 -1.20801 0)
(0 -0.202748 0)
(0.282937 1.10462 0)
(0.343453 1.23442 0)
(0.265126 1.16292 0)
(0.151259 1.12614 0)
(0.276965 1.52108 0)
(0.572333 1.31714 0)
(0.633451 0.986141 0)
(0.731717 1.01405 0)
(0.732632 1.51204 0)
(0.252568 2.13505 0)
(-0.345818 2.14652 0)
(-0.566798 1.09987 0)
(-0.100114 0.554333 0)
(0 -0.0511258 0)
(0 -0.374909 0)
(0 -0.627255 0)
(0 -0.843698 0)
(0 -1.00347 0)
(0 -1.29784 0)
(0 -1.34388 0)
(0 -1.41721 0)
(0 -1.28129 0)
(0 -1.38705 0)
(0 -0.513235 0)
)
;
    }
    defaultFaces
    {
        type            empty;
    }
}


// ************************************************************************* //
