/*--------------------------------*- C++ -*----------------------------------*\
| =========                 |                                                 |
| \\      /  F ield         | foam-extend: Open Source CFD                    |
|  \\    /   O peration     | Version:     4.1                                |
|   \\  /    A nd           | Web:         http://www.foam-extend.org         |
|    \\/     M anipulation  |                                                 |
\*---------------------------------------------------------------------------*/
FoamFile
{
    version     2.0;
    format      ascii;
    class       surfaceScalarField;
    location    "1";
    object      phi_0;
}
// * * * * * * * * * * * * * * * * * * * * * * * * * * * * * * * * * * * * * //

dimensions      [0 3 -1 0 0 0 0];

internalField   nonuniform List<scalar> 
4432
(
2.33921e-06
-2.33921e-06
2.31731e-06
2.18972e-08
5.95218e-06
-3.63487e-06
8.05021e-06
-2.09802e-06
7.37896e-06
6.7125e-07
8.57143e-06
-1.19248e-06
9.46954e-06
-8.98107e-07
1.07871e-05
-1.31757e-06
1.13377e-05
-5.50547e-07
1.44529e-05
-3.11524e-06
1.71078e-05
-2.65493e-06
2.84237e-05
-1.13159e-05
2.93147e-05
-8.90949e-07
3.08025e-05
-1.48783e-06
3.05389e-05
2.63608e-07
2.98004e-05
7.38481e-07
2.80018e-05
1.79865e-06
2.5941e-05
2.06073e-06
1.30298e-05
1.29112e-05
1.82294e-05
-5.19955e-06
1.12901e-05
6.93932e-06
7.33667e-06
3.9534e-06
7.33667e-06
2.38249e-06
-4.7217e-06
5.49658e-06
-3.09219e-06
6.60958e-06
-4.74788e-06
4.68716e-06
-1.75597e-07
7.62383e-06
-2.26542e-06
8.82304e-06
-2.39169e-06
1.02793e-05
-2.3544e-06
1.15614e-05
-2.59962e-06
2.26492e-05
-1.16383e-05
2.67842e-05
-7.25023e-06
2.96331e-05
-5.50392e-06
2.74078e-05
-9.09054e-06
2.81118e-05
-1.595e-06
2.95471e-05
-2.92308e-06
2.97868e-05
2.38932e-08
2.92014e-05
1.32389e-06
2.71829e-05
3.81713e-06
2.46509e-05
4.59275e-06
2.45969e-05
1.29652e-05
1.11268e-05
8.27058e-06
1.09027e-05
7.16344e-06
6.63904e-06
8.21702e-06
1.39757e-05
1.9187e-06
-6.64041e-06
5.72999e-06
-6.90347e-06
3.84187e-06
-2.85976e-06
9.064e-06
-5.39773e-06
7.5917e-06
-7.93123e-07
1.71092e-05
-1.19092e-05
1.77417e-05
-2.98696e-06
1.88102e-05
-3.66809e-06
1.15026e-05
-4.33075e-06
1.47555e-05
-1.05031e-05
1.59666e-05
-6.71503e-06
2.55472e-05
-1.86711e-05
2.50401e-05
-1.08784e-06
2.67143e-05
-4.59731e-06
2.53131e-05
1.42509e-06
1.41258e-05
1.25111e-05
1.47061e-05
3.23686e-06
2.44916e-05
-5.19277e-06
1.96569e-05
1.77999e-05
1.75708e-05
1.03567e-05
1.24714e-05
1.22628e-05
7.43727e-06
1.32511e-05
2.1413e-05
2.39931e-06
-9.03972e-06
2.75663e-06
-7.2608e-06
4.12306e-06
-4.22618e-06
9.58282e-06
-1.08575e-05
7.73178e-06
1.05792e-06
9.17524e-06
-1.33526e-05
9.74179e-06
-3.5535e-06
1.90384e-05
-1.29647e-05
2.08147e-05
-6.10709e-06
1.25358e-05
-2.22422e-06
2.40339e-05
-1.82131e-05
1.32764e-05
-7.91367e-06
2.25297e-05
-1.03411e-05
2.46782e-05
-6.74578e-06
1.38434e-05
1.22599e-05
2.22924e-05
4.06209e-06
2.03615e-05
5.16777e-06
1.09362e-05
4.23256e-06
1.76618e-05
1.10743e-05
1.69603e-05
1.10581e-05
1.03561e-05
1.88671e-05
4.21934e-06
1.93879e-05
2.56323e-05
1.94199e-06
-1.09817e-05
2.9057e-06
-8.22451e-06
4.57776e-06
-5.89824e-06
5.48229e-06
-1.1762e-05
1.28089e-05
-6.26874e-06
8.31615e-06
-8.85982e-06
1.67231e-05
-1.19605e-05
9.36454e-06
-5.60609e-06
1.88898e-05
-1.56323e-05
2.08716e-05
-4.20601e-06
1.24174e-05
-9.75891e-06
2.2383e-05
-1.78793e-05
2.23865e-05
-1.03446e-05
1.53196e-05
3.21136e-07
2.59423e-05
1.63721e-06
2.18865e-05
8.1179e-06
2.14566e-05
5.59767e-06
9.61714e-06
1.6072e-05
1.39513e-05
6.7401e-06
8.57873e-06
1.64307e-05
1.05185e-05
1.69273e-05
1.45703e-06
2.84494e-05
2.70894e-05
1.9203e-06
-1.2902e-05
1.89322e-06
-8.19743e-06
3.56744e-06
-7.57247e-06
9.8636e-06
-1.80582e-05
7.14654e-06
-3.55168e-06
7.91028e-06
-9.62356e-06
7.08479e-06
-1.1135e-05
1.4829e-05
-1.33503e-05
9.15532e-06
-9.95864e-06
1.65121e-05
-1.15628e-05
2.04924e-05
-1.37392e-05
1.26264e-05
-1.00133e-05
1.36364e-05
-1.13546e-05
2.52054e-05
-1.12479e-05
2.64897e-05
3.52985e-07
2.62132e-05
8.39434e-06
1.3438e-05
1.83728e-05
2.13689e-05
8.14115e-06
6.69422e-06
2.14148e-05
6.1645e-06
1.69605e-05
1.01636e-05
1.29281e-05
8.87615e-06
2.97369e-05
3.59655e-05
5.5812e-07
-1.34601e-05
2.38159e-06
-1.00209e-05
6.52037e-06
-1.17112e-05
3.11099e-06
-1.46488e-05
6.74189e-06
-7.18259e-06
9.43018e-06
-1.23118e-05
1.08166e-05
-1.25214e-05
1.38955e-05
-1.64292e-05
1.56585e-05
-1.17216e-05
1.71355e-05
-1.30398e-05
1.20562e-05
-8.65997e-06
1.14496e-05
-9.40667e-06
1.98824e-05
-1.97875e-05
1.41303e-05
-5.49577e-06
2.72135e-05
-1.27302e-05
2.51661e-05
1.04417e-05
2.70451e-05
1.64938e-05
1.34681e-05
2.17182e-05
1.65109e-05
1.83719e-05
7.41624e-06
2.60552e-05
6.30508e-06
1.40393e-05
1.15587e-05
2.44833e-05
4.75242e-05
-2.45314e-07
-1.32148e-05
-7.30738e-07
-9.53548e-06
1.59278e-06
-1.40348e-05
3.46672e-06
-1.65227e-05
7.41241e-06
-1.11283e-05
4.67455e-06
-9.57399e-06
9.85975e-06
-1.77066e-05
1.38107e-05
-2.03802e-05
1.65598e-05
-1.44707e-05
1.62886e-05
-1.27686e-05
1.02319e-05
-2.60329e-06
1.58473e-05
-1.5022e-05
7.31655e-06
-1.12568e-05
1.77376e-05
-1.59169e-05
1.25713e-05
-7.56387e-06
2.81459e-05
-5.13288e-06
2.93121e-05
1.53277e-05
1.73934e-05
3.36369e-05
2.6006e-05
9.75931e-06
1.59864e-05
3.60747e-05
1.6038e-05
1.39877e-05
1.93968e-05
2.11245e-05
6.69209e-05
-4.24148e-05
4.24148e-05
-9.15537e-05
4.91389e-05
-9.57003e-05
4.14664e-06
-8.18436e-05
-1.38567e-05
-6.22222e-05
-1.96214e-05
-5.47674e-05
-7.45481e-06
-5.34454e-05
-1.32192e-06
-5.32479e-05
-1.97525e-07
-5.42583e-05
1.01035e-06
-5.63135e-05
2.05526e-06
-5.32422e-05
-3.07135e-06
-4.96088e-05
-3.63334e-06
-4.79469e-05
-1.66194e-06
-4.42348e-05
-3.71207e-06
-2.4618e-05
-1.96168e-05
-2.27427e-05
-1.87537e-06
-2.93511e-05
6.60842e-06
-1.61102e-05
-1.32409e-05
-1.61102e-05
-3.5544e-05
7.79588e-05
-6.78634e-05
8.14584e-05
-6.91018e-05
5.38498e-06
-5.33005e-05
-2.9658e-05
-2.17625e-05
-5.11594e-05
-9.6134e-06
-1.96039e-05
-1.53857e-05
4.45037e-06
-2.04681e-05
4.8849e-06
-2.6373e-05
6.91518e-06
-3.17185e-05
7.40082e-06
-3.06062e-05
-4.18367e-06
-2.89167e-05
-5.32288e-06
-1.72119e-05
-1.33667e-05
-1.76606e-05
-3.26334e-06
-2.02123e-05
-1.70651e-05
-2.10094e-05
-1.07821e-06
-1.36977e-05
-7.03294e-07
-1.18681e-05
-1.50705e-05
-2.79783e-05
-2.91377e-05
0.000107096
-5.50882e-05
0.000107409
-5.66945e-05
6.99128e-06
-2.2955e-05
-6.33975e-05
-1.16941e-05
-6.24203e-05
1.74258e-05
-4.87238e-05
6.86774e-06
1.50084e-05
6.45794e-06
5.29469e-06
8.63801e-06
4.73512e-06
-6.3166e-06
2.23554e-05
-1.29348e-05
2.43449e-06
-1.24723e-05
-5.78533e-06
-1.8935e-05
-6.9041e-06
-1.30723e-05
-9.12602e-06
-2.45326e-05
-5.60472e-06
-1.41357e-05
-1.14752e-05
-8.72391e-06
-6.11506e-06
-2.21075e-06
-2.15837e-05
-3.01891e-05
-2.00148e-05
0.000127111
-3.21485e-05
0.000119543
-3.35433e-05
8.38605e-06
-3.31115e-05
-6.38293e-05
-6.52882e-06
-8.90029e-05
2.37267e-05
-7.89793e-05
2.5718e-05
1.30172e-05
1.6582e-05
1.44306e-05
1.55904e-05
5.72674e-06
1.21045e-05
2.58413e-05
4.74634e-06
9.79263e-06
3.15158e-06
-4.19056e-06
-6.34843e-07
-3.11768e-06
-5.21673e-06
-4.54413e-06
-3.99602e-06
-6.82543e-06
-3.52373e-06
-1.19475e-05
3.78034e-06
-1.34191e-05
3.21428e-06
-2.10176e-05
-2.69748e-05
-1.22789e-05
0.00013939
-1.79433e-05
0.000125207
-2.31288e-05
1.35716e-05
-1.77377e-05
-6.92205e-05
5.05752e-06
-0.000111798
1.83723e-05
-9.22941e-05
4.48562e-05
-1.34666e-05
4.31107e-05
1.61761e-05
2.41283e-05
2.47091e-05
3.96308e-05
1.03389e-05
2.8039e-05
2.13845e-05
1.03709e-05
1.34775e-05
5.23611e-06
2.01714e-06
1.00606e-06
-3.14079e-07
-1.2668e-06
-4.55257e-06
1.89566e-07
-1.34038e-05
8.26489e-06
-2.14945e-05
4.72593e-06
-1.74786e-05
-2.22488e-05
-4.95387e-06
0.000144344
-1.18947e-06
0.000121442
-9.22901e-06
2.16112e-05
-2.50303e-06
-7.59464e-05
1.87665e-05
-0.000133068
2.33792e-05
-9.69068e-05
5.90033e-05
-4.90908e-05
6.07927e-05
1.43868e-05
6.70441e-05
1.84577e-05
6.34787e-05
1.39043e-05
4.93665e-05
3.54966e-05
3.4509e-05
2.8335e-05
1.13576e-05
2.51685e-05
4.85557e-06
6.18799e-06
2.54874e-06
-2.24575e-06
1.93873e-06
-1.27938e-05
7.43244e-06
-2.69882e-05
3.79544e-06
-1.38417e-05
-1.84534e-05
5.92424e-06
0.00013842
1.11894e-05
0.000116177
1.33128e-05
1.94878e-05
9.09419e-06
-7.17279e-05
1.58027e-05
-0.000139776
2.35343e-05
-0.000104638
2.81433e-05
-5.36997e-05
5.63306e-05
-1.38005e-05
6.34215e-05
1.13667e-05
6.66327e-05
1.06931e-05
6.06887e-05
4.14406e-05
4.83008e-05
4.07229e-05
3.3307e-05
4.01623e-05
1.00304e-05
2.94646e-05
4.78964e-06
2.99499e-06
6.98589e-06
-1.49901e-05
1.07793e-05
-3.07816e-05
8.81313e-06
-1.18755e-05
-9.64027e-06
1.97828e-05
0.000118637
3.61914e-05
9.97686e-05
3.10214e-05
2.46578e-05
3.65918e-05
-7.72983e-05
2.12189e-05
-0.000124403
2.36123e-05
-0.000107032
2.71321e-05
-5.72196e-05
5.1368e-05
-3.80364e-05
5.75163e-05
5.21845e-06
3.40977e-05
3.41117e-05
2.89408e-05
4.65975e-05
4.52819e-05
2.43818e-05
3.70059e-05
4.84384e-05
2.76874e-05
3.8783e-05
2.05109e-05
1.01715e-05
1.70018e-05
-1.1481e-05
8.62254e-06
-2.24023e-05
1.38296e-05
-1.70825e-05
4.18931e-06
2.35946e-06
-1.55743e-05
2.16725e-06
-9.34327e-06
4.06591e-06
-1.59334e-05
3.55796e-06
-1.60148e-05
1.26008e-05
-2.01711e-05
2.17846e-05
-1.87578e-05
2.45106e-05
-2.04326e-05
1.94486e-05
-1.53182e-05
1.76497e-05
-1.26719e-05
1.02208e-05
-5.33963e-06
3.46275e-06
4.15473e-06
-8.5791e-07
-1.07013e-05
-3.02801e-06
-9.08666e-06
2.92496e-06
-2.18698e-05
2.13227e-05
-2.59616e-05
4.29084e-05
-2.67186e-05
5.67517e-05
1.48434e-06
7.15244e-05
1.88642e-05
3.60634e-05
4.52203e-05
5.68903e-05
1.52478e-05
3.68735e-05
3.40045e-05
4.03534e-05
1.76446e-05
3.44903e-05
7.27841e-05
-2.0444e-06
-1.35299e-05
8.44271e-06
-1.98304e-05
1.0944e-05
-1.84347e-05
2.02388e-05
-2.53096e-05
1.10971e-05
-1.10295e-05
1.33966e-05
-2.10573e-05
1.46805e-06
-8.50398e-06
-1.11888e-05
-2.66132e-06
-3.40264e-05
1.01657e-05
-5.0353e-05
1.0987e-05
-6.87938e-05
2.25955e-05
-7.6483e-05
-3.01217e-06
-6.97302e-05
-1.58394e-05
-5.49126e-05
-3.66874e-05
-3.29581e-05
-4.79161e-05
-1.68756e-05
-4.28011e-05
2.02058e-05
-3.55971e-05
3.33199e-05
5.75009e-06
6.73786e-05
1.11616e-05
4.84267e-05
3.41997e-05
8.03485e-05
2.08266e-06
8.88903e-05
9.10279e-06
3.68824e-05
8.64982e-05
9.40961e-06
-2.29395e-05
2.06428e-05
-3.10636e-05
2.58661e-05
-2.3658e-05
1.37217e-05
-1.31652e-05
1.26153e-05
-9.92299e-06
1.1254e-06
-9.56749e-06
-1.05529e-05
3.17435e-06
-3.42156e-05
2.10013e-05
-5.00305e-05
2.59807e-05
-7.18823e-05
3.28388e-05
-5.6216e-05
6.92922e-06
-8.61834e-05
2.69552e-05
-8.65488e-05
-1.5474e-05
-9.21616e-05
-3.10746e-05
-9.252e-05
-4.75577e-05
-8.48735e-05
-5.04476e-05
-5.83929e-05
-6.20777e-05
-1.84078e-05
-3.4235e-05
9.67331e-06
-1.69195e-05
4.07362e-05
3.1368e-06
5.51645e-05
-1.23456e-05
6.00208e-05
4.24647e-06
2.50261e-05
7.18771e-05
4.54449e-05
-6.83844e-05
4.57637e-05
-3.13823e-05
4.22507e-05
-2.0145e-05
3.42977e-05
-5.2122e-06
2.09337e-05
3.44101e-06
8.55324e-07
1.05109e-05
-1.49583e-05
1.8988e-05
-5.3256e-05
5.9299e-05
-5.62112e-05
2.89358e-05
-4.59554e-05
2.2583e-05
-5.42841e-05
1.52579e-05
-3.96343e-05
1.23055e-05
-6.59737e-05
1.08654e-05
-8.27646e-05
-1.42837e-05
-0.00011084
-1.9482e-05
-0.000125928
-3.53599e-05
-0.000117865
-7.01405e-05
-9.42832e-05
-5.7817e-05
-6.1884e-05
-4.93187e-05
-1.93298e-05
-3.94173e-05
2.13282e-05
-5.30036e-05
3.98178e-05
-1.42432e-05
-7.9265e-06
7.27704e-05
2.91522e-05
-9.75366e-05
7.80189e-05
-8.0249e-05
8.07318e-05
-2.28579e-05
7.05017e-05
5.01784e-06
5.0434e-05
2.35088e-05
1.47773e-05
4.61676e-05
-2.46959e-05
5.84612e-05
-3.0332e-05
6.49352e-05
-2.52251e-05
2.38289e-05
-2.52094e-05
2.25674e-05
-2.74677e-05
1.75162e-05
-4.80321e-05
3.28698e-05
-5.76682e-05
2.05015e-05
-8.47653e-05
1.28134e-05
-7.94706e-05
-2.47766e-05
-8.07867e-05
-3.40439e-05
-0.000130261
-2.06665e-05
-0.000131868
-5.62101e-05
-0.000140713
-4.04734e-05
-0.00012656
-5.35702e-05
-9.59055e-05
-8.36581e-05
-6.53502e-05
-4.47985e-05
-3.12755e-05
-4.20012e-05
3.05242e-05
-0.000128061
4.92826e-05
-9.90075e-05
7.05501e-05
-4.41254e-05
3.73002e-05
3.82678e-05
1.8512e-05
4.22969e-05
4.30226e-07
6.42493e-05
-1.85954e-05
7.74868e-05
-1.64043e-05
6.27441e-05
-3.06839e-05
3.81085e-05
-6.35221e-05
5.54056e-05
-8.36396e-05
3.76337e-05
-0.000110444
5.96741e-05
-0.000128404
3.84615e-05
-0.000133304
1.77138e-05
-0.000149354
-8.72692e-06
-0.000155783
-2.76154e-05
-0.000142526
-3.3923e-05
-0.000157488
-4.1248e-05
-0.000105929
-9.20323e-05
-8.31764e-05
-7.63231e-05
-0.000122886
-4.39481e-05
-0.000121046
-4.66394e-05
-4.66066e-05
-0.000105714
2.361e-05
-0.000151671
7.46052e-06
-8.2858e-05
3.12012e-05
-6.78661e-05
4.21552e-05
2.73138e-05
1.05145e-05
7.39375e-05
-1.60717e-05
9.08356e-05
-3.3143e-05
9.45581e-05
-4.18762e-05
7.14772e-05
-7.52097e-05
7.1442e-05
-0.000105328
8.55239e-05
-0.000122748
5.50542e-05
-0.000138644
7.55698e-05
-0.000133576
3.33931e-05
-0.000139973
2.41114e-05
-0.000142717
-5.98301e-06
-0.000138152
-3.21801e-05
-0.000138429
-3.36462e-05
-0.000130228
-4.94489e-05
-0.000139126
-8.31347e-05
-0.000147337
-6.8112e-05
-0.000126098
-6.51875e-05
-0.000104229
-6.85077e-05
-6.03526e-05
-9.04833e-05
-1.39617e-05
-0.000137709
1.72138e-05
-0.000114033
-3.83818e-06
-4.68141e-05
-2.15431e-05
4.50188e-05
-2.78839e-05
8.02783e-05
-4.19068e-05
0.000104859
-4.54779e-05
9.81292e-05
-6.06888e-05
8.66881e-05
-8.53363e-05
9.60895e-05
-9.4088e-05
9.42756e-05
-0.000120125
8.10908e-05
-0.000117703
7.31486e-05
-0.000114873
3.05622e-05
-0.0001042
1.34391e-05
-9.53641e-05
-1.48192e-05
-0.000101604
-2.594e-05
-5.45792e-05
-8.06711e-05
-3.76472e-05
-6.6381e-05
-6.93908e-05
-5.13911e-05
-6.99792e-05
-6.75237e-05
-8.56545e-05
-4.95121e-05
-8.02259e-05
-7.39363e-05
-6.51981e-05
-7.53805e-05
-2.90534e-05
-0.000108656
-5.69339e-05
-8.61529e-05
-6.94021e-05
-3.4346e-05
-7.25367e-05
4.81533e-05
-7.14875e-05
7.92291e-05
-6.52902e-05
9.86613e-05
-6.59919e-05
9.88309e-05
-7.3941e-05
9.46372e-05
-8.04799e-05
0.000102628
-8.50943e-05
9.889e-05
-8.54171e-05
8.14136e-05
-6.55043e-05
5.32359e-05
-5.59789e-05
2.10367e-05
-2.56312e-05
-1.69085e-05
1.13975e-05
-5.1848e-05
3.02447e-05
-4.47872e-05
-6.03504e-07
-4.98228e-05
-2.90386e-05
-3.79459e-05
-3.00541e-05
-5.03756e-05
-4.56671e-05
-5.19108e-05
-2.15308e-05
-7.36484e-05
-1.6497e-05
-7.897e-05
-4.59072e-05
-3.5788e-05
-5.14543e-05
-5.72014e-05
-6.28898e-05
-7.47174e-05
-8.87921e-05
-8.44367e-06
-9.52892e-05
5.46504e-05
-6.93571e-05
5.32969e-05
-6.58527e-05
9.51569e-05
-6.57278e-05
9.8706e-05
-7.0419e-05
9.93284e-05
-7.18125e-05
0.000104022
-4.09467e-05
6.80243e-05
-2.87711e-05
6.92379e-05
-2.45878e-06
2.69235e-05
3.00767e-05
-1.14988e-05
6.24039e-05
-4.92356e-05
7.89787e-05
-6.84229e-05
7.70635e-05
-4.2872e-05
6.23594e-05
-3.51187e-05
5.61135e-05
-3.16999e-05
3.46094e-05
-2.88715e-05
3.21941e-05
-4.94955e-05
4.26167e-06
-4.57161e-05
-2.09846e-05
-5.37237e-05
-5.76403e-05
-9.2515e-06
-1.69253e-05
-4.02761e-05
-4.84016e-05
-4.32411e-05
-4.55389e-05
-1.13064e-05
-4.75231e-05
5.66346e-05
-8.60228e-05
9.17966e-05
-7.295e-05
8.20842e-05
-6.69183e-05
9.26742e-05
-2.59157e-05
5.83259e-05
-1.88292e-05
9.69353e-05
-4.792e-05
9.7115e-05
-9.13569e-06
3.04536e-05
1.92085e-05
-1.42062e-06
5.71675e-05
-4.94578e-05
9.7221e-05
-8.92892e-05
7.52252e-05
-4.6427e-05
9.94048e-05
-6.70517e-05
8.24814e-05
-1.81953e-05
5.93394e-05
-8.55797e-06
5.93498e-05
-2.8882e-05
3.80995e-05
-2.82452e-05
4.50432e-05
-5.26598e-05
3.39531e-05
-4.26336e-05
-4.18701e-05
1.81829e-05
-2.3206e-05
-1.70701e-05
-7.61169e-05
9.66993e-06
-9.31268e-05
5.70348e-06
-8.69509e-05
5.04587e-05
-5.504e-05
5.98857e-05
-4.17146e-05
6.87588e-05
-3.90711e-05
9.00307e-05
-4.63673e-05
6.56221e-05
-3.542e-05
8.5988e-05
-1.9662e-05
8.13571e-05
5.9732e-06
4.81838e-06
2.47675e-05
-2.0215e-05
7.59809e-05
-0.000100671
0.000111002
-0.00012431
0.000171912
-0.000107337
0.000214036
-0.000109176
0.000228818
-3.29775e-05
0.000235978
-1.57175e-05
0.000211852
-4.75667e-06
0.000169032
1.45755e-05
7.99923e-05
3.63794e-05
4.33599e-05
-6.00129e-06
-3.68678e-05
3.83576e-05
-3.70545e-05
1.99844e-05
-5.09455e-05
2.35609e-05
-8.75369e-05
4.22948e-05
-8.28527e-05
4.57745e-05
-5.63615e-05
3.33945e-05
-6.77307e-05
8.0128e-05
-5.18639e-05
7.41639e-05
-1.70629e-05
3.0821e-05
-9.46579e-06
7.83909e-05
1.73326e-05
5.45587e-05
2.65927e-05
-4.44169e-06
7.94214e-05
-7.30437e-05
0.000120404
-0.000141654
0.000146088
-0.000149994
0.000173257
-0.000134506
0.000129311
-6.52296e-05
0.000156997
-6.06635e-05
0.000169116
-2.78365e-05
0.00014096
2.33986e-05
0.000121705
3.38313e-05
0.000121301
3.67833e-05
9.42849e-05
2.10147e-05
1.21062e-05
4.53108e-05
-2.78117e-05
4.77961e-05
-3.66699e-05
3.24191e-05
-4.64121e-05
5.20371e-05
-5.06895e-05
5.00519e-05
-8.05838e-05
6.32888e-05
-4.64287e-05
4.59729e-05
-2.48576e-05
5.25928e-05
-1.28203e-05
1.87837e-05
2.47113e-05
4.08593e-05
8.02841e-05
-1.0141e-06
0.000112545
-3.67029e-05
0.000148996
-0.000109495
0.000163554
-0.000156212
0.000164296
-0.000150736
0.000170871
-0.00014108
0.000218079
-0.000112438
0.000215967
-5.85517e-05
0.000185762
2.36908e-06
0.000171123
3.80369e-05
0.000161846
4.31083e-05
0.000165305
3.3325e-05
0.000126368
5.99514e-05
6.46184e-05
7.38558e-05
-1.69133e-05
6.47095e-05
-2.82226e-05
4.37284e-05
-3.29916e-05
5.6806e-05
-2.98819e-05
4.69422e-05
-2.74336e-05
6.08406e-05
-4.78803e-05
6.64196e-05
-5.75394e-06
1.04664e-05
1.1719e-05
1.3108e-06
6.52354e-05
-1.26572e-05
0.000101824
-3.76024e-05
0.00020618
-0.000141059
0.000185106
-8.84206e-05
0.000177112
-0.000148218
0.000171987
-0.000145611
0.000174875
-0.000143968
0.000195078
-0.000132641
0.000228386
-9.18599e-05
0.000256897
-2.61423e-05
0.000286812
8.1226e-06
0.000274422
5.54975e-05
0.00019626
0.000111488
0.000177391
7.88197e-05
5.04225e-05
0.000191587
-7.18843e-06
7.18979e-05
-1.55312e-05
5.20712e-05
-3.01918e-05
7.14666e-05
-2.912e-05
4.58705e-05
-1.81318e-05
4.98523e-05
4.23431e-06
4.40535e-05
2.83957e-05
-1.3695e-05
9.55239e-05
-6.58174e-05
0.00013507
-5.22037e-05
0.00018919
-9.1722e-05
0.000121905
-7.37743e-05
0.000204192
-0.000170708
0.00016515
-0.000109176
0.000166049
-0.000146511
0.000166798
-0.000144716
0.000110371
-7.62143e-05
0.000120518
-0.000102007
0.000187623
-9.32482e-05
0.000213638
-1.78914e-05
0.000228416
4.0719e-05
0.0002661
7.38037e-05
0.000278991
6.59285e-05
9.89269e-05
0.000230487
5.36855e-07
7.13611e-05
-4.29077e-06
5.68988e-05
-5.0689e-06
7.22448e-05
1.08623e-05
2.99393e-05
1.38861e-05
4.68286e-05
5.82936e-05
-3.53998e-07
0.000117262
-7.26638e-05
0.000140948
-8.95026e-05
0.000173658
-8.49146e-05
0.000170613
-8.86765e-05
0.000220184
-0.000123345
0.000193245
-0.000143769
0.000175909
-9.18399e-05
0.000166546
-0.000137148
0.00015482
-0.00013299
0.000193379
-0.000114774
0.000172554
-8.11815e-05
0.000154442
-7.51371e-05
0.000199433
-6.28818e-05
0.000210895
2.92573e-05
0.000194439
9.02593e-05
0.000136175
0.000124193
0.000125912
0.00010919
2.06392e-06
6.92971e-05
3.27362e-07
5.86354e-05
1.18426e-05
6.07295e-05
1.1575e-05
3.02069e-05
2.10273e-05
3.73763e-05
2.76e-05
-6.92665e-06
5.87369e-05
-0.000103801
6.52212e-05
-9.59869e-05
0.000141251
-0.000160944
0.000149431
-9.68563e-05
9.68469e-05
-7.07612e-05
8.11916e-05
-0.000128114
0.000130951
-0.000141599
0.000124329
-0.000130526
0.000125357
-0.000134017
0.000127567
-0.000116984
0.000112429
-6.60435e-05
0.000129118
-9.18257e-05
0.000109305
-4.30694e-05
0.000140523
-1.96084e-06
0.000155679
7.51035e-05
0.000197833
8.20391e-05
0.000135698
0.000188047
2.34035e-06
6.69568e-05
5.38298e-06
5.55927e-05
1.92785e-05
4.68339e-05
1.67496e-05
3.27359e-05
3.41984e-05
1.99275e-05
5.34501e-05
-2.61783e-05
2.74455e-05
-7.77961e-05
3.47975e-05
-0.000103339
7.35318e-05
-0.000199678
0.000125852
-0.000149177
0.000157064
-0.000101973
0.000133824
-0.000104873
0.000115961
-0.000123737
0.000114862
-0.000129426
6.0403e-05
-7.95581e-05
5.50365e-05
-0.000111618
9.54634e-05
-0.00010647
9.45777e-05
-9.094e-05
0.000113865
-6.23568e-05
0.000122523
-1.06191e-05
0.000136004
6.16225e-05
0.000140133
7.79108e-05
0.000142368
0.000133463
7.98361e-07
6.61584e-05
3.47152e-07
5.60439e-05
2.74171e-06
4.44394e-05
4.28229e-06
3.11953e-05
2.51553e-06
2.16943e-05
-1.05906e-05
-1.30722e-05
2.62452e-05
-0.000114632
2.94917e-05
-0.000106585
6.63865e-05
-0.000236573
3.21774e-05
-0.000114967
7.6566e-05
-0.000146362
6.82228e-05
-9.65297e-05
8.43442e-05
-0.000139858
8.78008e-05
-0.000132883
0.000112284
-0.000104041
0.000103295
-0.000102629
9.41256e-05
-9.73006e-05
8.97436e-05
-8.6558e-05
9.78575e-05
-7.04707e-05
9.58191e-05
-8.58064e-06
0.000105499
5.19421e-05
0.000113898
6.95119e-05
0.000144474
0.000111793
-3.49094e-06
6.96494e-05
-2.81173e-06
5.53647e-05
1.32352e-05
2.83925e-05
4.59443e-06
3.9836e-05
-4.40829e-06
3.0697e-05
-1.68826e-05
-5.97803e-07
-2.71757e-05
-0.000104339
1.67754e-05
-0.000150536
1.77737e-05
-0.000237572
2.46173e-05
-0.000121811
4.2854e-05
-0.000164599
9.34978e-05
-0.000147174
0.000100388
-0.000146748
0.000109739
-0.000142234
0.000109064
-0.000103367
0.000101729
-9.52937e-05
9.57218e-05
-9.12937e-05
9.2113e-05
-8.29492e-05
5.482e-05
-3.31777e-05
7.15676e-05
-2.53283e-05
6.71081e-05
5.64015e-05
3.0224e-05
0.000106396
0.000102186
7.25117e-05
-1.55548e-06
7.12049e-05
5.87821e-06
4.7931e-05
7.50924e-06
2.67615e-05
5.91797e-06
4.14273e-05
3.22248e-06
3.33925e-05
7.12448e-06
-4.49979e-06
2.694e-06
-9.99084e-05
1.02702e-05
-0.000158113
8.20331e-06
-0.000235505
5.85694e-05
-0.000172177
4.12942e-05
-0.000147324
5.08935e-05
-0.000156773
6.3579e-05
-0.000159434
7.94735e-05
-0.000158128
8.69061e-05
-0.000110799
9.15972e-05
-9.99848e-05
9.61815e-05
-9.5878e-05
9.4239e-05
-8.10066e-05
8.67279e-05
-2.56666e-05
6.56004e-05
-4.20075e-06
6.41144e-05
5.78876e-05
8.2888e-05
8.76223e-05
0.000114125
7.09493e-05
1.15994e-06
7.00449e-05
1.04164e-05
3.86746e-05
1.48817e-05
2.22962e-05
2.47001e-05
3.16089e-05
4.55001e-05
1.25926e-05
7.33305e-05
-3.23302e-05
3.17861e-05
-5.83639e-05
3.99981e-05
-0.000166325
1.94347e-05
-0.000214941
2.67949e-05
-0.000179537
2.1188e-05
-0.000141717
3.6694e-05
-0.000172279
4.54584e-05
-0.000168198
6.95249e-05
-0.000182195
4.64725e-05
-8.77468e-05
2.11873e-05
-7.46997e-05
3.42542e-05
-0.000108945
3.55618e-05
-8.23143e-05
5.63289e-05
-4.64337e-05
3.56541e-05
1.6474e-05
2.9071e-05
6.44707e-05
2.84843e-05
8.82089e-05
0.000144389
-1.78013e-06
2.75173e-06
6.72932e-05
2.2165e-05
1.92613e-05
2.77469e-05
1.67143e-05
3.61182e-05
2.32375e-05
6.04388e-05
-1.1728e-05
7.74958e-05
-4.93872e-05
0.000103491
-8.43595e-05
3.61546e-05
-9.8988e-05
2.19084e-05
-0.000200695
2.22833e-05
-0.000179912
2.11623e-05
-0.000140596
3.10787e-05
-0.000182195
4.53489e-05
-0.000182469
-8.07806e-06
-0.000128768
-4.8163e-06
-9.10086e-05
2.65656e-05
-0.000106082
2.25831e-05
-0.000104962
1.86659e-05
-7.8397e-05
8.23628e-06
-3.60041e-05
9.926e-06
1.47842e-05
-5.2987e-06
7.96954e-05
-2.91657e-05
0.000112076
0.000118255
-3.03117e-06
1.10442e-05
5.6249e-05
1.64795e-05
1.3826e-05
4.20447e-05
-8.85093e-06
6.6661e-05
-1.37874e-06
8.56548e-05
-3.07218e-05
9.94807e-05
-6.32131e-05
0.00010121
-8.60892e-05
9.09155e-05
-8.86931e-05
6.66878e-05
-0.000176467
3.551e-05
-0.000148735
1.35383e-05
-0.000118624
9.7652e-06
-0.000178422
3.79742e-06
-0.000176501
5.30195e-07
-0.0001255
1.74138e-05
-0.000107892
-4.22891e-06
-8.44388e-05
-2.3327e-05
-8.58642e-05
-3.11942e-05
-7.05298e-05
-5.96396e-05
-7.5587e-06
-6.26064e-05
1.7751e-05
-4.88034e-05
6.58924e-05
-1.53994e-05
7.86718e-05
0.000107962
-5.10688e-06
1.08583e-05
4.53907e-05
1.93218e-05
5.36252e-06
3.54628e-05
-2.4992e-05
6.7006e-05
-3.29219e-05
9.15489e-05
-5.52648e-05
0.000108133
-7.97973e-05
8.78096e-05
-6.57657e-05
0.000110057
-0.000110941
2.95111e-05
-9.59211e-05
1.33695e-05
-0.000132593
1.53348e-06
-0.000106788
-1.07295e-05
-0.000166159
-3.0401e-05
-0.000156829
1.23523e-05
-0.000168254
8.28012e-06
-0.00010382
-3.60451e-05
-4.01136e-05
-5.50472e-05
-6.68621e-05
-8.85692e-05
-3.70078e-05
-5.71043e-05
-3.90236e-05
-7.46096e-05
3.52563e-05
-4.51021e-05
3.63848e-05
-9.62313e-06
4.31928e-05
9.75771e-05
7.6207e-07
1.9313e-05
2.60777e-05
2.73774e-05
-2.70185e-06
2.05794e-05
-1.8194e-05
5.56356e-05
-6.79781e-05
4.49387e-05
-4.45678e-05
5.82393e-05
-9.3098e-05
0.000104205
-0.000111731
7.31347e-05
-7.98709e-05
5.66458e-05
-7.94323e-05
2.78413e-05
-0.000103788
-8.6996e-06
-7.02468e-05
-3.27701e-05
-0.000142089
-3.40662e-05
-0.000155533
-2.34404e-05
-0.00017888
-3.59555e-05
-9.1305e-05
-1.92105e-05
-5.68585e-05
-3.5476e-05
-5.05966e-05
-3.69519e-05
-3.55319e-05
-5.94964e-05
-1.64792e-05
-4.87701e-05
2.453e-05
-3.05597e-05
1.81745e-05
-1.9142e-05
3.17751e-05
7.83206e-05
1.14599e-07
3.01134e-05
-4.0357e-06
3.68712e-05
-9.45959e-06
3.85206e-05
-1.98434e-05
1.99606e-05
-4.94181e-05
7.12716e-05
-9.58789e-05
5.63562e-05
-7.81826e-05
6.20549e-05
-0.00011743
5.87661e-05
-7.65821e-05
4.93271e-05
-6.99932e-05
-2.1785e-05
-3.26763e-05
-5.72025e-05
-3.48293e-05
-5.5365e-05
-0.000143926
-0.000100122
-0.000110776
-7.12542e-05
-0.000207747
-4.08403e-05
-0.000121719
-3.90955e-05
-5.86033e-05
-1.8145e-05
-7.15472e-05
-1.03825e-05
-4.32944e-05
-2.27299e-05
-4.13179e-06
-1.17131e-05
1.35132e-05
-1.32917e-05
1.9753e-05
-2.21528e-05
4.06361e-05
6.46856e-05
-8.51786e-06
2.11346e-05
-2.51703e-05
1.84163e-05
-6.74133e-06
1.8947e-05
-2.03741e-05
4.21067e-05
-7.25779e-05
3.11575e-05
-8.49297e-05
3.75784e-05
-8.46035e-05
3.27842e-05
-0.000112635
-2.32675e-06
-4.14712e-05
-5.64901e-05
-1.58299e-05
-8.26885e-05
-6.47789e-06
-8.08227e-05
-3.6695e-05
-8.60498e-05
-0.000138699
-9.62144e-05
-0.000100612
-9.14479e-05
-0.000212514
-8.15961e-06
-0.000205007
-6.95779e-06
-5.98051e-05
-1.21499e-05
-6.6355e-05
-9.73511e-06
-4.57092e-05
-1.45124e-05
6.45541e-07
-1.01645e-05
9.16534e-06
-1.19793e-05
2.15678e-05
-3.43262e-06
3.20894e-05
5.46973e-05
6.55567e-06
1.61317e-05
-4.1302e-05
1.29545e-05
-3.56418e-06
1.61015e-05
-2.35211e-05
1.97783e-05
-7.62548e-05
6.07151e-05
-0.000125866
5.27574e-05
-7.66457e-05
-3.39554e-07
-5.95384e-05
-2.77226e-05
-1.40881e-05
-7.77985e-05
3.42461e-05
-9.04769e-05
6.20045e-06
-7.74994e-05
-4.96725e-05
-7.4226e-05
-0.000141972
-7.2244e-05
-0.000102594
-6.946e-05
-0.000215298
-5.28855e-05
-0.000221582
-2.31106e-05
-8.958e-05
-3.96415e-06
-8.55015e-05
-2.74353e-06
-4.69298e-05
-3.96627e-06
1.86829e-06
-4.10897e-06
9.30803e-06
-7.65797e-06
2.51168e-05
-9.22413e-06
3.36555e-05
3.2757e-05
1.27162e-05
-4.00492e-06
-3.7297e-05
-5.22529e-07
-7.04657e-06
8.78335e-06
-3.28269e-05
3.23483e-05
-9.98197e-05
2.43069e-05
-0.000117825
1.99008e-05
-7.22395e-05
1.63565e-05
-5.59942e-05
-1.02884e-05
1.25568e-05
-3.97926e-05
6.37503e-05
-4.311e-05
9.51794e-06
-1.50714e-05
-7.77112e-05
-5.17694e-05
-0.000105274
-3.65565e-05
-0.000117807
-3.34752e-05
-0.000218379
-2.22252e-05
-0.000232832
-7.53481e-06
-0.00010427
3.69966e-06
-9.6736e-05
-4.13679e-06
-3.90934e-05
-1.01975e-05
7.92904e-06
-7.70244e-06
6.81293e-06
2.75579e-06
1.46586e-05
9.99974e-06
2.64116e-05
3.33016e-05
9.45514e-06
-5.45456e-07
-3.67516e-05
8.10149e-06
-1.56935e-05
1.97228e-05
-4.44482e-05
6.69817e-06
-8.67951e-05
3.16495e-05
-0.000142776
3.75361e-05
-7.81262e-05
2.60739e-05
-4.4532e-05
3.60504e-06
3.50257e-05
-1.07306e-05
7.80859e-05
-1.67914e-05
1.55788e-05
-2.29398e-05
-7.15628e-05
9.82102e-06
-0.000138035
1.32346e-05
-0.00012122
7.58192e-06
-0.000212726
-9.42357e-06
-0.000215826
2.57567e-05
-0.000139451
1.45192e-05
-8.54984e-05
1.01606e-07
-2.46757e-05
-2.32671e-07
8.26332e-06
-4.11921e-06
1.06995e-05
-3.1971e-07
1.08591e-05
4.2842e-06
2.18077e-05
1.99075e-05
1.76782e-05
-4.27642e-06
-3.24752e-05
8.82521e-06
-2.87951e-05
2.5656e-05
-6.1279e-05
3.21674e-05
-9.33065e-05
-5.51103e-06
-0.000105098
-5.45885e-06
-7.81783e-05
-2.5431e-06
-4.74477e-05
-1.43974e-05
4.688e-05
1.90285e-05
4.466e-05
3.18457e-05
2.7616e-06
1.12767e-05
-5.09938e-05
9.18879e-06
-0.000135947
5.81992e-05
-0.000170231
2.62757e-05
-0.000180803
8.49581e-06
-0.000198046
7.18771e-06
-0.000138143
-2.55673e-05
-5.27434e-05
-1.777e-05
-3.2473e-05
-9.99423e-06
4.87556e-07
-5.50768e-06
6.21292e-06
-1.69869e-06
7.05007e-06
2.11259e-06
1.79964e-05
8.68314e-06
1.3337e-05
-5.52329e-06
-2.69519e-05
1.25146e-05
-4.68331e-05
2.50032e-05
-7.37676e-05
2.31946e-05
-9.14979e-05
1.21671e-05
-9.40704e-05
9.48078e-07
-6.69593e-05
-8.01165e-06
-3.8488e-05
-2.0404e-06
4.09088e-05
1.06803e-05
3.19394e-05
3.10376e-05
-1.75958e-05
4.81168e-05
-6.80731e-05
5.87521e-05
-0.000146583
4.50568e-05
-0.000156535
4.15824e-05
-0.000177328
1.87983e-05
-0.000175262
-7.37838e-07
-0.000118606
6.99527e-06
-6.04765e-05
-1.02673e-05
-1.52104e-05
-1.04202e-05
6.40436e-07
-6.45247e-06
2.24519e-06
-5.19517e-06
5.79277e-06
6.45294e-06
6.34827e-06
4.69693e-06
1.04391e-05
-7.67111e-06
-1.92808e-05
7.48249e-06
-6.19867e-05
9.85979e-06
-7.61449e-05
6.18486e-06
-8.7823e-05
-1.67532e-05
-7.11324e-05
-1.48352e-05
-6.88773e-05
-2.95934e-05
-2.37297e-05
-7.5307e-06
1.8846e-05
2.46395e-05
-2.30849e-07
4.37943e-05
-3.67506e-05
6.56924e-05
-8.99712e-05
7.44453e-05
-0.000155335
8.68035e-05
-0.000168894
2.30759e-05
-0.000113601
8.59977e-06
-0.000160786
-1.77911e-05
-9.22155e-05
-3.00918e-05
-4.81757e-05
-3.56371e-05
-9.66509e-06
-1.88906e-05
-1.61061e-05
-1.70467e-05
4.01288e-07
-7.69228e-06
-3.56166e-06
1.76749e-06
-3.1115e-06
-5.29015e-06
1.17546e-05
-5.12651e-06
-1.41543e-05
2.89054e-06
-7.00037e-05
2.72853e-06
-7.59829e-05
-1.23059e-05
-7.27885e-05
-3.1032e-05
-5.24063e-05
-4.27813e-05
-5.7128e-05
-4.24548e-05
-2.40562e-05
-1.41783e-05
-9.43053e-06
4.38653e-05
-5.82744e-05
6.32345e-05
-5.61198e-05
4.71395e-05
-7.38762e-05
3.60159e-05
-0.000144212
3.02116e-05
-0.000163089
5.11321e-05
-0.000134521
-1.43612e-05
-9.52927e-05
-2.90751e-05
-7.75016e-05
-3.67569e-05
-4.0494e-05
-2.22988e-05
-2.41231e-05
-2.59398e-05
-1.24651e-05
-1.24581e-05
-1.30804e-05
-7.4908e-06
-8.52899e-06
6.03691e-06
-1.66392e-05
-7.42127e-06
8.16803e-06
-5.67871e-06
-8.47554e-06
-2.80945e-06
-7.2873e-05
-1.01506e-05
-6.86418e-05
-3.37462e-05
-4.91929e-05
-4.87415e-05
-3.74109e-05
-6.64317e-05
-3.94379e-05
-2.92821e-05
-6.12058e-05
-6.7526e-06
-3.19601e-05
1.40347e-05
-7.90617e-05
5.81422e-05
-0.000100227
6.75242e-05
-8.32582e-05
6.26728e-05
-0.00013936
2.78649e-06
-0.000103203
-2.18092e-05
-0.000109926
-4.69811e-05
-7.01208e-05
-5.1514e-05
-7.29687e-05
-4.9068e-05
-4.294e-05
-3.50149e-05
-3.81761e-05
-1.26245e-05
-3.48555e-05
-1.18237e-05
-1.38811e-05
-6.71086e-06
-1.36418e-05
5.5535e-06
-2.89036e-05
-1.05389e-05
8.67115e-06
-5.25478e-06
-3.22076e-06
-2.10429e-05
-5.70848e-05
-4.42666e-05
-4.54181e-05
-5.73645e-05
-3.6095e-05
-6.01185e-05
-3.46569e-05
-5.81156e-05
-4.14408e-05
-4.6131e-05
-7.31903e-05
-1.05147e-06
-7.70396e-05
7.61177e-06
-8.77249e-05
-9.35724e-06
-8.32584e-05
2.31534e-05
-0.000115769
9.74775e-06
-0.000125955
-3.58167e-06
-8.98736e-05
-3.32357e-05
-8.02717e-05
-3.82935e-05
-6.5063e-05
-3.83884e-05
-7.28738e-05
-2.03067e-05
-6.10217e-05
-3.03499e-05
-2.81329e-05
-1.44741e-05
-5.07313e-05
-9.62399e-06
-1.87312e-05
-6.47487e-06
-1.6791e-05
1.49637e-06
-3.68748e-05
-1.45841e-05
5.5416e-06
-2.26537e-05
1.9433e-05
-2.85739e-05
-5.11647e-05
-4.97076e-05
-2.42844e-05
-6.20645e-05
-2.37381e-05
-6.4159e-05
-3.25624e-05
-5.11888e-05
-5.4411e-05
-5.24566e-05
-7.19226e-05
-4.66838e-05
-8.28124e-05
-3.58488e-05
-9.856e-05
-1.03841e-06
-0.000118069
6.57659e-07
-0.000117465
-4.36669e-05
-8.16303e-05
-5.62557e-05
-7.72847e-05
-2.3966e-05
-0.000112561
-2.22446e-05
-6.67845e-05
-4.61457e-05
-4.89727e-05
-3.84912e-05
-6.86763e-05
-1.14791e-05
-5.51451e-05
-7.7712e-06
-5.44392e-05
-4.44222e-06
-2.20602e-05
-8.86666e-07
-2.03465e-05
4.97975e-06
-4.27412e-05
-2.07144e-05
1.111e-05
-3.52056e-05
5.46386e-05
-7.04027e-05
-1.59676e-05
-6.9178e-05
-2.55091e-05
-6.78157e-05
-2.51004e-05
-6.08477e-05
-3.95303e-05
-6.3489e-05
-5.17697e-05
-7.17439e-05
-6.36677e-05
-5.16426e-05
-0.000102914
-3.64237e-05
-0.000113779
-1.36768e-05
-0.000140816
-3.92693e-05
-9.18724e-05
-3.32019e-05
-8.76977e-05
-3.46263e-05
-7.58603e-05
-2.81683e-05
-0.000119019
-3.64607e-05
-5.8492e-05
-6.43571e-06
-7.89977e-05
-7.74205e-06
-6.73699e-05
-1.09258e-05
-5.19613e-05
-8.33206e-06
-5.7033e-05
-4.80314e-06
-2.55891e-05
-5.28286e-07
-2.46214e-05
1.14281e-06
-4.44123e-05
-2.48904e-05
5.3188e-06
-0.000119618
0.000174257
-0.00011087
-2.47163e-05
-8.87605e-05
-4.76182e-05
-7.77635e-05
-3.60974e-05
-7.06205e-05
-4.66733e-05
-4.99082e-05
-7.24821e-05
-3.21855e-05
-8.13904e-05
-3.95474e-05
-9.55518e-05
-4.99947e-05
-0.000103332
-1.70285e-05
-0.000173782
-1.64722e-05
-9.24287e-05
-1.37667e-05
-9.04032e-05
-8.33128e-06
-8.12957e-05
-4.01337e-05
-8.7217e-05
-7.57393e-06
-9.10518e-05
-3.80005e-06
-8.27716e-05
-2.24262e-05
-4.87438e-05
-9.18059e-06
-6.52068e-05
-6.0944e-06
-6.01191e-05
-2.62802e-06
-2.90555e-05
7.34651e-09
-2.72567e-05
2.12536e-06
-4.65303e-05
-2.60944e-05
3.32937e-06
-0.000265895
-0.000161563
-9.07209e-05
-6.38319e-05
-5.77257e-05
-4.19719e-05
-2.58944e-05
-4.27489e-06
6.48838e-06
-3.02972e-05
-1.47983e-05
-4.45278e-06
3.45718e-06
1.51565e-05
-1.92337e-06
-1.46516e-05
3.4917e-06
-4.51906e-06
-1.70871e-05
-3.31643e-06
6.55373e-06
-1.2852e-06
7.39823e-06
6.51421e-05
7.64203e-06
5.85591e-05
6.58303e-06
5.22902e-05
6.26887e-06
5.32983e-06
4.69604e-05
7.72617e-05
1.68785e-05
7.17259e-05
1.21188e-05
6.95229e-05
8.47185e-06
5.63009e-06
6.92227e-05
8.44136e-05
4.34206e-06
8.63382e-05
1.01942e-05
8.74644e-05
7.34557e-06
1.20426e-05
8.1052e-05
7.03462e-05
6.76625e-06
6.78668e-05
1.26737e-05
5.20644e-05
2.3148e-05
2.79818e-05
3.61251e-05
-3.6178e-05
9.43063e-07
-2.8987e-05
5.48271e-06
-2.19324e-05
1.60934e-05
2.00764e-05
-1.4027e-05
-9.26124e-05
-1.2159e-05
-8.06267e-05
-6.50301e-06
-6.15806e-05
-2.9527e-06
-2.27473e-06
-3.92295e-05
-8.87899e-05
-1.38524e-05
-8.3689e-05
-1.16039e-05
-7.71913e-05
-9.45042e-06
-7.95867e-06
-7.15073e-05
-6.57616e-05
-2.34712e-05
-5.50218e-05
-2.23437e-05
-5.33808e-05
-1.10914e-05
-1.50123e-05
-4.63272e-05
-4.00232e-05
-1.9236e-05
-4.42223e-05
-1.81446e-05
-3.76011e-05
-1.77126e-05
-2.08409e-05
-3.17725e-05
-3.24542e-06
-2.52421e-05
2.83599e-06
-2.4226e-05
3.07968e-06
-1.79563e-05
-1.47252e-05
-3.03603e-06
9.91618e-06
-1.69755e-05
2.67755e-06
-1.69874e-05
-3.16163e-06
-1.21171e-05
-1.21162e-05
-5.77062e-06
3.14203e-05
-1.00382e-05
2.47288e-05
-1.0296e-05
2.05771e-05
-7.96532e-06
-5.72329e-06
1.41842e-05
3.63941e-05
-1.12158e-06
3.61305e-05
-1.00324e-05
3.15179e-05
-3.35268e-06
1.29642e-07
2.56651e-05
6.88144e-05
3.91998e-06
6.43972e-05
-5.61506e-06
6.10531e-05
-8.48308e-09
1.56061e-05
4.55768e-05
0.000158364
3.71433e-05
0.000124514
2.82355e-05
0.000102229
2.22766e-05
3.09111e-05
8.69248e-05
0.000216247
5.13842e-05
0.000190512
5.39698e-05
0.000162898
4.9891e-05
3.81646e-05
0.000155644
0.000114798
4.57773e-05
0.000125327
4.3441e-05
0.000135854
3.93635e-05
2.78902e-05
0.000146129
0.00018093
5.28934e-05
0.000168926
5.54455e-05
0.000147866
6.04229e-05
4.83031e-05
0.000127453
0.000120615
6.57407e-05
0.000111756
6.43044e-05
0.000124118
4.80608e-05
3.85399e-05
0.000133882
0.000111229
6.63045e-05
0.000110288
6.52454e-05
9.19938e-05
6.6355e-05
6.90996e-05
6.14341e-05
5.55718e-05
8.32443e-05
4.4146e-05
7.66712e-05
6.63826e-05
4.41184e-05
7.36057e-05
6.18764e-05
7.32077e-05
8.09858e-05
6.93848e-05
8.0494e-05
3.93193e-05
7.41839e-05
6.97118e-05
4.32132e-05
3.2755e-05
4.64506e-05
3.20513e-05
8.11978e-05
3.17896e-05
7.44454e-05
6.8399e-05
3.31024e-05
7.17092e-06
3.62486e-05
1.89931e-05
6.93756e-05
2.88258e-05
6.46127e-05
5.8259e-05
3.89658e-05
1.34745e-06
2.97942e-05
1.18323e-05
5.88908e-05
2.04308e-05
5.60142e-05
5.38406e-05
2.48492e-05
-9.41825e-06
3.99745e-05
4.92186e-06
4.45506e-05
1.41987e-05
4.67373e-05
4.66415e-05
2.13978e-05
6.46575e-06
3.36233e-05
1.22894e-05
3.87269e-05
2.05615e-05
3.84652e-05
3.86583e-05
2.85448e-05
-8.4422e-06
3.35477e-05
5.92729e-06
2.43574e-05
2.01651e-05
2.42274e-05
2.59543e-05
3.2869e-05
2.48651e-05
1.52383e-05
1.98715e-05
2.9351e-05
1.58084e-05
2.82905e-05
3.03415e-05
1.14212e-05
1.42482e-05
1.37062e-05
2.15498e-05
2.20495e-05
2.80084e-05
2.18319e-05
1.09393e-05
4.74105e-05
9.41083e-06
1.37504e-05
1.45863e-05
1.6874e-05
2.84744e-05
7.94373e-06
1.26575e-05
2.67562e-05
2.28788e-05
8.54991e-06
3.25254e-05
7.22734e-06
3.12811e-05
9.18805e-06
1.00635e-05
3.38751e-05
1.76922e-05
4.19472e-06
1.9847e-05
5.07251e-06
1.90243e-05
1.00107e-05
6.07581e-06
2.3012e-05
1.28602e-05
1.77361e-06
1.3522e-05
4.41076e-06
2.05154e-05
3.01726e-06
5.4772e-06
2.1114e-05
1.52097e-05
-1.68152e-06
2.10144e-05
-1.39398e-06
2.51138e-05
-1.08215e-06
-6.11348e-06
3.67045e-05
1.50851e-05
-8.59861e-06
1.72778e-05
-3.58665e-06
1.99791e-05
-3.78344e-06
-4.12616e-06
1.79918e-05
1.16612e-05
-1.15887e-05
2.16104e-05
-1.35358e-05
2.45811e-05
-6.75419e-06
-6.69512e-06
2.71501e-05
9.025e-06
-1.50721e-05
1.30426e-05
-1.75534e-05
2.50126e-05
-1.87243e-05
-9.26568e-06
2.75832e-05
1.65702e-05
-2.05322e-05
9.9131e-06
-1.08963e-05
1.44461e-05
-2.32573e-05
-1.11905e-05
1.63709e-05
7.04523e-06
-2.22586e-05
2.07089e-05
-2.456e-05
1.12366e-05
-1.3785e-05
-1.39811e-05
1.40272e-05
4.1043e-06
-2.30335e-05
5.43325e-06
-2.58889e-05
6.52269e-06
-1.48744e-05
-1.52483e-05
7.78989e-06
1.97018e-06
-4.41082e-06
9.36509e-07
6.48881e-06
8.00587e-05
8.55388e-05
0.000132282
4.75457e-05
0.000128836
2.81037e-05
0.000102935
-5.13977e-05
9.24851e-05
-0.000113953
9.36254e-05
-0.000108172
8.76031e-05
-5.11973e-05
8.04637e-05
-3.0897e-05
5.99027e-05
2.57795e-05
7.06473e-05
2.3367e-05
0.00010232
1.49244e-05
7.96493e-05
4.7053e-05
6.58336e-05
6.22541e-05
6.029e-05
4.43266e-05
3.17985e-05
3.8663e-05
5.19936e-05
-3.16761e-05
5.16224e-05
-2.2031e-05
4.20912e-05
-7.55137e-06
4.62805e-05
9.16598e-05
6.31016e-05
0.000104268
3.49372e-05
9.94385e-05
3.29336e-05
6.01428e-05
-1.21019e-05
4.1419e-05
-9.52295e-05
2.61684e-05
-9.29217e-05
2.37504e-05
-4.87793e-05
2.0797e-05
-2.79436e-05
4.22156e-05
4.36085e-06
3.53429e-05
3.02398e-05
3.25083e-05
1.7759e-05
4.89786e-05
3.05826e-05
3.4148e-05
7.70847e-05
4.65769e-05
3.18978e-05
7.87281e-05
6.51177e-06
5.61354e-05
-9.08344e-06
4.89161e-05
-1.48117e-05
3.55192e-05
5.84546e-06
8.17998e-05
7.601e-05
6.81436e-05
6.05317e-05
5.04154e-05
5.54818e-05
3.79835e-05
7.90467e-05
-3.56668e-05
2.51199e-05
-4.13027e-05
-2.88207e-05
-3.89811e-05
-1.70608e-05
-6.05392e-05
-1.69958e-05
-2.80085e-05
-1.07677e-05
-1.86723e-06
5.99195e-06
1.34801e-05
1.21337e-05
1.16173e-05
2.38876e-05
1.88286e-05
3.40901e-05
6.68823e-05
4.19317e-05
2.40562e-05
4.92412e-05
-7.97775e-07
3.23122e-05
7.84562e-06
2.30016e-05
-5.50107e-06
1.16776e-05
1.71694e-05
9.34774e-05
6.43924e-05
3.98763e-05
4.01122e-05
7.46956e-05
5.70887e-05
2.1007e-05
1.91153e-05
2.30659e-06
-1.12735e-05
-1.09139e-05
-1.64919e-05
-3.37627e-05
-3.95356e-05
-3.74955e-05
-2.65588e-05
-4.09853e-05
-2.77596e-05
-6.66474e-07
-1.11669e-05
-3.11265e-06
-3.57405e-06
4.02446e-06
1.04142e-05
4.84039e-06
5.53389e-05
2.19575e-05
5.62781e-05
2.31169e-05
3.66376e-05
1.88428e-05
9.75276e-06
3.47304e-05
-2.56306e-06
6.81474e-06
-3.15803e-06
1.77644e-05
9.03193e-05
6.7217e-06
1.91276e-05
3.38047e-05
4.76126e-05
2.54903e-05
2.93214e-05
1.31103e-05
1.46865e-05
-3.55846e-06
5.75492e-06
-2.12116e-05
-1.61095e-05
-3.295e-05
-2.57571e-05
-2.76356e-05
-4.62998e-05
-1.34617e-05
-1.48404e-05
-3.43151e-06
-1.31428e-05
-1.67812e-06
2.27107e-06
-1.01156e-06
4.17384e-06
1.58633e-05
5.08272e-06
2.13893e-05
1.75909e-05
1.91645e-05
2.10676e-05
7.5083e-06
4.63866e-05
-2.7168e-06
1.70398e-05
-8.63218e-06
2.36798e-05
8.16871e-05
-2.4775e-05
4.67311e-06
-5.77051e-06
2.86081e-05
7.9813e-06
1.55696e-05
7.51214e-06
1.51557e-05
1.09921e-05
2.27495e-06
9.40899e-06
-1.45264e-05
1.80193e-05
-3.43673e-05
2.25454e-06
-3.0535e-05
4.08347e-06
-1.66693e-05
1.30137e-05
-2.2073e-05
1.19554e-05
3.32937e-06
2.64239e-06
1.34868e-05
1.87205e-06
5.85306e-06
4.04151e-08
1.94226e-05
-1.70837e-05
3.81917e-05
-1.31935e-06
3.06222e-05
-3.2902e-06
1.90107e-05
-1.2249e-05
3.26386e-05
6.94381e-05
-4.91133e-05
-1.77209e-05
-2.07874e-05
2.82253e-07
-6.79063e-06
1.57282e-06
2.66969e-06
5.69538e-06
1.59392e-06
3.35072e-06
8.99138e-06
-2.19239e-05
1.75065e-05
-4.28824e-05
1.84156e-05
-3.14442e-05
1.72792e-05
-1.55329e-05
5.8018e-06
-1.05956e-05
-9.10773e-06
1.82389e-05
-2.57994e-05
3.01785e-05
-4.47739e-05
2.48275e-05
-6.8094e-05
4.27427e-05
-6.94777e-05
3.95754e-05
-5.39374e-05
1.5082e-05
-3.66307e-05
1.70407e-06
-1.51012e-05
1.1109e-05
5.43369e-05
-3.45619e-05
-2.94862e-05
-2.6975e-05
-7.30458e-06
-3.04399e-05
5.03767e-06
-3.93475e-05
1.4603e-05
-3.93338e-05
3.33703e-06
-2.66182e-05
-3.46395e-05
-2.84623e-05
-4.10383e-05
-2.7234e-05
-3.26725e-05
-9.36007e-06
-3.34068e-05
-1.75183e-05
-2.43734e-06
-2.46946e-05
2.54151e-05
-2.85555e-05
3.40394e-05
-6.84804e-05
6.47524e-05
-7.6193e-05
5.04553e-05
-7.45253e-05
3.79077e-05
-6.37776e-05
4.33419e-06
-4.81015e-05
-1.3972e-05
-1.55832e-05
-2.14093e-05
3.87538e-05
-3.32327e-05
-2.8026e-05
-3.41253e-05
-6.41194e-06
-3.86794e-05
9.59168e-06
-3.08782e-05
6.80178e-06
-3.48017e-05
7.26053e-06
-5.71799e-05
-1.22612e-05
-6.31028e-05
-3.51154e-05
-5.53795e-05
-4.03958e-05
-4.90205e-05
-3.97658e-05
-5.14693e-05
1.1454e-08
-5.52852e-05
2.92311e-05
-6.26988e-05
4.1453e-05
-4.86823e-05
5.07359e-05
-3.97659e-05
4.15389e-05
-3.50212e-05
3.3163e-05
-4.06567e-05
9.9697e-06
-4.75695e-05
-7.05912e-06
-2.7578e-05
-4.14009e-05
1.11758e-05
-1.12426e-05
-1.98194e-05
-1.37156e-05
-3.93899e-06
-1.71966e-05
1.30727e-05
-3.97622e-05
2.93674e-05
-5.9794e-05
2.72923e-05
-7.40898e-05
2.03457e-06
-7.58727e-05
-3.33325e-05
-8.02181e-05
-3.60505e-05
-6.33353e-05
-5.66486e-05
-4.47019e-05
-1.8622e-05
-3.9496e-05
2.40252e-05
-4.64207e-05
4.83777e-05
-4.65577e-05
5.08728e-05
-4.16129e-05
3.65941e-05
-4.66561e-05
3.82062e-05
-5.32269e-05
1.65405e-05
-5.15742e-05
-8.71187e-06
-5.10586e-05
-4.19165e-05
-3.98828e-05
-6.375e-06
-1.9215e-05
-8.58592e-06
-1.72806e-06
-1.03059e-05
1.47927e-05
-9.6183e-06
2.86798e-05
-7.55306e-06
2.52271e-05
-2.41091e-05
1.85906e-05
-4.31897e-05
-1.42518e-05
-4.27003e-05
-3.65399e-05
-7.37435e-05
-2.56054e-05
-7.53382e-05
-1.70273e-05
-5.3177e-05
1.86405e-06
-2.97806e-05
2.49813e-05
-9.80165e-06
3.08938e-05
-1.33949e-05
4.01874e-05
-3.90255e-05
6.38368e-05
-4.80748e-05
2.55898e-05
-5.37094e-05
-3.07732e-06
-2.28743e-05
-7.27515e-05
-6.27571e-05
8.88105e-06
-1.39118e-05
9.72309e-06
-2.57008e-06
3.02328e-06
2.14925e-05
-6.80715e-06
3.85102e-05
-6.11757e-06
2.45375e-05
-6.78933e-06
1.92624e-05
-2.74554e-05
6.4142e-06
-5.00077e-05
-1.39876e-05
-5.8804e-05
-1.68091e-05
-6.04281e-05
-1.54032e-05
-5.6104e-05
-2.46002e-06
-2.88231e-05
-2.29964e-06
-1.53831e-05
1.74539e-05
-1.301e-06
2.61053e-05
5.31956e-07
6.20039e-05
-2.43083e-05
5.04301e-05
-2.76714e-05
2.85786e-07
-2.16752e-05
-7.87477e-05
-8.44323e-05
2.03379e-05
-8.58457e-06
7.8538e-06
9.91402e-06
3.45942e-06
2.58869e-05
1.44469e-05
2.75228e-05
8.24628e-06
3.07381e-05
1.13552e-05
1.61534e-05
-4.33615e-06
2.21056e-05
-2.40352e-05
5.71145e-06
-3.89236e-05
-1.92069e-06
-5.07646e-05
-3.56221e-06
-4.86325e-05
-4.59205e-06
-4.77985e-05
-3.13371e-06
-2.02221e-05
-1.01225e-05
-1.95197e-05
2.54029e-05
-1.1755e-05
5.42391e-05
-3.38923e-05
7.25674e-05
-3.12885e-05
-2.31806e-06
-5.11025e-05
-5.89337e-05
-0.000135535
3.91984e-05
-2.20595e-06
3.92747e-05
9.8378e-06
3.98121e-05
2.53495e-05
4.4748e-05
2.25869e-05
3.04372e-05
4.50489e-05
1.45012e-05
3.20895e-05
2.17664e-05
1.48404e-05
7.61505e-06
1.98628e-05
-8.01306e-06
1.37074e-05
-2.21687e-05
1.05935e-05
-3.92455e-05
1.24847e-05
-3.49404e-05
-7.43873e-06
-3.37213e-05
-1.13417e-05
-3.53103e-05
2.6992e-05
-1.03751e-05
2.93038e-05
-2.00251e-05
8.22174e-05
-3.19862e-05
9.64311e-06
-2.63091e-05
-6.46109e-05
-0.000161844
5.87104e-05
2.60085e-05
5.96784e-05
8.86948e-06
4.73916e-05
3.76362e-05
3.63881e-05
3.35903e-05
5.71037e-05
2.43333e-05
4.54368e-05
4.37564e-05
2.0816e-05
3.94612e-05
1.83185e-05
2.23603e-05
7.79956e-06
2.42264e-05
-4.50642e-06
2.28995e-05
-1.55074e-05
2.34857e-05
-3.46177e-05
1.16716e-05
-2.55497e-05
-2.04097e-05
-2.78918e-05
2.93341e-05
-2.6203e-05
2.7615e-05
-1.29802e-05
6.89945e-05
-1.50694e-05
1.17323e-05
-2.12972e-05
-5.83832e-05
-0.000183141
0.000116335
6.53182e-05
6.53545e-05
5.98494e-05
8.43088e-05
1.86816e-05
7.53168e-05
4.25823e-05
4.04758e-05
5.91742e-05
6.12949e-05
2.29373e-05
4.96979e-05
5.10581e-05
3.4298e-05
3.77602e-05
3.2821e-05
2.57035e-05
3.37737e-05
2.19468e-05
8.77181e-06
4.84875e-05
-1.34448e-06
2.17879e-05
-2.62757e-05
4.52156e-06
-1.83674e-05
2.14258e-05
-1.66289e-05
2.58766e-05
4.69209e-06
4.76735e-05
-5.13304e-07
1.69377e-05
-6.72295e-06
-5.21735e-05
-0.000189864
0.000101025
0.000110421
0.000103695
5.71802e-05
5.90633e-05
6.33129e-05
4.52125e-05
5.64331e-05
7.4856e-05
2.95307e-05
7.06367e-05
2.71566e-05
6.15463e-05
6.01485e-05
7.00101e-05
2.92963e-05
5.62064e-05
3.95072e-05
4.83639e-05
2.97893e-05
4.82112e-05
4.86403e-05
2.37222e-05
4.62768e-05
-1.53196e-06
2.97757e-05
-4.52972e-06
2.44235e-05
-1.26552e-05
3.40021e-05
9.27558e-06
2.57427e-05
1.16088e-05
1.46045e-05
4.77837e-06
-4.53431e-05
-0.000185086
0.000108283
0.000129591
0.000105317
6.01459e-05
6.3535e-05
0.000105095
9.20848e-05
2.78834e-05
7.85e-05
4.31155e-05
4.91249e-05
5.65316e-05
6.75421e-05
4.17314e-05
6.732e-05
2.95184e-05
6.48516e-05
4.19756e-05
4.32402e-05
5.14006e-05
5.60533e-05
3.58272e-05
6.86765e-05
3.36537e-05
5.98891e-05
3.85631e-05
2.00381e-05
6.42745e-05
2.8801e-05
2.52391e-05
1.17678e-05
4.2776e-05
1.65609e-05
9.81135e-06
9.15455e-06
-3.79367e-05
-0.000175931
0.000123756
0.000139717
5.44379e-05
0.000129464
8.86585e-05
7.08744e-05
4.29309e-05
7.36109e-05
4.90168e-05
3.70296e-05
4.62118e-05
5.93366e-05
6.46299e-05
2.33133e-05
3.37846e-05
6.03637e-05
3.98309e-05
3.59293e-05
5.52282e-05
3.60033e-05
6.17119e-05
2.93435e-05
3.91671e-05
5.61985e-05
5.1361e-05
2.63692e-05
4.84946e-05
6.7141e-05
4.13849e-05
3.23488e-05
3.60317e-05
4.81291e-05
2.47963e-05
2.10468e-05
1.27017e-05
-2.58421e-05
-0.000163229
6.15534e-05
0.000139597
0.000100088
9.09297e-05
6.83682e-05
0.000102594
8.07624e-05
6.12167e-05
7.69148e-05
4.08772e-05
8.71979e-05
4.90536e-05
4.32512e-05
6.726e-05
6.8848e-05
3.47668e-05
5.65234e-05
4.82539e-05
5.46072e-05
3.79195e-05
5.80959e-05
2.58548e-05
6.65391e-05
4.77553e-05
3.56138e-05
5.72945e-05
4.33171e-05
5.94376e-05
3.74186e-05
3.82473e-05
3.20059e-05
5.35418e-05
2.79123e-05
2.51404e-05
1.47452e-05
-1.26749e-05
-0.000148484
6.58011e-05
0.000135673
4.9643e-05
0.000107088
5.81367e-05
9.41001e-05
6.50978e-05
5.42556e-05
4.11254e-05
6.48496e-05
4.31936e-05
4.69854e-05
7.15655e-05
3.88881e-05
4.98567e-05
5.64757e-05
5.91093e-05
3.90012e-05
5.52127e-05
4.18161e-05
2.7922e-05
5.31455e-05
3.95631e-05
3.61143e-05
3.27804e-05
6.40772e-05
5.48339e-05
3.73841e-05
3.66633e-05
5.6418e-05
3.33579e-05
5.68472e-05
1.94794e-05
3.90189e-05
1.35106e-05
-6.70609e-06
-0.000134974
4.38666e-05
0.000135019
5.79548e-05
9.29995e-05
5.56165e-05
9.64385e-05
3.21217e-05
7.77503e-05
5.11283e-05
4.58429e-05
4.12119e-05
5.69018e-05
3.21581e-05
4.79419e-05
5.47717e-05
3.3862e-05
4.1121e-05
5.2652e-05
5.49113e-05
2.80258e-05
6.42872e-05
4.37696e-05
3.41101e-05
6.62914e-05
6.15466e-05
3.66407e-05
4.12949e-05
5.76358e-05
3.75693e-05
6.01436e-05
3.54743e-05
5.89421e-05
3.03481e-05
4.41451e-05
1.62859e-05
7.35618e-06
-0.000118688
7.80502e-05
9.00712e-05
6.75584e-05
0.000103491
6.19303e-05
0.000102066
6.62324e-05
7.34483e-05
3.849e-05
7.35853e-05
3.83807e-05
5.70112e-05
3.98723e-05
4.64503e-05
2.99673e-05
4.3767e-05
5.60896e-05
2.65297e-05
3.73861e-05
4.67293e-05
2.42667e-05
5.6889e-05
5.08119e-05
3.97462e-05
3.97444e-05
4.77081e-05
4.37957e-05
5.35845e-05
3.491e-05
6.90293e-05
2.81847e-05
6.56674e-05
3.44292e-05
3.79006e-05
1.9361e-05
2.24245e-05
-9.93269e-05
2.06161e-05
0.000108421
4.95143e-05
7.45932e-05
4.86715e-05
0.000102909
6.36705e-05
5.84493e-05
8.17305e-05
5.55253e-05
7.87194e-05
6.00223e-05
5.66154e-05
6.85543e-05
5.96796e-05
4.07028e-05
3.46273e-05
5.1582e-05
4.45748e-05
3.67818e-05
6.17736e-05
3.96902e-05
4.55306e-05
5.59892e-05
4.70826e-05
4.61561e-05
2.31809e-05
7.74862e-05
4.42455e-05
4.79646e-05
3.87589e-05
7.11541e-05
9.88221e-06
6.67773e-05
1.6003e-05
1.63036e-05
-8.33238e-05
6.52802e-05
6.79898e-05
4.7736e-05
9.21374e-05
5.66637e-05
9.39815e-05
5.9489e-05
5.56239e-05
3.37769e-05
8.12374e-05
4.50178e-05
4.87814e-05
7.18408e-05
4.17313e-05
5.56566e-05
5.6887e-05
6.38431e-05
4.33955e-05
6.43522e-05
3.62728e-05
5.60413e-05
4.80011e-05
5.28848e-05
5.91457e-05
3.51629e-05
6.3878e-05
6.44087e-05
4.82405e-05
2.88392e-05
8.35341e-05
3.7968e-05
6.20253e-05
3.05814e-05
7.41639e-05
1.63318e-05
3.05532e-05
-6.6992e-05
2.42675e-05
6.51201e-05
2.90732e-05
8.73317e-05
6.89889e-05
5.40657e-05
5.60855e-05
6.85273e-05
7.04e-05
6.69229e-05
7.23759e-05
4.68054e-05
5.60447e-05
5.80625e-05
7.13231e-05
4.16087e-05
6.18897e-05
5.28289e-05
6.07976e-05
3.73648e-05
6.70741e-05
4.17247e-05
6.05853e-05
6.56345e-05
7.72566e-05
4.72067e-05
6.09791e-05
6.4518e-05
5.18818e-05
9.26313e-05
2.9114e-05
8.47931e-05
2.06123e-05
8.26656e-05
1.68972e-05
3.42683e-05
-5.00948e-05
1.86018e-05
7.5063e-05
5.39203e-05
5.20132e-05
5.30695e-05
5.49166e-05
6.46043e-05
5.69925e-05
7.73789e-05
5.41483e-05
6.13393e-05
6.28449e-05
6.64671e-05
5.29347e-05
6.61206e-05
4.19551e-05
7.41586e-05
4.47909e-05
7.00581e-05
4.14653e-05
6.56447e-05
4.61381e-05
7.82642e-05
5.3015e-05
3.89049e-05
8.65659e-05
3.90202e-05
6.44027e-05
4.1936e-05
8.97156e-05
3.44445e-05
9.22846e-05
2.47138e-05
9.23963e-05
1.26322e-05
4.63499e-05
-3.74626e-05
5.83904e-05
4.95416e-05
4.38306e-05
6.65729e-05
5.63752e-05
4.2372e-05
3.83151e-05
7.50526e-05
5.11132e-05
4.13502e-05
8.17994e-05
3.21587e-05
8.25386e-05
5.21955e-05
8.37188e-05
4.07749e-05
8.46866e-05
4.38231e-05
8.69093e-05
3.92426e-05
7.41637e-05
5.88836e-05
5.24831e-05
7.46956e-05
6.6684e-05
7.23651e-05
4.3643e-05
8.74437e-05
4.88188e-05
8.45397e-05
4.16087e-05
9.94947e-05
3.67462e-05
9.72588e-05
1.19408e-05
7.11554e-05
-2.55218e-05
1.68306e-05
4.41322e-05
5.17803e-05
3.16232e-05
2.97847e-05
6.43676e-05
7.29223e-05
3.1915e-05
7.73148e-05
3.69576e-05
7.38334e-05
3.56402e-05
0.000100192
2.58369e-05
8.40023e-05
5.69646e-05
6.8335e-05
5.94904e-05
7.02639e-05
3.73137e-05
8.92657e-05
3.98818e-05
7.75472e-05
8.64142e-05
5.41868e-05
9.57255e-05
7.33948e-05
6.82358e-05
6.26125e-05
9.5322e-05
4.79831e-05
0.000114124
3.28079e-05
0.000112434
2.06835e-05
8.32798e-05
-4.83839e-06
4.2563e-05
4.89797e-05
4.93309e-05
2.48553e-05
6.06711e-05
5.30273e-05
6.85359e-05
2.40502e-05
6.43784e-05
4.11151e-05
7.80247e-05
2.19939e-05
5.53912e-05
4.84704e-05
5.73929e-05
5.49629e-05
9.18943e-05
2.4989e-05
7.55471e-05
5.36609e-05
4.87903e-05
6.66387e-05
4.78409e-05
8.73635e-05
8.65551e-05
5.70113e-05
5.97706e-05
9.50203e-05
3.04439e-05
0.000124649
5.27199e-05
9.18482e-05
3.4578e-05
0.000130576
1.89126e-05
9.89452e-05
1.40742e-05
2.76292e-05
4.81067e-05
3.02612e-05
2.22233e-05
5.87317e-05
2.45567e-05
6.11772e-05
2.16047e-05
6.76624e-05
3.46299e-05
4.99218e-05
3.97345e-05
6.64545e-05
3.19377e-05
0.000104371
1.70463e-05
8.92164e-05
4.01437e-05
9.36056e-05
4.92717e-05
0.000113068
4.7176e-05
0.000110298
9.01342e-05
7.97956e-05
8.75134e-05
6.30307e-05
0.000111785
4.52718e-05
0.000142408
4.38513e-05
9.32687e-05
1.59466e-05
0.000158481
1.25809e-05
0.000102311
2.6655e-05
4.42238e-05
3.7758e-05
5.05522e-05
1.58949e-05
5.582e-05
1.92888e-05
6.40705e-05
1.33542e-05
7.93941e-05
1.93063e-05
0.000101293
1.78358e-05
0.000107832
2.53987e-05
0.000114029
1.08491e-05
0.000117513
3.66595e-05
0.000100398
6.63871e-05
0.000100306
4.72672e-05
9.67593e-05
9.36813e-05
9.10628e-05
9.32099e-05
0.000108927
9.39214e-05
9.40778e-05
0.000157256
3.10939e-05
0.000156253
1.01433e-05
0.000179431
2.49804e-05
8.74738e-05
5.16355e-05
4.25263e-05
1.82437e-05
4.97975e-05
8.62373e-06
6.3922e-05
5.16435e-06
7.35825e-05
3.69371e-06
9.15364e-05
1.35242e-06
9.98572e-05
9.51501e-06
9.20044e-05
3.32515e-05
7.0062e-05
3.27915e-05
8.01456e-05
2.6576e-05
0.00012353
2.30025e-05
0.00010758
6.32173e-05
0.000107698
9.35633e-05
7.23471e-05
0.000128561
5.9812e-05
0.000106456
4.95278e-05
0.000167541
2.68661e-05
0.000178914
2.68251e-05
0.000179472
1.10434e-05
0.000103256
6.26789e-05
4.21772e-05
-2.81941e-06
4.41217e-05
6.67925e-06
5.77148e-05
-8.42882e-06
4.89742e-05
1.24344e-05
6.25529e-05
-1.22263e-05
6.75385e-05
4.52933e-06
9.87103e-05
2.07971e-06
0.00011338
1.8122e-05
0.000108388
3.15677e-05
9.40061e-05
3.73844e-05
8.90619e-05
6.81615e-05
6.61961e-05
0.000116429
9.13533e-05
0.000103404
5.41313e-05
0.000143678
4.39177e-05
0.000177754
3.82605e-05
0.000184572
1.78249e-05
0.000199908
1.47277e-06
0.000119608
6.41517e-05
2.95852e-05
4.29987e-06
5.18648e-05
-1.56003e-05
4.25317e-05
9.04334e-07
7.05479e-05
-1.55818e-05
5.86044e-05
-2.82845e-07
6.56216e-05
-2.4878e-06
8.86418e-05
-2.09405e-05
8.93417e-05
1.74221e-05
8.95429e-05
3.13665e-05
7.41012e-05
5.28261e-05
8.76166e-05
5.46461e-05
0.000123624
8.04213e-05
6.09395e-05
0.000166089
5.1073e-05
0.000153545
3.61296e-05
0.000192698
2.96625e-05
0.000191039
3.05267e-05
0.000199044
-3.17584e-05
0.000181893
3.23933e-05
2.51498e-05
-2.8582e-06
4.29947e-05
-3.34452e-05
4.989e-05
-5.99088e-06
4.20364e-05
-7.72831e-06
5.38482e-05
-1.20946e-05
5.51421e-05
-3.78167e-06
6.39545e-05
-2.9753e-05
6.40247e-05
1.73519e-05
7.37898e-05
2.16014e-05
9.05617e-05
3.60541e-05
9.774e-05
4.74679e-05
7.18339e-05
0.000106327
8.42724e-05
0.00015365
5.03804e-05
0.000187437
6.15502e-05
0.000181528
5.15721e-05
0.000201017
3.70078e-05
0.000213608
1.60802e-05
0.000202821
4.84734e-05
3.99227e-05
-1.56308e-05
5.0902e-05
-4.44245e-05
5.88835e-05
-1.39724e-05
7.05989e-05
-1.94437e-05
8.06966e-05
-2.21924e-05
8.11498e-05
-4.23482e-06
6.20903e-05
-1.06935e-05
5.58625e-05
2.35797e-05
4.74934e-05
2.99705e-05
4.1138e-05
4.24096e-05
4.41852e-05
4.44207e-05
4.4193e-05
0.00010632
4.20299e-05
0.000155813
3.67534e-05
0.000192713
4.82664e-05
0.000170015
4.33569e-05
0.000205926
3.00195e-05
0.000226945
4.66354e-05
0.000186205
9.51088e-05
3.52945e-05
-2.33421e-05
3.12661e-05
-4.03961e-05
5.99314e-05
-4.26377e-05
6.4905e-05
-2.44173e-05
6.65933e-05
-2.38807e-05
6.41149e-05
-1.75642e-06
3.15918e-05
2.18296e-05
1.97819e-05
3.53896e-05
7.94252e-06
4.18098e-05
1.45812e-05
3.57709e-05
1.34054e-05
4.55964e-05
5.36961e-06
0.000114355
4.16645e-05
0.000119518
2.65446e-05
0.000207833
5.32658e-05
0.000143294
4.45886e-05
0.000214604
3.52099e-05
0.000236324
1.30118e-05
0.000208403
0.000108121
1.98741e-05
-2.68453e-05
2.87717e-05
-4.92937e-05
4.54497e-05
-5.93158e-05
4.77679e-05
-2.67355e-05
3.25091e-05
-8.62189e-06
2.47242e-05
6.02844e-06
-8.62734e-06
5.51812e-05
-6.03949e-06
3.28017e-05
2.33156e-08
3.5747e-05
4.91549e-06
3.08787e-05
5.21895e-06
4.5293e-05
1.33652e-05
0.000106209
4.03171e-06
0.000128852
2.30555e-05
0.00018881
1.27684e-05
0.000153581
1.69634e-05
0.000210409
1.48244e-05
0.000238463
1.01078e-05
0.000213119
0.000118228
2.06169e-05
-3.34349e-05
4.23483e-05
-7.10252e-05
1.66902e-05
-3.36576e-05
9.5279e-06
-1.95732e-05
3.65019e-07
5.4099e-07
-1.8205e-05
2.45984e-05
-8.17259e-06
4.51488e-05
-1.80067e-05
4.26358e-05
-3.71935e-05
5.49339e-05
-1.60039e-05
9.68909e-06
6.86817e-06
2.24209e-05
2.806e-05
8.50173e-05
-1.20688e-07
0.000157032
2.00419e-05
0.000168647
-8.19688e-06
0.000181819
6.91449e-06
0.000195297
2.42261e-05
0.000221151
1.74539e-05
0.000219892
0.000135682
1.34524e-05
-3.90974e-05
2.544e-05
-8.30129e-05
2.51222e-05
-3.33398e-05
2.76096e-05
-2.20606e-05
1.73657e-05
1.07849e-05
3.65579e-06
3.83083e-05
-2.98093e-05
7.86139e-05
-4.1802e-05
5.46285e-05
-3.5337e-05
4.84689e-05
-3.32581e-05
7.61023e-06
-3.73661e-05
2.6529e-05
-1.69067e-05
6.45579e-05
-1.59354e-05
0.000156061
-1.35267e-05
0.000166238
-6.66097e-07
0.000168959
8.35505e-06
0.000186276
2.54398e-05
0.000204066
6.47547e-06
0.000238856
0.000142158
2.28314e-05
5.78007e-06
2.01498e-05
2.9679e-05
4.38815e-05
2.76299e-05
-3.22489e-05
-6.81877e-05
-4.60204e-05
-6.53133e-05
-7.00664e-05
-9.16061e-05
-6.24299e-05
-3.57126e-05
-1.15505e-05
1.39965e-05
3.93954e-05
8.45437e-05
)
;

boundaryField
{
    leftWall
    {
        type            calculated;
        value           uniform 0;
    }
    rightWall
    {
        type            calculated;
        value           uniform 0;
    }
    lowerWall
    {
        type            calculated;
        value           uniform 0;
    }
    atmosphere
    {
        type            calculated;
        value           nonuniform List<scalar> 
46
(
0.000440152
-0.000129049
-0.00011846
-6.29863e-05
-5.27795e-05
-8.82359e-05
-9.74679e-05
-0.000117171
-0.000114095
-0.000136996
-0.000107928
-0.000100749
-8.92056e-05
-9.89163e-05
-7.3972e-05
-7.00434e-05
-6.68871e-05
-5.71961e-05
-4.75511e-05
-4.28262e-05
-3.71269e-05
-3.86914e-05
-3.47779e-05
-1.76055e-05
-1.95079e-05
-2.02218e-05
-2.08006e-05
-5.544e-05
-6.59615e-05
-4.77096e-05
-3.15898e-05
-3.41752e-06
5.45599e-05
0.000138493
9.05673e-05
2.63016e-05
2.69032e-05
3.12821e-05
8.60976e-05
0.000126885
0.000139521
0.000144797
0.000160729
0.000178668
0.000193708
0.000226701
)
;
    }
    defaultFaces
    {
        type            empty;
    }
}


// ************************************************************************* //
