/*--------------------------------*- C++ -*----------------------------------*\
| =========                 |                                                 |
| \\      /  F ield         | foam-extend: Open Source CFD                    |
|  \\    /   O peration     | Version:     4.1                                |
|   \\  /    A nd           | Web:         http://www.foam-extend.org         |
|    \\/     M anipulation  |                                                 |
\*---------------------------------------------------------------------------*/
FoamFile
{
    version     2.0;
    format      ascii;
    class       volVectorField;
    location    "0.65";
    object      U_0;
}
// * * * * * * * * * * * * * * * * * * * * * * * * * * * * * * * * * * * * * //

dimensions      [0 1 -1 0 0 0 0];

internalField   nonuniform List<vector> 
2268
(
(0.0175099 -0.00109115 0)
(-0.00323514 0.00337107 0)
(-0.0163656 0.00232583 0)
(-0.019076 -0.00178662 0)
(-0.0359065 0.00520336 0)
(-0.0620616 0.000587188 0)
(-0.0895278 -0.00055209 0)
(-0.0777973 -0.00213909 0)
(-0.072427 -0.00456489 0)
(-0.0486017 -0.00318031 0)
(-0.0277706 -0.00447463 0)
(-0.012253 -0.00369238 0)
(0.000841991 0.00218399 0)
(0.00971521 0.00621856 0)
(0.0216043 -0.0011661 0)
(0.0258299 0.000611079 0)
(0.035423 -0.00453365 0)
(0.0443352 0.000107025 0)
(0.0458591 -0.000349625 0)
(0.0463726 0.0021921 0)
(0.0389642 0.00596853 0)
(0.0236706 0.00217615 0)
(0.014474 0.00492666 0)
(0.0137709 -0.00202976 0)
(-0.00262594 0.00853017 0)
(-0.0092388 0.00448727 0)
(-0.0167441 -0.000612217 0)
(-0.0348566 0.00429561 0)
(-0.0636169 0.0136253 0)
(-0.0898687 0.00769125 0)
(-0.0780888 -0.00321448 0)
(-0.0645511 -0.00241235 0)
(-0.0279427 0.0100728 0)
(-0.0311712 -0.0126369 0)
(-0.0239468 -0.0123549 0)
(-0.0124868 -0.0094762 0)
(-0.0121563 -0.0177861 0)
(-0.0020918 -0.0118429 0)
(0.00501676 -0.00748447 0)
(0.016349 -0.0130879 0)
(0.0317768 -0.00493013 0)
(0.0361264 -0.00086455 0)
(0.0385872 0.00119263 0)
(0.0330212 0.00450625 0)
(0.0203826 0.00960019 0)
(0.00267893 0.0133411 0)
(0.00482498 -0.00358778 0)
(-0.00543721 0.00980378 0)
(-0.000316783 0.0067669 0)
(-0.0193861 0.00546062 0)
(-0.0331648 0.0169446 0)
(-0.0643116 0.0111211 0)
(-0.0970785 0.00650269 0)
(-0.0789856 -0.0177541 0)
(-0.0584094 0.00984189 0)
(-0.0332506 -0.0325736 0)
(-0.0320345 -0.0156424 0)
(-0.0227773 -0.0151214 0)
(-0.028467 -0.0168718 0)
(-0.0278018 -0.0155924 0)
(-0.0187217 -0.0152065 0)
(-0.0178659 -0.00689014 0)
(-0.00839093 -0.00881662 0)
(0.0102919 -0.00839221 0)
(0.0185875 -0.00860915 0)
(0.026639 0.00449616 0)
(0.027824 0.014435 0)
(0.0219212 0.0163248 0)
(0.00682498 0.0150022 0)
(-0.00194053 -0.00148457 0)
(-0.00563996 0.00949807 0)
(0.0100325 0.00973738 0)
(-0.0187352 0.0138894 0)
(-0.0316133 0.023698 0)
(-0.0683941 0.0116309 0)
(-0.10554 0.012784 0)
(-0.0781207 -0.000588576 0)
(-0.0688339 0.00132075 0)
(-0.0728391 -0.0408174 0)
(-0.0528669 -0.00474596 0)
(-0.0774305 -0.000914354 0)
(-0.0837883 -0.00424187 0)
(-0.0919932 0.00187035 0)
(-0.0875846 -0.00825643 0)
(-0.0826555 -0.005092 0)
(-0.0746942 -0.0268156 0)
(-0.0533529 -0.0183026 0)
(-0.0376299 -0.00365426 0)
(-0.00469356 -0.00366024 0)
(0.0117853 0.0062991 0)
(0.0169846 0.0200711 0)
(0.00681459 0.0283167 0)
(-0.002845 -0.000508935 0)
(0.000329558 0.00646558 0)
(0.016506 0.0112616 0)
(-0.0120363 0.0173308 0)
(-0.0232749 0.0290116 0)
(-0.0744964 0.0252587 0)
(-0.115595 0.0141183 0)
(-0.0973392 0.00169617 0)
(-0.116476 -0.0337568 0)
(-0.0935137 0.0160678 0)
(-0.0894155 -0.00978634 0)
(-0.101923 -0.00178447 0)
(-0.105761 -0.0119261 0)
(-0.111911 -0.0101303 0)
(-0.113058 -0.0232989 0)
(-0.126773 -0.0125556 0)
(-0.115913 -0.0218416 0)
(-0.0953094 -0.0238762 0)
(-0.0929947 -0.0335973 0)
(-0.0642794 -0.017046 0)
(-0.0254302 0.0043116 0)
(0.0128193 0.0185692 0)
(0.00958619 0.0241929 0)
(0.00433702 -0.000329577 0)
(0.0140473 0.00440289 0)
(0.0259539 0.0127178 0)
(-0.00726564 0.0278566 0)
(-0.0266353 0.0326275 0)
(-0.0905123 0.0347192 0)
(-0.131538 0.0184804 0)
(-0.115662 0.00806312 0)
(-0.118398 0.0133914 0)
(-0.109676 0.0236525 0)
(-0.125853 0.000133809 0)
(-0.136783 0.00530377 0)
(-0.139265 -0.00484338 0)
(-0.146052 -0.00303751 0)
(-0.136138 -0.0106133 0)
(-0.13286 -0.00140592 0)
(-0.135457 -0.0445778 0)
(-0.124266 -0.0311407 0)
(-0.112556 -0.0667329 0)
(-0.0922692 -0.0380967 0)
(-0.0892276 -0.0310961 0)
(-0.0133562 0.00317117 0)
(0.00657922 0.0418427 0)
(0.0113135 -0.00485764 0)
(0.0209519 0.00142415 0)
(0.0274995 0.0169785 0)
(-0.00636796 0.0356499 0)
(-0.0258133 0.0433934 0)
(-0.0971872 0.0506867 0)
(-0.148959 0.0329112 0)
(-0.145452 -0.0120721 0)
(-0.15466 0.0171677 0)
(-0.144078 0.0213171 0)
(-0.144959 0.00390729 0)
(-0.149996 0.00422995 0)
(-0.141617 -0.0051857 0)
(-0.146933 -0.0113366 0)
(-0.138685 -0.0224012 0)
(-0.156814 -0.0164336 0)
(-0.146833 -0.0938157 0)
(-0.123834 -0.0318138 0)
(-0.121713 -0.0652417 0)
(-0.102905 -0.0224464 0)
(-0.0968278 -0.0564957 0)
(-0.0113589 -0.00236194 0)
(0.0142149 0.0189522 0)
(0.00983515 -0.00831935 0)
(0.0178415 -0.00021268 0)
(0.0226856 0.0185394 0)
(-0.0110067 0.0413019 0)
(-0.0296212 0.054233 0)
(-0.0979676 0.0624902 0)
(-0.182365 0.0626892 0)
(-0.177514 0.0233388 0)
(-0.154271 0.0166081 0)
(-0.167265 0.0149311 0)
(-0.166657 0.00439236 0)
(-0.159804 0.00328265 0)
(-0.154783 -0.00568865 0)
(-0.162237 -0.00656705 0)
(-0.144359 -0.0249812 0)
(-0.17029 0.00813971 0)
(-0.149874 -0.075711 0)
(-0.107856 -0.0445968 0)
(-0.113141 -0.0876095 0)
(-0.101958 -0.0589251 0)
(-0.111324 -0.0751658 0)
(-0.0249287 -0.0545245 0)
(-0.00519158 0.0473049 0)
(-0.758265 0.249331 0)
(-1.12024 0.0206067 0)
(-1.27521 -0.0376432 0)
(-1.27817 -0.077216 0)
(-1.17372 -0.0793368 0)
(-1.12792 -0.068985 0)
(-1.12559 -0.043596 0)
(-1.1917 0.00812253 0)
(-1.23647 -0.0352676 0)
(-1.26782 -0.0583299 0)
(-1.31103 -0.0318429 0)
(-1.24465 -0.101098 0)
(-1.10989 -0.033197 0)
(-1.06731 -0.0162094 0)
(-1.00729 -0.164184 0)
(-0.974727 -0.00592805 0)
(-0.392943 -0.1201 0)
(-0.133832 -0.239 0)
(0.0431856 -0.0387624 0)
(-0.675977 0.525801 0)
(-0.951843 0.186063 0)
(-1.06464 0.122648 0)
(-1.02314 0.00520282 0)
(-0.991248 -0.01939 0)
(-0.931697 0.0360127 0)
(-0.990774 0.113127 0)
(-1.09409 0.0938552 0)
(-1.1268 0.0553157 0)
(-1.16056 0.0780967 0)
(-1.23018 0.0589197 0)
(-1.1953 -0.0872097 0)
(-1.04667 -0.0404919 0)
(-1.04357 -0.0954752 0)
(-0.977939 -0.26519 0)
(-0.786514 -0.139665 0)
(-0.756759 -0.0425651 0)
(-0.270705 -0.117407 0)
(0.0513888 0.00194666 0)
(-0.722381 0.867447 0)
(-0.750548 0.240675 0)
(-0.760851 0.0662567 0)
(-0.828547 -0.0825595 0)
(-0.583012 -0.0700594 0)
(-0.491265 -0.0653406 0)
(-0.632982 -0.0304168 0)
(-0.962593 0.0126206 0)
(-1.01639 0.0818352 0)
(-1.08586 -0.0359987 0)
(-1.25385 -0.0392399 0)
(-1.106 -0.0668265 0)
(-0.849562 -0.250531 0)
(-0.930322 -0.390741 0)
(-0.925182 -0.231145 0)
(-0.686829 -0.196227 0)
(-0.634087 -0.132536 0)
(-0.486983 -0.243344 0)
(-0.226054 -0.0940933 0)
(-0.655037 0.921473 0)
(-0.583586 0.452355 0)
(-0.908954 0.0536346 0)
(-0.797329 -0.0430796 0)
(-0.476444 -0.146179 0)
(-0.336497 0.0394763 0)
(-0.349966 0.0150068 0)
(-0.792917 0.199614 0)
(-0.84511 0.3874 0)
(-0.864454 0.136615 0)
(-0.87473 -0.310877 0)
(-0.926719 0.126231 0)
(-0.106789 -0.149367 0)
(-0.62963 -0.405775 0)
(-0.942877 -0.212036 0)
(-0.726839 -0.0822913 0)
(-0.654805 -0.153405 0)
(-0.558031 -0.271275 0)
(-0.458057 -0.291315 0)
(-0.636594 1.05919 0)
(-0.312968 0.60851 0)
(-0.783463 -0.0894559 0)
(-0.710418 0.0333035 0)
(-0.434734 -0.268297 0)
(-0.269769 -0.157248 0)
(-0.0904947 0.146051 0)
(-0.276658 0.185591 0)
(-0.325895 0.103299 0)
(-0.257574 0.188538 0)
(0.227422 -0.257681 0)
(0.238606 -0.288465 0)
(0.422595 -0.393564 0)
(-0.100808 -0.202124 0)
(-0.718881 0.00653695 0)
(-0.621327 -0.0228646 0)
(-0.648981 -0.201172 0)
(-0.497598 -0.333456 0)
(-0.325482 -0.547605 0)
(-0.574888 1.1429 0)
(-0.107098 0.717298 0)
(-0.737086 0.132303 0)
(-0.492722 -0.273992 0)
(-0.182701 -0.328793 0)
(-0.186475 -0.12722 0)
(-0.0193978 0.104383 0)
(0.282592 0.161639 0)
(0.276039 0.24141 0)
(0.427437 0.0846966 0)
(0.530098 -0.127804 0)
(0.415164 -0.171623 0)
(0.489356 -0.277249 0)
(0.0687648 -0.0932396 0)
(-0.649105 0.161579 0)
(-0.571538 -0.12372 0)
(-0.566729 -0.208668 0)
(-0.52142 -0.410733 0)
(-0.162911 -0.631116 0)
(-0.516153 1.18281 0)
(0.11876 0.898075 0)
(-0.542107 0.0998719 0)
(-0.326026 -0.369537 0)
(0.00428824 -0.420114 0)
(-0.0765026 -0.319427 0)
(-0.115433 0.0466405 0)
(0.265532 0.127243 0)
(0.460597 0.138246 0)
(0.561875 -0.0953078 0)
(0.551246 -0.242546 0)
(0.405211 -0.2278 0)
(0.428497 -0.178235 0)
(-0.200283 0.160161 0)
(-0.607431 0.369461 0)
(-0.623912 0.0391019 0)
(-0.548538 -0.227922 0)
(-0.26205 -0.649043 0)
(-0.00706726 -0.702402 0)
(-0.478749 1.27934 0)
(0.461479 0.827388 0)
(-0.170437 0.19823 0)
(-0.0183438 -0.34907 0)
(0.104927 -0.410731 0)
(-0.00600482 -0.419313 0)
(0.0764164 -0.0338388 0)
(0.248966 0.0633212 0)
(0.385266 -0.00348858 0)
(0.367031 -0.161419 0)
(0.478609 -0.258449 0)
(0.364588 -0.13119 0)
(0.335183 0.0880008 0)
(-0.253137 0.180466 0)
(-0.533801 0.318685 0)
(-0.198037 0.0880644 0)
(-0.479801 -0.344698 0)
(-0.00986808 -0.70353 0)
(0.138533 -0.71112 0)
(-0.0108264 -0.0114374 0)
(-0.010942 -0.00163627 0)
(-0.0148854 0.029392 0)
(-0.0815633 0.0620757 0)
(-0.127243 0.0999715 0)
(-0.167009 0.0622294 0)
(-0.201746 0.0622113 0)
(-0.197926 0.049652 0)
(-0.195886 0.00799124 0)
(-0.182217 0.00142286 0)
(-0.164004 -0.00149588 0)
(-0.158637 -0.00535741 0)
(-0.146456 -0.00465898 0)
(-0.151911 -0.00688993 0)
(-0.121161 0.012905 0)
(-0.190705 -0.029004 0)
(-0.177623 -0.0307427 0)
(-0.116944 -0.0401101 0)
(-0.12687 -0.068201 0)
(-0.0817396 -0.090537 0)
(-0.0860507 -0.103186 0)
(0.00158006 -0.0364107 0)
(0.0262855 -0.0239809 0)
(-0.0595733 0.00722803 0)
(-0.0961302 0.00715906 0)
(-0.156894 0.116982 0)
(-0.56476 0.108067 0)
(-0.66109 0.213726 0)
(-0.380111 0.143184 0)
(-0.303643 0.086551 0)
(-0.258682 0.0192231 0)
(-0.217013 0.00818117 0)
(-0.181848 -0.0105703 0)
(-0.15571 -0.0162135 0)
(-0.135828 -0.0117132 0)
(-0.126857 -0.0234429 0)
(-0.0986312 -0.0251554 0)
(-0.125001 -0.0107417 0)
(-0.180912 -0.0847691 0)
(-0.102149 -0.0138639 0)
(-0.110903 -0.0929272 0)
(-0.135411 -0.0550537 0)
(-0.108656 -0.110655 0)
(-0.0467719 -0.104857 0)
(-0.0593375 -0.152163 0)
(0.00113483 -0.148932 0)
(-0.126546 0.0653303 0)
(-0.153566 0.115381 0)
(-0.503188 0.305787 0)
(-0.68642 0.286513 0)
(-0.424899 0.269759 0)
(-0.612249 0.18016 0)
(-0.639196 -0.00968998 0)
(-0.34927 -0.0435104 0)
(-0.27376 -0.0671344 0)
(-0.268253 -0.0633748 0)
(-0.208473 -0.047719 0)
(-0.165113 -0.0361774 0)
(-0.148216 -0.0263269 0)
(-0.140219 -0.0157563 0)
(-0.154998 -0.0515306 0)
(-0.172016 -0.0432281 0)
(-0.141054 -0.0490003 0)
(-0.12377 -0.117542 0)
(-0.121495 -0.0713618 0)
(-0.138968 -0.12444 0)
(-0.168455 -0.135916 0)
(-0.0835854 -0.218198 0)
(-0.0309445 -0.222686 0)
(-0.248014 0.347809 0)
(-0.248545 0.427971 0)
(-0.498764 0.503855 0)
(-0.572549 0.202684 0)
(-0.597989 -0.0637458 0)
(-0.563675 -0.191878 0)
(-0.509379 -0.0793702 0)
(-0.483983 0.126446 0)
(-0.431692 -0.189883 0)
(-0.505615 -0.212233 0)
(-0.489806 -0.121061 0)
(-0.468894 -0.0802707 0)
(-0.423273 -0.0458992 0)
(-0.354584 -0.0110959 0)
(-0.532697 -0.0226218 0)
(-0.586462 -0.0922528 0)
(-0.486951 -0.0670214 0)
(-0.347537 -0.0102559 0)
(-0.295779 -0.0383877 0)
(-0.302814 -0.0729606 0)
(-0.228752 -0.140844 0)
(-0.178576 -0.132197 0)
(-0.122831 -0.230781 0)
(-0.136891 0.518184 0)
(0.0129316 0.739442 0)
(-0.256565 0.704579 0)
(-0.412119 0.694606 0)
(-0.365146 0.19293 0)
(-0.50914 -0.0402812 0)
(-0.563061 -0.241568 0)
(-0.573754 -0.0995839 0)
(-0.45925 -0.0761878 0)
(-0.608887 -0.324717 0)
(-0.662251 -0.0764847 0)
(-0.659881 -0.0300344 0)
(-0.654176 0.276436 0)
(-0.514266 0.0443983 0)
(-0.493876 -0.272416 0)
(-0.773669 -0.272023 0)
(-0.610801 -0.137312 0)
(-0.485943 0.0856428 0)
(-0.548277 -0.116125 0)
(-0.494457 -0.197047 0)
(-0.573426 -0.274548 0)
(-0.464474 -0.316916 0)
(-0.43437 -0.215241 0)
(-0.0765384 0.538765 0)
(-0.0344933 0.707777 0)
(0.0410532 0.476709 0)
(0.0652773 0.659573 0)
(-0.285482 0.38656 0)
(-0.31467 0.131337 0)
(-0.454858 0.0105209 0)
(-0.598423 -0.0805554 0)
(-0.608631 -0.0661058 0)
(-0.671343 -0.194095 0)
(-0.722019 -0.137319 0)
(-0.735569 -0.185598 0)
(-0.708891 -0.0739668 0)
(-0.533251 -0.11248 0)
(-0.86702 -0.103988 0)
(-0.816032 -0.281354 0)
(-0.631364 0.23103 0)
(-0.473588 0.00616877 0)
(-0.43178 -0.105763 0)
(-0.190672 -0.316617 0)
(-0.116147 -0.611295 0)
(-0.189787 0.227335 0)
(-0.43501 -0.274072 0)
(0.0648974 0.577615 0)
(-0.0600632 0.514333 0)
(-0.126459 0.475856 0)
(0.0233455 0.437068 0)
(0.00665417 0.345248 0)
(-0.0428677 0.341626 0)
(-0.374431 0.190572 0)
(-0.423686 0.190908 0)
(-0.497947 -0.0223474 0)
(-0.633241 -0.105521 0)
(-0.70853 0.00759675 0)
(-0.848327 -0.0466182 0)
(-0.952582 -0.00981376 0)
(-1.02018 -0.165703 0)
(-1.08206 -0.304998 0)
(-1.13418 -0.137962 0)
(-0.981392 -0.323811 0)
(-0.764442 -0.246918 0)
(-0.555399 -0.633112 0)
(-0.430358 -0.261707 0)
(-0.0146413 -0.495951 0)
(0.490577 -0.333845 0)
(0.607397 0.23125 0)
(0.0111116 0.557048 0)
(-0.0339021 0.379601 0)
(-0.0316484 0.42033 0)
(0.0270875 0.448366 0)
(-0.00162623 0.421432 0)
(-0.0689506 0.327995 0)
(-0.190167 0.233802 0)
(-0.41567 0.288087 0)
(-0.648009 0.172665 0)
(-0.597912 0.204095 0)
(-0.650533 0.182451 0)
(-0.798068 0.132635 0)
(-0.888702 0.210956 0)
(-1.2 -0.0682243 0)
(-1.24399 -0.237997 0)
(-1.25813 -0.166426 0)
(-1.26813 -0.360914 0)
(-1.35617 -0.677065 0)
(-1.1915 -0.846853 0)
(-1.12024 -0.791957 0)
(-1.45658 -1.26047 0)
(-0.952155 -0.84474 0)
(-0.490078 0.758614 0)
(-0.0134493 0.584125 0)
(-0.0529496 0.474823 0)
(-0.0750662 0.416284 0)
(0.00241305 0.439846 0)
(-0.0753198 0.459261 0)
(-0.141806 0.405968 0)
(-0.228068 0.365843 0)
(-0.370461 0.476151 0)
(-0.479604 0.382516 0)
(-0.579838 0.395013 0)
(-0.680491 0.1612 0)
(-0.624075 0.152938 0)
(-1.05364 0.28993 0)
(-1.44236 0.24865 0)
(-1.1148 0.0466442 0)
(-1.04656 -0.0464955 0)
(-1.46627 -0.0820802 0)
(-1.5949 -0.508053 0)
(-1.73818 -0.491109 0)
(-2.76182 -0.873035 0)
(-2.80051 -1.11466 0)
(-2.3189 -0.950228 0)
(-3.52921 -0.400895 0)
(-0.0199015 0.591674 0)
(-0.041048 0.497338 0)
(-0.0644041 0.376473 0)
(-0.0126587 0.368969 0)
(-0.102587 0.50098 0)
(-0.151 0.540607 0)
(-0.141623 0.465759 0)
(-0.364212 0.491614 0)
(-0.507453 0.559336 0)
(-0.700953 0.354569 0)
(-0.812318 0.349575 0)
(-0.630788 0.436249 0)
(-0.872643 0.259614 0)
(-1.23921 0.341453 0)
(-1.3586 0.36056 0)
(-1.33765 0.281929 0)
(-2.02429 0.207802 0)
(-2.31455 0.260463 0)
(-2.65596 -0.289766 0)
(-3.63115 -0.491622 0)
(-3.96867 -0.467147 0)
(-4.28338 -0.324072 0)
(-4.67095 -0.195843 0)
(-0.0248554 0.618038 0)
(-0.085404 0.544043 0)
(-0.173132 0.398934 0)
(-0.0245326 0.46077 0)
(-0.0340704 0.562745 0)
(-0.223635 0.609707 0)
(-0.24805 0.574617 0)
(-0.239569 0.540357 0)
(-0.492065 0.60778 0)
(-0.633224 0.496653 0)
(-0.655435 0.746358 0)
(-0.862215 0.61341 0)
(-1.02912 0.498904 0)
(-1.16553 0.448807 0)
(-1.11684 0.424211 0)
(-1.11259 0.5395 0)
(-1.50364 0.443076 0)
(-2.01357 0.988703 0)
(-2.69323 0.639649 0)
(-2.9908 0.493048 0)
(-2.75258 0.30547 0)
(-2.83237 -0.282055 0)
(-3.19722 -0.364421 0)
(0.0121228 0.649234 0)
(-0.0680698 0.567227 0)
(-0.0737461 0.441272 0)
(-0.0578357 0.682344 0)
(-0.0965545 0.589453 0)
(-0.184078 0.653389 0)
(-0.227704 0.664805 0)
(-0.311649 0.60117 0)
(-0.475961 0.563579 0)
(-0.426703 0.543027 0)
(-0.693013 0.610424 0)
(-0.802689 0.417705 0)
(-0.870865 0.548765 0)
(-1.22446 0.446317 0)
(-1.19625 0.539592 0)
(-1.15857 0.563281 0)
(-1.39412 0.545731 0)
(-1.73085 0.602946 0)
(-2.05158 0.725424 0)
(-2.06394 0.776961 0)
(-2.35654 0.7068 0)
(-2.11726 -0.0249023 0)
(-1.9969 0.144426 0)
(0.0071172 0.66385 0)
(-0.0580819 0.576927 0)
(-0.0694511 0.4365 0)
(-0.124963 0.63457 0)
(-0.149691 0.696604 0)
(-0.217643 0.74251 0)
(-0.260388 0.77183 0)
(-0.391529 0.80144 0)
(-0.534229 0.785867 0)
(-0.448652 0.676199 0)
(-0.732502 0.62811 0)
(-0.78245 0.644817 0)
(-0.990334 0.74985 0)
(-1.17897 0.783029 0)
(-0.989581 1.04777 0)
(-1.11762 0.866739 0)
(-1.5201 0.873553 0)
(-1.67759 0.730983 0)
(-1.58211 0.514276 0)
(-1.54551 0.386925 0)
(-1.48995 -0.508597 0)
(-1.12996 -0.62854 0)
(-1.34128 -0.495086 0)
(0.000737951 0.700041 0)
(-0.0588077 0.641234 0)
(-0.0708605 0.504299 0)
(-0.106874 0.833017 0)
(-0.159541 0.651899 0)
(-0.196642 0.757039 0)
(-0.188535 0.791694 0)
(-0.215457 0.825021 0)
(-0.418188 0.92011 0)
(-0.547759 1.02789 0)
(-0.617171 1.04312 0)
(-0.676748 1.10981 0)
(-0.772013 1.00562 0)
(-0.663014 1.289 0)
(-1.05924 1.34348 0)
(-1.28543 1.02159 0)
(-1.35645 0.989992 0)
(-1.47897 0.916443 0)
(-1.19806 0.883294 0)
(-1.41976 -0.100797 0)
(-1.64665 -0.194707 0)
(-1.25078 -0.370814 0)
(-1.22402 -0.422687 0)
(0.029806 0.723581 0)
(-0.0684155 0.654128 0)
(0.0507558 0.470711 0)
(-0.269019 0.77281 0)
(-0.298 0.889755 0)
(-0.0995744 0.816566 0)
(-0.179828 0.838029 0)
(-0.234894 0.770738 0)
(-0.288237 0.796006 0)
(-0.372069 0.910296 0)
(-0.576586 0.905145 0)
(-0.688453 0.956763 0)
(-0.665245 0.890922 0)
(-0.586202 1.11738 0)
(-1.0892 1.00586 0)
(-1.2098 0.941408 0)
(-1.19812 0.982369 0)
(-1.29044 0.854163 0)
(-1.42825 0.67446 0)
(-1.15767 -0.0407307 0)
(-1.1686 -0.121233 0)
(-1.18256 -0.178153 0)
(-1.17877 -0.208882 0)
(0.00981694 0.74624 0)
(-0.130217 0.683751 0)
(-0.0439995 0.60403 0)
(0.0521225 0.690923 0)
(-0.1568 0.852576 0)
(-0.24145 0.843081 0)
(-0.233105 0.882086 0)
(-0.280003 0.889159 0)
(-0.288561 0.906594 0)
(-0.441245 0.911936 0)
(-0.536269 0.90698 0)
(-0.651977 1.26079 0)
(-0.487107 1.33976 0)
(-0.63708 1.16028 0)
(-0.95835 1.01128 0)
(-1.02161 1.19651 0)
(-1.01194 1.20883 0)
(-1.13123 0.795623 0)
(-1.02402 0.717894 0)
(-0.806137 0.392729 0)
(-0.734355 -0.0694432 0)
(-0.822113 -0.16414 0)
(-1.0193 -0.140062 0)
(0.0108781 0.823613 0)
(-0.074639 0.707623 0)
(-0.13431 1.00852 0)
(-0.240199 0.697866 0)
(-0.197641 0.764061 0)
(-0.0927658 0.848403 0)
(-0.10366 0.773164 0)
(-0.203424 0.970952 0)
(-0.31695 1.01683 0)
(-0.45107 1.06249 0)
(-0.0942833 1.09329 0)
(-0.105713 1.36241 0)
(-0.589348 1.52119 0)
(-0.709735 1.47781 0)
(-0.609907 1.71057 0)
(-0.952562 1.6494 0)
(-1.38811 1.50777 0)
(-1.04652 0.904348 0)
(-0.700358 0.617626 0)
(-0.29387 -0.0564667 0)
(-0.141849 -0.238315 0)
(-0.193838 0.112206 0)
(-0.560332 0.625738 0)
(-0.0523738 0.833092 0)
(0.0877025 0.743117 0)
(-0.254418 0.846639 0)
(-0.258396 1.08609 0)
(-0.0659763 1.29072 0)
(-0.233363 0.859066 0)
(-0.148637 0.995177 0)
(0.0203484 0.952535 0)
(-0.204849 1.05559 0)
(-0.331855 1.10779 0)
(-0.187055 1.63198 0)
(-0.233635 0.98797 0)
(-0.344977 1.64909 0)
(-0.312896 1.40979 0)
(-0.567459 1.68443 0)
(-1.08546 1.40732 0)
(-1.47377 1.57674 0)
(-1.34531 0.906088 0)
(-1.18961 0.156155 0)
(-1.13968 0.061182 0)
(-1.19579 0.0200956 0)
(-1.19397 0.172283 0)
(-1.12803 0.683018 0)
(-0.041683 0.822134 0)
(0.0531115 0.764592 0)
(0.0727706 0.67657 0)
(0.0650872 1.04996 0)
(-0.412996 1.09574 0)
(-0.212406 0.996423 0)
(0.0538738 1.49461 0)
(-0.0716399 1.05203 0)
(-0.144084 1.10692 0)
(0.099867 1.06529 0)
(-0.317266 1.39603 0)
(-0.130781 1.09875 0)
(0.0315903 1.5342 0)
(-0.513632 1.33607 0)
(-0.620222 1.59699 0)
(-0.99038 1.56689 0)
(-1.36509 1.66709 0)
(-1.47088 0.543373 0)
(-1.47844 0.123691 0)
(-1.53491 -0.0179468 0)
(-1.55895 -0.0963205 0)
(-1.52498 -0.0453476 0)
(-1.33441 0.650647 0)
(-0.0492595 0.818327 0)
(0.0285433 0.725744 0)
(-0.0337878 0.685742 0)
(0.0343457 0.757666 0)
(-0.150392 0.843622 0)
(0.167717 1.08772 0)
(-0.045995 1.11802 0)
(-0.19829 1.00449 0)
(-0.124321 1.07012 0)
(0.0130354 1.10072 0)
(-0.0856451 0.961973 0)
(-0.0238285 1.48766 0)
(-0.0428312 1.20205 0)
(-0.228176 1.38232 0)
(-0.38019 1.76308 0)
(-0.536646 2.11392 0)
(-0.620805 2.10458 0)
(-1.23027 0.900498 0)
(-1.03302 0.344759 0)
(-1.69066 0.0577407 0)
(-2.01083 0.0364977 0)
(-1.95948 -0.00960091 0)
(-1.40835 0.686698 0)
(-0.0627392 0.827274 0)
(0.0195901 0.709993 0)
(-0.0177828 0.688505 0)
(0.0276563 0.85042 0)
(-0.136643 0.869932 0)
(-0.0529113 0.892475 0)
(-0.0447957 0.737266 0)
(-0.0278616 0.941543 0)
(-0.0342767 0.987169 0)
(0.0615022 1.10677 0)
(-0.0357655 1.0987 0)
(0.0260481 1.39449 0)
(0.0357993 1.31989 0)
(-0.0885931 1.51517 0)
(-0.0306164 1.63406 0)
(-0.0471548 2.12305 0)
(0.199829 2.31161 0)
(-0.55747 1.39511 0)
(-1.03391 0.190302 0)
(-1.28456 -0.280742 0)
(-1.70486 0.252003 0)
(-1.71514 0.515395 0)
(-1.76065 0.459772 0)
(-0.0551548 0.853571 0)
(0.021293 0.714889 0)
(-0.0306854 0.693318 0)
(0.0240086 0.876886 0)
(-0.0722137 0.905172 0)
(0.0161912 1.08823 0)
(-0.0593973 0.897946 0)
(0.00969517 0.973732 0)
(0.0840116 0.974465 0)
(0.160894 1.04848 0)
(0.0298783 1.08084 0)
(0.118611 1.32507 0)
(0.0835831 1.30039 0)
(0.0554217 1.50911 0)
(0.284102 1.55948 0)
(0.298563 1.89403 0)
(0.809099 2.1829 0)
(0.737163 2.02769 0)
(-0.0215571 1.0667 0)
(-0.793941 0.564912 0)
(-1.08696 0.273722 0)
(-1.19226 0.386401 0)
(-1.3359 0.711078 0)
(-0.040214 0.847342 0)
(0.0280416 0.699178 0)
(-0.0203118 0.684429 0)
(0.0344001 0.874617 0)
(0.136643 0.837761 0)
(0.0365904 0.887861 0)
(-0.161058 0.825779 0)
(0.0333303 0.80128 0)
(0.0935644 0.957022 0)
(0.201957 1.02446 0)
(0.118646 1.1119 0)
(0.170403 1.48311 0)
(0.201994 1.29194 0)
(0.175868 1.46071 0)
(0.4084 1.53573 0)
(0.563252 1.86038 0)
(0.946746 1.99044 0)
(1.38522 1.85407 0)
(1.34171 1.36419 0)
(0.737103 0.49451 0)
(0.560637 0.347919 0)
(-0.140382 0.724011 0)
(-0.748009 0.341571 0)
(-0.00685845 0.876607 0)
(0.046578 0.715324 0)
(-0.00688854 0.6967 0)
(0.000767785 0.842313 0)
(0.0241764 0.833454 0)
(0.10417 0.635232 0)
(-0.139381 0.818962 0)
(0.0735924 0.879266 0)
(0.274446 1.02175 0)
(0.307345 1.01463 0)
(0.420982 1.00496 0)
(0.246736 1.32252 0)
(0.106369 1.17355 0)
(0.280734 1.38218 0)
(0.705365 1.55685 0)
(0.729366 1.62551 0)
(0.869865 1.69937 0)
(1.29131 1.79234 0)
(1.45768 1.51381 0)
(1.29064 0.855955 0)
(1.78346 1.05706 0)
(1.5139 0.868653 0)
(0.0597005 0.711926 0)
(0.00540174 0.776497 0)
(0.0454473 0.698324 0)
(-0.0208037 0.694383 0)
(0.0206735 0.826962 0)
(0.0900201 0.756662 0)
(0.108708 0.789498 0)
(0.0113241 0.849372 0)
(0.215417 1.11365 0)
(0.174286 1.0303 0)
(0.214273 0.977382 0)
(0.338951 0.856294 0)
(0.274108 0.899647 0)
(0.266728 1.13402 0)
(0.61261 1.30519 0)
(0.703938 1.38935 0)
(0.696019 1.26331 0)
(0.902812 1.44337 0)
(1.26139 1.35331 0)
(1.35539 1.47993 0)
(1.58643 1.43621 0)
(2.33087 1.59601 0)
(2.4875 1.15699 0)
(1.38398 1.26151 0)
(0.134313 0.924027 0)
(0.172376 0.795725 0)
(0.0323498 0.742938 0)
(-0.0736083 0.723574 0)
(0.0818626 0.835919 0)
(0.252875 0.835693 0)
(0.0803735 0.728956 0)
(0.262348 1.13736 0)
(0.225339 0.946053 0)
(0.126079 1.05059 0)
(0.353294 0.975504 0)
(0.444739 0.942916 0)
(0.375393 1.06266 0)
(0.524551 1.24038 0)
(0.607436 1.12118 0)
(0.961952 1.14901 0)
(0.952721 1.30933 0)
(1.2593 1.3701 0)
(1.63188 1.38562 0)
(1.65873 1.44956 0)
(1.90674 1.35485 0)
(2.51573 1.16704 0)
(2.18682 0.497714 0)
(-0.0718778 1.44541 0)
(0.0548823 0.757637 0)
(-0.117868 0.892778 0)
(-0.0094163 0.85266 0)
(0.267427 1.27761 0)
(0.147757 0.782501 0)
(0.337188 0.805309 0)
(0.369784 1.05429 0)
(0.126567 0.915351 0)
(0.203606 1.05334 0)
(0.184196 1.31019 0)
(0.328649 1.02429 0)
(0.561843 1.12781 0)
(0.583849 1.1774 0)
(0.569182 1.47226 0)
(0.981674 1.4757 0)
(1.19358 1.36007 0)
(1.34248 1.46496 0)
(1.37754 1.30917 0)
(1.51007 1.15564 0)
(2.03773 1.28628 0)
(2.03478 1.05349 0)
(2.27593 0.64713 0)
(-0.36294 1.05892 0)
(-0.0971727 0.864951 0)
(0.0932779 0.864647 0)
(0.231142 1.0839 0)
(-0.0570201 1.05653 0)
(-0.0494168 0.894233 0)
(0.381794 1.04636 0)
(0.331555 0.7809 0)
(0.236648 0.841682 0)
(0.300124 0.997899 0)
(0.304602 1.32824 0)
(0.446775 1.3155 0)
(0.545605 1.21177 0)
(0.769459 1.26717 0)
(0.855769 1.51443 0)
(0.847744 1.50546 0)
(1.04627 1.30061 0)
(1.25329 1.33913 0)
(1.36636 1.1345 0)
(1.76386 0.931528 0)
(1.96805 0.904197 0)
(1.94966 0.343005 0)
(2.14281 0.564093 0)
(-0.145836 0.89611 0)
(0.0193546 1.0525 0)
(-0.0278755 0.780205 0)
(0.0957955 0.9093 0)
(0.0947187 0.634143 0)
(0.122262 1.04884 0)
(0.178119 0.907764 0)
(0.149324 0.745502 0)
(0.280262 0.945111 0)
(0.575843 0.935746 0)
(0.367122 1.06948 0)
(0.329053 1.37638 0)
(0.576641 1.17445 0)
(0.935529 1.13332 0)
(0.74036 1.19617 0)
(0.787939 1.28977 0)
(0.930142 1.06629 0)
(1.092 1.01149 0)
(1.21171 1.07415 0)
(1.57473 0.845559 0)
(1.41117 0.560134 0)
(1.65897 0.0859858 0)
(2.48275 0.217366 0)
(-0.132662 0.964109 0)
(-0.0290762 0.908802 0)
(0.00810432 0.693467 0)
(-0.0515439 1.00278 0)
(0.0463233 0.810601 0)
(0.263191 0.955406 0)
(0.100658 0.999881 0)
(0.319432 0.911689 0)
(0.388541 1.10631 0)
(0.426215 0.986434 0)
(0.709019 0.900857 0)
(0.684993 1.03579 0)
(0.461458 1.04711 0)
(0.695257 0.971852 0)
(0.916483 0.811625 0)
(0.938284 0.878236 0)
(0.881425 0.683679 0)
(1.11376 0.83066 0)
(1.14199 0.749422 0)
(1.29952 0.594141 0)
(1.26557 0.407906 0)
(1.61512 0.5502 0)
(2.37885 0.0407569 0)
(-0.0663785 1.00065 0)
(-0.12429 0.938141 0)
(0.058708 0.807152 0)
(0.266547 0.949919 0)
(0.167785 1.15408 0)
(0.225685 1.01084 0)
(0.209785 1.06694 0)
(0.284572 1.11152 0)
(0.294865 1.04153 0)
(0.398833 0.989766 0)
(0.481337 1.05311 0)
(0.505987 0.696768 0)
(0.602648 0.694768 0)
(0.707068 0.919471 0)
(0.798918 0.842837 0)
(0.840101 0.51278 0)
(1.11196 0.574173 0)
(1.13934 0.805938 0)
(0.846403 0.596409 0)
(1.06048 0.61268 0)
(1.40439 0.428703 0)
(1.43922 0.5471 0)
(1.74198 0.291851 0)
(0.0231772 0.996186 0)
(0.0382059 0.905563 0)
(0.0710027 1.06075 0)
(0.165382 0.885766 0)
(0.140307 0.981524 0)
(0.175498 0.911698 0)
(0.196962 0.924123 0)
(0.278533 0.897516 0)
(0.283596 0.853936 0)
(0.432106 0.871014 0)
(0.336181 0.868681 0)
(0.253978 0.789949 0)
(0.658573 0.790139 0)
(0.759624 0.708633 0)
(0.56429 0.718883 0)
(0.82598 0.551007 0)
(1.39276 0.627701 0)
(1.26434 0.420797 0)
(0.993742 0.426728 0)
(1.05494 0.484868 0)
(1.20828 0.352636 0)
(1.36971 0.24196 0)
(1.60131 0.329702 0)
(0.0741805 0.985732 0)
(0.0905973 0.883742 0)
(0.112854 0.928329 0)
(0.157559 0.872543 0)
(0.150075 0.865771 0)
(0.203776 0.876358 0)
(0.202459 0.880385 0)
(0.262687 0.870331 0)
(0.261253 0.821855 0)
(0.357878 0.859684 0)
(0.413139 0.713214 0)
(0.4165 0.794481 0)
(0.507512 0.846566 0)
(0.551897 0.47635 0)
(0.562512 0.646492 0)
(0.690656 0.639913 0)
(1.11854 0.526441 0)
(1.03569 0.298564 0)
(1.01985 0.408986 0)
(1.07661 0.282507 0)
(1.20124 0.195645 0)
(1.29906 0.130473 0)
(1.5044 -0.146188 0)
(0.0859889 0.817587 0)
(0.101226 0.812458 0)
(0.106288 0.832893 0)
(0.145351 0.821264 0)
(0.137264 0.841885 0)
(0.177544 0.827484 0)
(0.182359 0.804836 0)
(0.237796 0.773883 0)
(0.234324 0.686551 0)
(0.308542 0.699193 0)
(0.36485 0.726446 0)
(0.370739 0.696733 0)
(0.34861 0.661488 0)
(0.497744 0.566563 0)
(0.6134 0.606643 0)
(0.68857 0.511995 0)
(0.803718 0.257917 0)
(1.20759 0.154763 0)
(1.12303 0.177289 0)
(0.940649 0.0656261 0)
(1.1267 -0.0559517 0)
(1.15514 -0.0429801 0)
(1.4819 -0.0284826 0)
(0.214541 0.912719 0)
(0.270446 0.889875 0)
(0.164685 0.870137 0)
(0.174122 0.834998 0)
(0.141088 0.819858 0)
(0.158259 0.80687 0)
(0.136905 0.787393 0)
(0.156444 0.782875 0)
(0.10842 0.737342 0)
(0.308107 0.758838 0)
(0.439626 0.712444 0)
(0.4005 0.715606 0)
(0.406737 0.660097 0)
(0.426034 0.709867 0)
(0.415286 0.566541 0)
(0.558001 0.610684 0)
(0.764698 0.330029 0)
(0.761793 0.267796 0)
(0.772403 -0.147653 0)
(0.848838 -0.078906 0)
(0.954917 -0.179732 0)
(1.23171 -0.182757 0)
(1.56063 0.138223 0)
(0.083958 1.12053 0)
(0.0839298 0.924308 0)
(0.0777166 0.907508 0)
(0.116629 0.84863 0)
(0.115031 0.825943 0)
(0.140143 0.809622 0)
(0.144376 0.784802 0)
(0.176735 0.781542 0)
(0.193877 0.752382 0)
(0.225107 0.803512 0)
(0.317556 0.658521 0)
(0.319281 0.749083 0)
(0.350919 0.599806 0)
(0.370373 0.624319 0)
(0.466913 0.518915 0)
(0.439836 0.55333 0)
(0.426912 0.397545 0)
(0.546174 -0.030616 0)
(0.932956 -0.109319 0)
(0.824378 -0.231403 0)
(0.913721 -0.393601 0)
(1.31249 -0.60255 0)
(1.26943 -0.221502 0)
(0.0501358 0.913182 0)
(0.0647827 0.831037 0)
(0.0829646 0.844461 0)
(0.107113 0.809227 0)
(0.107579 0.794605 0)
(0.127659 0.773812 0)
(0.118411 0.745549 0)
(0.13514 0.729203 0)
(0.125896 0.68298 0)
(0.141521 0.671215 0)
(0.412061 0.638442 0)
(0.382145 0.618679 0)
(0.235458 0.568696 0)
(0.34344 0.483859 0)
(0.3139 0.455189 0)
(0.388906 0.255081 0)
(0.483258 0.305804 0)
(0.405244 0.0267409 0)
(0.712065 -0.414953 0)
(0.598019 -0.719443 0)
(0.619314 -0.846279 0)
(1.33127 -1.05136 0)
(1.75909 -0.570831 0)
(0.023896 0.847996 0)
(0.0342155 0.816736 0)
(0.0508284 0.807733 0)
(0.0699567 0.787129 0)
(0.0760896 0.777678 0)
(0.0959841 0.767275 0)
(0.104006 0.760349 0)
(0.120375 0.737496 0)
(0.139508 0.717515 0)
(0.147044 0.693794 0)
(0.202408 0.688058 0)
(0.250976 0.428326 0)
(0.233121 0.458606 0)
(0.25657 0.403908 0)
(0.31386 0.482414 0)
(0.346337 0.376251 0)
(0.208356 0.201211 0)
(0.123658 -0.273529 0)
(0.488172 -0.458203 0)
(0.511095 -0.884807 0)
(0.650519 -0.891573 0)
(1.09104 -0.768811 0)
(1.87414 -0.97494 0)
(0.015046 0.830656 0)
(0.0299042 0.8086 0)
(0.0477114 0.796858 0)
(0.0648383 0.778586 0)
(0.0756971 0.757527 0)
(0.103489 0.732556 0)
(0.0803383 0.699309 0)
(0.087666 0.679481 0)
(0.0859326 0.640397 0)
(0.0613369 0.596041 0)
(0.0903964 0.542045 0)
(0.189092 0.479558 0)
(0.269156 0.353378 0)
(0.38118 0.374261 0)
(0.298312 0.401201 0)
(0.161999 0.312885 0)
(0.204311 0.0645407 0)
(0.333088 -0.283107 0)
(0.351743 -0.454075 0)
(0.525028 -0.594077 0)
(0.714176 -0.839207 0)
(1.02388 -0.75484 0)
(1.06962 -0.942827 0)
(0.0078007 0.726186 0)
(0.0155067 0.719941 0)
(0.0244525 0.7083 0)
(0.0305686 0.711082 0)
(0.0361483 0.68451 0)
(0.0462051 0.749382 0)
(0.0530027 0.822506 0)
(0.0629752 0.698546 0)
(0.0654992 0.793833 0)
(0.0759533 0.662336 0)
(0.0717563 0.671174 0)
(0.0589477 0.734208 0)
(0.148856 0.545139 0)
(0.295243 0.460985 0)
(0.287577 0.448908 0)
(0.122357 0.469859 0)
(0.286677 0.0653432 0)
(0.403641 -0.393265 0)
(0.52911 -0.596814 0)
(0.576398 -0.779835 0)
(0.641412 -1.1311 0)
(0.773202 -1.61512 0)
(0.600597 -1.37565 0)
(0.00853467 0.823092 0)
(0.0178163 0.81359 0)
(0.041943 0.798271 0)
(0.0430875 0.779004 0)
(0.108006 0.736206 0)
(0.236506 0.700172 0)
(0.0678578 0.576456 0)
(0.0638441 0.667285 0)
(0.0797748 0.515666 0)
(-0.0671016 0.584797 0)
(0.160803 0.555292 0)
(0.0794245 0.480401 0)
(0.00414522 0.53021 0)
(0.273296 0.42739 0)
(0.318328 0.419058 0)
(0.114399 0.52259 0)
(0.15892 0.0917308 0)
(0.425465 -0.44536 0)
(0.328875 -0.50158 0)
(0.339261 -0.941862 0)
(0.159021 -1.10678 0)
(0.272873 -1.84172 0)
(0.367561 -1.08151 0)
(-0.000572285 0.57657 0)
(-0.00632912 0.568514 0)
(-0.00977203 0.566372 0)
(-0.0377858 0.548845 0)
(-0.0557025 0.559608 0)
(-0.170621 0.502646 0)
(0.0187995 0.536341 0)
(0.0243468 0.492592 0)
(-0.00360894 0.488227 0)
(0.157006 0.481701 0)
(-0.0807991 0.431027 0)
(0.0610724 0.457235 0)
(0.0932866 0.381748 0)
(0.131129 0.410915 0)
(0.444191 0.410235 0)
(0.484817 0.259201 0)
(0.368906 -0.00776603 0)
(0.599685 -0.407289 0)
(0.491022 -0.844978 0)
(0.251769 -1.12399 0)
(-0.03494 -1.37995 0)
(0.0025248 -1.46264 0)
(0.0838452 -0.781289 0)
(0.173873 0.05286 0)
(0.361579 -0.0493041 0)
(0.376344 -0.0198978 0)
(0.38493 0.142814 0)
(0.113549 -0.149483 0)
(0.13912 -0.181292 0)
(0.0937344 0.032359 0)
(0.14274 0.710418 0)
(0.00446466 -0.278301 0)
(0.106696 -0.276841 0)
(0.142678 0.0721201 0)
(-0.207252 1.01786 0)
(-0.17973 -0.2158 0)
(-0.28051 -0.0244571 0)
(-0.378582 0.449486 0)
(-0.369514 0.886927 0)
(-0.384124 -0.101488 0)
(-0.479185 0.0997912 0)
(-0.430283 0.437524 0)
(-0.369306 0.734835 0)
(-0.569756 -0.00757257 0)
(-0.371536 0.152537 0)
(-0.317525 0.404486 0)
(-0.180253 0.668813 0)
(0.271047 -0.113525 0)
(-0.0705117 -0.470779 0)
(-0.170475 -0.120901 0)
(-0.166984 0.369144 0)
(-0.565348 0.684697 0)
(-0.837119 0.435102 0)
(-1.12784 0.390007 0)
(-1.24724 0.442186 0)
(-3.62431 0.346695 0)
(-3.26793 0.775579 0)
(-3.27081 1.12674 0)
(-3.58161 1.58517 0)
(-4.79203 0.873157 0)
(-4.58551 1.19281 0)
(-4.49973 1.52684 0)
(-3.90814 1.48168 0)
(-2.97706 -0.642319 0)
(-2.54967 -0.416209 0)
(-2.23675 -0.363637 0)
(-1.85496 -0.521205 0)
(-1.76586 -0.414417 0)
(-1.70518 -0.398432 0)
(-1.65566 -0.359514 0)
(-1.48844 -0.419004 0)
(-1.41675 -0.487327 0)
(-1.35572 -0.443421 0)
(-1.32236 -0.37761 0)
(-1.27318 -0.399288 0)
(-1.41003 -0.371538 0)
(-1.69226 -0.327413 0)
(-1.83603 -0.365745 0)
(-1.99013 -0.474691 0)
(-1.48223 0.233366 0)
(-1.46104 0.223404 0)
(-1.41647 -0.263571 0)
(-1.43311 -0.571529 0)
(-1.31799 0.0500294 0)
(-1.21619 -0.184521 0)
(-1.16183 -0.433426 0)
(-1.07156 -0.468882 0)
(-1.05512 0.255355 0)
(-1.07458 -0.264957 0)
(-1.04632 -0.412741 0)
(-0.979547 -0.463395 0)
(-1.18873 0.174224 0)
(-1.18756 -0.146024 0)
(-1.16875 -0.307223 0)
(-1.12895 -0.484547 0)
(-1.16462 0.333091 0)
(-1.09663 -0.168663 0)
(-1.24337 -0.39373 0)
(-1.39027 -0.644287 0)
(-1.77006 0.563296 0)
(-1.70667 0.111764 0)
(-1.74138 -0.0655249 0)
(-1.80293 -0.2611 0)
(-1.60086 0.393825 0)
(-1.56068 0.202089 0)
(-1.66401 0.0922555 0)
(-1.74175 -0.126682 0)
(-1.08386 0.754776 0)
(-1.13629 0.476654 0)
(-1.4722 0.403246 0)
(-1.50437 -0.045013 0)
(-0.318489 1.29436 0)
(-0.234713 1.27158 0)
(-0.135356 1.11559 0)
(-0.0360483 0.430816 0)
(0.301863 0.65846 0)
(0.3438 0.671799 0)
(0.573218 0.624705 0)
(0.571959 0.589216 0)
(1.25885 0.952965 0)
(1.50242 0.692965 0)
(1.61872 0.483504 0)
(1.51917 0.505167 0)
(1.97145 0.574226 0)
(2.11389 0.56403 0)
(2.94253 0.536088 0)
(2.873 0.517883 0)
(2.85245 0.571197 0)
(3.03761 0.730983 0)
(3.22473 0.618051 0)
(3.16611 0.16402 0)
(2.33367 0.49461 0)
(2.37175 0.507462 0)
(2.48513 0.52335 0)
(2.51405 0.424752 0)
(2.66178 0.21132 0)
(2.94817 0.179416 0)
(2.76652 0.18901 0)
(2.24745 0.0876414 0)
(2.29639 0.00806692 0)
(2.28685 -0.0909512 0)
(2.2471 -0.395221 0)
(2.29189 -0.335748 0)
(2.34533 0.0626516 0)
(2.3159 0.0115751 0)
(2.22471 -0.125567 0)
(2.30934 -0.218652 0)
(1.71815 0.205582 0)
(1.72505 0.0848076 0)
(1.71786 -0.0100361 0)
(1.82374 -0.145608 0)
(1.60628 -0.0912585 0)
(1.62624 -0.0434012 0)
(1.64544 -0.0067916 0)
(1.7404 0.0487157 0)
(2.08995 0.0199518 0)
(2.04106 0.0337047 0)
(1.99169 0.0299526 0)
(2.07069 0.0367813 0)
(1.62702 0.0682215 0)
(1.59841 0.0205251 0)
(1.61538 -0.0170924 0)
(1.7287 -0.0220331 0)
(1.37862 -0.156386 0)
(1.53474 -0.165805 0)
(1.61762 -0.140051 0)
(1.71545 -0.0257702 0)
(1.579 -0.465221 0)
(1.54229 -0.288776 0)
(1.63838 -0.263233 0)
(1.70007 -0.126487 0)
(1.69428 -0.797902 0)
(1.19839 -0.552096 0)
(1.24933 -0.427629 0)
(1.15955 -0.188818 0)
(1.12704 -0.977741 0)
(1.03007 -0.842286 0)
(1.08185 -0.502235 0)
(0.954931 -0.273331 0)
(0.55993 -1.04278 0)
(0.997502 -0.689051 0)
(0.954676 -0.434685 0)
(0.62206 -0.0418001 0)
(0.306183 -0.578514 0)
(-0.250203 -0.715535 0)
(-0.125094 -0.979427 0)
(-0.208534 -0.397125 0)
(-0.638861 0.148134 0)
(-0.587526 -0.97666 0)
(-0.268627 -1.15194 0)
(-0.0626136 -1.03802 0)
(-0.377259 1.24333 0)
(0.476174 1.064 0)
(0.123146 0.0496741 0)
(0.398467 -0.513764 0)
(0.244086 -0.535837 0)
(0.106484 -0.229398 0)
(0.18913 0.000459656 0)
(0.0995152 0.0592474 0)
(0.147694 -0.0732163 0)
(0.172949 -0.163485 0)
(0.356919 -0.216848 0)
(0.29611 -0.12179 0)
(0.284355 0.0888038 0)
(0.161026 0.380737 0)
(-0.210553 0.492767 0)
(-0.0776378 0.33919 0)
(-0.311581 -0.492448 0)
(0.123513 -0.850736 0)
(0.191538 -0.661741 0)
(-0.312872 1.34555 0)
(0.125704 1.63865 0)
(-0.069913 0.0110337 0)
(0.345135 -0.453732 0)
(0.293072 -0.62683 0)
(0.18831 -0.161674 0)
(-0.0440142 0.00339796 0)
(-0.0323013 0.0869367 0)
(-0.100038 -0.0313665 0)
(-0.0047715 -0.354826 0)
(0.186889 -0.12923 0)
(0.0984786 0.0161602 0)
(0.219368 0.215758 0)
(0.20765 0.520847 0)
(-0.0241932 0.376878 0)
(0.0964531 0.320126 0)
(-0.254282 -0.633937 0)
(0.130539 -0.903985 0)
(0.112149 -0.555983 0)
(-0.343573 1.32553 0)
(-0.0182042 1.07981 0)
(0.0652421 -0.146615 0)
(0.28125 -0.476056 0)
(-0.276256 -0.284252 0)
(-0.620155 0.137392 0)
(-0.594078 0.17893 0)
(-0.418998 0.111838 0)
(-0.324997 -0.258059 0)
(-0.079461 -0.416238 0)
(0.0280793 -0.343481 0)
(0.0325346 -0.0823324 0)
(0.164602 0.169701 0)
(0.084097 0.666876 0)
(-0.102756 0.536862 0)
(0.228555 0.395652 0)
(-0.132875 -0.538666 0)
(-0.143839 -0.971211 0)
(-0.0559122 -0.553043 0)
(-0.416964 1.02419 0)
(0.297816 0.264974 0)
(0.456467 -0.109528 0)
(0.383889 -0.287191 0)
(-0.696606 0.255394 0)
(-1.0748 0.428515 0)
(-0.6222 -0.026999 0)
(-0.318773 -0.243729 0)
(0.137932 -0.556598 0)
(0.135975 -0.750611 0)
(-0.0467148 -0.646663 0)
(0.232333 -0.19253 0)
(0.0369858 0.130892 0)
(0.0886627 0.670852 0)
(-0.0813527 0.821957 0)
(-0.203872 0.413706 0)
(-0.167641 -0.510325 0)
(-0.640308 -0.84609 0)
(-0.114494 -0.749032 0)
(-0.185907 0.835765 0)
(0.450543 0.37883 0)
(0.343467 -0.169113 0)
(-0.37487 0.368867 0)
(-0.632964 0.439722 0)
(-0.594821 0.173224 0)
(-0.351507 0.124332 0)
(-0.57948 -0.413786 0)
(-0.43649 -0.601859 0)
(-0.3732 -1.00928 0)
(-0.257179 -0.58263 0)
(0.407713 -0.0102525 0)
(-0.148998 0.265969 0)
(0.00552487 0.780111 0)
(-0.384511 1.15898 0)
(-0.141224 0.343134 0)
(-0.350757 -0.358786 0)
(-0.65685 -0.776094 0)
(-0.16616 -1.2479 0)
(0.0342915 0.919627 0)
(0.171536 0.231229 0)
(-0.423315 0.253974 0)
(-0.71028 0.620214 0)
(-0.545978 0.411982 0)
(-0.774451 0.231385 0)
(-1.29252 0.0150981 0)
(-1.37498 -0.597864 0)
(-1.28237 -0.673805 0)
(-1.2392 -0.49281 0)
(-1.27984 -0.841018 0)
(-1.03036 -0.956972 0)
(-0.665331 0.566685 0)
(-0.388424 0.875949 0)
(-0.581404 1.06623 0)
(-0.174348 0.212247 0)
(-0.443963 0.141088 0)
(-0.397629 -0.986172 0)
(0.0597759 -1.49329 0)
(-0.138939 0.425522 0)
(-0.522998 0.417502 0)
(-0.970271 0.652023 0)
(-0.925612 0.455002 0)
(-0.950235 0.477361 0)
(-1.22321 0.856331 0)
(-1.75113 0.108021 0)
(-1.49328 -0.593975 0)
(-1.32087 -0.74 0)
(-1.30497 -0.830138 0)
(-1.2886 -0.825185 0)
(-1.04544 -0.483835 0)
(-0.949514 0.46573 0)
(-0.409475 0.763989 0)
(-0.395129 0.835755 0)
(0.0297751 -0.169407 0)
(0.773679 0.318173 0)
(-0.0100782 -1.33817 0)
(0.286344 -1.52564 0)
(-1.22613 0.652259 0)
(-1.85197 0.978431 0)
(-1.89418 0.669095 0)
(-1.53607 0.591799 0)
(-1.35016 0.795452 0)
(-0.757278 1.05679 0)
(-1.30881 0.349141 0)
(-1.18348 -0.477369 0)
(-0.995119 -0.848389 0)
(-0.883405 -0.971635 0)
(-0.835048 -0.890074 0)
(-0.781681 -0.419091 0)
(-0.632483 0.123045 0)
(-0.454055 0.2493 0)
(-0.432377 0.179941 0)
(0.486216 -0.542159 0)
(0.92441 0.000611729 0)
(0.160494 -1.66239 0)
(0.551588 -1.44441 0)
(-3.37011 1.8784 0)
(-2.38543 1.02054 0)
(-1.89034 0.323672 0)
(-1.46323 -0.0345168 0)
(-1.08318 -0.120343 0)
(-0.453657 -0.0928613 0)
(0.298552 0.589152 0)
(-0.583635 0.090333 0)
(-0.692014 -1.01659 0)
(-0.771519 -0.980104 0)
(-0.793068 -0.927647 0)
(-0.808453 -0.668845 0)
(-0.506299 0.0877937 0)
(-0.343604 0.187101 0)
(-0.0381542 0.0008045 0)
(0.250068 -0.886081 0)
(0.67014 -0.0327137 0)
(0.685485 -0.629217 0)
(0.510205 -1.13051 0)
(-3.01199 1.1565 0)
(-2.04883 0.365244 0)
(-1.47542 -0.204281 0)
(-1.03798 -0.236054 0)
(-0.887526 -0.152331 0)
(-0.80613 -0.209821 0)
(-0.664979 -0.0596087 0)
(-0.423917 0.0717685 0)
(-0.2589 -0.789995 0)
(-0.658594 -0.931308 0)
(-0.701416 -0.807156 0)
(-0.81431 -0.697258 0)
(-0.62572 -0.253253 0)
(-0.545225 -0.119829 0)
(0.191313 -0.388573 0)
(-0.071694 -1.10622 0)
(0.276204 -0.730709 0)
(0.242424 -0.713682 0)
(0.595958 -0.449897 0)
(-1.31703 -0.720971 0)
(-1.07628 -0.881112 0)
(-0.834163 -0.578025 0)
(-0.649035 -0.423961 0)
(-0.631266 -0.340245 0)
(-0.866524 -0.316151 0)
(-1.13701 -0.189531 0)
(-0.890872 0.172019 0)
(-0.859274 -0.745643 0)
(-0.561246 -0.999527 0)
(-0.532061 -0.823529 0)
(-0.63585 -0.771816 0)
(-0.585504 -0.676785 0)
(-0.395972 -0.439761 0)
(-0.170426 -0.526094 0)
(-0.396907 -0.976104 0)
(-0.256319 -0.176327 0)
(0.114915 -0.879312 0)
(0.30296 -0.248473 0)
(-1.33194 -0.516046 0)
(-1.02659 -0.695666 0)
(-0.874784 -0.579429 0)
(-0.939171 -0.476567 0)
(-1.09919 -0.55339 0)
(-1.178 -0.174051 0)
(-0.986534 -0.249447 0)
(-0.616816 -0.105484 0)
(-0.856733 -0.638146 0)
(-0.479117 -0.616933 0)
(-0.316699 -0.646925 0)
(-0.493962 -0.702852 0)
(-0.45126 -0.623054 0)
(-0.389194 -0.595009 0)
(-0.563866 -0.726242 0)
(-0.521767 -0.983513 0)
(-0.306115 -0.751514 0)
(0.0553195 -1.00374 0)
(0.37109 -0.153056 0)
(-1.44117 -0.389928 0)
(-1.26006 -0.338602 0)
(-1.21401 -0.330736 0)
(-1.44083 -0.173788 0)
(-1.4065 -0.788412 0)
(-1.09246 -0.464654 0)
(-0.963433 -0.466292 0)
(-0.226651 -0.862478 0)
(-0.261011 -0.63311 0)
(-0.202158 -0.551969 0)
(-0.150009 -0.498768 0)
(-0.149915 -0.631698 0)
(-0.61475 -0.146337 0)
(-0.565486 -0.305687 0)
(-0.953072 -0.810514 0)
(-0.480276 -1.14484 0)
(0.0614137 -1.12256 0)
(-0.135887 -1.6532 0)
(-0.573556 0.194263 0)
(-2.16472 -0.478312 0)
(-1.86886 -0.120529 0)
(-1.36232 -0.374251 0)
(-1.36868 -0.723682 0)
(-1.062 -0.778229 0)
(-0.688178 -1.14087 0)
(-0.501164 -0.704408 0)
(-0.28418 -0.64772 0)
(-0.19817 -0.658112 0)
(-0.127608 -0.689289 0)
(-0.0614615 -0.900996 0)
(-0.35029 -0.575847 0)
(-0.444206 -0.339884 0)
(-0.178157 0.0114271 0)
(-0.550566 -1.1143 0)
(-0.489639 -1.3585 0)
(-0.460638 -1.60324 0)
(-1.02747 -1.87071 0)
(-0.315892 -0.793133 0)
(-1.29182 -0.586044 0)
(-0.979079 -0.645425 0)
(-1.02513 -0.737763 0)
(-0.937532 -0.851644 0)
(-0.811366 -0.7077 0)
(-0.569676 -0.803233 0)
(-0.338495 -0.742321 0)
(-0.296313 -0.636407 0)
(-0.138021 -0.756903 0)
(-0.0652549 -0.775904 0)
(-0.0270986 -0.831197 0)
(0.150465 -0.644898 0)
(-0.194754 -0.21721 0)
(0.240947 -0.204635 0)
(0.0696255 -0.51764 0)
(-0.566977 -1.17666 0)
(-1.54664 -1.3005 0)
(-1.25129 -1.12836 0)
(-0.095588 -1.66288 0)
(-1.07928 -0.422173 0)
(-0.972492 -0.636026 0)
(-0.9445 -0.820593 0)
(-0.737581 -0.935881 0)
(-0.633744 -1.09081 0)
(-0.574386 -0.847358 0)
(-0.422713 -0.904916 0)
(-0.241963 -0.806108 0)
(-0.0777625 -0.858041 0)
(0.0552642 -0.809181 0)
(0.0485158 -0.404077 0)
(-0.162911 -0.402192 0)
(-0.332138 -0.11211 0)
(0.135666 -0.201773 0)
(0.163772 -0.52768 0)
(-0.195197 -0.671542 0)
(-0.724198 -1.14324 0)
(-0.489921 -1.50801 0)
(0.241116 -1.76383 0)
(-1.05914 -0.552428 0)
(-1.046 -0.722598 0)
(-0.792302 -0.992027 0)
(-0.744969 -1.07001 0)
(-0.608154 -1.29609 0)
(-0.479662 -0.980822 0)
(-0.46115 -0.993162 0)
(-0.448482 -0.945383 0)
(-0.544678 -0.99901 0)
(-0.321434 -0.893609 0)
(-0.215539 -0.534992 0)
(-0.216034 -0.284603 0)
(-0.39454 -0.577777 0)
(-0.318761 -0.509757 0)
(-0.0140371 -0.827284 0)
(-0.0858889 -0.725486 0)
(0.15008 -1.12856 0)
(-0.398978 -1.64378 0)
(0.349244 -1.77204 0)
(-1.07815 -0.830844 0)
(-0.9694 -0.93831 0)
(-1.14584 -1.08048 0)
(-1.37441 -1.05019 0)
(-1.21185 -0.583856 0)
(-1.37638 -0.997205 0)
(-1.38303 -0.989418 0)
(-1.03853 -0.846795 0)
(-0.990833 -1.19627 0)
(-0.813641 -1.16569 0)
(-1.00792 -0.572963 0)
(-1.06353 -0.553138 0)
(-0.593131 -0.62987 0)
(-0.423117 -0.791424 0)
(-0.182916 -0.662941 0)
(-0.331139 -0.847411 0)
(0.258136 -1.10702 0)
(-0.35977 -1.69348 0)
(0.373285 -1.76302 0)
(-1.41349 -0.968106 0)
(-1.46204 -0.849831 0)
(-1.76121 -1.0215 0)
(-1.86642 -1.09025 0)
(-1.6412 -0.982291 0)
(-1.53363 -0.996669 0)
(-1.55668 -1.09212 0)
(-1.28626 -1.48275 0)
(-1.11799 -1.69918 0)
(-0.855963 -1.36955 0)
(-1.0153 -0.917271 0)
(-0.835907 -0.799589 0)
(-0.719452 -0.491516 0)
(-0.639748 -0.940067 0)
(-0.171165 -0.805718 0)
(-0.537203 -0.995885 0)
(-0.613559 -1.12682 0)
(-0.230369 -1.40074 0)
(0.370481 -1.71418 0)
(-1.78464 -0.549692 0)
(-1.96314 -0.793031 0)
(-1.92556 -1.19462 0)
(-1.72943 -1.09031 0)
(-1.63258 -1.03159 0)
(-1.5395 -1.07745 0)
(-1.60773 -1.0476 0)
(-1.73778 -1.50678 0)
(-1.66396 -1.60084 0)
(-1.75923 -1.30616 0)
(-1.33756 -1.06816 0)
(-1.08245 -0.953845 0)
(-1.11121 -0.815104 0)
(-0.839151 -0.855855 0)
(-0.329888 -0.748126 0)
(-0.514061 -0.798663 0)
(-0.216843 -0.765313 0)
(-0.197544 -1.31751 0)
(0.269737 -1.70071 0)
(-1.71411 -0.355533 0)
(-2.18023 -0.957003 0)
(-2.1404 -1.43293 0)
(-1.57388 -1.44395 0)
(-1.30443 -1.06356 0)
(-1.02893 -1.00461 0)
(-1.47206 -1.11333 0)
(-1.78058 -1.51078 0)
(-1.61685 -1.66219 0)
(-1.80371 -1.63198 0)
(-1.18197 -1.59882 0)
(-0.815473 -1.19777 0)
(-0.996071 -1.22549 0)
(-0.694387 -0.859995 0)
(-0.181038 -0.76191 0)
(-0.441498 -0.815841 0)
(-0.217567 -0.73816 0)
(-0.215158 -1.49807 0)
(0.157566 -1.75744 0)
(-1.82696 -0.562466 0)
(-1.96864 -1.26115 0)
(-1.37695 -1.73418 0)
(-0.965686 -1.73266 0)
(-0.93079 -1.62887 0)
(-0.790076 -1.2213 0)
(-0.834403 -1.13248 0)
(-0.996572 -1.62906 0)
(-0.956438 -1.43572 0)
(-1.31869 -1.29944 0)
(-1.02222 -1.0889 0)
(-0.765026 -1.16937 0)
(-0.771053 -1.23364 0)
(-0.556833 -1.10445 0)
(-0.360145 -1.18519 0)
(-0.0179458 -1.30177 0)
(0.0779142 -1.43164 0)
(-0.291795 -1.4966 0)
(-0.0397327 -1.87629 0)
(-0.27024 -0.479451 0)
(-0.501312 -1.30218 0)
(-0.202623 -1.41903 0)
(-0.67752 -1.83333 0)
(-0.782638 -1.91644 0)
(-0.104767 -1.49686 0)
(-0.540666 -1.23396 0)
(-0.495304 -1.1264 0)
(-0.593722 -1.45999 0)
(-0.958602 -1.53764 0)
(-0.932436 -1.14819 0)
(-0.829711 -1.28644 0)
(-0.668398 -1.35422 0)
(-0.508667 -1.29976 0)
(-0.404159 -1.37764 0)
(-0.370363 -1.30485 0)
(0.0412646 -1.72981 0)
(-0.184263 -1.50186 0)
(-0.0517258 -1.9081 0)
(0.381563 0.337845 0)
(0.761298 -0.884084 0)
(0.857833 -1.5326 0)
(0.347922 -1.74276 0)
(-0.293684 -1.82373 0)
(-0.17639 -1.80585 0)
(-0.199565 -1.45303 0)
(-0.107552 -0.89902 0)
(-0.561119 -1.13759 0)
(-0.639702 -1.40021 0)
(-0.595835 -1.22543 0)
(-0.733893 -1.16318 0)
(-0.553045 -1.48668 0)
(-0.423664 -1.44156 0)
(-0.427552 -1.65881 0)
(-0.472217 -1.68494 0)
(0.0768754 -1.81733 0)
(-0.155279 -1.50579 0)
(-0.000214621 -1.91305 0)
(1.45511 0.263188 0)
(1.47058 -0.535259 0)
(1.36754 -1.18789 0)
(0.79038 -1.2955 0)
(-0.147971 -1.38732 0)
(0.0831705 -1.37418 0)
(0.175925 -1.32206 0)
(0.0555679 -0.830965 0)
(-0.0680945 -0.805457 0)
(-0.350699 -0.8913 0)
(-0.469239 -0.997047 0)
(-0.712144 -1.05617 0)
(-0.574445 -1.56476 0)
(-0.388412 -1.55407 0)
(-0.49247 -1.78189 0)
(-0.6422 -1.86688 0)
(0.199527 -1.47027 0)
(0.0497299 -1.47067 0)
(0.190899 -1.9288 0)
(1.62952 0.169465 0)
(1.81133 -0.603876 0)
(2.00712 -1.35947 0)
(1.47665 -1.36345 0)
(0.854416 -1.3063 0)
(0.151147 -0.815846 0)
(0.286084 -1.08808 0)
(0.197412 -0.797781 0)
(0.10308 -0.771636 0)
(0.0413556 -0.95677 0)
(-0.133669 -0.90154 0)
(-0.653736 -1.03695 0)
(-0.449525 -1.52447 0)
(-0.337408 -1.61254 0)
(-0.518902 -1.78229 0)
(-0.255963 -1.53182 0)
(0.312285 -1.32252 0)
(-0.0239575 -1.34502 0)
(0.324197 -1.91784 0)
(2.68033 0.206911 0)
(1.82706 0.0217551 0)
(1.98578 -0.346553 0)
(1.81582 -0.761741 0)
(1.22829 -1.23551 0)
(0.399282 -1.04894 0)
(0.481551 -0.748385 0)
(0.646464 -0.807755 0)
(0.361044 -0.664705 0)
(0.360815 -0.777352 0)
(0.263267 -0.693155 0)
(-0.134931 -0.83574 0)
(-0.174891 -1.33231 0)
(-0.117064 -1.58697 0)
(-0.211224 -1.67141 0)
(-0.170484 -1.47173 0)
(0.159838 -1.46164 0)
(0.0787261 -1.29425 0)
(0.387146 -1.8069 0)
(2.35437 -0.167984 0)
(2.21575 -0.173056 0)
(2.25779 -0.396703 0)
(1.98061 -0.751818 0)
(1.23706 -0.940627 0)
(1.29664 -0.788659 0)
(1.06022 -0.596063 0)
(1.02607 -0.653095 0)
(0.591698 -0.596949 0)
(0.484186 -0.592118 0)
(0.551738 -0.723962 0)
(0.358213 -0.891763 0)
(0.177191 -1.43579 0)
(0.227352 -1.5814 0)
(-0.0951823 -1.629 0)
(-0.0399165 -1.66142 0)
(0.216497 -1.55185 0)
(0.128057 -1.292 0)
(0.417208 -1.64819 0)
(1.93105 0.16883 0)
(1.9132 0.0441152 0)
(1.9034 -0.362333 0)
(1.70136 -0.466178 0)
(1.65566 -0.339594 0)
(1.48606 -0.230027 0)
(1.0972 -0.33409 0)
(1.00616 -0.380276 0)
(0.876065 -0.698391 0)
(0.780847 -0.45877 0)
(0.78064 -0.58267 0)
(0.6597 -0.628096 0)
(0.464721 -1.16207 0)
(0.644705 -1.56754 0)
(0.257316 -1.57482 0)
(0.0438301 -1.60248 0)
(0.251386 -1.65534 0)
(0.163125 -1.25216 0)
(0.422043 -1.50583 0)
(1.95408 0.131599 0)
(1.63197 -0.135044 0)
(1.79958 -0.135098 0)
(1.72283 -0.28536 0)
(1.583 -0.166829 0)
(1.18816 -0.0376247 0)
(1.12947 -0.197777 0)
(0.923542 -0.227261 0)
(0.999594 -0.320539 0)
(0.919981 -0.552647 0)
(1.10188 -0.620293 0)
(0.86236 -0.68769 0)
(0.507817 -1.06378 0)
(0.733231 -1.31464 0)
(0.501672 -1.56738 0)
(0.122387 -1.59913 0)
(0.320263 -1.65235 0)
(0.0954242 -1.18228 0)
(0.413097 -1.3658 0)
(1.81445 -0.366946 0)
(1.42744 -0.343738 0)
(1.58487 -0.200499 0)
(1.57954 0.128558 0)
(1.78067 -0.0245473 0)
(1.30505 0.00856628 0)
(0.674736 -0.0932674 0)
(0.889941 -0.117126 0)
(0.860165 -0.230124 0)
(0.96106 -0.407884 0)
(1.30853 -0.630659 0)
(0.793832 -0.899894 0)
(0.648488 -1.00777 0)
(0.900627 -1.18426 0)
(0.474892 -1.46344 0)
(0.171544 -1.5245 0)
(0.357067 -1.59323 0)
(-0.0974604 -1.12904 0)
(0.378354 -1.26786 0)
(1.531 -0.307351 0)
(1.54662 -0.248451 0)
(2.23519 0.0349153 0)
(1.78141 0.567154 0)
(1.32139 0.294041 0)
(1.22094 -0.158245 0)
(1.20387 -0.0816514 0)
(1.09687 -0.123455 0)
(1.08214 -0.440161 0)
(1.15305 -0.403117 0)
(1.08949 -0.507237 0)
(0.630719 -0.865518 0)
(0.665606 -0.696755 0)
(0.864832 -1.11261 0)
(0.480348 -1.44575 0)
(0.192757 -1.50717 0)
(0.295142 -1.45489 0)
(-0.149576 -1.13903 0)
(0.283597 -1.25111 0)
(1.49825 0.205076 0)
(1.59572 0.25302 0)
(2.22155 -0.2232 0)
(1.77888 -0.377219 0)
(1.19197 0.18178 0)
(1.24354 0.122669 0)
(1.2147 0.122604 0)
(1.05088 0.0378993 0)
(1.11619 -0.0279529 0)
(1.44404 -0.290699 0)
(1.10949 -0.578393 0)
(0.633724 -0.470841 0)
(0.553738 -0.626055 0)
(0.672062 -1.05556 0)
(0.471762 -1.32414 0)
(0.312082 -1.42223 0)
(0.260213 -1.2717 0)
(-0.092999 -0.916334 0)
(0.178836 -1.32497 0)
(1.82551 -0.0140721 0)
(1.21814 0.314041 0)
(1.59024 0.20864 0)
(2.0224 -0.508802 0)
(1.41871 0.332028 0)
(0.867299 0.0986555 0)
(1.06745 -0.0287302 0)
(1.04669 0.0651621 0)
(1.01941 0.123134 0)
(0.931833 0.0540037 0)
(0.925743 -0.498446 0)
(0.697304 -0.486977 0)
(0.441296 -0.713128 0)
(0.62493 -1.05141 0)
(0.436878 -1.19019 0)
(0.400012 -1.23995 0)
(0.528239 -1.19743 0)
(0.0232888 -1.41783 0)
(0.118192 -1.24643 0)
(1.67139 -0.130415 0)
(1.55952 0.135823 0)
(1.50169 0.423887 0)
(1.6896 0.253231 0)
(1.50509 -0.0520022 0)
(0.814987 0.138173 0)
(1.03354 0.0714206 0)
(1.26357 0.0555416 0)
(1.22178 0.0704174 0)
(1.0008 -0.284468 0)
(0.697133 -0.13283 0)
(0.562367 -0.442837 0)
(0.556296 -0.778616 0)
(0.623322 -1.0052 0)
(0.591272 -1.10348 0)
(0.385505 -1.54517 0)
(0.125021 -1.22125 0)
(0.00296696 -1.65641 0)
(0.23258 -1.17435 0)
(1.74175 0.042158 0)
(1.61794 0.31561 0)
(1.52493 0.378334 0)
(1.49349 0.478836 0)
(1.36129 0.180472 0)
(1.07812 0.278136 0)
(1.07341 0.448 0)
(1.10213 0.247266 0)
(0.897738 0.205751 0)
(0.936427 -0.0768708 0)
(0.72605 -0.0492038 0)
(0.372483 -0.339751 0)
(0.546084 -0.67573 0)
(0.699945 -0.956323 0)
(0.332842 -1.12864 0)
(0.35989 -1.66405 0)
(0.263458 -1.23347 0)
(0.144881 -1.46899 0)
(0.265328 -1.09979 0)
(1.72909 -0.0614071 0)
(1.73009 0.311006 0)
(1.524 0.442638 0)
(1.42019 0.573513 0)
(1.39761 0.513879 0)
(1.22468 0.39611 0)
(1.10958 0.558834 0)
(1.0234 0.440945 0)
(0.903703 0.492822 0)
(0.961893 0.422741 0)
(0.69163 -0.165317 0)
(0.504833 -0.332531 0)
(0.607662 -0.640529 0)
(0.491651 -0.978067 0)
(0.299872 -1.17564 0)
(0.294358 -1.33613 0)
(0.141103 -1.25964 0)
(0.317891 -1.1035 0)
(0.459118 -1.19116 0)
(1.41945 -0.0355823 0)
(1.70914 0.474746 0)
(1.4459 0.664467 0)
(1.26924 0.529614 0)
(1.00406 0.651835 0)
(1.14994 0.604172 0)
(1.15048 0.672027 0)
(1.07013 0.595545 0)
(0.94117 0.629647 0)
(0.74132 0.515302 0)
(0.503916 0.14743 0)
(0.525828 -0.275714 0)
(0.536525 -0.658768 0)
(0.407937 -0.932211 0)
(0.191419 -1.01101 0)
(0.249947 -0.979013 0)
(0.408419 -1.07217 0)
(0.077664 -0.900293 0)
(0.16105 -1.30207 0)
(1.24293 0.466146 0)
(1.5758 0.43719 0)
(1.274 0.594512 0)
(1.11415 0.387363 0)
(1.0984 0.678568 0)
(1.12111 0.800497 0)
(1.02675 0.968743 0)
(1.00082 0.848209 0)
(0.725729 0.655719 0)
(0.563527 0.38846 0)
(0.495798 0.150312 0)
(0.499903 -0.295208 0)
(0.550042 -0.544304 0)
(0.37352 -0.715829 0)
(0.334819 -0.831071 0)
(0.254501 -0.743175 0)
(0.263903 -0.802367 0)
(-0.0353012 -0.931905 0)
(0.126967 -0.983504 0)
(0.855845 0.455775 0)
(0.915756 0.492801 0)
(0.728234 0.491127 0)
(0.972316 0.583242 0)
(1.29458 0.698597 0)
(1.23118 0.727206 0)
(1.01425 0.88111 0)
(0.655134 0.947031 0)
(0.671918 0.920788 0)
(0.591441 0.532745 0)
(0.686066 0.0461369 0)
(0.435326 -0.316487 0)
(0.464495 -0.637518 0)
(0.253114 -0.751726 0)
(0.236939 -0.723652 0)
(0.302497 -0.92192 0)
(0.310024 -1.08174 0)
(-0.330148 -1.08509 0)
(-0.301595 -0.938124 0)
(0.475173 0.330973 0)
(0.751593 0.457987 0)
(0.69867 0.602905 0)
(0.88068 0.922708 0)
(0.962565 0.748259 0)
(1.07671 0.798404 0)
(1.08771 0.659369 0)
(0.838584 0.894522 0)
(0.508172 0.768236 0)
(0.423747 0.494232 0)
(0.321155 -0.210074 0)
(0.244792 -0.516395 0)
(0.328725 -0.521911 0)
(0.279939 -0.670472 0)
(0.197888 -0.629744 0)
(0.016782 -0.870635 0)
(0.0474306 -1.24533 0)
(-0.0354582 -1.32203 0)
(0.00499933 -0.743522 0)
(0.170928 -0.261464 0)
(0.422874 -0.181452 0)
(0.711462 0.0736886 0)
(0.82309 0.323074 0)
(0.933581 0.326168 0)
(0.997991 0.474966 0)
(1.04451 1.39323 0)
(0.643681 1.70264 0)
(0.333777 1.69245 0)
(0.393448 0.80824 0)
(0.107287 -0.02135 0)
(0.308519 -0.234336 0)
(0.374099 -0.443319 0)
(0.19869 -0.752109 0)
(0.169506 -0.900638 0)
(-0.109968 -1.01432 0)
(-0.15393 -1.03814 0)
(0.122297 -1.08715 0)
(0.121211 -1.04767 0)
)
;

boundaryField
{
    leftWall
    {
        type            fixedValue;
        value           uniform (0 0 0);
    }
    rightWall
    {
        type            fixedValue;
        value           uniform (0 0 0);
    }
    lowerWall
    {
        type            fixedValue;
        value           uniform (0 0 0);
    }
    atmosphere
    {
        type            pressureInletOutletVelocity;
        value           nonuniform List<vector> 
46
(
(-0.000572285 0.57657 0)
(-0.00632912 0.568514 0)
(-0.00977203 0.566372 0)
(-0.0377858 0.548845 0)
(-0.0557025 0.559608 0)
(-0.170621 0.502646 0)
(0.0187995 0.536341 0)
(0.0243468 0.492592 0)
(-0.00360894 0.488227 0)
(0.157006 0.481701 0)
(-0.0807991 0.431027 0)
(0.0610724 0.457235 0)
(0.0932866 0.381748 0)
(0.131129 0.410915 0)
(0.444191 0.410235 0)
(0.484817 0.259201 0)
(0 -0.00776603 0)
(0 -0.407289 0)
(0 -0.844978 0)
(0 -1.12399 0)
(0 -1.37995 0)
(0 -1.46264 0)
(0 -0.781289 0)
(-0.638861 0.148134 0)
(0 -0.97666 0)
(0 -1.15194 0)
(0 -1.03802 0)
(0 -0.261464 0)
(0 -0.181452 0)
(0.711462 0.0736886 0)
(0.82309 0.323074 0)
(0.933581 0.326168 0)
(0.997991 0.474966 0)
(1.04451 1.39323 0)
(0.643681 1.70264 0)
(0.333777 1.69245 0)
(0.393448 0.80824 0)
(0 -0.02135 0)
(0 -0.234336 0)
(0 -0.443319 0)
(0 -0.752109 0)
(0 -0.900638 0)
(0 -1.01432 0)
(0 -1.03814 0)
(0 -1.08715 0)
(0 -1.04767 0)
)
;
    }
    defaultFaces
    {
        type            empty;
    }
}


// ************************************************************************* //
