/*--------------------------------*- C++ -*----------------------------------*\
| =========                 |                                                 |
| \\      /  F ield         | foam-extend: Open Source CFD                    |
|  \\    /   O peration     | Version:     4.1                                |
|   \\  /    A nd           | Web:         http://www.foam-extend.org         |
|    \\/     M anipulation  |                                                 |
\*---------------------------------------------------------------------------*/
FoamFile
{
    version     2.0;
    format      ascii;
    class       volScalarField;
    location    "0.05";
    object      C;
}
// * * * * * * * * * * * * * * * * * * * * * * * * * * * * * * * * * * * * * //

dimensions      [0 0 0 0 0 0 0];

internalField   nonuniform List<scalar> 
2268
(
1
1
1
1
1
1
1
1
0.999999
0.999901
0.994061
0.816412
-0.621904
-0.909742
-0.971551
-0.994681
-0.999494
-0.999981
-1
-1
-1
-1
-1
1
1
1
1
1
1
1
1
0.999999
0.9999
0.992979
0.777824
-0.597718
-0.919536
-0.986081
-0.997596
-0.999812
-0.999995
-1
-1
-1
-1
-1
1
1
1
1
1
1
1
1
0.999999
0.999921
0.99458
0.838922
-0.645235
-0.970136
-0.996635
-0.999653
-0.999981
-1
-1
-1
-1
-1
-1
1
1
1
1
1
1
1
1
1
0.999948
0.994366
0.732869
-0.563731
-0.914422
-0.992459
-0.999681
-0.999996
-1
-1
-1
-1
-1
-1
1
1
1
1
1
1
1
1
1
0.999957
0.996111
0.782488
-0.64435
-0.978184
-0.999399
-0.999949
-0.999999
-1
-1
-1
-1
-1
-1
1
1
1
1
1
1
1
1
1
0.99996
0.997332
0.861814
-0.639746
-0.992643
-0.999753
-0.999988
-1
-1
-1
-1
-1
-1
-1
1
1
1
1
1
1
1
1
1
0.999957
0.99615
0.816857
-0.650115
-0.969239
-0.999284
-0.999992
-1
-1
-1
-1
-1
-1
-1
1
1
1
1
1
1
1
1
1
0.999967
0.997353
0.868987
-0.798846
-0.993863
-0.999811
-0.999995
-1
-1
-1
-1
-1
-1
-1
-1
-1
-1
-1
-1
-1
-1
-1
-1
-1
-1
-1
-1
-1
-1
-1
-1
-1
-1
-1
-1
-1
-1
-1
-1
-1
-1
-1
-1
-1
-1
-1
-1
-1
-1
-1
-1
-1
-1
-1
-1
-1
-1
-1
-1
-1
-1
-1
-1
-1
-1
-1
-1
-1
-1
-1
-1
-1
-1
-1
-1
-1
-1
-1
-1
-1
-1
-1
-1
-1
-1
-1
-1
-1
-1
-1
-1
-1
-1
-1
-1
-1
-1
-1
-1
-1
-1
-1
-1
-1
-1
-1
-1
-1
-1
-1
-1
-1
-1
-1
-1
-1
-1
-1
-1
-1
-1
-1
-1
-1
-1
-1
-1
-1
-1
-1
-1
-1
-1
-1
-1
-1
-1
-1
-1
-1
-1
-1
-1
-1
-1
-1
-1
-1
-1
-1
-1
-1
-1
-1
-1
-1
-1
-1
-1
-1
-1
-1
-1
-1
-1
-1
1
1
1
1
1
1
1
1
1
0.999961
0.996227
0.796633
-0.753519
-0.988314
-0.999742
-0.999996
-1
-1
-1
-1
-1
-1
-1
1
1
1
1
1
1
1
1
1
0.999971
0.997719
0.851663
-0.776712
-0.993822
-0.999886
-0.999998
-1
-1
-1
-1
-1
-1
-1
1
1
1
1
1
1
1
1
1
0.999971
0.997272
0.860001
-0.650983
-0.983232
-0.999456
-0.999991
-1
-1
-1
-1
-1
-1
-1
1
1
1
1
1
1
1
1
1
0.999981
0.99777
0.870155
-0.627176
-0.976801
-0.999067
-0.999981
-1
-1
-1
-1
-1
-1
-1
1
1
1
1
1
1
1
1
1
0.999993
0.9988
0.903269
-0.694682
-0.984523
-0.999521
-0.999991
-1
-1
-1
-1
-1
-1
-1
1
1
1
1
1
1
1
1
1
0.999997
0.999478
0.939605
-0.670236
-0.987706
-0.99965
-0.999994
-1
-1
-1
-1
-1
-1
-1
1
1
1
1
1
1
1
1
1
0.999999
0.99979
0.938014
-0.696231
-0.986882
-0.999625
-0.999989
-1
-1
-1
-1
-1
-1
-1
1
1
1
1
1
1
1
1
1
0.999998
0.999521
0.934591
-0.721365
-0.989836
-0.999521
-0.999982
-0.999999
-1
-1
-1
-1
-1
-1
1
1
1
1
1
1
1
1
1
0.999975
0.996856
0.830299
-0.662905
-0.973898
-0.998286
-0.999899
-0.999996
-1
-1
-1
-1
-1
-1
1
1
1
1
1
1
1
1
1
0.999959
0.995741
0.814577
-0.63693
-0.962905
-0.996258
-0.999728
-0.99999
-1
-1
-1
-1
-1
-1
1
1
1
1
1
1
1
1
1
0.999913
0.991061
0.701453
-0.494252
-0.897219
-0.992172
-0.999412
-0.999976
-0.999999
-1
-1
-1
-1
-1
1
1
1
1
1
1
1
1
1
0.999949
0.99551
0.778267
-0.732695
-0.980093
-0.998334
-0.99984
-0.999995
-1
-1
-1
-1
-1
-1
1
1
1
1
1
1
1
1
0.999997
0.999622
0.976613
0.494336
-0.655351
-0.967261
-0.997462
-0.999875
-0.999997
-1
-1
-1
-1
-1
-1
1
1
1
1
1
1
1
1
0.999994
0.999593
0.977226
0.558292
-0.451639
-0.937609
-0.995156
-0.999825
-0.999997
-1
-1
-1
-1
-1
-1
1
1
1
1
1
1
1
1
0.999993
0.999759
0.98704
0.709903
-0.284847
-0.863287
-0.982842
-0.998571
-0.999947
-0.999999
-1
-1
-1
-1
-1
0.999999
0.999998
0.999998
0.999998
0.999998
0.999994
0.999986
0.999992
0.99996
0.999337
0.983769
0.63135
-0.522078
-0.912816
-0.991543
-0.999442
-0.999982
-1
-1
-1
-1
-1
-1
0.999907
0.999902
0.999889
0.999889
0.99985
0.999144
0.99912
0.999707
0.998868
0.994061
0.93755
0.499092
-0.597128
-0.981559
-0.999583
-0.999954
-0.999999
-1
-1
-1
-1
-1
-1
0.99559
0.995239
0.993647
0.993022
0.987575
0.946695
0.967393
0.987359
0.97488
0.927686
0.539174
-0.261797
-0.57286
-0.946335
-0.997324
-0.999935
-0.999999
-1
-1
-1
-1
-1
-1
0.87018
0.8425
0.766765
0.65978
0.657024
0.284049
0.516506
0.478123
0.417116
0.379162
-0.375332
-0.833504
-0.824432
-0.969345
-0.989414
-0.998013
-0.999945
-1
-1
-1
-1
-1
-1
-0.337572
-0.499618
-0.588257
-0.721669
-0.748074
-0.730606
-0.468828
-0.622523
-0.730314
-0.593373
-0.742127
-0.96217
-0.962841
-0.998784
-0.999877
-0.999833
-0.999992
-1
-1
-1
-1
-1
-1
-0.897413
-0.93372
-0.962582
-0.981114
-0.986653
-0.979477
-0.930921
-0.952948
-0.98385
-0.962435
-0.975388
-0.994766
-0.999568
-0.99998
-0.999995
-0.999996
-1
-1
-1
-1
-1
-1
-1
-0.985345
-0.992345
-0.99646
-0.998665
-0.99899
-0.998834
-0.995018
-0.997424
-0.999415
-0.998032
-0.999355
-0.999686
-0.999982
-0.999999
-1
-1
-1
-1
-1
-1
-1
-1
-1
-0.998295
-0.99922
-0.99975
-0.999909
-0.999951
-0.999967
-0.999865
-0.999956
-0.999997
-0.999981
-0.999999
-0.999992
-0.999999
-1
-1
-1
-1
-1
-1
-1
-1
-1
-1
-0.999889
-0.999951
-0.999987
-0.999996
-0.999999
-1
-0.999999
-1
-1
-1
-1
-1
-1
-1
-1
-1
-1
-1
-1
-1
-1
-1
-1
-0.999996
-0.999998
-1
-1
-1
-1
-1
-1
-1
-1
-1
-1
-1
-1
-1
-1
-1
-1
-1
-1
-1
-1
-1
-1
-1
-1
-1
-1
-1
-1
-1
-1
-1
-1
-1
-1
-1
-1
-1
-1
-1
-1
-1
-1
-1
-1
-1
-1
-1
-1
-1
-1
-1
-1
-1
-1
-1
-1
-1
-1
-1
-1
-1
-1
-1
-1
-1
-1
-1
-1
-1
-1
-1
-1
-1
-1
-1
-1
-1
-1
-1
-1
-1
-1
-1
-1
-1
-1
-1
-1
-1
-1
-1
-1
-1
-1
-1
-1
-1
-1
-1
-1
-1
-1
-1
-1
-1
-1
-1
-1
-1
-1
-1
-1
-1
-1
-1
-1
-1
-1
-1
-1
-1
-1
-1
-1
-1
-1
-1
-1
-1
-1
-1
-1
-1
-1
-1
-1
-1
-1
-1
-1
-1
-1
-1
-1
-1
-1
-1
-1
-1
-1
-1
-1
-1
-1
-1
-1
-1
-1
-1
-1
-1
-1
-1
-1
-1
-1
-1
-1
-1
-1
-1
-1
-1
-1
-1
-1
-1
-1
-1
-1
-1
-1
-1
-1
-1
-1
-1
-1
-1
-1
-1
-1
-1
-1
-1
-1
-1
-1
-1
-1
-1
-1
-1
-1
-1
-1
-1
-1
-1
-1
-1
-1
-1
-1
-1
-1
-1
-1
-1
-1
-1
-1
-1
-1
-1
-1
-1
-1
-1
-1
-1
-1
-1
-1
-1
-1
-1
-1
-1
-1
-1
-1
-1
-1
-1
-1
-1
-1
-1
-1
-1
-1
-1
-1
-1
-1
-1
-1
-1
-1
-1
-1
-1
-1
-1
-1
-1
-1
-1
-1
-1
-1
-1
-1
-1
-1
-1
-1
-1
-1
-1
-1
-1
-1
-1
-1
-1
-1
-1
-1
-1
-1
-1
-1
-1
-1
-1
-1
-1
-1
-1
-1
-1
-1
-1
-1
-1
-1
-1
-1
-1
-1
-1
-1
-1
-1
-1
-1
-1
-1
-1
-1
-1
-1
-1
-1
-1
-1
-1
-1
-1
-1
-1
-1
-1
-1
-1
-1
-1
-1
-1
-1
-1
-1
-1
-1
-1
-1
-1
-1
-1
-1
-1
-1
-1
-1
-1
-1
-1
-1
-1
-1
-1
-1
-1
-1
-1
-1
-1
-1
-1
-1
-1
-1
-1
-1
-1
-1
-1
-1
-1
-1
-1
-1
-1
-1
-1
-1
-1
-1
-1
-1
-1
-1
-1
-1
-1
-1
-1
-1
-1
-1
-1
-1
-1
-1
-1
-1
-1
-1
-1
-1
-1
-1
-1
-1
-1
-1
-1
-1
-1
-1
-1
-1
-1
-1
-1
-1
-1
-1
-1
-1
-1
-1
-1
-1
-1
-1
-1
-1
-1
-1
-1
-1
-1
-1
-1
-1
-1
-1
-1
-1
-1
-1
-1
-1
-1
-1
-1
-1
-1
-1
-1
-1
-1
-1
-1
-1
-1
-1
-1
-1
-1
-1
-1
-1
-1
-1
-1
-1
-1
-1
-1
-1
-1
-1
-1
-1
-1
-1
-1
-1
-1
-1
-1
-1
-1
-1
-1
-1
-1
-1
-1
-1
-1
-1
-1
-1
-1
-1
-1
-1
-1
-1
-1
-1
-1
-1
-1
-1
-1
-1
-1
-1
-1
-1
-1
-1
-1
-1
-1
-1
-1
-1
-1
-1
-1
-1
-1
-1
-1
-1
-1
-1
-1
-1
-1
-1
-1
-1
-1
-1
-1
-1
-1
-1
-1
-1
-1
-1
-1
-1
-1
-1
-1
-1
-1
-1
-1
-1
-1
-1
-1
-1
-1
-1
-1
-1
-1
-1
-1
-1
-1
-1
-1
-1
-1
-1
-1
-1
-1
-1
-1
-1
-1
-1
-1
-1
-1
-1
-1
-1
-1
-1
-1
-1
-1
-1
-1
-1
-1
-1
-1
-1
-1
-1
-1
-1
-1
-1
-1
-1
-1
-1
-1
-1
-1
-1
-1
-1
-1
-1
-1
-1
-1
-1
-1
-1
-1
-1
-1
-1
-1
-1
-1
-1
-1
-1
-1
-1
-1
-1
-1
-1
-1
-1
-1
-1
-1
-1
-1
-1
-1
-1
-1
-1
-1
-1
-1
-1
-1
-1
-1
-1
-1
-1
-1
-1
-1
-1
-1
-1
-1
-1
-1
-1
-1
-1
-1
-1
-1
-1
-1
-1
-1
-1
-1
-1
-1
-1
-1
-1
-1
-1
-1
-1
-1
-1
-1
-1
-1
-1
-1
-1
-1
-1
-1
-1
-1
-1
-1
-1
-1
-1
-1
-1
-1
-1
-1
-1
-1
-1
-1
-1
-1
-1
-1
-1
-1
-1
-1
-1
-1
-1
-1
-1
-1
-1
-1
-1
-1
-1
-1
-1
-1
-1
-1
-1
-1
-1
-1
-1
-1
-1
-1
-1
-1
-1
-1
-1
-1
-1
-1
-1
-1
-1
-1
-1
-1
-1
-1
-1
-1
-1
-1
-1
-1
-1
-1
-1
-1
-1
-1
-1
-1
-1
-1
-1
-1
-1
-1
-1
-1
-1
-1
-1
-1
-1
-1
-1
-1
-1
-1
-1
-1
-1
-1
-1
-1
-1
-1
-1
-1
-1
-1
-1
-1
-1
-1
-1
-1
-1
-1
-1
-1
-1
-1
-1
-1
-1
-1
-1
-1
-1
-1
-1
-1
-1
-1
-1
-1
-1
-1
-1
-1
-1
-1
-1
-1
-1
-1
-1
-1
-1
-1
-1
-1
-1
-1
-1
-1
-1
-1
-1
-1
-1
-1
-1
-1
-1
-1
-1
-1
-1
-1
-1
-1
-1
-1
-1
-1
-1
-1
-1
-1
-1
-1
-1
-1
-1
-1
-1
-1
-1
-1
-1
-1
-1
-1
-1
-1
-1
-1
-1
-1
-1
-1
-1
-1
-1
-1
-1
-1
-1
-1
-1
-1
-1
-1
-1
-1
-1
-1
-1
-1
-1
-1
-1
-1
-1
-1
-1
-1
-1
-1
-1
-1
-1
-1
-1
-1
-1
-1
-1
-1
-1
-1
-1
-1
-1
-1
-1
-1
-1
-1
-1
-1
-1
-1
-1
-1
-1
-1
-1
-1
-1
-1
-1
-1
-1
-1
-1
-1
-1
-1
-1
-1
-1
-1
-1
-1
-1
-1
-1
-1
-1
-1
-1
-1
-1
-1
-1
-1
-1
-1
-1
-1
-1
-1
-1
-1
-1
-1
-1
-1
-1
-1
-1
-1
-1
-1
-1
-1
-1
-1
-1
-1
-1
-1
-1
-1
-1
-1
-1
-1
-1
-1
-1
-1
-1
-1
-1
-1
-1
-1
-1
-1
-1
-1
-1
-1
-1
-1
-1
-1
-1
-1
-1
-1
-1
-1
-1
-1
-1
-1
-1
-1
-1
-1
-1
-1
-1
-1
-1
-1
-1
-1
-1
-1
-1
-1
-1
-1
-1
-1
-1
-1
-1
-1
-1
-1
-1
-1
-1
-1
-1
-1
-1
-1
-1
-1
-1
-1
-1
-1
-1
-1
-1
-1
-1
-1
-1
-1
-1
-1
-1
-1
-1
-1
-1
-1
-1
-1
-1
-1
-1
-1
-1
-1
-1
-1
-1
-1
-1
-1
-1
-1
-1
-1
-1
-1
-1
-1
-1
-1
-1
-1
-1
-1
-1
-1
-1
-1
-1
-1
-1
-1
-1
-1
-1
-1
-1
-1
-1
-1
-1
-1
-1
-1
-1
-1
-1
-1
-1
-1
-1
-1
-1
-1
-1
-1
-1
-1
-1
-1
-1
-1
-1
-1
-1
-1
-1
-1
-1
-1
-1
-1
-1
-1
-1
-1
-1
-1
-1
-1
-1
-1
-1
-1
-1
-1
-1
-1
-1
-1
-1
-1
-1
-1
-1
-1
-1
-1
-1
-1
-1
-1
-1
-1
-1
-1
-1
-1
-1
-1
-1
-1
-1
-1
-1
-1
-1
-1
-1
-1
-1
-1
-1
-1
-1
-1
-1
-1
-1
-1
-1
-1
-1
-1
-1
-1
-1
-1
-1
-1
-1
-1
-1
-1
-1
-1
-1
-1
-1
-1
-1
-1
-1
-1
-1
-1
-1
-1
-1
-1
-1
-1
-1
-1
-1
-1
-1
-1
-1
-1
-1
-1
-1
-1
-1
-1
-1
-1
-1
-1
-1
-1
-1
-1
-1
-1
-1
-1
-1
-1
-1
-1
-1
-1
-1
-1
-1
-1
-1
-1
-1
-1
-1
-1
-1
-1
-1
-1
-1
-1
-1
-1
-1
-1
-1
-1
-1
-1
-1
-1
-1
-1
-1
-1
-1
-1
-1
-1
-1
-1
-1
-1
-1
-1
-1
-1
-1
-1
-1
-1
-1
-1
-1
-1
-1
-1
-1
-1
-1
-1
-1
-1
-1
)
;

boundaryField
{
    leftWall
    {
        type            zeroGradient;
    }
    rightWall
    {
        type            zeroGradient;
    }
    lowerWall
    {
        type            zeroGradient;
    }
    atmosphere
    {
        type            zeroGradient;
    }
    defaultFaces
    {
        type            empty;
    }
}


// ************************************************************************* //
