/*--------------------------------*- C++ -*----------------------------------*\
| =========                 |                                                 |
| \\      /  F ield         | foam-extend: Open Source CFD                    |
|  \\    /   O peration     | Version:     4.1                                |
|   \\  /    A nd           | Web:         http://www.foam-extend.org         |
|    \\/     M anipulation  |                                                 |
\*---------------------------------------------------------------------------*/
FoamFile
{
    version     2.0;
    format      ascii;
    class       volScalarField;
    location    "0.05";
    object      C_0;
}
// * * * * * * * * * * * * * * * * * * * * * * * * * * * * * * * * * * * * * //

dimensions      [0 0 0 0 0 0 0];

internalField   nonuniform List<scalar> 
2268
(
1
1
1
1
1
1
1
1
0.999999
0.999937
0.995842
0.846541
-0.615745
-0.911488
-0.97455
-0.995774
-0.999654
-0.99999
-1
-1
-1
-1
-1
1
1
1
1
1
1
1
1
0.999999
0.999939
0.995536
0.831866
-0.585952
-0.919846
-0.987353
-0.998094
-0.999876
-0.999997
-1
-1
-1
-1
-1
1
1
1
1
1
1
1
1
1
0.999949
0.996203
0.860927
-0.643089
-0.972045
-0.997067
-0.99973
-0.999988
-1
-1
-1
-1
-1
-1
1
1
1
1
1
1
1
1
1
0.999969
0.996872
0.81398
-0.537135
-0.91731
-0.993497
-0.999773
-0.999998
-1
-1
-1
-1
-1
-1
1
1
1
1
1
1
1
1
1
0.99997
0.997585
0.857249
-0.624088
-0.975185
-0.999333
-0.999962
-0.999999
-1
-1
-1
-1
-1
-1
1
1
1
1
1
1
1
1
1
0.999963
0.997379
0.861115
-0.673932
-0.992812
-0.999746
-0.999989
-1
-1
-1
-1
-1
-1
-1
1
1
1
1
1
1
1
1
1
0.999959
0.996179
0.808248
-0.702698
-0.978699
-0.999659
-0.999992
-1
-1
-1
-1
-1
-1
-1
1
1
1
1
1
1
1
1
1
0.999969
0.997423
0.870047
-0.818134
-0.993478
-0.999798
-0.999994
-1
-1
-1
-1
-1
-1
-1
-1
-1
-1
-1
-1
-1
-1
-1
-1
-1
-1
-1
-1
-1
-1
-1
-1
-1
-1
-1
-1
-1
-1
-1
-1
-1
-1
-1
-1
-1
-1
-1
-1
-1
-1
-1
-1
-1
-1
-1
-1
-1
-1
-1
-1
-1
-1
-1
-1
-1
-1
-1
-1
-1
-1
-1
-1
-1
-1
-1
-1
-1
-1
-1
-1
-1
-1
-1
-1
-1
-1
-1
-1
-1
-1
-1
-1
-1
-1
-1
-1
-1
-1
-1
-1
-1
-1
-1
-1
-1
-1
-1
-1
-1
-1
-1
-1
-1
-1
-1
-1
-1
-1
-1
-1
-1
-1
-1
-1
-1
-1
-1
-1
-1
-1
-1
-1
-1
-1
-1
-1
-1
-1
-1
-1
-1
-1
-1
-1
-1
-1
-1
-1
-1
-1
-1
-1
-1
-1
-1
-1
-1
-1
-1
-1
-1
-1
-1
-1
-1
-1
-1
1
1
1
1
1
1
1
1
1
0.999962
0.996322
0.802561
-0.774354
-0.991365
-0.999836
-0.999997
-1
-1
-1
-1
-1
-1
-1
1
1
1
1
1
1
1
1
1
0.999971
0.997689
0.864239
-0.774934
-0.993809
-0.99989
-0.999998
-1
-1
-1
-1
-1
-1
-1
1
1
1
1
1
1
1
1
1
0.999971
0.99717
0.851395
-0.72243
-0.989628
-0.999765
-0.999997
-1
-1
-1
-1
-1
-1
-1
1
1
1
1
1
1
1
1
1
0.99998
0.997646
0.857805
-0.729363
-0.988024
-0.999662
-0.999995
-1
-1
-1
-1
-1
-1
-1
1
1
1
1
1
1
1
1
1
0.999992
0.998729
0.895016
-0.772998
-0.991529
-0.999806
-0.999997
-1
-1
-1
-1
-1
-1
-1
1
1
1
1
1
1
1
1
1
0.999997
0.999441
0.934101
-0.775149
-0.993591
-0.999837
-0.999997
-1
-1
-1
-1
-1
-1
-1
1
1
1
1
1
1
1
1
1
0.999999
0.99979
0.947359
-0.708418
-0.987802
-0.999652
-0.999991
-1
-1
-1
-1
-1
-1
-1
1
1
1
1
1
1
1
1
1
1
0.99983
0.952941
-0.715814
-0.989572
-0.999516
-0.999982
-1
-1
-1
-1
-1
-1
-1
1
1
1
1
1
1
1
1
1
0.999995
0.999013
0.905905
-0.636571
-0.972413
-0.998276
-0.999899
-0.999996
-1
-1
-1
-1
-1
-1
1
1
1
1
1
1
1
1
1
0.99999
0.998494
0.89208
-0.610898
-0.963187
-0.996382
-0.999735
-0.99999
-1
-1
-1
-1
-1
-1
1
1
1
1
1
1
1
1
1
0.999965
0.995037
0.766037
-0.454905
-0.901245
-0.992645
-0.999445
-0.999979
-1
-1
-1
-1
-1
-1
1
1
1
1
1
1
1
1
1
0.999952
0.995564
0.777989
-0.723286
-0.978514
-0.998256
-0.999837
-0.999995
-1
-1
-1
-1
-1
-1
1
1
1
1
1
1
1
1
0.999997
0.999629
0.976709
0.473026
-0.68752
-0.970463
-0.997729
-0.999882
-0.999997
-1
-1
-1
-1
-1
-1
1
1
1
1
1
1
1
1
0.999994
0.999592
0.97638
0.507826
-0.554333
-0.962155
-0.997765
-0.99993
-0.999999
-1
-1
-1
-1
-1
-1
1
1
1
1
1
1
1
1
0.999993
0.999762
0.986619
0.691829
-0.349612
-0.902899
-0.99008
-0.999414
-0.999987
-1
-1
-1
-1
-1
-1
0.999999
0.999999
0.999998
0.999998
0.999998
0.999996
0.999989
0.999994
0.999968
0.999444
0.984757
0.659821
-0.5011
-0.912118
-0.991767
-0.99955
-0.999988
-1
-1
-1
-1
-1
-1
0.999905
0.999902
0.999896
0.99989
0.999859
0.999367
0.999195
0.999744
0.999067
0.995496
0.953638
0.508404
-0.674692
-0.987973
-0.99973
-0.999965
-0.999999
-1
-1
-1
-1
-1
-1
0.995419
0.995185
0.99443
0.993096
0.98833
0.95495
0.966738
0.989034
0.97618
0.942193
0.662639
-0.143427
-0.546734
-0.951344
-0.997741
-0.999955
-0.999999
-1
-1
-1
-1
-1
-1
0.859452
0.848192
0.805466
0.675588
0.664918
0.259862
0.494586
0.542481
0.40399
0.397956
-0.227539
-0.804937
-0.782143
-0.962626
-0.988238
-0.99787
-0.999942
-1
-1
-1
-1
-1
-1
-0.431241
-0.50964
-0.572324
-0.710148
-0.742135
-0.755279
-0.520512
-0.591346
-0.760396
-0.669795
-0.705962
-0.952793
-0.953331
-0.998442
-0.999868
-0.999845
-0.999993
-1
-1
-1
-1
-1
-1
-0.922723
-0.937529
-0.961928
-0.97992
-0.986253
-0.979605
-0.952607
-0.951731
-0.983869
-0.97835
-0.973836
-0.993361
-0.999456
-0.999975
-0.999995
-0.999997
-1
-1
-1
-1
-1
-1
-1
-0.990079
-0.993068
-0.996428
-0.998585
-0.998964
-0.998836
-0.997345
-0.997426
-0.999402
-0.999307
-0.999366
-0.999626
-0.999979
-0.999999
-1
-1
-1
-1
-1
-1
-1
-1
-1
-0.999001
-0.999364
-0.999762
-0.999908
-0.99995
-0.999967
-0.999961
-0.99996
-0.999997
-0.999999
-0.999999
-0.999991
-0.999999
-1
-1
-1
-1
-1
-1
-1
-1
-1
-1
-0.999942
-0.999964
-0.999988
-0.999996
-0.999999
-1
-1
-1
-1
-1
-1
-1
-1
-1
-1
-1
-1
-1
-1
-1
-1
-1
-1
-0.999998
-0.999999
-1
-1
-1
-1
-1
-1
-1
-1
-1
-1
-1
-1
-1
-1
-1
-1
-1
-1
-1
-1
-1
-1
-1
-1
-1
-1
-1
-1
-1
-1
-1
-1
-1
-1
-1
-1
-1
-1
-1
-1
-1
-1
-1
-1
-1
-1
-1
-1
-1
-1
-1
-1
-1
-1
-1
-1
-1
-1
-1
-1
-1
-1
-1
-1
-1
-1
-1
-1
-1
-1
-1
-1
-1
-1
-1
-1
-1
-1
-1
-1
-1
-1
-1
-1
-1
-1
-1
-1
-1
-1
-1
-1
-1
-1
-1
-1
-1
-1
-1
-1
-1
-1
-1
-1
-1
-1
-1
-1
-1
-1
-1
-1
-1
-1
-1
-1
-1
-1
-1
-1
-1
-1
-1
-1
-1
-1
-1
-1
-1
-1
-1
-1
-1
-1
-1
-1
-1
-1
-1
-1
-1
-1
-1
-1
-1
-1
-1
-1
-1
-1
-1
-1
-1
-1
-1
-1
-1
-1
-1
-1
-1
-1
-1
-1
-1
-1
-1
-1
-1
-1
-1
-1
-1
-1
-1
-1
-1
-1
-1
-1
-1
-1
-1
-1
-1
-1
-1
-1
-1
-1
-1
-1
-1
-1
-1
-1
-1
-1
-1
-1
-1
-1
-1
-1
-1
-1
-1
-1
-1
-1
-1
-1
-1
-1
-1
-1
-1
-1
-1
-1
-1
-1
-1
-1
-1
-1
-1
-1
-1
-1
-1
-1
-1
-1
-1
-1
-1
-1
-1
-1
-1
-1
-1
-1
-1
-1
-1
-1
-1
-1
-1
-1
-1
-1
-1
-1
-1
-1
-1
-1
-1
-1
-1
-1
-1
-1
-1
-1
-1
-1
-1
-1
-1
-1
-1
-1
-1
-1
-1
-1
-1
-1
-1
-1
-1
-1
-1
-1
-1
-1
-1
-1
-1
-1
-1
-1
-1
-1
-1
-1
-1
-1
-1
-1
-1
-1
-1
-1
-1
-1
-1
-1
-1
-1
-1
-1
-1
-1
-1
-1
-1
-1
-1
-1
-1
-1
-1
-1
-1
-1
-1
-1
-1
-1
-1
-1
-1
-1
-1
-1
-1
-1
-1
-1
-1
-1
-1
-1
-1
-1
-1
-1
-1
-1
-1
-1
-1
-1
-1
-1
-1
-1
-1
-1
-1
-1
-1
-1
-1
-1
-1
-1
-1
-1
-1
-1
-1
-1
-1
-1
-1
-1
-1
-1
-1
-1
-1
-1
-1
-1
-1
-1
-1
-1
-1
-1
-1
-1
-1
-1
-1
-1
-1
-1
-1
-1
-1
-1
-1
-1
-1
-1
-1
-1
-1
-1
-1
-1
-1
-1
-1
-1
-1
-1
-1
-1
-1
-1
-1
-1
-1
-1
-1
-1
-1
-1
-1
-1
-1
-1
-1
-1
-1
-1
-1
-1
-1
-1
-1
-1
-1
-1
-1
-1
-1
-1
-1
-1
-1
-1
-1
-1
-1
-1
-1
-1
-1
-1
-1
-1
-1
-1
-1
-1
-1
-1
-1
-1
-1
-1
-1
-1
-1
-1
-1
-1
-1
-1
-1
-1
-1
-1
-1
-1
-1
-1
-1
-1
-1
-1
-1
-1
-1
-1
-1
-1
-1
-1
-1
-1
-1
-1
-1
-1
-1
-1
-1
-1
-1
-1
-1
-1
-1
-1
-1
-1
-1
-1
-1
-1
-1
-1
-1
-1
-1
-1
-1
-1
-1
-1
-1
-1
-1
-1
-1
-1
-1
-1
-1
-1
-1
-1
-1
-1
-1
-1
-1
-1
-1
-1
-1
-1
-1
-1
-1
-1
-1
-1
-1
-1
-1
-1
-1
-1
-1
-1
-1
-1
-1
-1
-1
-1
-1
-1
-1
-1
-1
-1
-1
-1
-1
-1
-1
-1
-1
-1
-1
-1
-1
-1
-1
-1
-1
-1
-1
-1
-1
-1
-1
-1
-1
-1
-1
-1
-1
-1
-1
-1
-1
-1
-1
-1
-1
-1
-1
-1
-1
-1
-1
-1
-1
-1
-1
-1
-1
-1
-1
-1
-1
-1
-1
-1
-1
-1
-1
-1
-1
-1
-1
-1
-1
-1
-1
-1
-1
-1
-1
-1
-1
-1
-1
-1
-1
-1
-1
-1
-1
-1
-1
-1
-1
-1
-1
-1
-1
-1
-1
-1
-1
-1
-1
-1
-1
-1
-1
-1
-1
-1
-1
-1
-1
-1
-1
-1
-1
-1
-1
-1
-1
-1
-1
-1
-1
-1
-1
-1
-1
-1
-1
-1
-1
-1
-1
-1
-1
-1
-1
-1
-1
-1
-1
-1
-1
-1
-1
-1
-1
-1
-1
-1
-1
-1
-1
-1
-1
-1
-1
-1
-1
-1
-1
-1
-1
-1
-1
-1
-1
-1
-1
-1
-1
-1
-1
-1
-1
-1
-1
-1
-1
-1
-1
-1
-1
-1
-1
-1
-1
-1
-1
-1
-1
-1
-1
-1
-1
-1
-1
-1
-1
-1
-1
-1
-1
-1
-1
-1
-1
-1
-1
-1
-1
-1
-1
-1
-1
-1
-1
-1
-1
-1
-1
-1
-1
-1
-1
-1
-1
-1
-1
-1
-1
-1
-1
-1
-1
-1
-1
-1
-1
-1
-1
-1
-1
-1
-1
-1
-1
-1
-1
-1
-1
-1
-1
-1
-1
-1
-1
-1
-1
-1
-1
-1
-1
-1
-1
-1
-1
-1
-1
-1
-1
-1
-1
-1
-1
-1
-1
-1
-1
-1
-1
-1
-1
-1
-1
-1
-1
-1
-1
-1
-1
-1
-1
-1
-1
-1
-1
-1
-1
-1
-1
-1
-1
-1
-1
-1
-1
-1
-1
-1
-1
-1
-1
-1
-1
-1
-1
-1
-1
-1
-1
-1
-1
-1
-1
-1
-1
-1
-1
-1
-1
-1
-1
-1
-1
-1
-1
-1
-1
-1
-1
-1
-1
-1
-1
-1
-1
-1
-1
-1
-1
-1
-1
-1
-1
-1
-1
-1
-1
-1
-1
-1
-1
-1
-1
-1
-1
-1
-1
-1
-1
-1
-1
-1
-1
-1
-1
-1
-1
-1
-1
-1
-1
-1
-1
-1
-1
-1
-1
-1
-1
-1
-1
-1
-1
-1
-1
-1
-1
-1
-1
-1
-1
-1
-1
-1
-1
-1
-1
-1
-1
-1
-1
-1
-1
-1
-1
-1
-1
-1
-1
-1
-1
-1
-1
-1
-1
-1
-1
-1
-1
-1
-1
-1
-1
-1
-1
-1
-1
-1
-1
-1
-1
-1
-1
-1
-1
-1
-1
-1
-1
-1
-1
-1
-1
-1
-1
-1
-1
-1
-1
-1
-1
-1
-1
-1
-1
-1
-1
-1
-1
-1
-1
-1
-1
-1
-1
-1
-1
-1
-1
-1
-1
-1
-1
-1
-1
-1
-1
-1
-1
-1
-1
-1
-1
-1
-1
-1
-1
-1
-1
-1
-1
-1
-1
-1
-1
-1
-1
-1
-1
-1
-1
-1
-1
-1
-1
-1
-1
-1
-1
-1
-1
-1
-1
-1
-1
-1
-1
-1
-1
-1
-1
-1
-1
-1
-1
-1
-1
-1
-1
-1
-1
-1
-1
-1
-1
-1
-1
-1
-1
-1
-1
-1
-1
-1
-1
-1
-1
-1
-1
-1
-1
-1
-1
-1
-1
-1
-1
-1
-1
-1
-1
-1
-1
-1
-1
-1
-1
-1
-1
-1
-1
-1
-1
-1
-1
-1
-1
-1
-1
-1
-1
-1
-1
-1
-1
-1
-1
-1
-1
-1
-1
-1
-1
-1
-1
-1
-1
-1
-1
-1
-1
-1
-1
-1
-1
-1
-1
-1
-1
-1
-1
-1
-1
-1
-1
-1
-1
-1
-1
-1
-1
-1
-1
-1
-1
-1
-1
-1
-1
-1
-1
-1
-1
-1
-1
-1
-1
-1
-1
-1
-1
-1
-1
-1
-1
-1
-1
-1
-1
-1
-1
-1
-1
-1
-1
-1
-1
-1
-1
-1
-1
-1
-1
-1
-1
-1
-1
-1
-1
-1
-1
-1
-1
-1
-1
-1
-1
-1
-1
-1
-1
-1
-1
-1
-1
-1
-1
-1
-1
-1
-1
-1
-1
-1
-1
-1
-1
-1
-1
-1
-1
-1
-1
-1
-1
-1
-1
-1
-1
-1
-1
-1
-1
-1
-1
-1
-1
-1
-1
-1
-1
-1
-1
-1
-1
-1
-1
-1
-1
-1
-1
-1
-1
-1
-1
-1
-1
-1
-1
-1
-1
-1
-1
-1
-1
-1
-1
-1
-1
-1
-1
-1
-1
-1
-1
-1
-1
-1
-1
-1
-1
-1
-1
-1
-1
-1
-1
-1
-1
-1
-1
-1
-1
-1
-1
-1
-1
-1
-1
-1
-1
-1
-1
-1
-1
-1
)
;

boundaryField
{
    leftWall
    {
        type            zeroGradient;
    }
    rightWall
    {
        type            zeroGradient;
    }
    lowerWall
    {
        type            zeroGradient;
    }
    atmosphere
    {
        type            zeroGradient;
    }
    defaultFaces
    {
        type            empty;
    }
}


// ************************************************************************* //
