/*--------------------------------*- C++ -*----------------------------------*\
| =========                 |                                                 |
| \\      /  F ield         | foam-extend: Open Source CFD                    |
|  \\    /   O peration     | Version:     4.1                                |
|   \\  /    A nd           | Web:         http://www.foam-extend.org         |
|    \\/     M anipulation  |                                                 |
\*---------------------------------------------------------------------------*/
FoamFile
{
    version     2.0;
    format      ascii;
    class       volVectorField;
    location    "0.9";
    object      U;
}
// * * * * * * * * * * * * * * * * * * * * * * * * * * * * * * * * * * * * * //

dimensions      [0 1 -1 0 0 0 0];

internalField   nonuniform List<vector> 
2268
(
(-0.0506934 -0.0100096 0)
(-0.0741789 0.0667869 0)
(-0.243853 0.00536541 0)
(-0.234372 -0.00929588 0)
(-0.348612 -0.0557154 0)
(-0.211713 -0.0531507 0)
(0.00390768 -0.00993064 0)
(-0.137797 -0.040775 0)
(0.115414 -0.0594942 0)
(-0.0522737 0.0943128 0)
(-0.175732 0.00749305 0)
(-0.137256 0.0153377 0)
(-0.13368 -0.0228135 0)
(-0.0998009 -0.0234664 0)
(-0.0640165 0.000100464 0)
(-0.0436649 -0.00290689 0)
(-0.00226095 0.00198118 0)
(0.00141399 0.00609107 0)
(-0.0267739 0.00419363 0)
(-0.0304011 -0.0134087 0)
(-0.00623214 -0.0143864 0)
(0.0130958 0.00250412 0)
(-0.0278889 -0.0147816 0)
(-0.109035 0.0698818 0)
(-0.212052 0.150121 0)
(-0.395078 0.0655936 0)
(-0.261464 0.0470368 0)
(-0.356692 -0.0592069 0)
(-0.348602 -0.0432989 0)
(-0.575181 -0.0147704 0)
(-0.676272 -0.00725977 0)
(-0.386818 0.0125929 0)
(-0.217966 0.0571128 0)
(-0.183733 0.0236372 0)
(-0.202922 -0.0242774 0)
(-0.166004 0.00350486 0)
(-0.11368 -0.117001 0)
(-0.0553788 -0.0261023 0)
(-0.0394446 -0.0125612 0)
(-0.0138137 -0.0137431 0)
(-0.00245617 0.000223556 0)
(0.0179753 0.00217013 0)
(0.0295034 0.018503 0)
(0.0131458 -0.00661886 0)
(0.0133128 0.00579721 0)
(0.0215032 0.00847206 0)
(-0.143071 0.130786 0)
(-0.268904 0.0638863 0)
(-0.332597 0.0898348 0)
(-0.262514 0.109931 0)
(-0.297073 -0.0358065 0)
(-0.260168 -0.00151745 0)
(-0.513605 -0.0829886 0)
(-0.589062 -0.0652035 0)
(-0.251698 -0.0318651 0)
(-0.0867211 -0.0939962 0)
(-0.061059 0.0733425 0)
(-0.259563 -0.0675433 0)
(-0.260493 0.00483954 0)
(-0.18695 -0.104171 0)
(-0.0585162 -0.0171973 0)
(-0.0556627 -0.0344517 0)
(-0.0192969 -0.00165604 0)
(-0.00939514 -0.00990442 0)
(0.0188938 -0.000546067 0)
(0.0373826 -0.00399733 0)
(0.0143899 -0.0133324 0)
(0.0115773 -0.000458886 0)
(0.0165614 0.00491515 0)
(-0.202925 0.166272 0)
(-0.303588 0.0991028 0)
(-0.313264 0.129518 0)
(-0.311164 0.0282173 0)
(-0.324386 -0.00281943 0)
(-0.262738 0.0381657 0)
(-0.445316 -0.102542 0)
(-0.484392 -0.0789563 0)
(-0.306641 -0.0457061 0)
(-0.305087 -0.0208857 0)
(-0.136737 0.101669 0)
(-0.316143 -0.0325996 0)
(-0.278533 -0.00524736 0)
(-0.221386 -0.123769 0)
(-0.0879686 -0.130555 0)
(-0.0998166 -0.0217968 0)
(-0.0356368 -0.0266478 0)
(-0.027589 -0.0116341 0)
(0.0213352 -0.0108534 0)
(0.0341855 0.000928174 0)
(0.0161873 0.00289864 0)
(0.00806593 0.00486345 0)
(0.00909331 0.0163112 0)
(-0.27094 0.241247 0)
(-0.28547 0.268488 0)
(-0.265146 0.182513 0)
(-0.273713 0.0274344 0)
(-0.357995 0.0830436 0)
(-0.357009 0.0212442 0)
(-0.479696 -0.14315 0)
(-0.526039 -0.123375 0)
(-0.454012 -0.173824 0)
(-0.339468 -0.072085 0)
(-0.308782 0.0871985 0)
(-0.349272 -0.0419488 0)
(-0.282298 -0.0668707 0)
(-0.26896 -0.19196 0)
(-0.0781739 -0.144784 0)
(-0.0503735 -0.0246786 0)
(-0.0658408 -0.0243444 0)
(-0.0447996 -0.0382901 0)
(0.0163905 -0.0162175 0)
(0.0250472 -0.0153326 0)
(-0.000743151 -0.00152254 0)
(0.0121357 0.0179368 0)
(0.00609302 0.0356847 0)
(-0.316485 0.311471 0)
(-0.170458 0.286695 0)
(-0.130316 0.148493 0)
(0.0488264 0.0284739 0)
(-0.287857 0.155542 0)
(-0.306672 0.0686747 0)
(-0.386748 -0.128039 0)
(-0.565532 -0.0856137 0)
(-0.523215 -0.160096 0)
(-0.318714 -0.0653578 0)
(-0.339331 0.112425 0)
(-0.371693 -0.0683859 0)
(-0.276645 -0.131851 0)
(-0.245447 -0.242613 0)
(-0.106496 -0.110682 0)
(-0.038037 -0.0206667 0)
(-0.0802032 -0.0645998 0)
(-0.0579229 -0.0259711 0)
(0.0113659 -0.0282658 0)
(0.0226972 0.00178204 0)
(0.0157853 0.000730369 0)
(0.0189652 0.00246324 0)
(-0.0120893 -0.0117495 0)
(-0.347726 0.363229 0)
(-0.18317 0.123327 0)
(-0.165644 0.0810971 0)
(-0.277171 0.124372 0)
(-0.297879 0.1601 0)
(-0.237536 0.0518267 0)
(-0.247133 -0.102738 0)
(-0.385464 -0.109504 0)
(-0.400406 -0.0805285 0)
(-0.256242 -0.0416789 0)
(-0.341252 -0.0163666 0)
(-0.301294 -0.017441 0)
(-0.260844 -0.0424315 0)
(-0.18395 -0.240967 0)
(-0.161518 -0.212203 0)
(-0.145611 -0.0130554 0)
(-0.117232 -0.140125 0)
(-0.0388722 -0.0568979 0)
(0.0110193 -0.0577089 0)
(0.0314957 -0.00556909 0)
(0.00445579 -0.00643117 0)
(0.029576 0.0572959 0)
(-0.020116 0.0786272 0)
(-0.348275 0.529097 0)
(0.179463 0.144463 0)
(-0.190656 0.128181 0)
(-0.209881 0.180526 0)
(-0.187555 0.137814 0)
(-0.0442654 0.0496718 0)
(-0.131771 -0.0617914 0)
(-0.214889 -0.174087 0)
(-0.279042 -0.0307055 0)
(-0.171356 -0.12072 0)
(-0.241403 0.0309949 0)
(-0.322334 -0.0933451 0)
(-0.266965 0.00100021 0)
(-0.188731 -0.343935 0)
(-0.220298 -0.192785 0)
(-0.144363 -0.0520032 0)
(-0.137889 -0.139617 0)
(-0.0171518 -0.0766144 0)
(-0.0217387 -0.0481317 0)
(-0.0174717 0.0147058 0)
(0.0800495 -0.0146733 0)
(0.113329 0.020878 0)
(-0.00455881 -0.0595332 0)
(-0.363989 0.112328 0)
(-0.445866 0.0475058 0)
(-0.712712 0.0714549 0)
(-0.955986 0.0380685 0)
(-1.00571 -0.049384 0)
(-0.9428 -0.00361474 0)
(-0.982539 0.0362967 0)
(-1.21154 -0.153019 0)
(-1.32142 -0.0754678 0)
(-1.21006 -0.119144 0)
(-1.22221 0.0206587 0)
(-1.16534 0.137474 0)
(-1.07342 -0.0417192 0)
(-1.02885 -0.00880637 0)
(-1.02059 0.000868331 0)
(-0.844984 -0.150374 0)
(-0.743594 -0.165858 0)
(-0.574611 0.043625 0)
(-0.0885758 -0.0916623 0)
(-0.313953 0.276149 0)
(-0.378061 0.106147 0)
(-0.623789 0.097316 0)
(-0.911709 0.0728153 0)
(-0.963884 0.039643 0)
(-0.816654 0.037993 0)
(-1.02121 -0.0177712 0)
(-1.25201 -0.105273 0)
(-1.35716 0.0337723 0)
(-1.15179 0.0925839 0)
(-1.07103 0.0371124 0)
(-1.14568 0.1276 0)
(-0.995794 0.0269588 0)
(-0.895367 -0.0111171 0)
(-0.957548 -0.0410117 0)
(-0.738458 0.00877261 0)
(-0.525198 -0.199093 0)
(-0.390409 -0.047609 0)
(-0.0837581 -0.203583 0)
(-0.380469 0.628764 0)
(-0.340677 0.320156 0)
(-0.273134 0.245335 0)
(-0.792465 -0.0100279 0)
(-0.980177 0.20217 0)
(-0.853568 -0.0209781 0)
(-0.948855 -0.127045 0)
(-1.06656 -0.0620698 0)
(-1.09591 -0.0644677 0)
(-1.04667 0.154223 0)
(-0.938455 -0.0817557 0)
(-0.942025 -0.0919674 0)
(-0.915934 0.15915 0)
(-0.751618 -0.14446 0)
(-0.739375 -0.263738 0)
(-0.69215 -0.0526118 0)
(-0.360758 -0.260333 0)
(-0.24769 -0.163039 0)
(0.0206289 -0.277268 0)
(-0.386564 0.708264 0)
(-0.218251 0.603253 0)
(-0.39041 0.280698 0)
(-0.820591 0.229524 0)
(-0.946029 0.334396 0)
(-0.846236 0.0476317 0)
(-0.954809 -0.102962 0)
(-1.06542 -0.188203 0)
(-1.07784 0.049268 0)
(-1.01719 -0.000701493 0)
(-0.940616 0.0621245 0)
(-0.770977 0.0251297 0)
(-0.79266 0.0523161 0)
(-0.408239 -0.066631 0)
(-0.237453 -0.34473 0)
(-0.180093 -0.249007 0)
(-0.0810942 -0.483523 0)
(-0.154668 -0.213686 0)
(0.0484555 -0.306984 0)
(-0.340399 0.863507 0)
(-0.306688 0.668098 0)
(-0.401817 0.294497 0)
(-0.718853 0.207664 0)
(-0.800333 0.244756 0)
(-0.68594 0.2667 0)
(-0.75592 -0.0672601 0)
(-0.922747 -0.120554 0)
(-0.945384 0.092113 0)
(-0.839448 -0.0699965 0)
(-0.657587 0.0947454 0)
(-0.38337 -0.149899 0)
(-0.394087 -0.21152 0)
(-0.233162 -0.152779 0)
(-5.04235e-05 -0.475835 0)
(0.0978777 -0.386909 0)
(0.060819 -0.641476 0)
(0.143328 -0.263758 0)
(0.0882627 -0.280904 0)
(-0.425006 0.976458 0)
(-0.279393 0.820077 0)
(-0.398228 0.350915 0)
(-0.528639 0.193783 0)
(-0.620668 0.333484 0)
(-0.39882 0.232706 0)
(-0.465629 -0.129727 0)
(-0.620127 0.0156714 0)
(-0.569935 -0.140541 0)
(-0.601043 0.0641756 0)
(-0.455065 -0.0133692 0)
(0.0152829 -0.103838 0)
(-0.249804 -0.134432 0)
(0.244627 -0.2494 0)
(0.214641 -0.401662 0)
(0.301826 -0.263555 0)
(0.351116 -0.311266 0)
(0.297916 -0.253361 0)
(0.144616 -0.217656 0)
(-0.3552 1.19248 0)
(-0.400817 0.945518 0)
(-0.425151 0.399628 0)
(-0.371771 0.28024 0)
(-0.431551 0.513701 0)
(-0.218936 0.20509 0)
(-0.368172 -0.0515665 0)
(-0.420101 -0.0248489 0)
(-0.247155 -0.0685148 0)
(-0.226479 -0.238095 0)
(-0.248712 0.00591273 0)
(0.125098 -0.325353 0)
(-0.0505666 -0.0962175 0)
(0.402902 -0.385599 0)
(0.385484 -0.423486 0)
(0.449102 -0.278417 0)
(0.387721 -0.150272 0)
(0.341563 -0.242702 0)
(0.179345 -0.186139 0)
(-0.485032 1.28768 0)
(-0.626215 0.777068 0)
(-0.515001 0.357474 0)
(-0.177477 0.344165 0)
(-0.172948 0.420057 0)
(-0.0221293 0.321052 0)
(-0.207097 0.00682326 0)
(-0.300869 -0.0169001 0)
(-0.200428 -0.171147 0)
(-0.127101 -0.144582 0)
(-0.160535 -0.194842 0)
(0.0933516 -0.36043 0)
(0.322429 -0.263496 0)
(0.467079 -0.43782 0)
(0.449773 -0.368732 0)
(0.502008 -0.238502 0)
(0.412177 -0.113748 0)
(0.375539 -0.151466 0)
(0.196819 -0.110187 0)
(-0.301207 0.499798 0)
(0.274153 0.130039 0)
(-0.291941 0.160105 0)
(-0.0794623 0.19165 0)
(-0.150403 0.19997 0)
(-0.0290696 0.0662783 0)
(-0.200835 -0.0184108 0)
(-0.222217 -0.0784577 0)
(-0.355004 -0.0441033 0)
(-0.376682 -0.124419 0)
(-0.333575 -0.0131159 0)
(-0.335644 -0.146514 0)
(-0.0256251 0.102334 0)
(-0.167397 -0.364764 0)
(-0.233342 -0.143428 0)
(-0.143721 -0.141767 0)
(-0.11096 -0.127593 0)
(-0.0784827 -0.11405 0)
(-0.0977101 -0.0699048 0)
(0.00690545 -0.14458 0)
(0.147521 -0.122481 0)
(-0.0795549 0.31989 0)
(-0.282794 0.314462 0)
(-0.0386529 0.474097 0)
(0.178807 0.198213 0)
(-0.132304 0.217467 0)
(-0.0304147 0.163044 0)
(-0.0713545 0.215532 0)
(0.000718818 0.149247 0)
(-0.0657072 0.00926925 0)
(-0.115091 0.0762234 0)
(-0.256512 -0.0183284 0)
(-0.366309 0.00840077 0)
(-0.25911 -0.199157 0)
(-0.248896 -0.140465 0)
(-0.406909 -0.194305 0)
(-0.407399 -0.252428 0)
(-0.319089 -0.208441 0)
(-0.352362 -0.229422 0)
(-0.378688 -0.21519 0)
(-0.372241 -0.182618 0)
(-0.418999 -0.125989 0)
(-0.481146 -0.144521 0)
(-0.584046 0.125254 0)
(-0.800763 0.246084 0)
(-0.82407 0.353191 0)
(-0.0362507 0.437465 0)
(-0.110359 0.215201 0)
(-0.0515433 0.264101 0)
(0.0582768 0.172819 0)
(0.0251325 0.149429 0)
(-0.0559455 0.00680851 0)
(-0.0343269 0.0344731 0)
(-0.0616233 0.11432 0)
(-0.0302031 0.09661 0)
(-0.205056 0.1104 0)
(-0.250142 -0.132011 0)
(-0.178666 -0.0693946 0)
(-0.373978 -0.0156575 0)
(-0.420876 0.0446346 0)
(-0.540788 -0.0542128 0)
(-0.550273 -0.0771329 0)
(-0.533726 -0.0998908 0)
(-0.615598 0.0680416 0)
(-0.820269 -0.00262333 0)
(-0.856417 -0.067868 0)
(-0.805095 0.130378 0)
(-0.858786 0.236173 0)
(-0.82884 0.397652 0)
(-0.0378831 0.502935 0)
(-0.100199 0.230481 0)
(-0.0763568 0.283493 0)
(-0.0975557 0.109754 0)
(-0.00782603 0.18304 0)
(-0.123193 0.100623 0)
(-0.17332 0.0207962 0)
(-0.200379 -0.00956213 0)
(-0.0948092 0.047812 0)
(0.0145884 0.145183 0)
(-0.221214 0.0187419 0)
(-0.296219 0.0123402 0)
(-0.472457 0.0485652 0)
(-0.516449 0.0728056 0)
(-0.603126 -0.000324804 0)
(-0.620672 -0.128483 0)
(-0.545304 -0.145168 0)
(-0.784572 0.0319798 0)
(-1.09046 0.121361 0)
(-0.83827 0.0333242 0)
(-0.687117 0.0809471 0)
(-0.678571 0.179241 0)
(-0.748573 0.231342 0)
(-0.0528865 0.585902 0)
(0.00466489 0.263714 0)
(0.0519586 0.303828 0)
(-0.0385582 0.153476 0)
(-0.0674722 0.177055 0)
(-0.104256 0.219917 0)
(-0.164327 0.0577671 0)
(-0.362368 -0.0968686 0)
(-0.407714 0.0775891 0)
(-0.208991 0.163032 0)
(-0.448222 0.227214 0)
(-0.471652 0.14599 0)
(-0.458792 0.20135 0)
(-0.423896 0.135184 0)
(-0.753355 -0.0843793 0)
(-0.850722 -0.194616 0)
(-0.558499 -0.081595 0)
(-0.474696 -0.1087 0)
(-0.901129 0.122838 0)
(-0.995843 0.248151 0)
(-0.68875 0.1168 0)
(-0.625266 -0.0153554 0)
(-0.672298 -0.0481935 0)
(-0.00619316 0.57409 0)
(0.0531495 0.389574 0)
(0.0304217 0.3851 0)
(-0.0278388 0.136586 0)
(-0.107383 0.26146 0)
(-0.176719 0.487568 0)
(0.0346129 0.220622 0)
(-0.193728 -0.0306038 0)
(-0.391917 0.310339 0)
(-0.329879 0.387182 0)
(-0.500832 0.347595 0)
(-0.42843 0.210627 0)
(-0.322836 0.315594 0)
(-0.517082 0.174731 0)
(-0.678855 -0.159981 0)
(-0.589287 -0.0344876 0)
(-0.487596 0.1298 0)
(-0.607243 0.12434 0)
(-0.683476 0.0580355 0)
(-0.783538 0.243218 0)
(-0.79268 0.274437 0)
(-0.830213 0.196095 0)
(-0.93999 0.259409 0)
(0.0578326 0.512898 0)
(0.0884848 0.328197 0)
(-0.081145 0.396106 0)
(0.00132375 0.275226 0)
(0.0628497 0.477483 0)
(-0.101957 0.363925 0)
(-0.10073 0.171039 0)
(-0.259399 0.135931 0)
(-0.310782 0.316074 0)
(-0.189183 0.28207 0)
(-0.407711 0.392211 0)
(-0.556468 0.444922 0)
(-0.424156 0.366223 0)
(-0.547114 0.181764 0)
(-0.551766 -0.0355375 0)
(-0.599536 0.068485 0)
(-0.574916 0.0813557 0)
(-0.63496 0.179315 0)
(-0.6956 0.180076 0)
(-0.803027 0.277803 0)
(-0.885646 0.287766 0)
(-0.884475 0.473155 0)
(-1.16303 0.608548 0)
(0.0390911 0.396992 0)
(0.0923478 0.220967 0)
(0.00876628 0.462621 0)
(0.0245678 0.324706 0)
(0.055135 0.500968 0)
(-0.0436023 0.351314 0)
(-0.161378 0.198962 0)
(-0.206181 0.246314 0)
(-0.361762 0.511944 0)
(-0.337977 0.305621 0)
(-0.225699 0.543065 0)
(-0.290136 0.888466 0)
(-0.314268 0.322303 0)
(-0.523324 0.216911 0)
(-0.508706 -0.0679859 0)
(-0.598803 0.0420912 0)
(-0.717907 0.134172 0)
(-0.759591 0.15987 0)
(-0.828674 0.170332 0)
(-0.900302 0.267426 0)
(-0.955681 0.40645 0)
(-1.25895 0.60133 0)
(-1.40124 0.629993 0)
(0.0636538 0.415621 0)
(0.172211 0.347917 0)
(0.169849 0.439614 0)
(0.0539321 0.292978 0)
(0.0241587 0.400313 0)
(-0.115418 0.410769 0)
(-0.182593 0.370601 0)
(-0.0939713 0.472727 0)
(-0.110452 0.435638 0)
(-0.170804 0.189253 0)
(-0.0842444 0.187776 0)
(-0.156981 0.681084 0)
(-0.25886 0.287359 0)
(-0.517853 0.265771 0)
(-0.501882 0.161629 0)
(-0.671083 0.208422 0)
(-0.822622 0.238016 0)
(-0.9353 0.276838 0)
(-1.03921 0.364045 0)
(-1.10695 0.389329 0)
(-1.2047 0.451106 0)
(-1.30476 0.528129 0)
(-1.45626 0.623096 0)
(0.0427865 0.574623 0)
(0.00990811 0.504386 0)
(0.0779911 0.356314 0)
(0.00385336 0.350041 0)
(-0.0512407 0.405082 0)
(-0.131771 0.423406 0)
(0.0599339 0.306613 0)
(0.0254016 0.206536 0)
(0.227975 0.176169 0)
(0.0503528 0.319783 0)
(-0.388329 0.161286 0)
(-0.33344 0.445188 0)
(-0.237202 0.509544 0)
(-0.539035 0.496984 0)
(-0.64247 0.392618 0)
(-0.848437 0.409032 0)
(-0.857003 0.37006 0)
(-0.914081 0.429925 0)
(-1.20474 0.544235 0)
(-1.30592 0.453836 0)
(-1.19235 0.511027 0)
(-1.12858 0.550434 0)
(-1.15639 0.611795 0)
(0.0792238 0.438382 0)
(-0.0432275 0.374397 0)
(-0.166365 0.314983 0)
(-0.0130861 0.554361 0)
(-0.174075 0.333979 0)
(-0.216588 0.400929 0)
(-0.298959 0.508524 0)
(-0.303648 0.543508 0)
(-0.225334 0.571145 0)
(-0.35482 0.622868 0)
(-0.785391 0.485889 0)
(-0.652936 0.719728 0)
(-0.622557 0.660476 0)
(-0.884587 0.520084 0)
(-1.06193 0.531676 0)
(-1.16641 0.561992 0)
(-1.05728 0.649967 0)
(-0.999805 0.524433 0)
(-1.32261 0.537701 0)
(-1.38249 0.592096 0)
(-1.13187 0.727665 0)
(-1.08455 0.738224 0)
(-1.1693 0.529527 0)
(0.0218063 0.438901 0)
(-0.137946 0.449603 0)
(-0.275194 0.731785 0)
(-0.720957 0.659016 0)
(-0.977156 0.544483 0)
(-0.984664 0.382149 0)
(-0.950411 0.321155 0)
(-0.812351 0.363822 0)
(-0.885892 0.2052 0)
(-1.16981 0.231714 0)
(-1.27167 0.483055 0)
(-1.06001 0.624972 0)
(-1.06225 0.621793 0)
(-1.08527 0.639306 0)
(-1.18232 0.537923 0)
(-1.1578 0.630421 0)
(-1.09044 0.661475 0)
(-1.1001 0.542767 0)
(-1.26941 0.643277 0)
(-1.27911 0.746405 0)
(-1.17272 0.734796 0)
(-1.14263 0.611798 0)
(-1.31065 0.500053 0)
(-0.00829815 0.515046 0)
(-0.138263 0.677069 0)
(-0.761096 1.02576 0)
(-1.03855 0.718703 0)
(-1.12951 0.519953 0)
(-1.06617 0.357428 0)
(-1.01727 0.330339 0)
(-1.44633 0.34219 0)
(-1.63637 0.325565 0)
(-1.43072 0.448257 0)
(-1.42218 0.629507 0)
(-1.43091 0.657433 0)
(-1.36444 0.714608 0)
(-1.50391 0.81214 0)
(-1.46981 0.776079 0)
(-1.30016 0.904403 0)
(-1.39836 0.730365 0)
(-1.40476 0.680155 0)
(-1.34494 0.741411 0)
(-1.3737 0.734427 0)
(-1.26253 0.596925 0)
(-1.12443 0.285784 0)
(-1.02418 0.0805746 0)
(0.00437775 0.741299 0)
(-0.42985 1.04663 0)
(-0.863419 1.32877 0)
(-1.16052 0.943515 0)
(-1.03764 0.576444 0)
(-1.0372 0.412704 0)
(-1.30843 0.310935 0)
(-1.53842 0.293181 0)
(-1.59384 0.473002 0)
(-1.56443 0.57903 0)
(-1.65383 0.573747 0)
(-1.66304 0.600139 0)
(-1.6239 0.620908 0)
(-1.68765 0.78722 0)
(-1.66129 0.85747 0)
(-1.73336 0.874745 0)
(-1.83333 0.791306 0)
(-1.44555 0.786113 0)
(-1.32793 0.693737 0)
(-1.35421 0.602554 0)
(-1.10554 0.467865 0)
(-0.807601 0.107301 0)
(-0.695382 -0.0823591 0)
(-0.0530549 1.20117 0)
(-0.248154 1.3783 0)
(-0.655663 1.48992 0)
(-0.999205 1.10187 0)
(-1.09771 0.885868 0)
(-1.23096 0.549371 0)
(-1.51488 0.504415 0)
(-1.55936 0.430473 0)
(-1.54074 0.552775 0)
(-1.74152 0.630234 0)
(-1.91296 0.702236 0)
(-1.97436 0.62396 0)
(-1.86715 0.542146 0)
(-1.80275 0.58272 0)
(-1.81016 0.601505 0)
(-1.81048 0.57182 0)
(-1.69396 0.710523 0)
(-1.33621 0.598826 0)
(-1.21757 0.333507 0)
(-1.00829 0.29222 0)
(-0.839565 0.175365 0)
(-0.605385 -0.0499971 0)
(-0.537068 -0.183758 0)
(-0.0204342 1.50125 0)
(-0.284929 1.55725 0)
(-0.533279 1.56854 0)
(-0.807213 1.23951 0)
(-1.01687 1.00191 0)
(-1.24317 0.694262 0)
(-1.40077 0.630834 0)
(-1.36149 0.546876 0)
(-1.34438 0.535778 0)
(-1.52039 0.579394 0)
(-1.90868 0.692036 0)
(-2.13505 0.699146 0)
(-1.7373 0.646445 0)
(-1.49232 0.487242 0)
(-1.43949 0.343895 0)
(-1.262 0.328617 0)
(-1.16196 0.394986 0)
(-0.978474 0.381536 0)
(-0.916967 0.285001 0)
(-0.749975 0.178556 0)
(-0.633722 0.0215331 0)
(-0.141951 -0.209005 0)
(-0.134726 -0.271646 0)
(-0.132074 1.79922 0)
(-0.144724 1.81227 0)
(-0.203904 1.75173 0)
(-0.343408 1.47575 0)
(-0.668925 1.18478 0)
(-1.06388 0.83778 0)
(-1.38347 0.759042 0)
(-1.42423 0.812002 0)
(-1.30412 0.715322 0)
(-1.34985 0.667092 0)
(-1.74015 0.594794 0)
(-1.82951 0.683364 0)
(-1.35748 0.7402 0)
(-1.16601 0.391985 0)
(-1.14156 0.33387 0)
(-1.14557 0.321593 0)
(-1.16372 0.380363 0)
(-1.20077 0.302889 0)
(-1.28233 0.276315 0)
(-0.666573 0.2218 0)
(-0.318475 -0.430625 0)
(-0.123126 -0.515524 0)
(-0.150759 -0.590006 0)
(-0.0814311 2.09998 0)
(-0.0921284 1.8476 0)
(0.0172761 1.76533 0)
(-0.0492633 1.53491 0)
(-0.444111 1.35634 0)
(-1.0226 1.02768 0)
(-1.12864 0.927226 0)
(-1.17344 1.06004 0)
(-1.16087 1.00118 0)
(-1.33093 0.722497 0)
(-1.4115 0.595259 0)
(-1.33434 0.627846 0)
(-1.22769 0.619622 0)
(-1.23276 0.36445 0)
(-1.1902 0.366981 0)
(-1.38798 0.412418 0)
(-1.51471 0.368683 0)
(-1.27114 -0.109514 0)
(-0.874447 -0.0834804 0)
(-0.621104 -0.688903 0)
(-0.486194 -0.827753 0)
(-0.330257 -0.853889 0)
(-0.279462 -0.961894 0)
(-0.292832 2.32039 0)
(-0.0337857 1.98404 0)
(0.07346 1.89441 0)
(0.00298978 1.64438 0)
(-0.382733 1.63251 0)
(-1.00748 1.37187 0)
(-1.00994 1.26766 0)
(-0.90883 1.23314 0)
(-1.03209 1.04649 0)
(-1.15817 0.853312 0)
(-1.23588 0.749627 0)
(-1.17273 0.596696 0)
(-1.20896 0.288965 0)
(-1.14582 0.308242 0)
(-1.25137 0.506528 0)
(-1.27232 0.486001 0)
(-1.26354 0.24085 0)
(-1.19059 0.0483437 0)
(-0.858401 -0.613662 0)
(-0.581457 -0.8368 0)
(-0.283235 -0.825908 0)
(-0.284087 -0.944946 0)
(-0.0420593 -0.731109 0)
(-0.275432 2.7596 0)
(-0.0958879 2.39746 0)
(-0.0671566 1.93996 0)
(-0.101536 1.80706 0)
(-0.453102 1.75487 0)
(-0.872748 1.53057 0)
(-0.853404 1.52366 0)
(-0.857565 1.2414 0)
(-1.01608 1.14084 0)
(-1.02011 0.854934 0)
(-1.1554 0.651678 0)
(-1.07232 0.341814 0)
(-1.21022 0.24225 0)
(-1.05119 0.369656 0)
(-1.04935 0.498635 0)
(-0.878918 0.436397 0)
(-0.648401 0.0518119 0)
(-0.465392 -0.310073 0)
(-0.237942 -0.613847 0)
(-0.360286 -0.679761 0)
(-0.223706 -0.7011 0)
(-0.0853777 -0.675586 0)
(0.0255104 -0.528595 0)
(-0.144499 3.03047 0)
(-0.248836 2.35953 0)
(-0.265231 1.97246 0)
(-0.297014 1.88672 0)
(-0.524207 1.84272 0)
(-0.767776 1.6306 0)
(-0.822222 1.50444 0)
(-0.844419 1.28982 0)
(-0.953183 1.21779 0)
(-0.985536 0.938842 0)
(-0.944259 0.683354 0)
(-0.736353 0.381602 0)
(-0.966596 0.273592 0)
(-0.895689 0.362419 0)
(-0.823374 0.363507 0)
(-0.488386 0.15278 0)
(-0.369599 -0.120304 0)
(-0.170567 -0.355453 0)
(0.0372949 -0.866428 0)
(-0.141737 -0.808384 0)
(-0.0986197 -0.707486 0)
(-0.120299 -0.490985 0)
(-0.0581014 -0.463072 0)
(-0.354434 3.42644 0)
(-0.369891 2.49015 0)
(-0.445243 1.99447 0)
(-0.468331 2.0628 0)
(-0.558927 2.05072 0)
(-0.791404 1.76328 0)
(-0.820267 1.60128 0)
(-0.894727 1.46725 0)
(-0.937762 1.43294 0)
(-0.725525 1.10962 0)
(-0.686089 0.982103 0)
(-0.828493 0.45241 0)
(-0.928165 0.420973 0)
(-0.587215 0.255328 0)
(-0.615572 0.126821 0)
(-0.137628 -0.0528931 0)
(0.104517 -0.581036 0)
(0.202527 -0.541071 0)
(0.13046 -0.62597 0)
(0.00590058 -0.655376 0)
(0.0750338 -0.699625 0)
(0.0962049 -0.710811 0)
(0.155367 -0.786528 0)
(-0.0335145 3.68933 0)
(-0.520346 2.61123 0)
(-0.646097 2.39994 0)
(-0.341211 2.32767 0)
(-0.62273 2.1629 0)
(-0.916395 2.06583 0)
(-0.945254 2.12678 0)
(-0.888521 1.9619 0)
(-0.68726 1.98227 0)
(-0.50439 1.57104 0)
(-0.839204 0.89449 0)
(-0.824089 0.440962 0)
(-0.814212 0.487559 0)
(-0.396114 -0.224617 0)
(-0.27681 -0.488992 0)
(-0.0575547 -0.464918 0)
(0.32747 -0.63217 0)
(0.371403 -0.548704 0)
(0.2746 -0.713697 0)
(0.155517 -0.677639 0)
(0.195417 -0.728172 0)
(0.0476427 -0.881098 0)
(0.118198 -0.863839 0)
(0.10466 3.76584 0)
(-0.353904 2.50711 0)
(-0.545977 2.61343 0)
(-0.532822 2.49343 0)
(-0.704251 2.32901 0)
(-0.665512 2.29054 0)
(-0.594858 2.51925 0)
(-0.869924 2.26503 0)
(-0.575026 1.93304 0)
(-0.567866 1.48183 0)
(-0.937645 0.937836 0)
(-0.651234 0.422349 0)
(-0.684551 0.174205 0)
(-0.282887 -0.396015 0)
(-0.073497 -0.624537 0)
(0.264421 -0.705174 0)
(0.498692 -0.744263 0)
(0.424196 -0.812936 0)
(0.353849 -0.959594 0)
(0.385604 -0.897197 0)
(0.0891734 -0.855423 0)
(0.102331 -0.88699 0)
(0.240508 -0.714203 0)
(0.0424498 3.80415 0)
(-0.284398 2.47923 0)
(-0.453423 2.45228 0)
(-0.450061 2.51407 0)
(-0.543428 2.54499 0)
(-0.33796 2.84605 0)
(-0.600181 2.44496 0)
(-0.87438 2.06765 0)
(-0.47485 1.52986 0)
(-0.389554 1.15381 0)
(-0.732953 0.987037 0)
(-0.0957393 0.514449 0)
(-0.201501 -0.0654199 0)
(0.236171 -0.501353 0)
(0.199214 -0.561339 0)
(0.303813 -0.699525 0)
(0.416795 -0.7486 0)
(0.420783 -0.851365 0)
(0.450022 -0.982999 0)
(0.398394 -1.00078 0)
(0.336119 -0.961349 0)
(0.292113 -0.676896 0)
(0.200943 -0.649828 0)
(-0.0723169 3.90202 0)
(-0.292544 2.56329 0)
(-0.298028 2.37706 0)
(-0.213868 2.4272 0)
(-0.167144 2.4346 0)
(-0.274954 2.73343 0)
(-0.732235 2.24493 0)
(-0.864251 1.69625 0)
(-0.328569 1.36912 0)
(0.0537713 0.582937 0)
(-0.112543 0.671856 0)
(0.356448 0.311481 0)
(0.560881 -0.182621 0)
(0.537776 -0.733082 0)
(0.374265 -0.771875 0)
(0.518392 -0.756323 0)
(0.536786 -0.683595 0)
(0.392572 -0.704078 0)
(0.398511 -0.699664 0)
(0.501711 -0.803227 0)
(0.435141 -0.762204 0)
(0.346192 -0.61773 0)
(0.28304 -0.612118 0)
(-0.146528 3.76395 0)
(-0.396854 2.61466 0)
(-0.297668 2.40932 0)
(-0.110683 2.51973 0)
(-0.0202873 2.37602 0)
(-0.129324 2.38223 0)
(-0.629517 2.19463 0)
(-0.574705 1.39174 0)
(-0.483235 0.861485 0)
(0.0459068 0.529068 0)
(0.36549 0.528735 0)
(0.650544 0.0517354 0)
(0.756209 -0.411758 0)
(0.639895 -0.8655 0)
(0.707736 -0.772679 0)
(0.654773 -0.664579 0)
(0.599786 -0.764467 0)
(0.395929 -0.794569 0)
(0.30769 -0.602905 0)
(0.337544 -0.654605 0)
(0.527516 -0.758629 0)
(0.438613 -0.688715 0)
(0.214607 -0.580899 0)
(-0.174981 3.3697 0)
(-0.387348 2.56019 0)
(-0.230403 2.42515 0)
(-0.117297 2.54528 0)
(-0.132977 2.35825 0)
(0.0566714 2.18307 0)
(-0.32814 2.13752 0)
(0.0770909 0.846047 0)
(0.0909974 0.333022 0)
(0.420965 0.116285 0)
(0.54725 0.0483601 0)
(0.683335 -0.211596 0)
(0.71622 -0.596541 0)
(0.769499 -0.623645 0)
(0.817308 -0.715667 0)
(0.677337 -0.756538 0)
(0.433644 -0.940201 0)
(0.533698 -0.805788 0)
(0.475914 -0.719747 0)
(0.245107 -0.667724 0)
(0.411826 -0.619147 0)
(0.506714 -0.642513 0)
(0.327054 -0.663043 0)
(-0.137814 3.39303 0)
(-0.329199 2.57837 0)
(-0.215598 2.38121 0)
(-0.203583 2.35202 0)
(-0.25222 2.13958 0)
(0.0618771 2.11432 0)
(0.00389702 2.01278 0)
(0.380575 0.819215 0)
(0.336053 0.217661 0)
(0.460575 0.0375094 0)
(0.498319 -0.306004 0)
(0.626001 -0.32826 0)
(0.780706 -0.447485 0)
(0.795452 -0.492192 0)
(0.712428 -0.511273 0)
(0.526527 -0.768676 0)
(0.592505 -0.649427 0)
(0.557623 -0.632385 0)
(0.348479 -0.75408 0)
(0.398679 -0.622045 0)
(0.516245 -0.495397 0)
(0.35678 -0.548893 0)
(0.132306 -0.800233 0)
(-0.149404 3.43972 0)
(-0.371713 2.59547 0)
(-0.298334 2.34487 0)
(-0.398473 2.22599 0)
(-0.27331 2.01033 0)
(-0.0386265 1.94217 0)
(0.167431 1.8102 0)
(0.507983 0.746679 0)
(0.61402 0.180424 0)
(0.625146 -0.126437 0)
(0.735075 -0.416752 0)
(0.855849 -0.383288 0)
(0.828588 -0.401214 0)
(0.798229 -0.45278 0)
(0.652754 -0.439887 0)
(0.49463 -0.503172 0)
(0.544164 -0.46809 0)
(0.437805 -0.63142 0)
(0.433945 -0.543567 0)
(0.476541 -0.476332 0)
(0.424762 -0.564337 0)
(0.212814 -0.637041 0)
(0.311701 -0.542827 0)
(-0.224754 3.48642 0)
(-0.428368 2.67235 0)
(-0.388555 2.37831 0)
(-0.544018 2.27143 0)
(-0.339922 1.95963 0)
(-0.142919 1.57672 0)
(0.243151 1.39388 0)
(0.639238 0.463709 0)
(0.771859 0.151329 0)
(0.674239 0.0358924 0)
(0.757384 -0.1783 0)
(1.03297 -0.343069 0)
(0.878973 -0.456253 0)
(0.821741 -0.425962 0)
(0.714557 -0.424834 0)
(0.463157 -0.459691 0)
(0.423781 -0.449144 0)
(0.434414 -0.436718 0)
(0.452321 -0.389994 0)
(0.353664 -0.499197 0)
(0.411583 -0.499487 0)
(0.395611 -0.435993 0)
(0.300526 -0.390921 0)
(-0.175054 3.599 0)
(-0.356741 2.82369 0)
(-0.373115 2.48514 0)
(-0.570955 2.32861 0)
(-0.354055 1.98378 0)
(-0.101446 1.26664 0)
(0.241491 1.00742 0)
(0.868671 0.443961 0)
(1.2932 -0.00600257 0)
(1.13017 -0.146229 0)
(0.763106 -0.174902 0)
(0.802923 -0.23928 0)
(0.809008 -0.437316 0)
(0.823496 -0.43696 0)
(0.652633 -0.407853 0)
(0.494931 -0.412138 0)
(0.553466 -0.405883 0)
(0.508387 -0.330698 0)
(0.401758 -0.35279 0)
(0.411115 -0.379314 0)
(0.464216 -0.345226 0)
(0.341581 -0.427944 0)
(0.225637 -0.391149 0)
(0.113411 3.86905 0)
(-0.0375149 3.01556 0)
(-0.259555 2.42002 0)
(-0.455876 2.07715 0)
(-0.201293 1.7403 0)
(0.126903 0.923175 0)
(0.572584 0.616231 0)
(0.842263 0.341181 0)
(0.970968 0.0685218 0)
(0.836018 -0.254096 0)
(0.822433 -0.215963 0)
(0.757574 -0.256729 0)
(0.754545 -0.264442 0)
(0.948371 -0.443985 0)
(0.863301 -0.416547 0)
(0.518762 -0.252235 0)
(0.496089 -0.300671 0)
(0.477199 -0.275824 0)
(0.412526 -0.35337 0)
(0.358853 -0.29831 0)
(0.317833 -0.327673 0)
(0.30131 -0.503051 0)
(0.277333 -0.406877 0)
(0.286816 3.90859 0)
(0.284921 3.37325 0)
(0.279716 2.49265 0)
(0.127153 2.02705 0)
(0.393774 1.40949 0)
(0.653644 0.53371 0)
(0.965027 0.202659 0)
(0.992812 0.191358 0)
(1.02892 0.0512393 0)
(0.946874 0.0118398 0)
(0.838805 -0.106347 0)
(0.802226 -0.0407544 0)
(0.662075 -0.0628502 0)
(0.731189 -0.115303 0)
(0.780663 -0.353489 0)
(0.54796 -0.399668 0)
(0.471479 -0.39568 0)
(0.358414 -0.293477 0)
(0.345697 -0.378974 0)
(0.422709 -0.294673 0)
(0.279341 -0.314691 0)
(0.217457 -0.315393 0)
(0.238641 -0.326013 0)
(0.320671 3.53986 0)
(0.553213 3.30926 0)
(0.790616 2.57757 0)
(0.805309 1.96038 0)
(0.792993 1.20969 0)
(1.07148 0.527268 0)
(1.622 0.0472947 0)
(1.38262 0.181669 0)
(0.893622 -0.0326192 0)
(0.856003 -0.0125857 0)
(0.950692 0.079978 0)
(0.919783 -0.0378041 0)
(0.635089 -0.0760183 0)
(0.674034 -0.0694822 0)
(0.640929 -0.160935 0)
(0.438625 -0.283121 0)
(0.591912 -0.359155 0)
(0.515975 -0.330196 0)
(0.374443 -0.228722 0)
(0.453157 -0.205432 0)
(0.309966 -0.294951 0)
(0.261244 -0.28678 0)
(0.25105 -0.296398 0)
(0.228849 2.35584 0)
(1.06867 3.00531 0)
(1.20901 2.63202 0)
(1.24206 1.99913 0)
(1.30546 1.16821 0)
(1.22706 0.669473 0)
(1.4186 0.363475 0)
(1.30464 0.0163838 0)
(0.905203 0.0447825 0)
(1.06793 0.124728 0)
(0.928631 0.193057 0)
(0.654874 -0.0723755 0)
(0.620327 -0.0571578 0)
(0.576944 -0.0592377 0)
(0.56126 -0.133245 0)
(0.4808 -0.125434 0)
(0.504014 -0.133224 0)
(0.519814 -0.303263 0)
(0.478078 -0.170445 0)
(0.447243 -0.203673 0)
(0.198965 -0.303861 0)
(0.231805 -0.304355 0)
(0.232734 -0.326973 0)
(-0.000876585 1.47527 0)
(1.13232 2.69415 0)
(1.25122 2.5184 0)
(1.29448 1.94106 0)
(1.38817 1.15627 0)
(1.38305 0.760398 0)
(1.40889 0.60391 0)
(1.15067 0.331108 0)
(1.01366 0.333962 0)
(1.00148 0.167229 0)
(0.853636 0.0753876 0)
(0.679098 0.0504501 0)
(0.65376 0.0965768 0)
(0.626851 0.00726917 0)
(0.535361 -0.0194902 0)
(0.442317 0.00606793 0)
(0.396965 -0.0799692 0)
(0.44498 -0.169937 0)
(0.51905 -0.0893787 0)
(0.326065 -0.291732 0)
(0.195555 -0.323822 0)
(0.240084 -0.262985 0)
(0.227698 -0.31944 0)
(-0.160471 1.24875 0)
(0.626517 1.82283 0)
(0.858382 2.01387 0)
(1.13357 1.84726 0)
(1.14376 1.40164 0)
(1.1906 1.07241 0)
(1.00387 0.847157 0)
(0.892324 0.595373 0)
(0.820483 0.498196 0)
(0.808251 0.223805 0)
(0.838609 0.164063 0)
(0.711951 0.178136 0)
(0.531971 -0.00591576 0)
(0.465165 0.0606795 0)
(0.578037 0.0694277 0)
(0.327723 -0.0349683 0)
(0.341189 -0.0164031 0)
(0.556139 -0.120489 0)
(0.453361 -0.100458 0)
(0.211415 -0.266519 0)
(0.190966 -0.229192 0)
(0.225735 -0.293216 0)
(0.179493 -0.286647 0)
(-0.249506 1.30682 0)
(0.17251 1.63963 0)
(0.741147 1.75299 0)
(1.02149 1.5829 0)
(0.762497 1.24514 0)
(0.890779 1.00094 0)
(0.835086 0.891657 0)
(0.723015 0.629648 0)
(0.652004 0.534417 0)
(0.667613 0.523903 0)
(0.697174 0.4027 0)
(0.461834 0.279492 0)
(0.542497 0.0643489 0)
(0.608826 0.203284 0)
(0.463462 0.096745 0)
(0.25394 -0.0723232 0)
(0.267396 -0.0175692 0)
(0.357998 -0.0266948 0)
(0.334506 -0.227236 0)
(0.197099 -0.233275 0)
(0.205795 -0.147393 0)
(0.253384 -0.186122 0)
(0.143433 -0.205569 0)
(-0.138617 1.38444 0)
(0.158841 1.7433 0)
(0.504237 1.7354 0)
(0.675793 1.47585 0)
(0.56703 1.10463 0)
(0.686829 1.05043 0)
(0.592224 1.05387 0)
(0.596912 0.931224 0)
(0.657829 0.620741 0)
(0.616318 0.630181 0)
(0.585055 0.404912 0)
(0.326882 0.375107 0)
(0.455513 0.385425 0)
(0.528038 0.211137 0)
(0.340333 0.0797461 0)
(0.275581 0.0205017 0)
(0.327465 0.0238086 0)
(0.347193 0.00762875 0)
(0.175987 -0.157252 0)
(0.245054 -0.183123 0)
(0.180123 -0.115495 0)
(0.170235 -0.110649 0)
(0.152831 -0.227685 0)
(-0.0425548 1.29248 0)
(0.149712 1.66864 0)
(0.289194 1.40114 0)
(0.377338 1.27787 0)
(0.517787 1.2363 0)
(0.687273 1.07728 0)
(0.61061 0.98473 0)
(0.391128 0.892309 0)
(0.474336 0.640653 0)
(0.508844 0.557986 0)
(0.364344 0.315018 0)
(0.353872 0.386402 0)
(0.384177 0.359588 0)
(0.350957 0.0858595 0)
(0.213411 0.0820922 0)
(0.242451 0.129388 0)
(0.270587 0.0853173 0)
(0.208173 -0.100379 0)
(0.187829 -0.0584626 0)
(0.218313 -0.049829 0)
(0.211476 -0.172574 0)
(0.0953582 -0.167047 0)
(0.10357 -0.26576 0)
(0.133496 1.43315 0)
(0.0954724 1.45186 0)
(0.0744828 1.48985 0)
(0.38773 1.44078 0)
(0.44545 1.32004 0)
(0.467058 1.13709 0)
(0.439043 0.988126 0)
(0.361578 0.901167 0)
(0.354883 0.784245 0)
(0.323143 0.611456 0)
(0.346346 0.532405 0)
(0.246642 0.37637 0)
(0.200956 0.377704 0)
(0.197043 0.241017 0)
(0.267354 0.168785 0)
(0.236321 0.141309 0)
(0.0589154 0.0289846 0)
(0.15004 0.0386381 0)
(0.0624688 -0.116164 0)
(0.107082 -0.0423051 0)
(0.0497713 -0.179054 0)
(0.0224224 -0.137962 0)
(0.0691599 -0.150645 0)
(-0.389313 0.597939 0)
(-0.483494 0.623509 0)
(-0.807218 0.71522 0)
(-0.938325 0.798337 0)
(-0.685029 0.392494 0)
(-0.766763 0.395778 0)
(-0.81884 0.402459 0)
(-0.844745 0.466483 0)
(-0.74728 0.319377 0)
(-0.725303 0.298429 0)
(-0.681663 0.237642 0)
(-0.610621 0.262113 0)
(-0.719838 0.268446 0)
(-0.538029 0.29053 0)
(-0.356892 0.27245 0)
(-0.283021 0.246691 0)
(-0.777105 0.239848 0)
(-0.834316 0.274392 0)
(-0.813706 0.323568 0)
(-0.821776 0.31344 0)
(-1.1721 0.48606 0)
(-1.40016 0.54812 0)
(-1.41629 0.5918 0)
(-1.31502 0.631844 0)
(-1.38941 0.600701 0)
(-1.42085 0.610945 0)
(-1.3257 0.657373 0)
(-1.24306 0.628341 0)
(-1.39779 0.556749 0)
(-1.35846 0.586609 0)
(-1.25452 0.586853 0)
(-1.1951 0.557997 0)
(-1.42259 0.60001 0)
(-1.18769 0.520356 0)
(-1.09657 0.406972 0)
(-1.07789 0.245335 0)
(-1.11591 0.614884 0)
(-1.01481 0.495057 0)
(-1.01435 0.343672 0)
(-0.914174 0.231168 0)
(-1.07683 0.26673 0)
(-0.964406 0.0926495 0)
(-0.947245 -0.0862655 0)
(-0.888724 -0.217396 0)
(-1.237 0.308538 0)
(-1.00392 0.26119 0)
(-0.948197 0.0978427 0)
(-0.940793 -0.045246 0)
(-0.929777 0.045004 0)
(-0.848206 -0.101404 0)
(-0.820028 -0.167998 0)
(-0.752808 -0.247242 0)
(-0.628701 -0.137555 0)
(-0.552289 -0.265002 0)
(-0.520585 -0.350397 0)
(-0.449721 -0.460675 0)
(-0.391381 -0.305509 0)
(-0.217975 -0.473104 0)
(-0.211748 -0.5821 0)
(-0.0990744 -0.621717 0)
(-0.0602252 -0.413922 0)
(-0.0216216 -0.389259 0)
(-0.031032 -0.378907 0)
(-0.0248256 -0.4413 0)
(-0.087036 -0.518937 0)
(-0.117479 -0.633358 0)
(-0.151928 -0.718893 0)
(-0.162769 -0.73576 0)
(-0.210177 -0.923381 0)
(-0.183314 -0.860676 0)
(-0.213197 -0.855103 0)
(-0.0713944 -0.786064 0)
(-0.0738196 -0.676737 0)
(0.0272664 -0.688553 0)
(0.0520577 -0.800226 0)
(0.0332837 -0.679058 0)
(-0.216821 -0.494739 0)
(-0.162441 -0.534991 0)
(-0.0843033 -0.609977 0)
(0.02147 -0.63979 0)
(-0.100842 -0.470284 0)
(0.0863882 -0.583357 0)
(-0.00617671 -0.577368 0)
(0.12618 -0.644669 0)
(0.0434695 -0.785474 0)
(0.108305 -0.746562 0)
(-0.0394032 -0.748318 0)
(-0.00449618 -0.673166 0)
(0.321618 -0.891553 0)
(0.251026 -0.840177 0)
(0.142298 -0.861559 0)
(0.149743 -0.813779 0)
(0.236159 -0.731415 0)
(0.230291 -0.863273 0)
(0.214178 -0.855573 0)
(0.172211 -0.85167 0)
(0.169468 -0.643339 0)
(0.151489 -0.639164 0)
(0.242674 -0.65369 0)
(0.322262 -0.76789 0)
(0.273233 -0.606125 0)
(0.0977875 -0.587286 0)
(0.0545791 -0.598614 0)
(0.15815 -0.625547 0)
(0.23845 -0.608788 0)
(0.24126 -0.597896 0)
(0.232292 -0.543645 0)
(0.231102 -0.516966 0)
(0.241062 -0.6672 0)
(0.302197 -0.647024 0)
(0.286535 -0.653864 0)
(0.157267 -0.646959 0)
(0.24498 -0.67696 0)
(0.30486 -0.694922 0)
(0.2655 -0.71756 0)
(0.227186 -0.705973 0)
(0.33675 -0.523507 0)
(0.306998 -0.554067 0)
(0.259419 -0.572395 0)
(0.24775 -0.561462 0)
(0.213994 -0.464604 0)
(0.162201 -0.480521 0)
(0.201502 -0.478138 0)
(0.281116 -0.45468 0)
(0.271246 -0.422824 0)
(0.275493 -0.406669 0)
(0.279179 -0.411835 0)
(0.251727 -0.417757 0)
(0.274236 -0.418223 0)
(0.235126 -0.437713 0)
(0.142874 -0.418081 0)
(0.167481 -0.436711 0)
(0.20608 -0.335646 0)
(0.249034 -0.327661 0)
(0.264456 -0.346092 0)
(0.249542 -0.349777 0)
(0.238739 -0.301751 0)
(0.171477 -0.26603 0)
(0.128342 -0.300115 0)
(0.128941 -0.34848 0)
(0.282407 -0.325727 0)
(0.303182 -0.328733 0)
(0.219254 -0.341953 0)
(0.199751 -0.331648 0)
(0.209357 -0.289278 0)
(0.120732 -0.327268 0)
(0.135409 -0.339962 0)
(0.16813 -0.340453 0)
(0.179908 -0.352736 0)
(0.193145 -0.383861 0)
(0.176869 -0.36528 0)
(0.0718644 -0.371382 0)
(0.0544835 -0.265334 0)
(0.0974149 -0.26474 0)
(0.0945015 -0.288947 0)
(0.127642 -0.297898 0)
(0.108985 -0.203893 0)
(0.100451 -0.219246 0)
(0.0818137 -0.212361 0)
(0.0686511 -0.250182 0)
(0.0545213 -0.237554 0)
(0.0477781 -0.249352 0)
(0.072887 -0.239584 0)
(0.106343 -0.256206 0)
(0.085126 -0.226094 0)
(0.0354365 -0.235073 0)
(0.0343794 -0.279578 0)
(-0.0305764 -0.286846 0)
(-0.82997 0.919647 0)
(-0.613018 0.258992 0)
(-0.285144 0.359965 0)
(-0.0887642 0.166152 0)
(-0.0874472 0.276704 0)
(-0.0243286 0.237977 0)
(-0.171965 0.0952358 0)
(-0.272752 -0.00885242 0)
(-0.120036 -0.250264 0)
(-0.0428617 -0.233528 0)
(0.0843288 -0.182779 0)
(0.11481 -0.319068 0)
(0.401685 -0.274458 0)
(0.517591 -0.433231 0)
(0.453785 -0.311848 0)
(0.476119 -0.210632 0)
(0.436042 -0.0944537 0)
(0.337405 -0.0415518 0)
(0.0997957 -0.0425384 0)
(-0.633131 0.564405 0)
(-0.242499 -0.00663436 0)
(-0.247834 0.182515 0)
(-0.223014 0.0431377 0)
(-0.0979311 0.117741 0)
(-0.101584 0.116021 0)
(-0.0498595 0.125691 0)
(-0.159553 0.000233075 0)
(0.00660794 -0.21621 0)
(0.0516913 -0.220308 0)
(0.146853 -0.187479 0)
(0.0755289 -0.371167 0)
(0.317504 -0.274728 0)
(0.288125 -0.381567 0)
(0.295484 -0.327371 0)
(0.248074 -0.220874 0)
(0.207417 -0.0711108 0)
(0.233287 0.00101122 0)
(0.136708 0.0649133 0)
(-0.505983 0.142696 0)
(-0.338986 -0.0817652 0)
(-0.237413 -0.0761034 0)
(-0.317519 0.224111 0)
(-0.244916 0.158986 0)
(-0.234506 0.118881 0)
(-0.119337 0.204935 0)
(-0.143733 -0.107206 0)
(-0.0274862 -0.384182 0)
(-0.155329 -0.293226 0)
(-0.0114291 -0.233734 0)
(-0.108436 -0.394397 0)
(0.0956564 -0.376603 0)
(0.0501358 -0.388945 0)
(0.0745525 -0.28802 0)
(-0.0527223 -0.146003 0)
(-0.21893 -0.067375 0)
(-0.239576 -0.0626393 0)
(0.0672415 0.109502 0)
(-0.352734 0.0541209 0)
(-0.506109 0.0762603 0)
(-0.57984 -0.0198826 0)
(-0.876754 0.143145 0)
(-0.984798 0.0786157 0)
(-0.554376 0.129943 0)
(-0.456816 0.0575358 0)
(-0.64679 -0.155799 0)
(-0.536922 -0.10386 0)
(-0.586109 -0.323305 0)
(-0.393193 -0.46673 0)
(-0.167181 -0.424812 0)
(-0.0425712 -0.404845 0)
(-0.253174 -0.363429 0)
(-0.164361 -0.276547 0)
(-0.288319 -0.0385819 0)
(-0.543992 0.0716047 0)
(-0.401773 -0.193644 0)
(0.0247902 -0.0620988 0)
(-1.10813 0.278539 0)
(-1.26177 0.302753 0)
(-1.26349 0.119042 0)
(-1.23834 0.0459801 0)
(-1.1162 0.0741937 0)
(-0.963881 0.0267988 0)
(-0.84802 -0.119183 0)
(-0.746428 -0.152104 0)
(-0.730493 -0.208534 0)
(-0.705621 -0.258388 0)
(-0.459459 -0.551316 0)
(-0.330297 -0.583378 0)
(-0.487059 -0.396088 0)
(-0.723474 -0.336591 0)
(-0.631529 -0.0860119 0)
(-0.571674 -0.0341027 0)
(-0.672275 -0.00992736 0)
(-0.404454 -0.178888 0)
(-0.0528894 -0.256753 0)
(-1.26448 0.581 0)
(-1.27946 0.253527 0)
(-1.15107 -0.00345588 0)
(-1.0063 -0.0717368 0)
(-0.908931 -0.159159 0)
(-0.783709 -0.138509 0)
(-0.711299 -0.330595 0)
(-0.585224 -0.455062 0)
(-0.59942 -0.585224 0)
(-0.692686 -0.557423 0)
(-0.725394 -0.694836 0)
(-0.543093 -0.782997 0)
(-0.624969 -0.531198 0)
(-0.759015 -0.186053 0)
(-0.671643 -0.0667488 0)
(-0.473334 -0.18762 0)
(-0.380078 -0.415664 0)
(-0.258802 -0.395861 0)
(-0.0489408 -0.482743 0)
(-1.23392 0.414881 0)
(-1.18082 -0.0411342 0)
(-0.981062 -0.182504 0)
(-0.854754 -0.122954 0)
(-0.783831 -0.192013 0)
(-0.715377 -0.196086 0)
(-0.685474 -0.462605 0)
(-0.657303 -0.570409 0)
(-0.606039 -0.69803 0)
(-0.777088 -0.736028 0)
(-0.898565 -0.720124 0)
(-0.64389 -0.743249 0)
(-0.52669 -0.660775 0)
(-0.731214 -0.403587 0)
(-0.648418 -0.172509 0)
(-0.323756 -0.218795 0)
(-0.238612 -0.48435 0)
(-0.165942 -0.615579 0)
(0.0468342 -0.550711 0)
(-1.27089 0.398306 0)
(-1.36717 0.0309513 0)
(-0.885273 -0.173723 0)
(-0.78699 -0.2509 0)
(-0.766253 -0.245226 0)
(-0.786575 -0.229576 0)
(-0.83674 -0.368715 0)
(-0.662462 -0.492994 0)
(-0.595139 -0.540219 0)
(-0.69158 -0.75182 0)
(-0.857365 -0.685277 0)
(-0.661408 -0.537043 0)
(-0.559836 -0.555614 0)
(-0.630427 -0.492349 0)
(-0.456059 -0.329162 0)
(-0.291901 -0.363626 0)
(-0.255013 -0.467526 0)
(-0.110066 -0.50832 0)
(0.0411271 -0.57704 0)
(-1.17049 0.0358372 0)
(-1.06865 -0.163589 0)
(-0.951939 -0.140908 0)
(-0.850909 -0.332327 0)
(-0.676691 -0.303384 0)
(-0.754447 -0.3205 0)
(-0.906575 -0.259797 0)
(-0.648296 -0.2704 0)
(-0.563166 -0.297523 0)
(-0.692757 -0.578425 0)
(-0.83273 -0.616194 0)
(-0.664132 -0.48081 0)
(-0.54988 -0.562811 0)
(-0.642196 -0.51887 0)
(-0.454215 -0.376045 0)
(-0.249564 -0.480617 0)
(-0.295123 -0.614887 0)
(-0.172978 -0.465467 0)
(-0.0569791 -0.577698 0)
(-1.05968 0.0281142 0)
(-1.01805 -0.153478 0)
(-0.979857 -0.250881 0)
(-0.972921 -0.342338 0)
(-0.701315 -0.343084 0)
(-0.642969 -0.386902 0)
(-0.694666 -0.303316 0)
(-0.637284 -0.26038 0)
(-0.653144 -0.489199 0)
(-0.699976 -0.549282 0)
(-0.723464 -0.577239 0)
(-0.620438 -0.393952 0)
(-0.519807 -0.487266 0)
(-0.507076 -0.433016 0)
(-0.461131 -0.286643 0)
(-0.338915 -0.570041 0)
(-0.307535 -0.712813 0)
(-0.17893 -0.628347 0)
(-0.0795587 -0.721747 0)
(-0.885211 -0.338705 0)
(-0.842267 -0.354406 0)
(-0.888497 -0.469563 0)
(-0.822484 -0.305023 0)
(-0.561373 -0.249447 0)
(-0.525252 -0.3235 0)
(-0.515754 -0.303479 0)
(-0.428539 -0.359663 0)
(-0.435992 -0.686785 0)
(-0.282213 -0.637493 0)
(-0.525281 -0.911814 0)
(-0.432845 -0.707213 0)
(-0.358711 -0.799036 0)
(-0.457797 -0.796345 0)
(-0.398467 -0.633663 0)
(-0.278045 -0.590336 0)
(-0.178994 -0.773887 0)
(-0.0861422 -0.649913 0)
(-0.0198491 -0.784897 0)
(-0.619815 -0.371279 0)
(-0.436013 -0.536786 0)
(-0.484535 -0.587273 0)
(-0.669147 -0.349752 0)
(-0.505571 -0.323349 0)
(-0.456122 -0.371952 0)
(-0.417995 -0.327016 0)
(-0.350911 -0.321021 0)
(-0.342962 -0.66628 0)
(-0.24146 -0.787445 0)
(-0.464231 -1.04849 0)
(-0.355871 -0.820786 0)
(-0.309248 -1.02133 0)
(-0.359165 -1.03145 0)
(-0.309191 -1.05041 0)
(-0.240907 -0.800025 0)
(-0.201291 -0.89332 0)
(-0.0875749 -0.77827 0)
(-0.0428259 -0.810344 0)
(-0.641374 -0.223343 0)
(-0.44918 -0.597411 0)
(-0.398875 -0.689202 0)
(-0.29676 -0.423685 0)
(-0.307407 -0.332575 0)
(-0.345702 -0.345554 0)
(-0.277432 -0.327734 0)
(-0.0770474 -0.379258 0)
(-0.122808 -0.314575 0)
(-0.0515959 -0.592022 0)
(-0.198853 -0.821104 0)
(-0.0980706 -0.592035 0)
(-0.0563508 -0.667347 0)
(-0.102479 -0.729631 0)
(-0.11338 -0.741989 0)
(-0.208327 -0.777307 0)
(-0.220954 -0.829982 0)
(-0.181969 -0.785697 0)
(-0.0764704 -0.853673 0)
(-0.433265 -0.493729 0)
(-0.389471 -0.354444 0)
(-0.277162 -0.364336 0)
(-0.283127 -0.490618 0)
(-0.258395 -0.384756 0)
(-0.330922 -0.42949 0)
(-0.251907 -0.292857 0)
(-0.0250023 -0.456215 0)
(-0.088586 -0.708733 0)
(-0.147813 -0.639156 0)
(-0.130456 -0.841598 0)
(-0.0660746 -0.603666 0)
(-0.220918 -0.417142 0)
(-0.327588 -0.346773 0)
(-0.329317 -0.432859 0)
(-0.362356 -0.677976 0)
(-0.348057 -0.843635 0)
(-0.344655 -0.9183 0)
(-0.123997 -1.0348 0)
(-0.0864387 -0.593896 0)
(-0.161259 -0.581677 0)
(-0.115618 -0.545835 0)
(-0.180013 -0.700647 0)
(-0.109676 -0.74484 0)
(-0.111275 -0.850925 0)
(-0.00895728 -0.678451 0)
(-0.218544 -0.650835 0)
(-0.187349 -0.795676 0)
(-0.182699 -0.600804 0)
(-0.185636 -0.394614 0)
(-0.258796 -0.516033 0)
(-0.401433 -0.484024 0)
(-0.442422 -0.332626 0)
(-0.308228 -0.475522 0)
(-0.453421 -0.725131 0)
(-0.435879 -0.825255 0)
(-0.367601 -1.0349 0)
(-0.159991 -1.32789 0)
(-0.0542789 -0.53984 0)
(0.075452 -0.433177 0)
(-0.0101866 -0.507633 0)
(-0.126402 -0.558801 0)
(0.0014041 -0.483175 0)
(0.0867047 -0.695368 0)
(-0.0557733 -0.851141 0)
(-0.0502858 -0.94008 0)
(-0.00781388 -0.871497 0)
(-0.230315 -0.857978 0)
(-0.341735 -0.516752 0)
(-0.271625 -0.444552 0)
(-0.286985 -0.347144 0)
(-0.323848 -0.247152 0)
(-0.180628 -0.536502 0)
(-0.332113 -0.97834 0)
(-0.42212 -0.823282 0)
(-0.41033 -1.06068 0)
(0.0726127 -1.67892 0)
(-0.149002 -0.665469 0)
(0.0407583 -0.607117 0)
(0.00647098 -0.795538 0)
(0.0210008 -0.670895 0)
(-0.062632 -0.439044 0)
(0.0254204 -0.555116 0)
(0.0717014 -0.664139 0)
(-0.0834648 -0.560007 0)
(0.142946 -0.477661 0)
(-0.0667951 -0.898928 0)
(-0.0801931 -0.514405 0)
(-0.148481 -0.3841 0)
(-0.121159 -0.342833 0)
(-0.200773 -0.367662 0)
(-0.282427 -0.627426 0)
(-0.262346 -1.1147 0)
(0.00663919 -1.03797 0)
(-0.294261 -1.04055 0)
(0.115417 -1.79155 0)
(-0.0798068 -0.669483 0)
(-0.0300024 -0.576578 0)
(-0.0358565 -0.44217 0)
(0.10811 -0.597964 0)
(0.0593083 -0.443361 0)
(-0.0228692 -0.397916 0)
(0.0209087 -0.471537 0)
(0.140955 -0.442131 0)
(0.142491 -0.360088 0)
(0.0104704 -0.592764 0)
(0.0158083 -0.456083 0)
(0.00520678 -0.393172 0)
(0.0939938 -0.307457 0)
(0.256035 -0.319544 0)
(-0.23568 -0.628801 0)
(-0.13113 -0.813667 0)
(0.208316 -0.971244 0)
(-0.216107 -1.10937 0)
(0.137328 -1.79294 0)
(-0.150989 -0.631251 0)
(-0.0245396 -0.566151 0)
(-0.121135 -0.412691 0)
(0.0227669 -0.486799 0)
(0.105775 -0.334068 0)
(0.105513 -0.439612 0)
(0.123072 -0.382486 0)
(0.127871 -0.476829 0)
(0.143659 -0.432398 0)
(0.160401 -0.574504 0)
(0.143908 -0.530513 0)
(0.121288 -0.480253 0)
(0.202552 -0.381287 0)
(0.245253 -0.265654 0)
(0.30776 -0.587573 0)
(0.2038 -0.755954 0)
(0.224028 -0.953055 0)
(-0.0568306 -0.978425 0)
(0.205595 -1.64541 0)
(-0.152941 -0.542043 0)
(-0.0174627 -0.551098 0)
(-0.0424951 -0.394387 0)
(0.0772422 -0.423855 0)
(0.0628357 -0.530474 0)
(0.0539968 -0.428533 0)
(0.152377 -0.460667 0)
(0.151791 -0.44696 0)
(0.18325 -0.349648 0)
(0.164983 -0.426021 0)
(0.16341 -0.525387 0)
(0.184397 -0.514115 0)
(0.218937 -0.477832 0)
(0.33527 -0.396987 0)
(0.496195 -0.420866 0)
(0.310443 -0.966749 0)
(0.20673 -0.893245 0)
(-0.0262613 -0.927715 0)
(0.226827 -1.58933 0)
(-0.0940835 -0.790679 0)
(-0.00775797 -0.555461 0)
(-0.0428656 -0.679911 0)
(-0.0798538 -0.555636 0)
(0.128236 -0.751714 0)
(0.256327 -0.505718 0)
(0.130509 -0.623709 0)
(0.153733 -0.531126 0)
(0.112616 -0.50238 0)
(0.0420709 -0.533624 0)
(0.143619 -0.561435 0)
(0.191765 -0.510208 0)
(0.240526 -0.528444 0)
(0.332649 -0.478192 0)
(0.352086 -0.642587 0)
(0.248456 -1.08291 0)
(0.285526 -0.915056 0)
(0.0195308 -0.854381 0)
(0.243246 -1.55369 0)
(-0.121089 -0.898284 0)
(0.0715061 -0.65637 0)
(-0.00750767 -0.76226 0)
(0.00292674 -0.625954 0)
(0.200271 -0.627842 0)
(0.207711 -0.752932 0)
(0.0130447 -0.809229 0)
(0.169713 -0.594423 0)
(0.136113 -0.653286 0)
(0.0946284 -0.674505 0)
(0.210876 -0.578059 0)
(0.22637 -0.570809 0)
(0.209593 -0.551424 0)
(0.235638 -0.475681 0)
(0.201537 -0.64008 0)
(0.230433 -0.614478 0)
(0.31475 -0.787883 0)
(0.0884844 -0.762962 0)
(0.275587 -1.46448 0)
(-0.0233675 -0.857008 0)
(0.139131 -0.695716 0)
(0.0500325 -0.692272 0)
(0.0803527 -0.603537 0)
(0.0719261 -0.557556 0)
(0.0846734 -0.842684 0)
(0.162261 -0.576215 0)
(0.204162 -0.57357 0)
(0.0949728 -0.586638 0)
(0.199611 -0.521274 0)
(0.230328 -0.536467 0)
(0.22604 -0.572013 0)
(0.286821 -0.549739 0)
(0.241602 -0.555044 0)
(0.197268 -0.577018 0)
(0.182811 -0.562327 0)
(0.227649 -0.725587 0)
(0.0414636 -0.674616 0)
(0.258559 -1.39852 0)
(0.224211 -0.844919 0)
(0.191695 -0.691569 0)
(0.124726 -0.750661 0)
(0.140981 -0.657095 0)
(0.0333371 -0.576331 0)
(0.165166 -0.594829 0)
(0.221553 -0.506905 0)
(0.170351 -0.525936 0)
(0.174649 -0.518247 0)
(0.189557 -0.462511 0)
(0.193284 -0.544197 0)
(0.22071 -0.522285 0)
(0.214498 -0.547679 0)
(0.220674 -0.583411 0)
(0.198905 -0.545672 0)
(0.163129 -0.583957 0)
(0.219108 -0.682623 0)
(0.0270421 -0.630516 0)
(0.242129 -1.34484 0)
(0.301689 -0.706006 0)
(0.193904 -0.615379 0)
(0.175714 -0.704972 0)
(0.198283 -0.652066 0)
(0.130386 -0.541148 0)
(0.140572 -0.518666 0)
(0.164693 -0.456809 0)
(0.144475 -0.488279 0)
(0.190394 -0.533192 0)
(0.206233 -0.479023 0)
(0.18872 -0.560896 0)
(0.240198 -0.555116 0)
(0.208158 -0.529546 0)
(0.229374 -0.49014 0)
(0.19882 -0.477353 0)
(0.135014 -0.49889 0)
(0.18936 -0.608689 0)
(0.0157967 -0.574893 0)
(0.281986 -1.2747 0)
(0.365879 -0.625472 0)
(0.23921 -0.643215 0)
(0.106365 -0.531733 0)
(0.227252 -0.622633 0)
(0.164849 -0.560526 0)
(0.202129 -0.580011 0)
(0.242836 -0.712296 0)
(0.0606701 -0.631118 0)
(0.158245 -0.557222 0)
(0.200462 -0.484677 0)
(0.141475 -0.50834 0)
(0.263324 -0.552315 0)
(0.253814 -0.575983 0)
(0.200707 -0.679508 0)
(0.21333 -0.708937 0)
(0.140102 -0.727336 0)
(0.120026 -0.585709 0)
(-0.0304332 -0.571271 0)
(0.279258 -1.21826 0)
(0.197299 -0.551248 0)
(0.268049 -0.776714 0)
(0.236636 -0.588507 0)
(0.170809 -0.61069 0)
(0.160633 -0.533318 0)
(0.0485258 -0.601631 0)
(0.103672 -0.87134 0)
(0.149533 -0.667422 0)
(0.343428 -0.711375 0)
(0.28097 -0.702299 0)
(0.104359 -0.640243 0)
(0.197838 -0.571583 0)
(0.108899 -0.712073 0)
(0.185481 -0.913288 0)
(0.200332 -0.82574 0)
(0.263507 -0.838598 0)
(0.196709 -0.738528 0)
(-0.0657446 -0.591185 0)
(0.273054 -1.18068 0)
(0.0981775 -0.606259 0)
(0.192262 -0.572208 0)
(0.282952 -0.667815 0)
(0.26242 -0.605228 0)
(0.191387 -0.661129 0)
(-0.00744989 -0.578989 0)
(0.113115 -0.576614 0)
(0.132732 -0.511589 0)
(0.15349 -0.571027 0)
(0.199848 -0.735042 0)
(0.262199 -0.6412 0)
(0.237413 -0.657121 0)
(0.030213 -0.711331 0)
(0.109167 -0.671715 0)
(0.277156 -0.828328 0)
(0.290558 -0.840782 0)
(0.173778 -0.805681 0)
(0.0100922 -0.595013 0)
(0.252511 -1.12454 0)
(0.22749 -0.59026 0)
(0.195809 -0.496302 0)
(0.212165 -0.684529 0)
(0.206673 -0.595722 0)
(0.156953 -0.71453 0)
(0.140086 -0.572522 0)
(0.120336 -0.505332 0)
(0.12332 -0.51993 0)
(0.140112 -0.517265 0)
(0.172712 -0.62928 0)
(0.193446 -0.509757 0)
(0.104911 -0.640079 0)
(0.122249 -0.624838 0)
(0.108781 -0.570303 0)
(0.114972 -0.606523 0)
(0.310194 -0.680114 0)
(0.234893 -0.728243 0)
(0.0239037 -0.532293 0)
(0.250518 -1.05562 0)
(0.223419 -0.518581 0)
(0.131518 -0.508076 0)
(0.191629 -0.499784 0)
(0.241632 -0.568191 0)
(0.194632 -0.626044 0)
(0.1503 -0.511048 0)
(0.100468 -0.499849 0)
(0.0893327 -0.435846 0)
(0.0229019 -0.553312 0)
(0.191384 -0.591565 0)
(0.279783 -0.643006 0)
(0.113485 -0.642068 0)
(0.157174 -0.643366 0)
(0.128806 -0.557627 0)
(0.0877915 -0.56516 0)
(0.231139 -0.60075 0)
(0.202634 -0.714638 0)
(0.0542006 -0.507843 0)
(0.245082 -1.02163 0)
(0.267439 -0.477129 0)
(0.20082 -0.428479 0)
(0.153118 -0.38221 0)
(0.109423 -0.522348 0)
(0.20684 -0.509563 0)
(0.217065 -0.592895 0)
(0.156211 -0.482089 0)
(0.0367099 -0.583022 0)
(-0.00350634 -0.548911 0)
(0.0890193 -0.530715 0)
(0.125846 -0.744463 0)
(0.136773 -0.756441 0)
(0.24541 -0.679713 0)
(0.163925 -0.782882 0)
(0.0627312 -0.614865 0)
(0.210208 -0.624529 0)
(0.17747 -0.699971 0)
(0.030593 -0.472969 0)
(0.212349 -0.970726 0)
(0.209481 -0.451488 0)
(0.191758 -0.493507 0)
(0.101221 -0.411028 0)
(0.113098 -0.449428 0)
(0.0944763 -0.462647 0)
(0.154883 -0.567003 0)
(0.192344 -0.648773 0)
(0.0180782 -0.714186 0)
(0.0683606 -0.595923 0)
(0.0751829 -0.603652 0)
(0.113211 -0.795841 0)
(0.164952 -0.832677 0)
(0.158864 -0.713717 0)
(0.145292 -0.874836 0)
(0.229348 -0.598435 0)
(0.156147 -0.626151 0)
(0.176838 -0.739445 0)
(0.0921807 -0.403021 0)
(0.221962 -0.888049 0)
(0.20973 -0.403607 0)
(0.234221 -0.472681 0)
(0.192658 -0.479745 0)
(0.0664629 -0.43371 0)
(0.112331 -0.456539 0)
(0.0703545 -0.455495 0)
(0.0636168 -0.550469 0)
(0.148309 -0.692166 0)
(0.0771369 -0.564738 0)
(-0.0111598 -0.571416 0)
(-0.0219108 -0.615813 0)
(0.276162 -0.608011 0)
(0.214749 -0.668117 0)
(0.230863 -0.634612 0)
(0.278662 -0.731136 0)
(0.0564855 -0.676044 0)
(0.199773 -0.7108 0)
(0.289686 -0.451206 0)
(0.294075 -1.00636 0)
(0.221421 -0.40232 0)
(0.135643 -0.366188 0)
(0.103689 -0.40966 0)
(0.132674 -0.411265 0)
(0.0753274 -0.412021 0)
(0.0878031 -0.452088 0)
(0.0532572 -0.429566 0)
(0.0540784 -0.474911 0)
(0.142898 -0.514059 0)
(0.0797225 -0.538426 0)
(0.0724202 -0.471984 0)
(0.182255 -0.488232 0)
(0.154676 -0.635222 0)
(0.103734 -0.583472 0)
(0.171122 -0.800115 0)
(0.198188 -0.743029 0)
(0.268565 -0.82063 0)
(0.11405 -0.761136 0)
(0.127453 -1.18202 0)
(0.160092 -0.336014 0)
(0.206626 -0.383992 0)
(0.149326 -0.406066 0)
(0.10728 -0.397719 0)
(0.0570888 -0.399285 0)
(0.056667 -0.391567 0)
(0.0946737 -0.466139 0)
(0.0742731 -0.399084 0)
(0.0772741 -0.477174 0)
(0.0774672 -0.549709 0)
(0.0830709 -0.535304 0)
(0.136762 -0.554895 0)
(0.131565 -0.6514 0)
(0.0948672 -0.6345 0)
(0.139249 -0.77748 0)
(0.0745583 -0.799797 0)
(0.130344 -0.966275 0)
(0.100989 -0.846257 0)
(0.14265 -0.877083 0)
(0.168286 -0.307379 0)
(0.0648076 -0.347019 0)
(0.129084 -0.402413 0)
(0.197015 -0.512075 0)
(0.053518 -0.385807 0)
(0.0377921 -0.383413 0)
(0.078517 -0.436987 0)
(0.0928173 -0.472241 0)
(0.075308 -0.525304 0)
(0.0813731 -0.537615 0)
(0.08472 -0.529804 0)
(0.10258 -0.543196 0)
(0.0849333 -0.627928 0)
(-0.0111725 -0.597743 0)
(-0.00528267 -0.510553 0)
(0.0522495 -0.860708 0)
(0.0603093 -0.681506 0)
(0.173392 -0.83546 0)
(0.268923 -0.809588 0)
(0.185632 -0.448305 0)
(0.154412 -0.394181 0)
(0.00524885 -0.322421 0)
(0.128929 -0.435299 0)
(0.166454 -0.390361 0)
(0.044669 -0.504703 0)
(0.0481295 -0.456413 0)
(0.0449509 -0.476661 0)
(0.07413 -0.500635 0)
(0.107781 -0.547044 0)
(0.0753954 -0.52488 0)
(0.0743277 -0.550176 0)
(0.0867427 -0.601548 0)
(0.0719374 -0.482835 0)
(-0.0949444 -0.318318 0)
(0.0280327 -0.566936 0)
(0.0591488 -0.569492 0)
(0.0966072 -0.551243 0)
(0.322033 -0.517973 0)
(0.108294 -0.340424 0)
(0.167136 -0.41317 0)
(0.128725 -0.358364 0)
(0.162367 -0.282561 0)
(0.0193224 -0.53117 0)
(-0.00125978 -0.485529 0)
(0.132036 -0.478656 0)
(0.0771627 -0.465998 0)
(0.0779228 -0.500244 0)
(0.0959706 -0.55122 0)
(0.0694678 -0.524391 0)
(0.0848411 -0.572614 0)
(0.128781 -0.603135 0)
(0.160798 -0.627941 0)
(-0.076899 -0.578749 0)
(-0.0382414 -0.501586 0)
(0.0534459 -0.618071 0)
(0.104446 -0.463321 0)
(0.251573 -0.435981 0)
(0.167068 -0.270174 0)
(0.144578 -0.413049 0)
(0.164816 -0.307489 0)
(-0.0239467 -0.397356 0)
(0.00991635 -0.499496 0)
(0.129118 -0.352997 0)
(0.0827604 -0.491735 0)
(0.0461263 -0.466376 0)
(0.0699055 -0.526697 0)
(0.108001 -0.556206 0)
(0.0659764 -0.527124 0)
(0.066503 -0.595349 0)
(0.0399906 -0.632372 0)
(0.0790732 -0.725008 0)
(0.0954882 -0.645089 0)
(0.03441 -0.494198 0)
(0.0831797 -0.622441 0)
(0.0935243 -0.545462 0)
(0.178266 -0.15395 0)
(0.0359436 -0.246672 0)
(0.144797 -0.342358 0)
(0.131559 -0.390896 0)
(0.00542882 -0.484566 0)
(0.0650074 -0.354853 0)
(0.0676559 -0.359976 0)
(0.073808 -0.474421 0)
(0.0563591 -0.402403 0)
(0.0632599 -0.478261 0)
(0.098119 -0.536157 0)
(0.0468695 -0.467693 0)
(0.0468033 -0.579972 0)
(0.0286756 -0.622354 0)
(0.0983969 -0.640693 0)
(0.191454 -0.632542 0)
(0.0596564 -0.769096 0)
(0.0511817 -0.659136 0)
(0.128784 -0.578319 0)
(0.281039 0.0174265 0)
(0.125977 -0.294664 0)
(0.0456966 -0.2804 0)
(0.0509427 -0.483765 0)
(0.108835 -0.431854 0)
(0.12492 -0.433575 0)
(0.0918001 -0.533027 0)
(0.0868477 -0.46741 0)
(0.0468515 -0.614865 0)
(0.015533 -0.488146 0)
(0.109335 -0.529568 0)
(0.0221559 -0.716141 0)
(-0.013 -0.564567 0)
(-0.0509134 -0.653548 0)
(-0.0100201 -0.766127 0)
(0.0495568 -0.834205 0)
(0.100987 -0.899313 0)
(0.172789 -0.727582 0)
(0.096343 -0.899771 0)
(-0.0146837 0.289888 0)
(0.0284007 -0.347723 0)
(0.0258122 -0.401309 0)
(-0.0334093 -0.41463 0)
(0.160174 -0.416007 0)
(0.00824351 -0.540257 0)
(0.0606618 -0.56236 0)
(0.0390854 -0.638686 0)
(0.0178577 -0.674274 0)
(0.134742 -0.659651 0)
(-0.057166 -0.688834 0)
(0.0190964 -0.788368 0)
(0.112076 -0.711141 0)
(-0.0999938 -0.756825 0)
(-0.130402 -0.714796 0)
(0.0152053 -0.744065 0)
(0.184477 -0.769494 0)
(0.0428403 -0.909501 0)
(-0.000470866 -0.966649 0)
(0.20661 0.392135 0)
)
;

boundaryField
{
    leftWall
    {
        type            fixedValue;
        value           uniform (0 0 0);
    }
    rightWall
    {
        type            fixedValue;
        value           uniform (0 0 0);
    }
    lowerWall
    {
        type            fixedValue;
        value           uniform (0 0 0);
    }
    atmosphere
    {
        type            pressureInletOutletVelocity;
        value           nonuniform List<vector> 
46
(
(0.133496 1.43315 0)
(0.0954724 1.45186 0)
(0.0744828 1.48985 0)
(0.38773 1.44078 0)
(0.44545 1.32004 0)
(0.467058 1.13709 0)
(0.439043 0.988126 0)
(0.361578 0.901167 0)
(0.354883 0.784245 0)
(0.323143 0.611456 0)
(0.346346 0.532405 0)
(0.246642 0.37637 0)
(0.200956 0.377704 0)
(0.197043 0.241017 0)
(0.267354 0.168785 0)
(0.236321 0.141309 0)
(0.0589154 0.0289846 0)
(0.15004 0.0386381 0)
(0 -0.116164 0)
(0 -0.0423051 0)
(0 -0.179054 0)
(0 -0.137962 0)
(0 -0.150645 0)
(0 -0.226094 0)
(0 -0.235073 0)
(0 -0.279578 0)
(0 -0.286846 0)
(0 -0.347723 0)
(0 -0.401309 0)
(0 -0.41463 0)
(0 -0.416007 0)
(0 -0.540257 0)
(0 -0.56236 0)
(0 -0.638686 0)
(0 -0.674274 0)
(0 -0.659651 0)
(0 -0.688834 0)
(0 -0.788368 0)
(0 -0.711141 0)
(0 -0.756825 0)
(0 -0.714796 0)
(0 -0.744065 0)
(0 -0.769494 0)
(0 -0.909501 0)
(0 -0.966649 0)
(0.20661 0.392135 0)
)
;
    }
    defaultFaces
    {
        type            empty;
    }
}


// ************************************************************************* //
