/*--------------------------------*- C++ -*----------------------------------*\
| =========                 |                                                 |
| \\      /  F ield         | foam-extend: Open Source CFD                    |
|  \\    /   O peration     | Version:     4.1                                |
|   \\  /    A nd           | Web:         http://www.foam-extend.org         |
|    \\/     M anipulation  |                                                 |
\*---------------------------------------------------------------------------*/
FoamFile
{
    version     2.0;
    format      ascii;
    class       surfaceScalarField;
    location    "0.95";
    object      phi_0;
}
// * * * * * * * * * * * * * * * * * * * * * * * * * * * * * * * * * * * * * //

dimensions      [0 3 -1 0 0 0 0];

internalField   nonuniform List<scalar> 
4432
(
-7.66865e-06
7.66865e-06
-3.74376e-05
2.97689e-05
-4.85554e-05
1.11178e-05
-4.65872e-05
-1.96823e-06
-2.15632e-05
-2.5024e-05
-6.33281e-06
-1.52304e-05
-1.97034e-05
1.33706e-05
-1.73091e-05
-2.39426e-06
-4.77584e-06
-1.25333e-05
-2.13129e-05
1.65371e-05
-2.15158e-05
2.02839e-07
-2.20342e-05
5.18405e-07
-1.61862e-05
-5.84795e-06
-3.76421e-06
-1.2422e-05
-2.3643e-06
-1.39991e-06
6.48539e-08
-2.42915e-06
2.99365e-06
-2.92879e-06
6.04928e-07
2.38872e-06
-1.22141e-06
1.82634e-06
-2.05458e-06
8.3317e-07
1.36495e-07
-2.19107e-06
-1.61183e-06
1.74833e-06
-1.61183e-06
-1.156e-05
1.92286e-05
-2.56033e-05
4.38122e-05
-3.09894e-05
1.6504e-05
-6.06839e-05
2.77263e-05
-7.02923e-05
-1.54156e-05
-6.72884e-05
-1.82343e-05
-4.00885e-05
-1.38293e-05
-3.16343e-05
-1.08485e-05
-4.27473e-05
-1.42025e-06
-1.75835e-05
-8.62668e-06
-2.64129e-05
9.03223e-06
-1.33991e-05
-1.24954e-05
-1.93483e-05
1.01217e-07
-9.9674e-06
-2.18029e-05
-4.77879e-06
-6.58852e-06
-2.98573e-07
-6.90936e-06
1.13251e-06
-4.35987e-06
3.01666e-06
5.04564e-07
1.98799e-06
2.85501e-06
1.42363e-06
1.39753e-06
1.44183e-06
-2.20927e-06
2.19351e-06
9.96649e-07
5.81678e-07
-2.61473e-05
4.53759e-05
-2.38595e-05
4.15244e-05
-5.45171e-05
4.71616e-05
-6.03704e-05
3.35796e-05
-6.10593e-05
-1.47267e-05
-5.73031e-05
-2.19905e-05
-3.50379e-05
-3.60945e-05
-2.12628e-05
-2.46236e-05
-1.86621e-05
-4.02098e-06
-1.89013e-05
-8.38742e-06
-2.80876e-05
1.82185e-05
-1.9328e-05
-2.1255e-05
-1.516e-05
-4.06681e-06
-1.19469e-05
-2.50161e-05
-2.62929e-06
-1.59061e-05
-1.37246e-06
-8.16619e-06
1.8634e-06
-7.59573e-06
1.64053e-06
7.27436e-07
2.20671e-06
2.28883e-06
3.34217e-06
2.62062e-07
1.24752e-06
-1.14616e-07
5.01077e-07
1.74309e-06
1.08275e-06
-1.24783e-05
5.78542e-05
-1.76381e-05
4.66843e-05
-3.82301e-05
6.77536e-05
-2.69371e-05
2.22866e-05
-6.10829e-05
1.94192e-05
-6.38392e-05
-1.92343e-05
-4.14396e-05
-5.84941e-05
-3.46014e-05
-3.14617e-05
-2.53612e-05
-1.32611e-05
-3.34794e-05
-2.69295e-07
-3.26192e-05
1.73584e-05
-3.64487e-05
-1.74255e-05
-2.48792e-05
-1.56363e-05
-4.08917e-06
-4.58061e-05
-3.73406e-06
-1.62612e-05
-5.9224e-06
-5.97785e-06
-6.7898e-07
-1.28392e-05
1.70175e-06
-1.65329e-06
2.0654e-06
1.92518e-06
3.11054e-06
-7.83078e-07
1.46658e-06
1.52935e-06
9.53221e-07
2.25645e-06
2.03598e-06
-1.1598e-05
6.94522e-05
-3.15033e-05
6.65895e-05
-4.48853e-05
8.11356e-05
-6.38809e-05
4.12822e-05
-6.63609e-05
2.18991e-05
-6.18278e-05
-2.37673e-05
-7.26557e-05
-4.76663e-05
-6.64849e-05
-3.76324e-05
-5.2521e-05
-2.72251e-05
-3.88032e-05
-1.3987e-05
-3.98213e-05
1.83765e-05
-3.48222e-05
-2.24246e-05
-9.3569e-06
-4.11016e-05
-1.63497e-06
-5.3528e-05
-1.37664e-06
-1.65195e-05
-4.61897e-06
-2.73553e-06
-5.47583e-07
-1.69105e-05
8.39603e-07
-3.04048e-06
1.29571e-06
1.46908e-06
5.07854e-07
4.77899e-09
-4.40062e-07
2.47726e-06
-1.73012e-06
3.54651e-06
3.05856e-07
-7.86603e-06
7.73182e-05
-3.14081e-05
9.01316e-05
-3.96533e-05
8.93808e-05
-5.09106e-05
5.25395e-05
-5.78201e-05
2.88086e-05
-5.22444e-05
-2.9343e-05
-3.12608e-05
-6.86499e-05
-3.57913e-05
-3.31019e-05
-2.92897e-05
-3.37267e-05
-3.71558e-05
-6.12099e-06
-2.45953e-05
5.81596e-06
-1.83118e-05
-2.87081e-05
-2.23372e-05
-3.70762e-05
-5.40344e-06
-7.04618e-05
-3.09337e-06
-1.88296e-05
-5.65122e-06
-1.7767e-07
-1.45168e-06
-2.11101e-05
3.47015e-07
-4.83917e-06
1.88162e-06
-6.55316e-08
1.94777e-06
-6.13635e-08
1.22132e-06
3.20371e-06
-1.84826e-07
4.95265e-06
1.2103e-07
-1.23429e-05
8.96611e-05
-2.15258e-05
9.93146e-05
-3.5293e-05
0.000103148
-4.68812e-05
6.41277e-05
-4.94704e-05
3.13978e-05
-4.55842e-05
-3.32292e-05
-4.99583e-05
-6.42758e-05
-2.90721e-05
-5.39881e-05
-4.6453e-05
-1.63458e-05
-4.19373e-05
-1.06366e-05
-2.88093e-05
-7.31206e-06
-2.08982e-05
-3.66192e-05
-2.81517e-05
-2.98227e-05
-1.05894e-05
-8.80241e-05
-1.34285e-05
-1.59905e-05
-5.63393e-06
-7.97222e-06
1.86213e-07
-2.69302e-05
9.51807e-08
-4.74814e-06
-1.98972e-06
2.01937e-06
-9.98158e-07
-1.05293e-06
-1.97788e-06
4.18343e-06
-5.03002e-06
8.00479e-06
-4.90899e-06
-4.34405e-06
9.40052e-05
-9.91657e-06
0.000104887
-2.76995e-05
0.000120931
-4.35055e-05
7.99336e-05
-5.00548e-05
3.79471e-05
-2.33411e-05
-5.99429e-05
-5.09512e-05
-3.66657e-05
-2.75247e-05
-7.74146e-05
-3.67617e-05
-7.10885e-06
-2.0132e-05
-2.72663e-05
-2.50006e-05
-2.44344e-06
-1.75597e-05
-4.40601e-05
-2.74208e-05
-1.99616e-05
-1.33789e-05
-0.000102066
-1.02132e-05
-1.91562e-05
-1.38396e-06
-1.68014e-05
5.13544e-06
-3.34496e-05
2.11074e-06
-1.72344e-06
-2.91015e-06
7.04026e-06
-3.11963e-06
-8.43444e-07
3.28122e-06
-2.21742e-06
3.26963e-06
8.01639e-06
-1.63936e-06
-5.82666e-05
5.82666e-05
-8.05515e-05
2.22849e-05
-0.000107016
2.6464e-05
-0.00013222
2.52049e-05
-0.000127766
-4.45453e-06
-0.000126706
-1.06032e-06
-0.000129303
2.59711e-06
-8.26952e-05
-4.66075e-05
-7.92565e-05
-3.43873e-06
-7.07152e-05
-8.54125e-06
-7.10459e-05
3.30649e-07
-0.000118054
4.70084e-05
-0.000107832
-1.02219e-05
-9.85607e-05
-9.27161e-06
-8.08377e-05
-1.7723e-05
-6.65589e-05
-1.42789e-05
-2.77614e-05
-3.87974e-05
-2.79013e-05
1.39873e-07
-2.79013e-05
-2.39754e-05
8.22421e-05
-6.48745e-05
6.3184e-05
-9.03275e-05
5.1917e-05
-6.71496e-05
2.02696e-06
-0.000111604
3.99997e-05
-0.000111767
-8.97118e-07
-7.22754e-05
-3.68945e-05
-8.06961e-05
-3.81868e-05
-7.6977e-05
-7.15783e-06
-0.000120794
3.52757e-05
-0.000118944
-1.51932e-06
-6.18879e-05
-1.00477e-05
-8.79826e-05
1.58728e-05
-7.86952e-05
-1.8559e-05
-3.30639e-05
-6.33543e-05
-4.31318e-05
-4.21098e-06
-3.55796e-05
-4.63497e-05
-1.88558e-05
-1.65839e-05
-4.67571e-05
-2.73018e-05
0.000109544
-3.83596e-05
7.42417e-05
-3.02136e-05
4.3771e-05
-5.65639e-05
2.83773e-05
-0.000101089
8.45247e-05
-9.40736e-05
-7.91244e-06
-0.000107556
-2.34126e-05
-0.000121405
-2.43378e-05
-0.00011478
-1.37829e-05
-9.55985e-05
1.60946e-05
-8.62731e-05
-1.08447e-05
-7.8301e-05
-1.80198e-05
-4.72662e-05
-1.5162e-05
-2.3313e-05
-4.25121e-05
-3.18027e-05
-5.48646e-05
-2.52233e-05
-1.07904e-05
-1.28955e-05
-5.86775e-05
-7.76127e-06
-2.17181e-05
-5.45184e-05
-2.34029e-05
0.000132947
-4.83478e-05
9.91866e-05
-8.21843e-05
7.76074e-05
-0.000114258
6.04508e-05
-5.91658e-05
2.94327e-05
-9.17512e-05
2.4673e-05
-9.44325e-05
-2.07313e-05
-5.43427e-05
-6.44276e-05
-8.27726e-05
1.4647e-05
-3.61882e-05
-3.04898e-05
-5.82206e-05
1.11877e-05
-3.88748e-05
-3.73657e-05
-4.84782e-06
-4.9189e-05
5.9847e-06
-5.33447e-05
6.74982e-06
-5.56298e-05
1.14135e-05
-1.54541e-05
1.11213e-06
-4.83761e-05
7.40472e-07
-2.13464e-05
-5.37779e-05
-2.76469e-05
0.000160594
-6.00416e-05
0.000131581
-7.95108e-05
9.70767e-05
-5.72936e-05
3.82336e-05
-8.75014e-05
5.96405e-05
-6.64357e-05
3.60727e-06
-3.32925e-05
-5.38745e-05
-6.88018e-05
-2.89183e-05
-2.68397e-05
-2.7315e-05
-3.31087e-05
-2.42208e-05
-1.95561e-05
-2.36497e-06
1.98159e-06
-5.89033e-05
1.12655e-05
-5.84729e-05
2.96675e-05
-7.17466e-05
1.58349e-05
-4.17971e-05
2.33433e-05
-2.29625e-05
1.04445e-05
-3.54774e-05
1.56641e-05
-2.6566e-05
-3.81138e-05
-2.92414e-05
0.000189835
-6.2882e-05
0.000165222
-7.27052e-05
0.0001069
-8.28124e-05
4.83408e-05
-5.96217e-05
3.64499e-05
-3.23993e-05
-2.36151e-05
-3.79588e-05
-4.83151e-05
-3.15257e-05
-3.53513e-05
-1.74124e-05
-4.14284e-05
-5.39648e-06
-3.62368e-05
-2.2681e-06
-5.49335e-06
2.02509e-05
-8.14223e-05
3.45878e-05
-7.28099e-05
3.80026e-05
-7.51614e-05
2.21143e-05
-2.59089e-05
3.88734e-05
-3.97216e-05
1.74267e-05
-1.40307e-05
1.02389e-05
-1.93782e-05
-2.78749e-05
-5.57272e-05
0.000245562
-7.13811e-05
0.000180876
-6.48398e-05
0.000100359
-3.60821e-05
1.95832e-05
-2.68107e-05
2.71785e-05
-2.58672e-05
-2.45587e-05
-2.26202e-05
-5.15621e-05
-1.21598e-05
-4.58116e-05
-1.55818e-07
-5.34324e-05
7.64663e-06
-4.40392e-05
8.01491e-06
-5.86164e-06
2.90711e-05
-0.000102479
4.14264e-05
-8.51651e-05
4.51808e-05
-7.89158e-05
4.64138e-05
-2.7142e-05
3.87953e-05
-3.21031e-05
1.62067e-05
8.55793e-06
1.01625e-05
-1.33339e-05
-1.77124e-05
-7.05e-05
0.000316062
-8.82312e-05
0.000198607
-3.47933e-05
4.69206e-05
-4.61732e-05
3.0963e-05
-3.50928e-05
1.60982e-05
-2.4719e-05
-3.49325e-05
-1.05602e-05
-6.57209e-05
-1.06219e-05
-4.57499e-05
4.81526e-07
-6.45359e-05
2.0777e-05
-6.43347e-05
3.06721e-05
-1.57567e-05
3.5229e-05
-0.000107035
2.41013e-05
-7.40375e-05
2.36785e-05
-7.84929e-05
4.62764e-05
-4.97399e-05
3.56129e-05
-2.14396e-05
2.79688e-05
1.6202e-05
1.05062e-05
4.12862e-06
-7.20623e-06
-1.19809e-05
0.000105986
-1.47761e-05
0.000107682
-1.91393e-05
0.000125294
-3.96613e-05
0.000100456
-3.72979e-05
3.55838e-05
-7.86666e-05
-1.85743e-05
-7.11567e-05
-4.41755e-05
-0.000130639
-1.7932e-05
-0.000114507
-2.32415e-05
-9.73677e-05
-4.44053e-05
-4.62542e-05
-5.35569e-05
-2.27017e-05
-6.76126e-05
-1.97947e-05
-2.28686e-05
-6.5502e-05
-5.63587e-05
-4.87272e-05
-3.5931e-05
-2.59848e-05
-3.95438e-05
-1.12136e-05
-4.82209e-05
3.62164e-06
-1.65587e-05
1.91373e-05
-8.4754e-06
2.88413e-05
-1.05475e-05
2.11042e-05
5.51965e-06
-3.57739e-05
6.48945e-05
3.83288e-05
-7.5742e-05
-2.51481e-06
0.000108501
-4.8809e-06
0.000110048
-9.80135e-06
0.000130215
-7.70631e-06
9.83606e-05
-1.35212e-06
2.92296e-05
-7.10257e-06
-1.28238e-05
-4.51642e-05
-6.11387e-06
-6.77446e-05
4.64834e-06
-6.77831e-05
-2.3203e-05
-9.95071e-05
-1.26814e-05
-9.68425e-05
-5.62215e-05
-0.000114367
-5.00882e-05
-8.06704e-05
-5.6565e-05
-0.000110359
-2.66697e-05
-0.000101631
-4.46592e-05
-0.000114481
-2.66937e-05
-0.000118783
-4.39195e-05
-0.000120444
-1.48972e-05
-0.00012694
-1.97914e-06
-0.00013324
-4.24743e-06
-0.000156988
2.92669e-05
-0.000118832
2.67389e-05
9.79638e-05
-0.000178467
5.31634e-06
0.000103185
-4.56712e-06
0.000119932
2.10928e-05
0.000104555
1.94641e-05
9.99893e-05
1.97111e-06
4.67226e-05
-9.13867e-06
-1.71401e-06
-2.07295e-05
5.47697e-06
-4.23653e-05
2.62842e-05
-5.76015e-05
-7.96679e-06
-6.47501e-05
-5.53277e-06
-0.000112454
-8.51766e-06
-0.000126401
-3.61412e-05
-0.000146073
-3.68932e-05
-0.000149117
-2.36256e-05
-0.000169123
-2.46526e-05
-0.000168247
-2.75697e-05
-0.00017592
-3.62469e-05
-0.000199126
8.30923e-06
-0.000221361
2.02558e-05
-0.00021982
-5.78836e-06
-0.000213924
2.33701e-05
-0.000218332
3.11474e-05
9.72356e-05
-0.000217604
-1.39428e-06
0.000104579
-4.67532e-06
0.000123213
-3.49753e-06
0.000103377
-2.81231e-07
9.6773e-05
-2.54844e-05
7.19257e-05
-5.10538e-05
2.38554e-05
-6.9034e-05
2.34571e-05
-8.73722e-05
4.46224e-05
-0.000100512
5.17262e-06
-0.0001228
1.67557e-05
-0.00014022
8.90205e-06
-0.000154333
-2.20277e-05
-0.000168137
-2.30899e-05
-0.0001596
-3.21619e-05
-0.000166996
-1.7257e-05
-0.000169865
-2.47009e-05
-0.000169698
-3.6414e-05
-0.000125073
-3.63158e-05
-0.000135874
3.10573e-05
-0.000194416
5.27538e-05
-0.00019427
2.32241e-05
-0.000225001
6.1878e-05
3.09532e-05
-0.000158719
-3.46015e-05
0.00013918
-1.72378e-06
9.03352e-05
5.50712e-06
9.61461e-05
-4.94256e-06
0.000107223
-4.71863e-05
0.00011417
-8.80931e-05
6.47621e-05
-0.000110063
4.54272e-05
-8.45459e-05
1.91051e-05
-0.000116371
3.69981e-05
-0.000128071
2.84551e-05
-0.000155527
3.63579e-05
-0.000149421
-2.81338e-05
-0.000147027
-2.54837e-05
-0.000162159
-1.70298e-05
-0.000121248
-5.81676e-05
-0.000107403
-3.8546e-05
-0.000141187
-2.63019e-06
-0.000168189
-9.31338e-06
-0.00014306
5.92768e-06
-0.000136982
4.66761e-05
-0.000210251
9.6493e-05
-0.0002177
6.9327e-05
5.63028e-05
-0.000243049
-1.40156e-05
0.000153196
-1.52576e-05
9.15772e-05
-1.84143e-05
9.93027e-05
-3.57566e-05
0.000124565
-2.49025e-05
0.000103315
-4.3471e-05
8.33306e-05
-3.83183e-05
4.02745e-05
-6.4128e-05
4.49149e-05
-0.00010732
8.01905e-05
-0.000119416
4.05511e-05
-8.64103e-05
3.35169e-06
-0.000112531
-2.01287e-06
-0.000115328
-2.2687e-05
-8.26896e-05
-4.96682e-05
-0.000105775
-3.50825e-05
-0.000165696
2.13757e-05
-0.000179268
1.09418e-05
-0.000204832
1.62499e-05
-0.000239045
4.01412e-05
-0.000278233
8.58641e-05
-0.000282331
0.000100591
-0.000266699
5.36945e-05
4.71422e-05
-0.000257538
6.26262e-06
0.000146933
-1.3705e-05
0.000111545
-2.48822e-05
0.00011048
8.067e-06
9.16159e-05
-1.44595e-05
0.000125842
-9.10579e-05
0.000159929
-9.8012e-05
4.72287e-05
-0.000111124
5.80272e-05
-0.000109662
7.87279e-05
-8.05326e-05
1.1422e-05
-8.99691e-05
1.27882e-05
-0.000115961
2.3979e-05
-0.000126273
-1.23745e-05
-0.00016349
-1.2452e-05
-0.000192003
-6.56895e-06
-0.000190379
1.97517e-05
-0.00021634
3.69021e-05
-0.000265126
6.50362e-05
-0.000304383
7.93983e-05
-0.000313962
9.5443e-05
-0.000313817
0.000100446
-0.000303404
4.32818e-05
2.19728e-05
-0.000278234
1.32454e-05
0.000133688
2.38538e-05
0.000100937
1.51165e-05
0.000119217
-7.92978e-06
0.000114662
-3.02529e-05
0.000148165
-4.97741e-05
0.00017945
-0.000114801
0.000112256
-0.000110943
5.41697e-05
-7.37955e-05
4.15799e-05
-0.000139953
7.758e-05
-0.000165344
3.81782e-05
-0.000170826
2.94618e-05
-0.000180757
-2.44335e-06
-0.000189373
-3.83663e-06
-0.000199389
3.44728e-06
-0.000223454
4.38168e-05
-0.000257868
7.13165e-05
-0.000293875
0.000101043
-0.000313827
9.93499e-05
-0.000318658
0.000100274
-0.000291311
7.30992e-05
-0.000268077
2.00478e-05
-4.83769e-06
-0.000241267
5.02028e-05
8.3485e-05
7.80814e-05
7.3058e-05
2.60799e-05
0.000171219
1.46203e-05
0.000126122
-5.75732e-05
0.000220359
-5.273e-05
0.000174607
-9.34191e-05
0.000152945
-0.000105189
6.59393e-05
-0.000105944
4.23353e-05
-0.000109597
8.12327e-05
-0.00013865
6.72313e-05
-0.000158767
4.95787e-05
-0.000132378
-2.88319e-05
-0.000148636
1.24214e-05
-0.000221132
7.59432e-05
-0.000255257
7.79415e-05
-0.000279019
9.50792e-05
-0.000293213
0.000115236
-0.000311395
0.000117532
-0.000298093
8.6973e-05
-0.000258294
3.33002e-05
-0.000232908
-5.33828e-06
-1.33738e-05
-0.000224372
1.95659e-05
6.39191e-05
2.05535e-05
7.20705e-05
2.50312e-05
0.000166741
-5.97904e-06
0.000157132
-2.47106e-05
0.00023909
-7.50288e-05
0.000224925
-4.34744e-05
0.00012139
-9.16545e-05
0.000114119
-0.000102239
5.29199e-05
-9.09775e-05
6.99711e-05
-9.3381e-05
6.96348e-05
-7.71151e-05
3.33129e-05
-0.000127065
2.11177e-05
-0.000225539
0.000110895
-0.000249742
0.000100147
-0.000281284
0.000109483
-0.000257226
7.10212e-05
-0.00026092
0.000118931
-0.000267857
0.000124468
-0.00025216
7.12761e-05
-0.000220255
1.39568e-06
-0.000199643
-2.59501e-05
-2.03383e-05
-0.000192679
1.15535e-05
5.23656e-05
-1.73208e-05
0.000100945
2.31249e-05
0.000126295
8.38682e-06
0.00017187
9.00165e-06
0.000238476
1.8161e-05
0.000215766
1.33207e-05
0.000126231
-4.64589e-05
0.000173899
-5.72965e-05
6.37575e-05
-4.91277e-05
6.18023e-05
-6.44664e-05
8.49735e-05
-0.000130211
9.90579e-05
-0.00019666
8.7566e-05
-0.000144198
5.84334e-05
-0.000148787
0.000104736
-0.000154502
0.000115198
-0.00024218
0.000158699
-0.0002365
0.00011325
-0.000159134
4.71029e-05
-0.000131238
4.33796e-05
-0.00015994
3.00975e-05
-0.000164075
-2.18146e-05
-3.48094e-05
-0.000149604
6.66718e-06
4.56985e-05
2.20896e-05
8.55225e-05
3.40352e-05
0.00011435
2.50978e-07
0.000205655
2.74918e-05
0.000211235
3.95861e-05
0.000203672
2.12891e-05
0.000144528
4.58918e-06
0.000190599
-4.17268e-05
0.000110074
-3.66241e-05
5.66997e-05
-6.37586e-05
0.000112108
-9.80149e-05
0.000133314
-0.000132415
0.000121966
-0.000237427
0.000163446
-0.00026357
0.000130879
-0.000245304
9.69319e-05
-0.000243531
0.000156926
-0.000233123
0.000102842
-0.000232796
4.67767e-05
-0.000214502
2.50849e-05
-0.000184773
3.68972e-07
-0.000164864
-4.17239e-05
-0.000110533
-8.91405e-05
1.58593e-05
2.98392e-05
1.82621e-05
8.312e-05
-2.21954e-05
0.000154808
-6.21971e-06
0.000189679
3.0458e-05
0.000174557
4.27373e-05
0.000191393
-5.25172e-06
0.000192517
-1.39996e-05
0.000199347
-3.39986e-05
0.000130073
-0.000119925
0.000142626
-0.000158271
0.000150454
-0.000194204
0.000169247
-0.000222531
0.000150292
-0.00015955
0.000100466
-0.000136088
0.000107417
-0.000246198
0.000207042
-0.000253724
0.000164451
-0.000211109
6.02274e-05
-0.000194371
3.00389e-05
-0.00016089
-8.3964e-06
-8.99036e-05
-7.06171e-05
-2.38028e-05
-0.000107825
-9.62535e-05
-3.8082e-05
-3.6302e-05
6.61414e-05
-8.48499e-05
0.000131668
-0.000116161
0.000186119
-0.000116105
0.000189623
-6.09057e-05
0.000119358
-8.43686e-05
0.000214856
-0.000104416
0.000212564
-0.000107884
0.000202815
-9.81544e-05
0.000120343
-0.000149497
0.000193969
-0.000204161
0.000205118
-0.000224483
0.000189569
-0.000228457
0.000154266
-0.000246065
0.000118074
-0.000254015
0.000115367
-0.000148552
0.000101579
-0.00014001
0.000155909
-0.000186863
0.00010708
-0.0001463
-1.05236e-05
-8.48564e-05
-6.98402e-05
-4.57527e-05
-0.000109721
-4.70953e-05
-0.000106482
-0.00011606
-2.72893e-05
-3.79933e-05
0.000104135
-6.60098e-05
0.000159685
-7.15672e-05
0.000191676
-8.12212e-05
0.000199277
-0.000179855
0.000217991
-0.000182027
0.000217028
-0.000182111
0.000212649
-0.000164463
0.000185167
-0.000170465
0.000126345
-0.000194521
0.000218025
-0.000242352
0.000252949
-0.000269414
0.000216631
-0.000222762
0.000107614
-0.000267406
0.000162718
-0.000297051
0.000145012
-0.000302844
0.000107372
-0.000236771
8.98354e-05
-0.000145345
1.56538e-05
-6.8609e-05
-8.72592e-05
-2.92987e-05
-0.00010915
-2.70439e-05
-0.000111976
-1.64991e-05
-0.000117027
-9.98066e-05
-3.27521e-05
-8.75918e-05
0.000191727
-0.000166134
0.000238227
-0.000251231
0.000276773
-0.000292579
0.000240625
-0.00029583
0.000221242
-0.000290895
0.000212093
-0.000302741
0.000224496
-0.00025637
0.000138796
-0.000315225
0.0001852
-0.000325479
0.000228279
-0.000200774
0.000128243
-0.000198331
0.000214188
-0.000287771
0.000197054
-0.000273831
0.000148778
-0.000253272
0.000124453
-0.000214949
6.90501e-05
-0.000130816
5.70185e-06
-4.57005e-05
-6.94615e-05
-1.86429e-05
-0.000114317
-5.24047e-06
-0.000122553
-3.75966e-05
-7.96195e-05
-1.48924e-05
-0.000139731
-6.86511e-05
-4.60479e-05
-9.26114e-05
0.000284338
-0.000170343
0.000315959
-0.000169128
0.000275558
-0.000183805
0.000255303
-0.000183275
0.000220712
-0.000207977
0.000236794
-0.000231411
0.00024793
-0.000373154
0.000280538
-0.000333779
0.000145826
-0.000325508
0.000220008
-0.000367385
0.00017012
-0.000336324
0.000183126
-0.000243518
0.000104248
-0.000222401
0.000127661
-0.000192722
9.47733e-05
-0.000126208
2.5367e-06
-5.04812e-05
-7.00253e-05
-1.35663e-05
-0.000106376
-3.37387e-05
-9.41444e-05
-6.01207e-05
-9.61709e-05
-3.56299e-05
-0.00010411
-7.36429e-05
-0.000101718
-8.0969e-05
-6.13251e-05
-9.20306e-05
0.000376369
-0.000170357
0.000394285
-0.000173601
0.000278803
-0.000206049
0.00028775
-0.000317095
0.000331759
-0.000372086
0.000291786
-0.000362079
0.000237922
-0.000219928
0.000138387
-0.00032335
0.000249247
-0.000291157
0.000187815
-0.000275785
0.000154749
-0.000240229
0.00014757
-0.000212167
7.61859e-05
-0.000185976
0.000101471
-0.000120842
2.96393e-05
-5.3758e-05
-6.45471e-05
-2.2347e-05
-0.000101436
-4.70117e-05
-8.17118e-05
-5.82302e-05
-8.29259e-05
-6.2733e-05
-9.16681e-05
-7.1576e-05
-9.52675e-05
-7.21045e-05
-0.00010119
-7.90951e-05
-7.39784e-05
-0.000118571
0.00049494
-0.000182658
0.000458372
-0.00024385
0.000339995
-0.00026919
0.00031309
-0.000212113
0.000274682
-0.000216516
0.000296189
-0.000274966
0.000296372
-0.000271548
0.00013497
-0.000253244
0.000230942
-0.000223568
0.00015814
-0.000225295
0.000156476
-0.00020563
0.000127904
-0.000215637
8.61924e-05
-0.000179153
6.49874e-05
-0.000113841
-3.56728e-05
-0.00011654
-6.18481e-05
-9.70197e-05
-0.000120957
-6.43075e-05
-0.000114424
-6.18406e-05
-8.53928e-05
-5.13668e-05
-0.000102142
-2.38752e-05
-0.000122759
-5.4737e-05
-7.03278e-05
-9.38539e-05
-3.99783e-05
-7.27039e-05
0.000567644
-0.000105678
0.000491346
-0.000198981
0.000433298
-0.000212267
0.000326376
-0.000193156
0.000255572
-0.000181259
0.000284291
-0.000159285
0.000274398
-0.000242647
0.000218332
-0.000201449
0.000189745
-0.000186183
0.000142873
-0.000201496
0.000171789
-0.000198361
0.000124769
-0.000201997
8.98287e-05
-0.000153655
1.66452e-05
-0.000103448
-8.58796e-05
-6.92591e-05
-9.6037e-05
-6.73054e-05
-0.000122911
-7.00944e-05
-0.000111635
-4.67936e-05
-0.000108694
-3.77202e-05
-0.000111215
-4.62392e-05
-0.00011424
-1.4462e-05
-0.000102105
-8.49595e-05
-2.33564e-05
-0.000129836
0.00069748
-6.08028e-05
0.000422313
-0.000161561
0.000534056
-0.000198095
0.00036291
-0.000255724
0.000313202
-0.000263068
0.000291634
-0.000245292
0.000256623
-0.000208947
0.000181987
-0.000168979
0.000149777
-0.000130025
0.000103918
-0.00014704
0.000188804
-0.000155808
0.000133538
-0.000146139
8.01589e-05
-9.83611e-05
-3.11323e-05
-7.49904e-05
-0.00010925
-5.80696e-05
-0.000112958
-3.69593e-05
-0.000144021
-3.47664e-05
-0.000113828
-3.10602e-05
-0.0001124
-2.18215e-05
-0.000120454
-2.52696e-05
-0.000110792
-1.85694e-05
-0.000108805
-9.44063e-05
-9.12262e-06
-6.86215e-05
0.000766101
-0.000138837
0.000492529
-0.000163348
0.000558567
-0.000198764
0.000398325
-0.00023656
0.000350998
-0.000237578
0.000292652
-0.000107716
0.00012676
-0.000149169
0.00022344
-0.000114199
0.000114807
-0.000131924
0.000121643
-0.000143064
0.000199944
-9.59082e-05
8.63819e-05
-5.59072e-05
4.0158e-05
-1.16321e-05
-7.54075e-05
-4.73373e-05
-7.35453e-05
-2.34976e-05
-0.000136797
-1.78919e-05
-0.000149627
-1.91246e-05
-0.000112595
-1.7873e-05
-0.000113651
-1.74006e-05
-0.000120926
-1.47179e-05
-0.000113475
5.62459e-06
-0.000129148
-7.67552e-05
-1.20265e-05
-5.217e-05
0.000818271
-0.000187046
0.000627405
-0.000129728
0.000501248
-0.000163429
0.000432026
-0.000133141
0.00032071
-0.000125868
0.000285378
-0.000169804
0.000170696
-9.30066e-05
0.000146642
-0.000120401
0.000142202
-0.000131317
0.000132559
-0.000142516
0.000211142
-0.000121201
6.50663e-05
-6.5636e-05
-1.54069e-05
-3.54982e-05
-0.000105545
-3.36122e-05
-7.54313e-05
-2.08063e-05
-0.000149603
-2.23333e-05
-0.0001481
-2.51047e-06
-0.000132418
-2.89811e-05
-8.71808e-05
-2.26977e-05
-0.00012721
-1.78897e-05
-0.000118283
-2.47917e-05
-0.000122246
-0.000133737
3.21896e-05
-6.55131e-05
0.000883782
-0.000184528
0.000746421
-0.000184879
0.0005016
-0.00016952
0.000416668
-0.00018995
0.00034114
-0.000101563
0.000196991
-0.00021222
0.000281353
-0.00020205
0.000136473
-0.000170946
0.000111098
-0.000130688
9.23003e-05
-0.000108905
0.00018936
-0.000102043
5.82041e-05
-7.45493e-05
-4.29003e-05
-6.39297e-05
-0.000116165
-1.78646e-05
-0.000121496
-2.03945e-05
-0.000147074
-2.22897e-05
-0.000146205
-5.04155e-06
-0.000149666
1.09362e-05
-0.000103159
-2.4102e-05
-9.21716e-05
-4.90138e-05
-9.3371e-05
-2.42002e-05
-0.000147059
-0.00013549
-2.24464e-05
-5.41135e-05
0.000937896
-0.000121046
0.000813354
-0.000161517
0.000542071
-0.000148956
0.000404107
-0.000164575
0.00035676
-0.000186325
0.000218741
-0.0002049
0.000299928
-0.000206311
0.000137884
-0.000193463
9.825e-05
-0.000233455
0.000132292
-0.000192071
0.000147975
-0.000110432
-2.34349e-05
-6.4384e-05
-8.89482e-05
-4.01105e-05
-0.000140438
-3.16274e-05
-0.00012998
-2.29843e-05
-0.000155717
-2.11155e-05
-0.000148073
-1.31363e-05
-0.000157645
-2.21699e-05
-9.4125e-05
-1.55242e-05
-9.88174e-05
-2.205e-05
-8.68451e-05
-2.08505e-05
-0.000148259
-0.000131866
-2.44746e-05
-1.88003e-05
0.000956698
-8.74441e-05
0.000881998
-0.000126045
0.000580671
-0.000103145
0.000381207
-8.29814e-05
0.000336596
-0.000210099
0.000345858
-0.00015618
0.000246009
-0.000137099
0.000118802
-0.000126766
8.79168e-05
-0.000116055
0.000121582
-7.52307e-05
0.000107151
-3.33066e-05
-6.53591e-05
-1.03206e-05
-0.000111934
-5.10531e-05
-9.9706e-05
-2.3191e-05
-0.000157842
-2.45518e-05
-0.000154356
-2.24916e-05
-0.000150134
-4.07349e-05
-0.000139402
-1.33439e-06
-0.000133525
-4.74443e-06
-9.54073e-05
-6.45265e-06
-8.51369e-05
-7.65471e-06
-0.000147057
-0.000133606
-5.91447e-06
-6.39891e-05
0.00102069
-6.39395e-05
0.000881949
-7.15266e-05
0.000588258
-8.56665e-05
0.000395348
-0.000105987
0.000356917
-0.000110518
0.00035039
-0.000126094
0.000261585
-0.000187504
0.000180212
-0.000163224
6.36371e-05
-0.000105735
6.40928e-05
-4.97671e-05
5.11826e-05
5.11616e-08
-0.000115177
-2.36088e-05
-8.82742e-05
-2.50779e-05
-9.8237e-05
-6.95411e-06
-0.000175965
9.09322e-06
-0.000170403
-3.27751e-05
-0.000108265
-7.68394e-05
-9.53379e-05
-5.53842e-05
-0.000154981
-3.99374e-06
-0.000146798
4.19036e-06
-9.3321e-05
-4.44299e-06
-0.000138424
-0.000129241
-8.80842e-06
-3.08306e-05
0.00105152
-3.73233e-05
0.000888443
-5.12128e-05
0.000602151
-7.39044e-05
0.00041804
-9.16035e-05
0.000374617
-0.000108614
0.0003674
-0.000142919
0.00029589
-9.44446e-05
0.000131738
-0.000114689
8.38818e-05
-8.6973e-05
3.63765e-05
-1.71583e-05
-1.86321e-05
-4.66027e-05
-8.5733e-05
-4.90968e-05
-8.57802e-05
6.23695e-06
-0.000153571
6.58462e-06
-0.000176313
-3.31546e-05
-0.000130664
-2.58726e-05
-0.000115547
-6.54213e-06
-0.000114668
-4.51519e-05
-0.000116371
-3.38377e-05
-0.000158112
2.00707e-05
-0.000147229
2.43286e-05
-0.000142681
-9.14408e-05
-1.34716e-05
6.47146e-05
0.000986802
4.59108e-05
0.000907247
1.75624e-05
0.000630501
-3.13132e-05
0.000466916
-6.62732e-05
0.000409577
-9.15278e-05
0.000392655
-0.000116283
0.000320646
-8.97596e-05
0.000105214
-9.5341e-05
8.94633e-05
-8.64106e-05
2.74461e-05
-5.87234e-05
-4.63192e-05
-4.07573e-05
-0.000103699
-6.20572e-06
-0.000120332
-1.74098e-05
-0.000142367
-2.07201e-05
-0.000173003
-3.53519e-05
-0.000116032
6.65169e-06
-0.000157551
3.82972e-06
-0.000111846
-7.37431e-06
-0.000105167
2.56427e-06
-0.00016805
1.30104e-06
-0.000145966
-3.9698e-05
-0.000101682
-9.8618e-05
-3.25208e-05
5.34385e-05
0.000933364
7.33014e-05
0.000887386
6.18795e-05
0.000641923
1.51266e-06
0.000527282
-4.49481e-05
0.000456038
-7.3788e-05
0.000421495
-0.000108552
0.00035541
-8.49656e-05
8.1628e-05
-0.000115396
0.000119894
-8.00461e-05
-7.90378e-06
-5.3231e-05
-7.31343e-05
-2.41325e-05
-0.000132798
-4.77618e-05
-9.67026e-05
-2.71058e-05
-0.000163023
-3.65221e-05
-0.000163586
-3.67747e-06
-0.000148877
-4.94234e-06
-0.000156286
-1.75327e-05
-9.92561e-05
1.40836e-05
-0.000136783
1.82313e-06
-0.00015579
-5.72842e-06
-0.000138415
-1.10293e-05
-9.63816e-05
-0.000124941
1.52933e-05
3.11222e-05
0.000902245
5.73936e-05
0.000861116
5.34824e-05
0.000645833
7.20617e-06
0.000573558
-3.3772e-05
0.000497016
-6.23372e-05
0.00045006
-0.000105247
0.00039832
-0.00015869
0.00013507
-0.000131454
9.26583e-05
-0.000120176
-1.9181e-05
-7.6244e-05
-0.000117067
-3.75948e-05
-0.000171447
-2.17434e-05
-0.000112554
-1.23176e-05
-0.000172449
-1.14176e-05
-0.000164486
-1.43036e-05
-0.000145991
-1.38106e-05
-0.000156779
1.55688e-05
-0.000128635
1.50002e-05
-0.000136215
-2.76115e-06
-0.000138029
-1.1998e-05
-0.000129178
8.05447e-06
-0.000116434
-0.000108066
-8.82009e-06
3.84704e-05
0.000863775
4.26926e-05
0.000856892
4.28043e-05
0.000645721
1.52082e-05
0.000601154
-1.70296e-05
0.000529254
-4.99762e-05
0.000483007
-8.5898e-05
0.000434242
-0.000168532
0.000217704
-0.000134697
5.88234e-05
-8.43723e-05
-6.95057e-05
-9.80901e-05
-0.000103349
-6.70541e-05
-0.000202483
6.8297e-06
-0.000186438
1.30613e-05
-0.00017868
-2.08162e-05
-0.000130609
-8.06976e-06
-0.000158737
-1.97717e-06
-0.000162872
1.5133e-06
-0.000132126
7.36435e-06
-0.000142066
9.08204e-06
-0.000139746
1.58664e-05
-0.000135962
-1.39816e-05
-8.65861e-05
-0.000118215
-3.83298e-06
3.58555e-05
0.000827918
6.41437e-05
0.000828604
5.89584e-05
0.000650906
3.20705e-05
0.000628042
9.27422e-07
0.000560397
-3.46834e-05
0.000518617
-6.31414e-05
0.0004627
-0.000139177
0.00029374
-0.000132455
5.21009e-05
-5.89142e-05
-0.000143046
-3.95542e-05
-0.000122709
-7.94374e-06
-0.000234093
-4.56559e-06
-0.000189816
-2.88758e-06
-0.000180358
3.76573e-05
-0.000171154
2.15949e-06
-0.00012324
-1.24739e-07
-0.000160587
9.00791e-06
-0.000141259
7.7903e-06
-0.000140848
2.57741e-06
-0.000134533
2.20284e-06
-0.000135587
3.9533e-06
-8.83366e-05
-0.000124988
1.07269e-05
8.29779e-06
0.00081962
5.56415e-05
0.00078126
6.05013e-05
0.000646046
4.62561e-05
0.000642287
2.28258e-05
0.000583827
1.0495e-05
0.000530948
-1.50393e-05
0.000488234
-4.84413e-05
0.000327142
-4.579e-05
4.94497e-05
-3.35759e-05
-0.00015526
1.46869e-05
-0.000170971
2.69394e-05
-0.000246346
4.45085e-05
-0.000207385
-6.62442e-06
-0.000129225
-3.67241e-06
-0.000174106
3.95636e-05
-0.000166476
4.52615e-05
-0.000166285
3.97815e-06
-9.99752e-05
7.78027e-06
-0.00014465
-1.37289e-06
-0.00012538
-9.8432e-06
-0.000127117
1.22823e-05
-0.000110462
-0.000109548
-3.1578e-06
-1.25265e-05
0.000832147
4.08728e-05
0.00072786
3.10449e-05
0.000655874
4.43233e-05
0.000629008
5.90986e-05
0.000569052
6.13553e-05
0.000528691
7.86622e-05
0.000470927
8.24313e-05
0.000323373
9.97571e-05
3.21239e-05
9.1955e-05
-0.000147458
5.1154e-05
-0.00013017
4.02642e-05
-0.000235456
4.17478e-05
-0.000208869
3.37283e-05
-0.000121206
3.57844e-05
-0.000176162
2.43593e-05
-0.00015505
1.5705e-05
-0.000157631
5.80912e-05
-0.000142361
1.40869e-05
-0.000100646
1.1486e-05
-0.000122779
1.20695e-05
-0.000127701
2.13718e-05
-0.000119764
-0.000115609
2.74332e-05
-5.72474e-06
0.000837871
1.27803e-05
0.000709354
1.90876e-05
0.000649566
3.19049e-05
0.000616191
7.06133e-05
0.000530343
7.38174e-05
0.000525487
8.68394e-05
0.000457905
8.92081e-05
0.000321004
7.32202e-05
4.81117e-05
4.82568e-05
-0.000122495
0.000113323
-0.000195237
9.02228e-05
-0.000212356
7.5042e-05
-0.000193688
6.43875e-05
-0.000110551
4.25045e-05
-0.000154279
3.48302e-05
-0.000147376
1.74707e-05
-0.000140272
1.4417e-05
-0.000139308
3.52137e-05
-0.000121443
4.56694e-05
-0.000133235
7.1412e-06
-8.91726e-05
1.22605e-05
-0.000124884
-8.41356e-05
-1.92133e-05
7.93255e-08
0.000837791
7.35842e-06
0.000702075
2.20967e-05
0.000634828
1.82947e-05
0.000619993
6.21052e-05
0.000486533
6.31238e-05
0.000524469
0.000198461
0.000322568
0.000231923
0.000287542
0.000231768
4.82671e-05
0.000190193
-8.09201e-05
0.000154435
-0.00015948
0.000117804
-0.000175725
3.12546e-05
-0.000107138
7.56672e-05
-0.000154964
5.40824e-05
-0.000132694
3.8522e-05
-0.000131816
3.49836e-05
-0.000136733
2.31005e-05
-0.000127425
1.72339e-05
-0.000115576
2.07353e-05
-0.000136736
1.91567e-05
-8.75939e-05
2.79985e-05
-0.000133725
-8.32421e-05
2.7105e-05
-8.35504e-06
0.000846147
7.1803e-06
0.000686538
1.37534e-05
0.000628255
9.09308e-06
0.000624653
8.99327e-05
0.000405693
7.19738e-05
0.000542427
0.000113743
0.000280798
0.000107485
0.0002938
0.000112351
4.34017e-05
8.26943e-05
-5.12639e-05
7.43055e-05
-0.000151091
5.59051e-05
-0.000157324
0.000107129
-0.000158362
5.44175e-05
-0.000102252
1.97513e-05
-9.8028e-05
2.11982e-05
-0.000133263
2.37628e-05
-0.000139298
2.55067e-05
-0.000129168
3.52513e-05
-0.000125321
-8.2098e-06
-9.32752e-05
1.6407e-05
-0.000112211
7.04426e-06
-0.000124363
-0.000106457
3.02597e-05
-6.67124e-06
0.000852818
1.11357e-05
0.000668731
1.79148e-05
0.000621475
1.93576e-05
0.00062321
5.012e-05
0.000374931
3.53638e-05
0.000557183
6.32385e-05
0.000252923
0.00014973
0.000207308
0.000181297
1.18346e-05
0.000192697
-6.26639e-05
0.000127314
-8.57083e-05
0.000101877
-0.000131887
3.5864e-05
-9.23497e-05
5.67394e-05
-0.000123127
9.99412e-05
-0.00014123
5.41471e-05
-8.74686e-05
5.45636e-05
-0.000139714
1.49927e-05
-8.95976e-05
1.98008e-05
-0.000130129
1.27802e-05
-8.62546e-05
1.88597e-05
-0.00011829
9.03332e-07
-0.000106406
-9.72165e-05
-8.33766e-06
9.60119e-06
0.000843217
1.57382e-05
0.000662595
1.22014e-05
0.000625012
-5.38164e-06
0.000640793
-8.00916e-07
0.00037035
5.49068e-06
0.000550892
-4.29313e-05
0.000301345
8.19475e-05
8.24295e-05
8.427e-05
9.51211e-06
8.47398e-05
-6.31338e-05
0.000130686
-0.000131654
7.71168e-05
-7.83179e-05
9.87896e-05
-0.000114022
0.000100044
-0.000124382
4.81418e-05
-8.93275e-05
3.69152e-05
-7.62421e-05
2.31383e-05
-0.000125937
5.54259e-05
-0.000121885
8.3111e-06
-8.3014e-05
2.77293e-05
-0.000105673
3.20925e-05
-0.000122654
3.13368e-05
-0.00010565
-6.68818e-05
1.00206e-06
8.57678e-06
0.00083464
1.30195e-05
0.000658152
-2.11612e-05
0.000659193
-3.37944e-05
0.000653426
-7.84087e-05
0.000414964
-2.82072e-05
0.00050069
5.9104e-05
0.000214034
0.000116469
2.50643e-05
0.000147151
-2.11694e-05
0.000128495
-4.44782e-05
0.000100503
-0.000103662
8.86332e-05
-6.64485e-05
3.46373e-05
-6.00266e-05
2.72062e-05
-0.000116951
5.56376e-05
-0.000117759
4.39212e-05
-6.45256e-05
3.44369e-05
-0.000116453
2.32876e-05
-0.000110736
1.51152e-05
-7.48416e-05
1.71714e-05
-0.000107729
2.29625e-05
-0.000128445
-7.92855e-07
-8.18951e-05
-6.81891e-05
5.14428e-07
2.44516e-05
-4.79432e-05
-5.65205e-05
-4.13963e-05
-0.000207627
-0.000102763
-3.42121e-05
1.10418e-05
5.56342e-05
8.09701e-05
4.26621e-05
4.68483e-05
6.60144e-05
3.40531e-05
7.85781e-06
2.74651e-05
9.25301e-06
-3.84366e-06
1.3671e-05
1.41819e-06
-2.3144e-05
2.66792e-07
1.5019e-05
-0.000109646
3.39044e-05
-0.000147131
3.74845e-05
-0.000189421
4.22899e-05
4.93176e-05
-0.000238738
-0.000187797
4.32347e-05
-0.000197706
4.73932e-05
-0.000200617
4.52008e-05
6.11138e-05
-0.000212413
-0.000211025
3.66559e-05
-0.00019722
3.3588e-05
-0.000179039
2.70197e-05
4.0684e-05
-0.000158609
-0.000143191
2.11283e-05
-0.000125943
1.63402e-05
-0.000131686
3.27623e-05
3.01716e-05
-0.000121173
-0.000244448
2.25266e-05
-0.00024982
2.17125e-05
-0.000238729
2.16708e-05
3.47318e-05
-0.000243289
-0.000266389
3.13778e-05
-0.000274574
2.98976e-05
-0.000279928
2.70247e-05
1.31778e-05
-0.000258374
-0.000262153
1.52963e-05
-0.00024687
1.46147e-05
-0.000229403
9.55792e-06
4.75545e-06
-0.000220981
-0.000225127
-8.43693e-07
-0.000208271
-2.24142e-06
-0.000195596
-3.117e-06
-4.22751e-06
-0.000186613
-0.000217086
-8.13028e-06
-0.000210976
-8.35097e-06
-0.000200683
-1.34104e-05
-1.60707e-05
-0.000188839
-0.000184475
-1.6334e-05
-0.000181711
-1.11155e-05
-0.000181493
-1.36283e-05
-2.66563e-05
-0.000170907
-0.000139094
-2.68442e-05
-0.000129237
-2.09723e-05
-0.000103916
-3.89494e-05
-4.54116e-05
-8.51606e-05
-7.48035e-05
-4.11812e-05
-5.64237e-05
-3.93522e-05
-5.73993e-05
-3.79737e-05
-4.13901e-05
-6.14209e-05
-4.09848e-05
-3.82784e-05
-3.71897e-05
-4.31474e-05
-3.87088e-05
-3.64546e-05
-2.94641e-05
-5.06348e-05
-1.5065e-05
-5.05027e-05
-1.81975e-05
-4.00148e-05
-2.03749e-05
-3.42773e-05
-3.34339e-05
-1.64051e-05
-4.35748e-05
-3.96802e-05
-4.28325e-05
-4.07571e-05
-4.14229e-05
-3.56869e-05
-3.66565e-05
-3.82004e-05
-3.96293e-05
-4.60987e-05
-3.27658e-05
-4.76206e-05
-2.54978e-05
-4.2955e-05
-2.12058e-05
-4.09485e-05
-7.12842e-05
-3.61397e-05
-8.14265e-05
-3.74783e-05
-8.85688e-05
-3.58127e-05
-3.09961e-05
-7.87786e-05
-7.1424e-05
-3.8694e-05
-6.86383e-05
-4.02641e-05
-6.47928e-05
-3.96581e-05
-6.18026e-05
-3.39864e-05
-2.85891e-05
-5.00832e-05
-1.03873e-05
-5.8466e-05
-1.87688e-05
-3.12767e-05
-5.42585e-05
-2.63129e-05
-2.77103e-05
-4.57293e-05
-3.55637e-05
-5.06126e-05
-1.99808e-05
-4.68596e-05
-4.90238e-05
-2.52155e-05
-4.4651e-06
-5.03869e-05
-1.72778e-06
-5.33499e-05
3.61933e-06
-5.22067e-05
-5.67573e-05
1.13527e-05
-2.55431e-05
-3.68703e-05
-1.22539e-05
-6.66392e-05
-2.98321e-05
-3.46285e-05
-6.83373e-05
-1.82521e-05
3.25012e-05
-3.71818e-05
6.79967e-06
-4.09377e-05
1.15223e-05
-3.93512e-05
-4.34243e-05
-1.33907e-05
3.50821e-07
-5.99791e-05
-3.00294e-06
-3.7584e-05
-4.1077e-06
-3.82464e-05
-4.29276e-05
-4.60434e-06
-3.12557e-05
-5.3198e-05
-1.52137e-05
-5.36259e-05
9.27691e-06
-6.27371e-05
-3.80876e-05
4.43683e-06
-2.68493e-05
-3.22632e-05
-4.76965e-05
-3.27787e-05
-4.43495e-05
-6.60841e-05
-6.29227e-05
-1.95144e-05
-9.1324e-06
-3.19393e-05
-8.10237e-06
-3.38087e-05
-5.29097e-06
-6.88955e-05
-6.12566e-05
-6.95705e-06
-7.90805e-06
-3.75028e-05
-8.44545e-07
-4.08723e-05
-2.56319e-05
-4.41081e-05
-4.20655e-05
-4.4823e-05
-1.84448e-06
-6.81792e-05
-2.96581e-06
-3.97509e-05
-5.30338e-06
-4.17706e-05
-4.15798e-05
-5.78903e-06
1.03703e-05
-6.32562e-05
5.56422e-06
-3.49449e-05
-5.46551e-07
-3.56598e-05
-3.53858e-05
-6.74058e-06
-3.98348e-05
-3.22415e-05
-1.84331e-05
-5.63465e-05
-1.18402e-06
-5.29089e-05
-5.19298e-05
1.53599e-05
-2.64871e-06
-3.34257e-05
-2.71669e-06
-5.62785e-05
-2.66295e-06
-5.29627e-05
-5.33478e-05
-1.24488e-06
1.18275e-05
-3.45263e-05
-1.02075e-05
-3.42435e-05
-5.19657e-06
-5.79736e-05
-5.77397e-05
-8.04673e-07
1.05616e-05
-4.82458e-05
2.44883e-05
-4.81701e-05
1.88063e-05
-5.22917e-05
-5.2738e-05
1.38046e-05
1.09352e-05
-3.17478e-05
-7.83066e-06
-2.94042e-05
-2.35773e-06
-5.77646e-05
-5.41343e-05
-9.61478e-07
9.00784e-06
-5.9969e-05
3.80259e-05
-5.84223e-05
1.56388e-05
-3.53776e-05
-6.19557e-05
2.34603e-05
3.76563e-06
-3.66296e-05
-1.57211e-05
-3.89355e-05
1.47153e-05
-6.5814e-05
-6.82234e-05
2.09829e-05
2.77057e-05
-3.40756e-05
2.54818e-05
-3.67116e-05
2.05097e-05
-6.08419e-05
-3.72936e-05
-1.042e-05
4.83968e-06
-4.7253e-05
1.78739e-05
-4.97458e-05
8.17857e-06
-5.11466e-05
-5.35972e-05
2.44822e-05
3.58496e-06
-4.98359e-05
7.18316e-06
-5.3344e-05
1.36335e-05
-5.75969e-05
-3.23847e-05
-7.57908e-06
-1.46902e-05
-3.46312e-05
-7.42178e-06
-6.06124e-05
-8.43981e-07
-6.41747e-05
-6.09303e-05
2.77016e-05
2.79693e-05
1.33642e-05
-3.87747e-06
-1.94811e-05
-0.00017635
0.000253674
-6.65785e-05
8.88354e-05
-6.68688e-05
4.72109e-05
-4.07562e-05
4.85042e-06
-4.00626e-05
1.54045e-05
-5.07162e-05
-2.42789e-05
-6.29419e-05
-5.34952e-05
-2.93722e-05
-7.93197e-05
4.48366e-06
-9.83917e-05
2.07382e-05
-8.05892e-05
7.27255e-05
-6.7744e-05
4.68294e-05
-8.11394e-05
4.37548e-05
-7.09628e-05
3.46651e-05
-6.94032e-05
2.741e-05
-4.24848e-05
1.84871e-05
-1.25167e-05
2.16785e-05
1.30107e-05
1.54854e-05
1.03217e-05
8.27912e-06
-0.000127018
0.000168279
-6.42894e-05
2.61063e-05
-4.22708e-05
2.51923e-05
-5.7084e-05
1.96636e-05
-4.31264e-05
1.4469e-06
-2.35859e-05
-4.38193e-05
-3.68352e-05
-4.02459e-05
-3.23696e-05
-8.37852e-05
-2.21337e-05
-0.000108628
-6.35981e-06
-9.63631e-05
1.71448e-05
-9.12486e-05
1.72525e-05
-8.12471e-05
4.76259e-06
-5.84729e-05
-2.24339e-05
-4.22067e-05
-2.12601e-05
-4.36586e-05
-3.94702e-05
5.69338e-06
-2.24867e-05
-3.97279e-06
2.44926e-06
-1.46143e-05
1.07284e-05
-4.25734e-05
5.2244e-05
-4.48742e-05
2.84071e-05
-3.43694e-05
1.46874e-05
-8.45959e-05
6.98901e-05
-8.63059e-05
3.15685e-06
-7.70384e-05
-5.30867e-05
-8.10685e-05
-3.62159e-05
-8.40395e-05
-8.08142e-05
-7.44557e-05
-0.000118212
-3.90649e-05
-0.000131754
-6.30068e-05
-6.73067e-05
-3.52546e-05
-0.000108999
-7.98958e-05
-1.38317e-05
-0.000109121
-1.29813e-05
-0.000114494
-3.82858e-05
-0.000117703
8.90223e-06
-8.75161e-05
-3.41597e-05
-3.30549e-05
-6.90755e-05
-2.23265e-05
-0.000130556
6.16267e-05
-0.000132408
3.02585e-05
-0.000142635
2.49143e-05
-9.04681e-05
1.77237e-05
-7.94445e-05
-7.86676e-06
-0.000102351
-3.01803e-05
-6.28766e-05
-7.56902e-05
-6.16214e-05
-8.20694e-05
-0.000117522
-6.23109e-05
-0.000125883
-0.000123393
-6.1909e-05
-0.00013128
-7.00948e-05
-0.000100814
-9.16036e-05
7.67705e-06
-9.8602e-05
-5.98291e-06
-0.000129938
-6.94969e-06
-7.39283e-05
-4.71075e-05
-5.17283e-05
-5.63597e-05
-3.91062e-05
-8.16976e-05
-6.14327e-05
-0.000244791
6.31285e-05
-0.000232636
1.81041e-05
-0.000215117
7.39485e-06
-0.000193205
-4.18793e-06
-0.000157839
-4.32333e-05
-0.000123658
-6.43608e-05
-0.000135473
-6.38752e-05
-0.000146727
-7.08152e-05
-7.57479e-05
-0.00013329
-8.53973e-05
-0.000113744
-8.85417e-05
-0.000128136
-0.000146629
-4.27266e-05
-0.0001033
-3.56514e-05
-9.05658e-05
-1.87174e-05
-8.97745e-05
-7.74098e-06
-8.06774e-05
-5.62047e-05
-3.29322e-05
-0.000104105
-2.07775e-05
-9.38523e-05
-8.22101e-05
-0.000231363
3.61172e-05
-0.00020917
-4.08891e-06
-0.000185287
-1.64881e-05
-0.000159173
-3.03023e-05
-0.000138122
-6.42841e-05
-0.000126628
-7.58544e-05
-0.000122842
-6.76617e-05
-0.00012219
-7.14672e-05
-0.000161724
-9.37558e-05
-0.00010516
-0.000170308
-0.000166162
-6.7134e-05
-0.000145158
-6.37303e-05
-0.000136591
-4.42182e-05
-0.000103489
-5.18197e-05
-5.7342e-05
-5.38877e-05
-2.27247e-05
-9.0822e-05
-4.40907e-06
-0.00012242
-1.6663e-05
-8.15984e-05
-9.88732e-05
-0.000196602
1.17385e-05
-0.000185642
-1.50493e-05
-0.000160774
-4.13557e-05
-0.000148521
-4.25556e-05
-0.000139235
-7.35702e-05
-0.00012932
-8.57694e-05
-0.000128256
-6.8726e-05
-0.000124714
-7.50087e-05
-0.00013271
-8.57603e-05
-0.000185853
-0.000117165
-0.000171536
-8.14507e-05
-0.000118922
-0.000116344
-0.000114699
-4.84416e-05
-6.26305e-05
-0.000103888
-3.20224e-05
-8.44958e-05
-2.2837e-05
-0.000100007
-1.80198e-05
-0.000127238
-2.50017e-05
-7.46166e-05
-0.000123875
-0.000131915
-4.29595e-05
-0.000116553
-3.04106e-05
-0.000149543
-8.36592e-06
-0.000158042
-3.40568e-05
-0.000164152
-6.74601e-05
-0.000185766
-6.41558e-05
-0.000141358
-0.000113133
-0.000102521
-0.000113846
-8.82614e-05
-0.00010002
-0.000108312
-9.71143e-05
-5.06146e-05
-0.000139148
-7.65904e-05
-9.03684e-05
-5.09834e-05
-7.40486e-05
-0.000113192
-4.16798e-05
-8.70697e-05
-0.000110618
-6.95026e-05
-0.000117574
-5.70948e-05
-0.000139645
-2.00248e-05
-0.000111687
-0.0001439
-0.000203199
-2.85996e-05
-0.000197902
-3.57081e-05
-0.000175982
-3.02861e-05
-0.0001517
-5.83387e-05
-0.000146631
-7.25294e-05
-8.76095e-05
-0.000123177
-7.49374e-05
-0.000125805
-8.57788e-05
-0.000103005
-6.42445e-05
-0.000121554
-4.03244e-05
-0.000121034
-5.03701e-05
-0.000129103
-7.86625e-05
-6.20759e-05
-8.2442e-05
-7.02692e-05
-5.04583e-05
-7.36635e-05
-4.70955e-05
-0.000113981
-2.47801e-05
-0.00013989
-1.54437e-05
-0.000148982
-9.28019e-06
-0.00011785
-0.00015318
-0.000108619
-9.08878e-05
-0.00010063
-4.36974e-05
-8.74983e-05
-4.34174e-05
-6.35893e-05
-8.22476e-05
-7.87101e-05
-5.74086e-05
-6.9987e-05
-0.0001319
-6.16843e-05
-0.000134108
-4.84952e-05
-0.000116194
-6.33734e-05
-0.000106676
-7.70706e-05
-0.000107337
-8.36056e-05
-0.000122568
-7.31086e-05
-7.25729e-05
-5.18072e-05
-9.15706e-05
-3.30977e-05
-9.2373e-05
-2.48337e-05
-0.000122245
-2.68764e-05
-0.000137847
-3.15617e-05
-0.000144297
-1.57711e-05
-0.000133641
-0.000168951
-9.70862e-05
-7.89623e-05
-0.000101296
-3.94878e-05
-5.24199e-05
-9.22932e-05
-8.2566e-05
-5.21016e-05
-4.34606e-05
-9.6514e-05
-4.48012e-05
-0.000130559
-3.41912e-05
-0.000144718
-3.08696e-05
-0.000119516
-3.62488e-05
-0.000101297
-1.77802e-05
-0.000125806
-4.7591e-05
-9.27569e-05
-5.46305e-05
-6.55335e-05
-6.2762e-05
-8.34391e-05
-7.01313e-05
-8.50038e-05
-8.84892e-05
-0.000103887
-8.31287e-05
-0.000143208
-8.78607e-05
-0.000139565
-7.69764e-05
-0.000144525
-0.000245927
-7.8952e-05
-6.14311e-05
-5.73573e-05
-6.10826e-05
-8.30979e-05
-6.65527e-05
-3.37557e-05
-0.000101444
-1.84531e-05
-0.000111817
-1.4239e-05
-0.000134774
-4.8783e-05
-0.000110174
-4.52769e-05
-0.000123022
-2.07075e-05
-0.000125866
-5.18469e-05
-9.46663e-05
-7.15925e-05
-7.30113e-05
-7.52938e-05
-6.18322e-05
-9.35676e-05
-6.51653e-05
-9.7738e-05
-8.08334e-05
-9.75801e-05
-0.000104045
-8.56214e-05
-0.000155166
-9.82287e-05
-0.000126957
-8.01315e-05
-0.000162622
-0.000326059
-5.58382e-05
-5.62278e-05
-4.2939e-05
-7.39817e-05
-2.65623e-05
-8.29294e-05
-1.91428e-05
-0.000108863
-2.86083e-05
-0.000102351
-3.86875e-05
-0.000124694
-2.20446e-05
-0.000126817
-2.87203e-05
-0.000116346
-2.81351e-05
-0.000126451
-4.47645e-05
-7.80369e-05
-9.41297e-05
-2.36461e-05
-0.000140026
-1.59361e-05
-0.000157987
-4.72042e-05
-0.000127101
-0.000111719
-8.16348e-05
-0.000149511
-6.24319e-05
-0.000174369
-7.09706e-05
-0.000118419
-5.01709e-05
-0.000183422
-0.00037623
-2.86243e-06
-6.97705e-05
-6.81802e-07
-7.61624e-05
-6.61006e-07
-8.29502e-05
-1.91561e-05
-9.03682e-05
-3.75617e-05
-8.39456e-05
-6.06087e-05
-0.000101647
-5.8505e-05
-0.000128921
-3.81691e-05
-0.000136682
-8.92377e-05
-7.53827e-05
-9.71131e-05
-7.01615e-05
-6.8037e-05
-5.27222e-05
-6.71308e-05
-1.68424e-05
-6.66335e-05
-4.77016e-05
-0.000114728
-6.36244e-05
-9.08011e-05
-0.000173438
-4.88698e-05
-0.000216301
-2.94601e-05
-0.000137828
-2.56639e-05
-0.000187218
-0.000401894
-1.27621e-05
-9.52087e-05
-4.66671e-06
-8.42578e-05
7.2512e-06
-9.48682e-05
-5.73679e-06
-7.73802e-05
-1.21229e-05
-7.75595e-05
-1.55974e-05
-9.8173e-05
-5.02982e-05
-9.42197e-05
-8.94743e-05
-9.75061e-05
-9.13689e-05
-7.34881e-05
-5.29257e-05
-0.000108605
-8.49912e-05
-2.06567e-05
-7.97566e-05
-2.2077e-05
-7.5336e-05
-5.21222e-05
-3.98641e-05
-9.90963e-05
-4.80566e-05
-0.000165246
-1.63027e-05
-0.000248054
-8.25058e-06
-0.00014588
-4.29669e-06
-0.000191172
-0.00040619
-2.0807e-05
-0.00011535
-5.45798e-06
-9.96068e-05
-2.84324e-05
-7.18938e-05
-3.24772e-05
-7.33355e-05
-1.81958e-06
-0.000108217
-1.36188e-05
-8.63737e-05
-1.79274e-05
-8.99112e-05
-2.66348e-05
-8.87988e-05
-3.62526e-05
-6.38703e-05
-6.41015e-05
-8.07559e-05
-1.28286e-05
-7.19297e-05
2.10545e-05
-5.59602e-05
4.31626e-05
-7.42303e-05
3.44005e-05
-9.03342e-05
2.22595e-05
-0.000153105
-5.22234e-05
-0.000173572
-1.58437e-05
-0.00018226
5.12449e-06
-0.00021214
-0.000401066
-5.31731e-05
-0.000140956
-2.26436e-05
-0.000130136
-2.45152e-05
-7.00222e-05
-1.82693e-05
-7.95814e-05
-3.21481e-05
-9.43384e-05
-1.12352e-06
-0.000117398
-1.76044e-05
-7.34303e-05
-1.6703e-06
-0.000104733
1.06187e-05
-7.61594e-05
-5.15034e-06
-6.49868e-05
1.03817e-05
-8.74617e-05
3.52917e-05
-8.08703e-05
6.11932e-05
-0.000100132
5.00073e-05
-7.91483e-05
3.66809e-05
-0.000139778
1.82948e-06
-0.00013872
1.44432e-05
-0.000194874
1.07694e-05
-0.000208467
-0.000390297
-4.58585e-05
-0.000129084
-4.0942e-05
-0.000135053
-8.65589e-06
-0.000102308
-1.04855e-05
-7.77518e-05
-1.10731e-05
-9.37508e-05
-1.7178e-05
-0.000111293
9.61095e-06
-0.000100219
8.81225e-06
-0.000103934
1.12558e-05
-7.8603e-05
2.12279e-06
-5.58538e-05
1.20611e-05
-9.74001e-05
3.54191e-05
-0.000104228
3.67734e-05
-0.000101486
6.32936e-05
-0.000105669
2.98804e-05
-0.000106365
4.95264e-05
-0.000158366
3.26346e-05
-0.000177982
1.49191e-05
-0.000190751
-0.000375377
-2.50525e-05
-0.000130344
-4.0484e-05
-0.000119621
-3.80379e-05
-0.000104754
-8.06836e-06
-0.000107721
2.15082e-06
-0.00010397
5.49117e-06
-0.000114634
2.81759e-06
-9.75458e-05
9.11737e-06
-0.000110234
1.35847e-05
-8.30704e-05
9.81241e-06
-5.20816e-05
2.56379e-05
-0.000113226
3.66107e-05
-0.000115201
5.10772e-05
-0.000115953
7.36875e-05
-0.000128279
3.27032e-05
-6.53809e-05
4.02464e-05
-0.000165909
2.78533e-05
-0.000165589
1.56744e-05
-0.000178572
-0.000359703
-1.76823e-05
-0.000137877
-2.65976e-05
-0.000110706
-9.17635e-06
-0.000122176
-3.71678e-06
-0.000113181
-2.06418e-05
-8.70451e-05
-1.58138e-05
-0.000119462
4.19199e-06
-0.000117552
4.70677e-06
-0.000110749
1.62413e-05
-9.46049e-05
1.91204e-05
-5.49607e-05
2.81469e-05
-0.000122252
3.78368e-05
-0.000124891
5.20906e-05
-0.000130207
6.29579e-05
-0.000139146
7.41416e-05
-7.65647e-05
2.07466e-05
-0.000112514
2.2219e-05
-0.000167062
1.28139e-05
-0.000169167
-0.000346889
-2.58798e-05
-0.000100645
-1.05336e-05
-0.000126053
-3.65251e-05
-9.61841e-05
-1.1167e-05
-0.000138539
-1.23849e-06
-9.69736e-05
1.4672e-05
-0.000135372
-3.19696e-06
-9.96826e-05
2.26982e-06
-0.000116216
-1.42047e-05
-7.81304e-05
4.76618e-07
-6.9642e-05
1.19729e-05
-0.000133748
1.59054e-05
-0.000128824
2.17791e-05
-0.00013608
2.1263e-05
-0.00013863
3.2592e-05
-8.78938e-05
1.82838e-05
-9.82062e-05
2.384e-05
-0.000172618
1.36578e-05
-0.000158985
-0.000333231
-2.50976e-05
-9.37993e-05
-9.96851e-06
-0.000141182
-1.34123e-05
-9.27403e-05
-4.01988e-06
-0.000147932
2.84585e-05
-0.000129452
-2.44761e-06
-0.000104466
-8.5068e-06
-9.36235e-05
1.05674e-05
-0.00013529
7.34796e-06
-7.4911e-05
1.48432e-05
-7.71373e-05
1.50948e-05
-0.000134
2.57428e-05
-0.000139472
2.70611e-05
-0.000137399
1.93011e-05
-0.00013087
8.96887e-06
-7.75616e-05
3.71591e-05
-0.000126397
2.81725e-05
-0.000163631
1.55964e-05
-0.000146409
-0.000317635
-1.43654e-05
-9.28246e-05
-9.99809e-06
-0.000145549
-7.86989e-06
-9.48685e-05
-6.33367e-06
-0.000149468
-6.15923e-06
-0.000129626
-1.38826e-05
-9.67429e-05
1.63237e-05
-0.00012383
7.6674e-06
-0.000126634
-8.42423e-07
-6.64012e-05
2.98811e-05
-0.000107861
2.87463e-05
-0.000132865
1.74399e-05
-0.000128165
1.8314e-05
-0.000138273
2.347e-05
-0.000136026
1.85128e-05
-7.26044e-05
2.22089e-05
-0.000130093
1.82471e-05
-0.000159669
1.10309e-05
-0.000139193
-0.000306604
-2.75446e-06
-9.46745e-05
-7.43715e-06
-0.000140866
-1.33218e-05
-8.89839e-05
-1.37188e-05
-0.000149071
-1.04379e-05
-0.000132907
1.76625e-05
-0.000124843
1.68139e-05
-0.000122981
9.9439e-06
-0.000119764
1.08362e-05
-6.72935e-05
1.84545e-05
-0.000115479
2.3225e-05
-0.000137636
2.46504e-05
-0.000129591
2.52305e-05
-0.000138853
2.13707e-05
-0.000132166
2.10878e-05
-7.23215e-05
2.11659e-05
-0.000130171
1.6821e-05
-0.000155325
1.17199e-05
-0.000134092
-0.000294884
-7.1083e-06
-8.31294e-05
-1.63021e-05
-0.000131673
3.75608e-06
-0.000109042
2.55563e-06
-0.00014787
-2.47197e-06
-0.00012788
-7.98424e-07
-0.000126517
9.70942e-06
-0.000133489
9.65969e-06
-0.000119714
7.16606e-06
-6.47999e-05
1.10574e-05
-0.000119371
1.21492e-05
-0.000138728
1.28661e-05
-0.000130307
1.15591e-05
-0.000137546
1.90524e-05
-0.00013966
1.70833e-05
-7.03524e-05
2.23108e-05
-0.000135398
1.24652e-05
-0.000145479
1.13356e-05
-0.000132962
-0.000283549
3.06691e-05
-0.000133313
-7.97653e-06
-9.3027e-05
-5.21083e-06
-0.000111808
-7.12493e-07
-0.000152369
6.28305e-06
-0.000134875
2.79782e-05
-0.000148212
4.75682e-06
-0.000110268
-2.19678e-05
-9.29894e-05
-3.36299e-06
-8.34047e-05
1.41813e-05
-0.000136915
1.30985e-05
-0.000137645
1.84955e-05
-0.000135704
3.88556e-05
-0.000157906
1.28607e-05
-0.000113665
2.8778e-05
-8.62697e-05
8.5336e-07
-0.000107474
2.14518e-07
-0.00014484
9.05551e-06
-0.000141803
-0.000274493
1.27385e-06
-0.000141544
7.37766e-06
-9.91308e-05
-1.1276e-05
-9.31541e-05
-1.46096e-05
-0.000149035
-6.31803e-06
-0.000143167
-9.15666e-06
-0.000145373
-1.53132e-05
-0.000104111
2.98036e-05
-0.000138106
4.05776e-05
-9.41787e-05
3.3878e-06
-9.97251e-05
5.22434e-06
-0.000139481
1.03453e-05
-0.000140825
2.04106e-05
-0.000167971
1.64034e-05
-0.000109658
3.76688e-05
-0.000107535
3.96748e-05
-0.00010948
9.55414e-07
-0.000106121
5.37125e-06
-0.000146219
-0.000269122
-3.115e-05
-0.000155217
7.10105e-06
-0.000137382
1.10557e-05
-9.71088e-05
9.17418e-06
-0.000147154
-3.0153e-05
-0.00010384
-2.89333e-05
-0.000146593
-1.58442e-06
-0.00013146
-4.62474e-06
-0.000135066
2.67402e-05
-0.000125544
2.3099e-05
-9.60839e-05
3.07612e-05
-0.000147144
-7.35473e-06
-0.00010271
-8.23416e-06
-0.000167092
3.28054e-05
-0.000150697
2.51996e-05
-9.99294e-05
1.74123e-05
-0.000101692
1.25384e-05
-0.000101247
1.05704e-05
-0.000144251
-0.000258552
-7.83416e-06
-0.000153172
-1.29927e-06
-0.000143917
-4.52972e-06
-9.38783e-05
-3.57829e-06
-0.000148105
-5.69196e-06
-0.000101726
-4.80855e-06
-0.000147477
-4.54321e-07
-0.000135814
9.79095e-07
-0.000136499
1.19825e-05
-0.000136547
9.40075e-06
-9.35022e-05
1.42706e-05
-0.000152013
9.92301e-06
-9.8362e-05
7.98275e-06
-0.000165152
1.04382e-06
-0.000143758
4.09607e-05
-0.000139846
2.69216e-05
-8.76533e-05
1.85539e-05
-9.28791e-05
1.13853e-05
-0.000137082
-0.000247166
-1.15731e-05
-0.000148339
-1.49955e-05
-0.000140494
1.33975e-05
-0.000122271
1.2595e-05
-0.000147303
3.29893e-07
-8.94611e-05
-2.16586e-06
-0.000144981
-1.37108e-06
-0.000136609
-3.87564e-06
-0.000133995
4.45809e-06
-0.000144881
5.0606e-05
-0.00013965
5.92973e-06
-0.000107337
2.12933e-06
-9.45616e-05
7.00543e-06
-0.000170028
1.87027e-05
-0.000155456
2.52156e-05
-0.000146359
1.68658e-05
-7.93036e-05
1.53311e-05
-9.13444e-05
1.2672e-05
-0.000134423
-0.000234494
1.48082e-06
-0.00013446
-4.65792e-06
-0.000134356
-6.66591e-06
-0.000120263
-1.37834e-05
-0.000140185
1.51813e-05
-0.000118426
1.23498e-05
-0.000142149
1.83114e-05
-0.000142571
-1.33792e-05
-0.000102304
-4.8296e-06
-0.00015343
9.47109e-06
-0.000153951
1.05955e-05
-0.000108462
2.08705e-05
-0.000104837
3.54093e-05
-0.000184567
7.06834e-07
-0.000120753
1.16202e-05
-0.000157273
1.36696e-05
-8.1353e-05
1.61146e-05
-9.37894e-05
1.36217e-05
-0.00013193
-0.000220873
-4.76199e-06
-0.000130943
-7.63945e-06
-0.000131478
-2.33788e-06
-0.000125565
-4.51384e-06
-0.000138009
-3.97208e-08
-0.0001229
-1.97401e-06
-0.000140215
-4.92438e-08
-0.000144495
2.78644e-07
-0.000102632
1.49575e-06
-0.000154647
1.58248e-05
-0.00016828
1.62114e-05
-0.000108848
1.98458e-05
-0.000108471
2.31303e-05
-0.000187851
1.38753e-05
-0.000111498
1.7719e-05
-0.000161116
2.12428e-05
-8.48769e-05
2.12245e-05
-9.37711e-05
1.62959e-05
-0.000127002
-0.000204577
-2.56032e-06
-0.000129187
-5.52652e-06
-0.000128512
-3.8166e-06
-0.000127275
-6.46628e-06
-0.000135359
5.93247e-07
-0.000129959
-2.4354e-07
-0.000139378
1.45879e-06
-0.000146198
-5.65756e-06
-9.55158e-05
-7.70471e-06
-0.0001526
-2.06474e-05
-0.000155337
1.27431e-05
-0.000142239
4.31977e-05
-0.000138926
2.26706e-05
-0.000167324
6.20233e-05
-0.000150851
1.21638e-05
-0.000111257
1.97207e-05
-9.24337e-05
2.65997e-05
-0.00010065
6.53614e-05
-0.000165763
-0.000139215
1.67962e-06
-0.000117062
-3.79774e-06
-0.000123035
-2.4469e-06
-0.000128626
-5.66926e-06
-0.000132137
-3.48713e-06
-0.000132142
-8.16265e-06
-0.000134703
-1.3191e-05
-0.000141169
1.50746e-05
-0.000123781
8.61854e-06
-0.000146144
8.2158e-06
-0.000154934
7.90393e-06
-0.000141927
1.34961e-05
-0.000144518
1.95554e-05
-0.000173383
2.24855e-05
-0.000153781
1.84071e-05
-0.000107178
2.79877e-05
-0.000102014
4.78925e-05
-0.000120555
6.91029e-06
-0.000124781
-0.000132305
1.02694e-06
-0.000119051
-5.81873e-06
-0.000116189
-2.6539e-06
-0.000131791
-5.75679e-06
-0.000129034
-2.45235e-06
-0.000135446
-2.68087e-06
-0.000134474
5.96835e-07
-0.000144447
5.46871e-06
-0.000128653
6.21511e-06
-0.000146891
6.9804e-06
-0.0001557
1.20819e-05
-0.000147028
2.08847e-05
-0.000153321
1.90178e-05
-0.000171516
2.32381e-05
-0.000158001
7.55166e-06
-9.14919e-05
1.98511e-05
-0.000114314
2.01663e-05
-0.00012087
2.28835e-05
-0.000127498
-0.000109421
-9.98143e-06
-8.56089e-05
-5.0189e-06
-0.000121151
-3.41511e-06
-0.000133394
-4.69924e-06
-0.00012775
-2.61088e-06
-0.000137534
-3.01848e-06
-0.000134067
3.56745e-07
-0.000147822
7.30841e-06
-0.000135605
6.15545e-06
-0.000145738
6.47522e-06
-0.00015602
6.06142e-06
-0.000146614
6.93216e-06
-0.000154191
1.16411e-06
-0.000165748
-9.88298e-06
-0.000146954
3.01564e-06
-0.00010439
-3.81419e-07
-0.000110917
3.44198e-05
-0.000155671
2.29158e-05
-0.000115994
-8.65056e-05
2.35537e-05
-8.81798e-05
-4.58257e-06
-9.30151e-05
-4.42317e-06
-0.000133554
-1.91638e-06
-0.000130257
-4.51189e-07
-0.000139
6.47889e-07
-0.000135166
4.36747e-06
-0.000151542
6.64657e-06
-0.000137884
1.02753e-05
-0.000149366
1.17253e-05
-0.000157469
1.06271e-05
-0.000145516
1.12874e-05
-0.000154852
4.59935e-06
-0.00015906
-9.44978e-06
-0.000132905
-8.02649e-06
-0.000105814
8.89568e-06
-0.000127839
6.57876e-06
-0.000153354
2.99012e-05
-0.000139317
-5.66044e-05
1.47875e-05
-0.000113387
1.95656e-05
-9.77932e-05
9.02854e-06
-0.000123017
3.75321e-06
-0.000124981
4.26492e-06
-0.000139511
2.76605e-06
-0.000133667
6.37719e-06
-0.000155153
7.23584e-06
-0.000138743
1.14445e-05
-0.000153575
1.31666e-05
-0.000159192
1.37123e-05
-0.000146062
2.15563e-05
-0.000162696
3.57587e-05
-0.000173263
2.28111e-06
-9.94275e-05
-1.65071e-05
-8.70255e-05
-1.30873e-06
-0.000143037
1.1545e-05
-0.000166208
2.18304e-05
-0.000149602
-3.4774e-05
2.23176e-05
-0.000111223
1.33434e-05
-8.88191e-05
2.38555e-05
-0.000133529
-1.03501e-05
-9.07758e-05
-1.02956e-06
-0.000148832
2.76033e-06
-0.000137457
5.75389e-06
-0.000158147
4.88052e-06
-0.000137869
5.10978e-06
-0.000153804
6.01747e-06
-0.000160099
4.25018e-06
-0.000144294
6.35924e-06
-0.000164805
1.1316e-05
-0.00017822
8.54819e-06
-9.66596e-05
7.30573e-06
-8.57831e-05
2.10026e-05
-0.000156734
2.44629e-05
-0.000169668
3.39801e-05
-0.000159119
-7.93883e-07
3.29902e-06
-0.000122101
3.99032e-05
-0.000125423
2.56562e-06
-9.61911e-05
-1.86811e-07
-8.80234e-05
5.58406e-06
-0.000154603
9.30302e-06
-0.000141176
3.53103e-06
-0.000152375
7.85725e-06
-0.000142196
5.18907e-06
-0.000151136
3.59498e-06
-0.000158505
1.02159e-05
-0.000150915
8.12162e-06
-0.00016271
1.55714e-05
-0.000185669
1.97773e-05
-0.000100866
3.77117e-05
-0.000103717
6.04782e-06
-0.00012507
2.54239e-05
-0.000189044
6.04078e-05
-0.000194103
5.96139e-05
3.31276e-06
-9.77119e-05
8.02731e-06
-0.000130138
1.13665e-05
-9.95303e-05
1.31627e-05
-8.98196e-05
2.43255e-05
-0.000165766
4.10937e-06
-0.000120959
1.45534e-05
-0.000162819
-8.03369e-06
-0.000119608
6.58633e-06
-0.000165756
1.69536e-05
-0.000168872
-1.21842e-05
-0.000121778
-7.15068e-06
-0.000167744
-4.24986e-06
-0.00018857
4.50099e-06
-0.000109616
1.79732e-05
-0.00011719
1.74421e-05
-0.000124539
4.12769e-05
-0.000212879
-9.52786e-07
-0.000151874
5.86612e-05
5.09492e-06
-1.22539e-05
5.10815e-06
2.87475e-05
1.54179e-06
1.53616e-05
-5.36924e-07
2.49902e-05
5.47961e-06
-1.64946e-05
2.02775e-05
-1.25558e-06
-3.95382e-05
-1.04515e-05
1.33235e-05
3.37837e-05
-3.40787e-06
2.54432e-05
)
;

boundaryField
{
    leftWall
    {
        type            calculated;
        value           uniform 0;
    }
    rightWall
    {
        type            calculated;
        value           uniform 0;
    }
    lowerWall
    {
        type            calculated;
        value           uniform 0;
    }
    atmosphere
    {
        type            calculated;
        value           nonuniform List<scalar> 
46
(
0.000810188
0.000730547
0.00066777
0.000638302
0.000581196
0.000395826
0.000145483
-2.01896e-05
-6.57619e-05
-6.98141e-05
-6.53536e-05
-7.06347e-05
-7.91927e-05
-8.49894e-05
-9.15637e-05
-8.41329e-05
-9.8241e-05
-9.76391e-05
-9.23563e-05
-9.54761e-05
-0.000103882
-0.000105306
-8.29412e-05
-4.75816e-05
-4.60073e-05
-4.6933e-05
-4.53266e-05
-0.000122288
-0.000112789
-0.000116892
-0.000113459
-0.00013856
-0.000134779
-0.00014692
-0.000145136
-0.000146245
-0.000146898
-0.00015855
-0.000146211
-0.000150288
-0.000138703
-0.000140965
-0.000144999
-0.000175688
-0.000180725
8.41043e-05
)
;
    }
    defaultFaces
    {
        type            empty;
    }
}


// ************************************************************************* //
