/*--------------------------------*- C++ -*----------------------------------*\
| =========                 |                                                 |
| \\      /  F ield         | foam-extend: Open Source CFD                    |
|  \\    /   O peration     | Version:     4.1                                |
|   \\  /    A nd           | Web:         http://www.foam-extend.org         |
|    \\/     M anipulation  |                                                 |
\*---------------------------------------------------------------------------*/
FoamFile
{
    version     2.0;
    format      ascii;
    class       volVectorField;
    location    "0.4";
    object      U;
}
// * * * * * * * * * * * * * * * * * * * * * * * * * * * * * * * * * * * * * //

dimensions      [0 1 -1 0 0 0 0];

internalField   nonuniform List<vector> 
2268
(
(0.0477225 -0.00639589 0)
(0.0539588 -0.00523413 0)
(0.135576 -0.00700486 0)
(0.165855 -0.0057306 0)
(0.237243 -0.00293538 0)
(0.264262 -0.00708266 0)
(0.318461 -0.00259969 0)
(0.343612 -0.00189324 0)
(0.401858 -0.00254214 0)
(0.389348 0.0219653 0)
(0.317912 -0.0668871 0)
(0.317383 -0.0298688 0)
(0.351063 -0.0214746 0)
(0.348056 -0.0126206 0)
(0.356007 -0.0113429 0)
(0.328466 -0.0112606 0)
(0.344414 -0.0392566 0)
(0.348427 -0.0152601 0)
(0.292901 -0.0247205 0)
(0.269503 0.0457924 0)
(0.17812 0.0596182 0)
(0.160448 0.0181769 0)
(0.198962 0.00115411 0)
(0.0470277 -0.0176398 0)
(0.0549554 -0.0154703 0)
(0.135619 -0.0198336 0)
(0.166847 -0.0177345 0)
(0.232577 -0.0210715 0)
(0.268715 -0.0111673 0)
(0.331182 -0.0172966 0)
(0.355237 -0.0174631 0)
(0.418506 -0.0100684 0)
(0.375193 -0.00207082 0)
(0.323658 -0.0545101 0)
(0.340529 -0.0105777 0)
(0.368304 -9.17464e-05 0)
(0.362909 0.00854425 0)
(0.369535 0.0188769 0)
(0.329141 0.0324341 0)
(0.349996 0.0247474 0)
(0.402869 0.0440128 0)
(0.34702 0.0541228 0)
(0.284103 0.00244091 0)
(0.149081 0.0403162 0)
(0.164953 0.132778 0)
(0.233491 0.0820017 0)
(0.0434206 -0.0305028 0)
(0.0542864 -0.0260872 0)
(0.135108 -0.0337382 0)
(0.166857 -0.0279499 0)
(0.2277 -0.0279274 0)
(0.286759 -0.0297365 0)
(0.327304 -0.023035 0)
(0.359871 -0.0221875 0)
(0.429792 -0.00819926 0)
(0.345161 -0.112142 0)
(0.298341 -0.0659192 0)
(0.315574 -0.0275104 0)
(0.331687 -0.0184901 0)
(0.327538 -0.00910249 0)
(0.343929 0.00348754 0)
(0.315843 0.0168723 0)
(0.336127 0.0824682 0)
(0.350259 0.0347886 0)
(0.313239 0.0520342 0)
(0.262177 0.0169499 0)
(0.22634 0.0578564 0)
(0.167513 0.116116 0)
(0.193506 0.10307 0)
(0.0383184 -0.0407159 0)
(0.0547386 -0.0370984 0)
(0.139372 -0.0468851 0)
(0.168671 -0.0391575 0)
(0.231221 -0.0501935 0)
(0.29252 -0.0335614 0)
(0.32072 -0.0370126 0)
(0.392821 -0.0429978 0)
(0.353693 -0.0268459 0)
(0.284945 -0.104717 0)
(0.282816 -0.0496311 0)
(0.27043 -0.0263127 0)
(0.284034 -0.00618959 0)
(0.272766 0.00466227 0)
(0.287251 0.0235106 0)
(0.27617 0.0206168 0)
(0.290245 0.0802635 0)
(0.292254 0.0258678 0)
(0.281266 0.0329913 0)
(0.252842 0.0271492 0)
(0.196229 0.0876349 0)
(0.158874 0.128235 0)
(0.207232 0.162801 0)
(0.0319405 -0.0525205 0)
(0.0536602 -0.0498848 0)
(0.141129 -0.0607943 0)
(0.170693 -0.0489518 0)
(0.235105 -0.0584285 0)
(0.279174 -0.0506991 0)
(0.314359 -0.0460777 0)
(0.393675 -0.0265271 0)
(0.319639 -0.11403 0)
(0.252803 -0.0883384 0)
(0.258236 -0.0565777 0)
(0.249762 -0.0278937 0)
(0.259342 -0.0150479 0)
(0.250793 -0.00642787 0)
(0.2582 0.0219603 0)
(0.242673 0.0199446 0)
(0.241557 0.061303 0)
(0.228945 0.0410792 0)
(0.204544 0.0690095 0)
(0.21961 0.0785396 0)
(0.209623 0.0978194 0)
(0.161886 0.175012 0)
(0.204791 0.19026 0)
(0.0292434 -0.0608411 0)
(0.0578518 -0.0628443 0)
(0.144338 -0.0750606 0)
(0.17112 -0.0613803 0)
(0.226531 -0.076812 0)
(0.269996 -0.0501079 0)
(0.341765 -0.0721554 0)
(0.296734 -0.0495713 0)
(0.245404 -0.112337 0)
(0.250806 -0.0827982 0)
(0.244366 -0.0497262 0)
(0.245754 -0.0278096 0)
(0.249887 -0.00720689 0)
(0.238602 0.0061246 0)
(0.245054 0.0315981 0)
(0.236591 0.0302464 0)
(0.232946 0.0845053 0)
(0.228972 0.0445515 0)
(0.215729 0.124938 0)
(0.200025 0.0818019 0)
(0.203033 0.123627 0)
(0.16399 0.223309 0)
(0.199556 0.251148 0)
(0.0306178 -0.0732698 0)
(0.0615473 -0.077099 0)
(0.140066 -0.0874264 0)
(0.16071 -0.0676672 0)
(0.224649 -0.0826965 0)
(0.264543 -0.0821022 0)
(0.289265 -0.0427314 0)
(0.259863 -0.124758 0)
(0.231561 -0.104415 0)
(0.246893 -0.0860627 0)
(0.237529 -0.0565478 0)
(0.254733 -0.0298336 0)
(0.242377 -0.0110168 0)
(0.244347 0.000420815 0)
(0.239757 0.0257001 0)
(0.249785 0.0296162 0)
(0.229128 0.0609987 0)
(0.22807 0.0589141 0)
(0.197643 0.0927062 0)
(0.186523 0.136004 0)
(0.244835 0.128112 0)
(0.167154 0.254971 0)
(0.198265 0.273523 0)
(0.0358682 -0.082168 0)
(0.0677503 -0.0881138 0)
(0.138412 -0.0994078 0)
(0.158391 -0.0836849 0)
(0.217365 -0.105116 0)
(0.268149 -0.0566567 0)
(0.226255 -0.0900894 0)
(0.232777 -0.135829 0)
(0.228674 -0.11139 0)
(0.248959 -0.0874853 0)
(0.240838 -0.0555595 0)
(0.257704 -0.0309289 0)
(0.249615 -0.00401828 0)
(0.253763 0.00603454 0)
(0.254486 0.0301042 0)
(0.24982 0.0357764 0)
(0.242849 0.0330492 0)
(0.240996 0.0439094 0)
(0.242587 0.0465127 0)
(0.201612 0.156808 0)
(0.236992 0.127641 0)
(0.190409 0.258671 0)
(0.164457 0.361297 0)
(-3.91053 0.963597 0)
(-5.1712 0.394672 0)
(-5.28124 -0.274369 0)
(-4.95627 -0.467645 0)
(-4.72652 -0.413408 0)
(-4.50273 -0.519145 0)
(-4.34152 -0.425886 0)
(-4.13398 -0.504257 0)
(-3.99146 -0.429859 0)
(-3.81107 -0.498796 0)
(-3.55355 -0.446185 0)
(-3.32881 -0.438749 0)
(-3.17226 -0.424431 0)
(-2.7603 -0.474926 0)
(-2.5993 -0.487715 0)
(-2.53241 -0.118008 0)
(-1.73763 -0.0698118 0)
(-1.4559 -0.388986 0)
(-0.534912 -0.214148 0)
(-3.19347 1.23625 0)
(-3.31835 1.18292 0)
(-1.54693 0.442216 0)
(-1.3307 0.151874 0)
(-1.39145 -0.0167255 0)
(-1.32067 0.259613 0)
(-1.0889 0.174923 0)
(-1.02042 0.19106 0)
(-0.849704 0.111941 0)
(-0.811472 0.106432 0)
(-0.98033 0.0220844 0)
(-1.48863 -0.00419178 0)
(-1.8455 -0.158312 0)
(-1.9704 -0.205579 0)
(-2.03205 -0.548875 0)
(-2.41275 -0.0404888 0)
(-1.89123 0.372252 0)
(-1.0384 -0.42763 0)
(-0.276285 -0.723086 0)
(-2.22927 2.38813 0)
(-1.63359 1.61944 0)
(-0.357391 -0.627931 0)
(-1.71945 -0.49302 0)
(-1.84021 -0.324895 0)
(-1.83243 0.000422285 0)
(-1.45875 -0.481853 0)
(-1.37818 -0.470164 0)
(-1.20931 -0.426983 0)
(-1.07293 -0.165101 0)
(-1.06621 0.0544155 0)
(-1.33474 0.0209534 0)
(-1.38403 -0.464144 0)
(-1.30758 -0.515051 0)
(-1.37579 -0.936257 0)
(-1.95267 -0.485426 0)
(-1.70917 -0.123329 0)
(-0.974792 -0.250632 0)
(0.159229 -0.809042 0)
(-1.3855 2.02494 0)
(-0.418494 0.648989 0)
(2.09466 -0.317111 0)
(-1.00744 0.461165 0)
(-1.12627 0.376818 0)
(-0.402511 -0.000155136 0)
(-0.0260524 -0.222776 0)
(-0.698211 -0.161933 0)
(-0.928338 -0.202407 0)
(-0.935151 -0.193946 0)
(-0.725778 0.0953655 0)
(-0.646469 0.174259 0)
(-0.756742 -0.221209 0)
(-0.538639 -0.434498 0)
(-0.455045 -0.470963 0)
(-0.497704 0.0397984 0)
(-0.96743 -0.139573 0)
(-0.981471 -0.387582 0)
(0.289935 -1.13656 0)
(-0.486074 2.88366 0)
(1.15051 0.853671 0)
(3.6413 -0.0390491 0)
(3.92197 -0.039424 0)
(3.51337 0.267858 0)
(2.8318 -0.0760886 0)
(1.14529 -0.160273 0)
(-0.365053 0.106073 0)
(-0.481998 0.171057 0)
(-0.725644 -0.0420118 0)
(-0.637626 -0.102737 0)
(-0.573259 0.0351902 0)
(-0.42069 -0.428737 0)
(-0.122879 -0.622492 0)
(-0.0891728 -0.622482 0)
(0.386238 0.0359017 0)
(-0.205653 -0.120914 0)
(-0.802332 -0.314632 0)
(0.423736 -1.28423 0)
(0.761536 2.03196 0)
(4.12961 -0.127001 0)
(3.69079 0.223284 0)
(2.74786 0.01987 0)
(1.79314 -0.179693 0)
(1.64926 0.627129 0)
(0.613944 0.748996 0)
(-0.479911 0.340007 0)
(-0.128352 -0.0388963 0)
(-0.108937 0.117436 0)
(0.0195229 0.00181498 0)
(-0.434809 -0.165064 0)
(-0.0889966 -0.578931 0)
(0.231898 -0.56855 0)
(0.221459 -0.547459 0)
(0.393032 0.0595993 0)
(0.348318 0.0941603 0)
(-0.708557 -0.412572 0)
(0.439098 -1.38555 0)
(0.51134 0.447717 0)
(2.35448 0.175473 0)
(2.80602 0.0365871 0)
(2.7263 0.205958 0)
(2.69481 0.296829 0)
(2.08327 0.735891 0)
(0.678063 1.0545 0)
(0.0478344 0.485142 0)
(0.0410362 -0.209114 0)
(0.0965796 -0.0236634 0)
(0.544556 0.0120397 0)
(0.170203 -0.0115605 0)
(0.214816 -0.752573 0)
(0.368444 -0.738309 0)
(0.342251 -0.586141 0)
(0.452029 -0.173134 0)
(1.05932 0.347516 0)
(-0.519769 -0.167464 0)
(0.497638 -1.39237 0)
(0.271881 0.0438559 0)
(1.16151 0.137858 0)
(0.904473 -0.243143 0)
(0.985275 -0.0437483 0)
(1.9605 0.495404 0)
(2.83341 1.32126 0)
(2.45801 1.60907 0)
(2.41649 1.34982 0)
(1.88598 0.102186 0)
(0.313664 0.0184042 0)
(0.59601 -0.0091648 0)
(0.373264 -0.106181 0)
(0.411055 -0.607998 0)
(0.442308 -0.775695 0)
(0.406297 -0.575052 0)
(0.440918 -0.170982 0)
(0.996569 0.290831 0)
(-0.520165 -0.085887 0)
(0.521195 -1.38687 0)
(0.0378692 -0.107772 0)
(0.0633323 -0.109576 0)
(0.127919 -0.117176 0)
(0.13925 -0.0821449 0)
(0.228884 -0.111335 0)
(0.192216 -0.119313 0)
(0.194261 -0.141308 0)
(0.231897 -0.13157 0)
(0.229602 -0.109234 0)
(0.252712 -0.0953842 0)
(0.25536 -0.0629239 0)
(0.279628 -0.0334575 0)
(0.267833 -0.00960055 0)
(0.279065 -0.00154279 0)
(0.270767 0.0253918 0)
(0.26263 0.0397731 0)
(0.242718 0.0747328 0)
(0.215214 0.0888226 0)
(0.227635 0.143009 0)
(0.22942 0.122965 0)
(0.337983 0.148455 0)
(0.391976 0.284065 0)
(0.278724 0.44835 0)
(0.042925 -0.121716 0)
(0.0482499 -0.125837 0)
(0.14048 -0.128168 0)
(0.121153 -0.141196 0)
(0.135643 -0.13313 0)
(0.174 -0.179051 0)
(0.204337 -0.138048 0)
(0.225472 -0.156362 0)
(0.261435 -0.141515 0)
(0.281031 -0.112414 0)
(0.306448 -0.0844429 0)
(0.313473 -0.0396058 0)
(0.307648 -0.0194385 0)
(0.313127 0.00499864 0)
(0.296896 0.0224442 0)
(0.313405 0.0566271 0)
(0.29117 0.0744889 0)
(0.310614 0.141976 0)
(0.27544 0.138501 0)
(0.247687 0.196776 0)
(0.350715 0.172978 0)
(0.564152 0.224589 0)
(0.396495 0.30527 0)
(0.0231357 -0.156883 0)
(0.0370683 -0.161824 0)
(0.0803466 -0.159393 0)
(0.102039 -0.198918 0)
(0.13716 -0.174441 0)
(0.155464 -0.190718 0)
(0.198335 -0.193157 0)
(0.225993 -0.194305 0)
(0.255766 -0.170213 0)
(0.263122 -0.144332 0)
(0.287775 -0.0984721 0)
(0.276196 -0.0377643 0)
(0.317002 -0.0124498 0)
(0.307031 0.0106816 0)
(0.321292 0.026702 0)
(0.312998 0.0497775 0)
(0.348366 0.0828731 0)
(0.317829 0.114747 0)
(0.305399 0.103275 0)
(0.297257 0.172877 0)
(0.365624 0.155008 0)
(0.50044 0.235358 0)
(0.461438 0.177805 0)
(0.0179962 -0.180848 0)
(0.0118122 -0.180034 0)
(0.0455928 -0.19195 0)
(0.0354062 -0.191475 0)
(0.0545815 -0.188845 0)
(0.0662682 -0.228349 0)
(0.073115 -0.205725 0)
(0.0739284 -0.204971 0)
(0.0729934 -0.179602 0)
(0.0514133 -0.138945 0)
(0.0481771 -0.0917211 0)
(0.0241934 -0.058905 0)
(0.0832539 -0.0732291 0)
(0.110509 -0.00160593 0)
(0.165032 0.0190625 0)
(0.17492 0.0375955 0)
(0.274018 0.069621 0)
(0.296333 0.0743378 0)
(0.32684 0.122214 0)
(0.302598 0.162639 0)
(0.373745 0.19327 0)
(0.441851 0.159986 0)
(0.420358 0.20699 0)
(0.00324906 -0.189245 0)
(0.0051603 -0.18945 0)
(0.0160416 -0.189094 0)
(0.0179438 -0.208201 0)
(0.0294138 -0.207947 0)
(0.0421725 -0.21548 0)
(0.0421708 -0.206941 0)
(0.0526686 -0.193367 0)
(0.0536977 -0.15401 0)
(0.0316761 -0.120226 0)
(0.0214386 -0.0746587 0)
(-0.0257603 -0.0799372 0)
(-0.0369676 -0.187546 0)
(-0.0428038 -0.0677514 0)
(-0.0304814 -0.0349601 0)
(-0.0614579 -0.0570216 0)
(0.116354 -0.0453762 0)
(0.197942 0.0545196 0)
(0.269784 0.108446 0)
(0.257051 0.134442 0)
(0.318989 0.177458 0)
(0.448187 0.0647955 0)
(0.356801 0.107012 0)
(0.00363067 -0.190625 0)
(0.00657072 -0.19582 0)
(0.0135226 -0.205955 0)
(0.019058 -0.206291 0)
(0.0245083 -0.216562 0)
(0.0300034 -0.237124 0)
(0.0342599 -0.223533 0)
(0.0338775 -0.21573 0)
(0.0321783 -0.164566 0)
(0.0198245 -0.107447 0)
(0.0195802 -0.0341332 0)
(-0.013921 -0.00146746 0)
(-0.0576371 -0.100279 0)
(-0.0816407 0.0118317 0)
(-0.074957 0.00951583 0)
(-0.107346 -0.075743 0)
(-0.0409216 -0.187146 0)
(0.0352354 -0.0633253 0)
(0.228253 0.0578633 0)
(0.25275 0.124336 0)
(0.432701 0.180343 0)
(0.42742 0.110183 0)
(0.281364 0.00705255 0)
(0.000831536 -0.198241 0)
(0.00549693 -0.2002 0)
(-0.00240873 -0.197322 0)
(0.00745942 -0.213642 0)
(-0.00325155 -0.215391 0)
(-0.0248469 -0.21669 0)
(-0.0216766 -0.204105 0)
(-0.0521572 -0.181341 0)
(-0.0775406 -0.131469 0)
(-0.0903352 -0.106384 0)
(-0.0986367 -0.0362911 0)
(-0.0840595 -0.0212629 0)
(-0.0439129 -0.150156 0)
(-0.0844504 -0.00229643 0)
(0.0336498 -0.00462993 0)
(0.0656243 -0.0760974 0)
(-0.0490702 -0.215224 0)
(-0.0513836 -0.124813 0)
(0.270555 -0.0036912 0)
(0.186976 0.0278991 0)
(0.381073 0.0909453 0)
(0.43727 -0.125607 0)
(0.43993 0.0188458 0)
(-0.00221164 -0.199384 0)
(-0.0163022 -0.192522 0)
(-0.056888 -0.205773 0)
(-0.0219333 -0.204053 0)
(-0.0726197 -0.195528 0)
(-0.0763853 -0.218034 0)
(-0.0423757 -0.205147 0)
(-0.106559 -0.172229 0)
(-0.169447 -0.129544 0)
(-0.159734 -0.0833432 0)
(-0.129574 -0.0297317 0)
(-0.0787442 -0.0521004 0)
(-0.127911 -0.114878 0)
(-0.201152 -0.0626198 0)
(-0.0814758 -0.141525 0)
(-0.100973 -0.208976 0)
(0.0626734 -0.286395 0)
(0.0439021 -0.221835 0)
(0.296409 -0.0838181 0)
(0.197339 -0.193576 0)
(0.280935 -0.10193 0)
(0.314219 -0.040785 0)
(0.258912 0.0924083 0)
(-0.000584497 -0.176032 0)
(-0.0516662 -0.181914 0)
(-0.093104 -0.193813 0)
(-0.0539236 -0.169512 0)
(-0.0989137 -0.217615 0)
(-0.10012 -0.192755 0)
(-0.0534247 -0.221014 0)
(-0.102473 -0.11656 0)
(-0.147419 -0.0924907 0)
(-0.138308 -0.0164433 0)
(-0.180212 -0.113132 0)
(-0.12409 -0.0732805 0)
(-0.0457837 -0.138226 0)
(-0.0689421 0.0638513 0)
(-0.0108386 -0.0298788 0)
(0.0463949 -0.0492171 0)
(0.0185604 -0.171345 0)
(0.0488741 -0.177175 0)
(0.269909 -0.0808586 0)
(0.259885 -0.0991439 0)
(0.0491976 -0.236845 0)
(0.155995 -0.0988181 0)
(0.0845014 -0.0408556 0)
(-0.0495705 -0.150821 0)
(-0.0652311 -0.168463 0)
(-0.0644038 -0.200173 0)
(-0.0546513 -0.155614 0)
(-0.0960188 -0.215455 0)
(-0.0757466 -0.207955 0)
(-0.0702213 -0.185415 0)
(-0.0970399 -0.100398 0)
(-0.0791557 -0.0735871 0)
(-0.153453 -0.0809694 0)
(-0.197091 -0.143922 0)
(-0.133202 -0.040116 0)
(-0.117073 -0.211791 0)
(-0.115984 -0.100823 0)
(-0.0850832 -0.225232 0)
(-0.0668856 -0.19734 0)
(-0.00235769 -0.300357 0)
(-0.0482157 -0.315984 0)
(0.0633423 -0.19544 0)
(0.0743419 0.00805009 0)
(-0.020803 -0.162032 0)
(-0.102365 -0.0729618 0)
(-0.241991 -0.144638 0)
(-0.0489756 -0.111939 0)
(-0.0486444 -0.113088 0)
(-0.0471136 -0.195197 0)
(-0.0205737 -0.13687 0)
(-0.0736061 -0.183508 0)
(-0.0420479 -0.212775 0)
(-0.0876778 -0.195297 0)
(-0.0763754 -0.0947768 0)
(-0.0542518 -0.0490464 0)
(-0.0800087 -0.05111 0)
(-0.108756 -0.134311 0)
(-0.225289 -0.0497368 0)
(-0.195435 -0.12139 0)
(-0.127081 -0.107246 0)
(-0.101624 -0.191601 0)
(-0.141358 -0.147918 0)
(-0.202633 -0.217473 0)
(-0.191556 -0.225558 0)
(-0.300384 -0.127583 0)
(-0.430383 -0.0895366 0)
(-0.41617 -0.0126097 0)
(-0.266359 -0.0475422 0)
(-0.431046 -0.0841338 0)
(-0.0590401 -0.107923 0)
(-0.0263832 -0.131534 0)
(-0.0283919 -0.236467 0)
(-0.0138122 -0.150809 0)
(-0.057302 -0.186154 0)
(-0.0473603 -0.239153 0)
(-0.127651 -0.201152 0)
(-0.110697 -0.0849635 0)
(-0.0694195 -0.0423845 0)
(-0.196035 -0.165537 0)
(-0.174255 -0.105723 0)
(-0.120687 -0.107575 0)
(-0.15742 -0.0384627 0)
(-0.186778 -0.156111 0)
(-0.117862 -0.196636 0)
(-0.228004 -0.335135 0)
(-0.288619 -0.226016 0)
(-0.254071 -0.225758 0)
(-0.475902 -0.0967555 0)
(-0.40942 -0.168892 0)
(-0.229004 0.0029769 0)
(-0.347224 -0.142727 0)
(-0.540789 -0.10029 0)
(-0.0725238 -0.058451 0)
(-0.010714 -0.0881705 0)
(-0.0210398 -0.208571 0)
(0.00403707 -0.0678049 0)
(-0.0700223 -0.143257 0)
(-0.0508055 -0.196764 0)
(-0.124445 -0.16496 0)
(-0.0901486 -0.016003 0)
(-0.202729 -0.0392553 0)
(-0.170394 -0.0978001 0)
(-0.0913671 0.00111217 0)
(-0.167608 -0.0627325 0)
(-0.118091 0.00417003 0)
(-0.216503 -0.150063 0)
(-0.263637 -0.193375 0)
(-0.210828 -0.208099 0)
(-0.215723 -0.183685 0)
(-0.147307 -0.289546 0)
(-0.341227 -0.27268 0)
(-0.517994 -0.0431715 0)
(-0.296232 -0.121963 0)
(-0.255482 -0.0715597 0)
(-0.194295 0.0223931 0)
(0.00037515 -0.0341886 0)
(0.0884916 -0.206121 0)
(-0.00480321 -0.268085 0)
(-0.0892171 -0.137743 0)
(-0.0939257 -0.185043 0)
(-0.113574 -0.177176 0)
(-0.158562 -0.120851 0)
(-0.148475 -0.138312 0)
(-0.236268 -0.0505711 0)
(-0.196382 -0.118158 0)
(-0.186332 -0.0538406 0)
(-0.113531 -0.0730672 0)
(-0.125547 0.0526691 0)
(-0.263865 -0.182992 0)
(-0.1372 -0.110804 0)
(-0.217251 -0.191531 0)
(-0.340111 -0.22673 0)
(-0.230394 -0.14286 0)
(-0.206759 -0.333834 0)
(-0.245972 -0.108898 0)
(-0.168459 -0.0792034 0)
(-0.23051 0.0153763 0)
(-0.21039 0.0399557 0)
(-0.0466565 -0.140286 0)
(0.0029753 -0.322525 0)
(-0.0404847 -0.305318 0)
(-0.0522497 -0.212528 0)
(-0.00354605 -0.245224 0)
(-0.0581615 -0.227122 0)
(-0.222069 -0.198912 0)
(-0.139033 -0.160892 0)
(-0.187065 -0.125159 0)
(-0.186916 -0.117057 0)
(-0.0974816 -0.0925496 0)
(-0.10906 -0.0543747 0)
(-0.1603 -0.0765662 0)
(-0.155465 -0.0987287 0)
(-0.0785049 0.0123497 0)
(-0.24119 -0.248383 0)
(-0.151379 -0.132538 0)
(-0.21247 -0.0968347 0)
(-0.208937 -0.180191 0)
(-0.141584 -0.103577 0)
(-0.133933 -0.129955 0)
(-0.125621 -0.0056632 0)
(-0.102826 0.0181285 0)
(-0.0123991 -0.138991 0)
(0.00334347 -0.266804 0)
(-0.0210447 -0.217966 0)
(-0.0416576 -0.152119 0)
(-0.0683436 -0.164192 0)
(-0.121039 -0.212177 0)
(-0.127129 -0.172229 0)
(-0.089973 -0.0302797 0)
(-0.158725 -0.140009 0)
(-0.14132 -0.0887452 0)
(-0.144085 -0.105818 0)
(-0.129228 -0.038867 0)
(-0.155992 -0.0572764 0)
(-0.12638 -0.119622 0)
(-0.189309 -0.210322 0)
(-0.173466 -0.146396 0)
(-0.150387 -0.129654 0)
(-0.222521 -0.122314 0)
(-0.0716834 -0.105675 0)
(-0.0910206 -0.171186 0)
(-0.0439965 -0.0964171 0)
(-0.0535846 -0.0151262 0)
(-0.0181633 0.00475713 0)
(0.0119535 -0.117724 0)
(0.0247577 -0.298224 0)
(-0.0277914 -0.232672 0)
(-0.0185071 -0.192243 0)
(-0.0409272 -0.182263 0)
(-0.0650622 -0.141394 0)
(-0.139662 -0.072801 0)
(-0.107756 -0.0652405 0)
(-0.204996 -0.0482003 0)
(-0.116038 -0.124336 0)
(-0.0945507 -0.124057 0)
(-0.0870805 0.0119956 0)
(-0.188554 -0.0825884 0)
(-0.220318 -0.0598947 0)
(-0.0642313 -0.187692 0)
(-0.0709097 -0.0483143 0)
(-0.111196 -0.223765 0)
(-0.105151 -0.156664 0)
(-0.0646502 -0.181747 0)
(-0.0559737 -0.178606 0)
(-0.00296967 -0.117636 0)
(-0.0175332 -0.0523073 0)
(-0.0177563 0.0222587 0)
(-0.0780973 -0.0465302 0)
(-0.0382277 -0.179328 0)
(0.00590485 -0.125874 0)
(0.013924 -0.138771 0)
(-0.0211071 -0.165695 0)
(-0.0289281 -0.124643 0)
(-0.109883 -0.115579 0)
(-0.0487254 0.0164001 0)
(-0.101965 -0.108795 0)
(-0.150395 -0.0527291 0)
(-0.0670139 -0.0980031 0)
(-0.100483 0.00985503 0)
(-0.130943 -0.0522247 0)
(-0.074366 -0.00352322 0)
(-0.104 -0.163917 0)
(-0.138497 -0.237785 0)
(-0.17223 -0.236823 0)
(-0.0296843 -0.193436 0)
(-0.0122751 -0.20375 0)
(0.00533022 -0.176465 0)
(0.0240201 -0.133967 0)
(0.0509124 -0.069724 0)
(0.0300024 -0.00165051 0)
(-0.0709274 -0.00897443 0)
(-0.0222499 -0.146434 0)
(-0.0551688 -0.115684 0)
(-0.0781535 -0.128229 0)
(-0.0321712 -0.10642 0)
(-0.0319899 -0.0919456 0)
(-0.0538332 -0.0532547 0)
(-0.0659495 0.0334761 0)
(-0.108897 -0.084531 0)
(-0.0279857 -0.14427 0)
(-0.134068 -0.0472005 0)
(-0.052656 -0.0148658 0)
(-0.126579 -0.00665685 0)
(-0.186437 -0.0850861 0)
(-0.103906 -0.131226 0)
(-0.0765394 -0.172358 0)
(-0.0260725 -0.142545 0)
(0.00334147 -0.168659 0)
(-0.00509467 -0.202983 0)
(0.0271646 -0.197544 0)
(0.0325558 -0.145107 0)
(0.0283248 -0.0381149 0)
(0.0356813 0.0486452 0)
(-0.0220034 0.00623108 0)
(-0.0113833 -0.148464 0)
(-0.0504649 -0.125956 0)
(-0.00663398 -0.059615 0)
(-0.0296485 -0.100502 0)
(-0.0213833 -0.0215564 0)
(-0.0348433 -0.0593861 0)
(-0.0326562 -0.000885805 0)
(-0.0749914 -0.0276768 0)
(-0.0624566 -0.165704 0)
(-0.0220715 -0.0485075 0)
(-0.0879192 0.0702135 0)
(-0.118472 -0.0639196 0)
(-0.0222292 -0.0468929 0)
(-0.0597657 -0.131193 0)
(-0.0509301 -0.120871 0)
(-0.0357714 -0.145195 0)
(-0.0127657 -0.203555 0)
(0.0029057 -0.227056 0)
(0.0343687 -0.211666 0)
(0.0350506 -0.138935 0)
(0.0149238 -0.0326862 0)
(0.0158554 0.0142991 0)
(-0.0575841 0.0237617 0)
(-0.0227243 -0.150394 0)
(-0.0638852 -0.0937028 0)
(-0.030426 -0.0545238 0)
(-0.0412776 -0.0944669 0)
(-0.023652 -0.0275725 0)
(-0.059376 -0.0257244 0)
(0.00149562 0.0580887 0)
(-0.07808 -0.0536062 0)
(-0.0159469 -0.122128 0)
(0.0151888 -0.00669456 0)
(-0.0149327 0.0297303 0)
(-0.0641326 0.0585309 0)
(-0.012973 -0.0709942 0)
(-0.0298618 -0.152971 0)
(-0.0163169 -0.137807 0)
(-0.00347529 -0.172225 0)
(0.0202272 -0.205132 0)
(0.0156862 -0.232006 0)
(0.0299199 -0.211299 0)
(0.0184793 -0.138919 0)
(-0.0130432 -0.0303283 0)
(0.0500079 0.0163614 0)
(-0.0183584 0.10276 0)
(0.000650525 -0.139641 0)
(-0.0254115 -0.0731581 0)
(0.00878108 -0.114784 0)
(-0.0587359 -0.0726088 0)
(0.0093645 -0.0398524 0)
(-0.0483923 0.00120795 0)
(0.0673614 0.00702099 0)
(0.0265412 0.0213351 0)
(-0.00434106 -0.107724 0)
(-0.00976644 -0.017841 0)
(-0.0221273 0.0740184 0)
(0.00140654 0.00941042 0)
(0.0391616 -0.0863052 0)
(0.00420321 -0.130097 0)
(0.0078016 -0.155052 0)
(0.0049961 -0.178449 0)
(0.0193457 -0.215545 0)
(0.0251207 -0.22935 0)
(0.0271338 -0.221195 0)
(0.0267283 -0.107815 0)
(0.00313838 -0.0521219 0)
(0.0385744 -0.020315 0)
(0.0842498 -0.00831293 0)
(0.038902 -0.143081 0)
(-0.0415929 -0.111638 0)
(-0.0244959 -0.149191 0)
(-0.0536407 -0.115249 0)
(-0.0657372 -0.0891557 0)
(-0.0578348 -0.0678139 0)
(-0.0159453 -0.0220041 0)
(-0.00556699 -0.0180926 0)
(0.0126968 -0.0983578 0)
(0.00251378 -0.00520947 0)
(-0.035786 0.112256 0)
(0.0147252 -0.0371974 0)
(0.0427647 -0.0629508 0)
(0.0162546 -0.124529 0)
(0.0283836 -0.123481 0)
(0.0503425 -0.184802 0)
(0.0622864 -0.214981 0)
(0.0522351 -0.256684 0)
(0.0404376 -0.161016 0)
(0.0233376 -0.145036 0)
(0.0102153 -0.0480559 0)
(0.0795462 -0.0471526 0)
(0.0119679 -0.0750463 0)
(0.0112615 -0.166397 0)
(0.00544837 -0.145774 0)
(0.00665628 -0.151731 0)
(-0.0110149 -0.123851 0)
(-0.00293899 -0.130222 0)
(0.00327818 -0.0745686 0)
(0.0259375 -0.0745307 0)
(0.0663735 -0.0553234 0)
(0.0208678 -0.0991839 0)
(-0.0342351 -7.49676e-05 0)
(0.041537 0.00519639 0)
(0.102783 -0.0697503 0)
(0.0803126 -0.065532 0)
(0.0655609 -0.123745 0)
(0.0847487 -0.188099 0)
(0.0401347 -0.201335 0)
(0.0515976 -0.220717 0)
(0.0821968 -0.258795 0)
(0.0209794 -0.238899 0)
(-0.0215323 -0.212734 0)
(0.0289312 -0.14942 0)
(-0.0308434 -0.0470696 0)
(0.00375508 -0.0509425 0)
(0.00209964 -0.116309 0)
(-0.00778803 -0.115791 0)
(-0.00458684 -0.120223 0)
(-0.012655 -0.106139 0)
(-0.00879721 -0.107874 0)
(-0.0112649 -0.0921634 0)
(-0.00484404 -0.0880019 0)
(0.0179476 -0.0931265 0)
(0.000752151 -0.112362 0)
(0.0277589 -0.0450657 0)
(0.0133424 -0.0658977 0)
(0.071622 -0.0566811 0)
(0.0582119 -0.104398 0)
(0.0428136 -0.135138 0)
(0.0734943 -0.230872 0)
(0.104015 -0.209013 0)
(0.0820478 -0.249344 0)
(0.0335669 -0.241982 0)
(0.048096 -0.265838 0)
(0.0830262 -0.19702 0)
(0.0703121 -0.19455 0)
(0.109844 -0.100724 0)
(0.00169403 -0.0868205 0)
(0.008322 -0.13893 0)
(0.00637221 -0.136416 0)
(0.0124711 -0.13463 0)
(0.00968905 -0.122799 0)
(0.013763 -0.124081 0)
(0.0182841 -0.105114 0)
(0.021699 -0.100269 0)
(0.033689 -0.084376 0)
(0.0265338 -0.083782 0)
(0.0346424 -0.05701 0)
(0.0453003 -0.0689598 0)
(0.0549164 -0.0417995 0)
(0.0578316 -0.0939778 0)
(0.0661877 -0.154098 0)
(0.0807238 -0.12503 0)
(0.116925 -0.214808 0)
(0.104259 -0.233022 0)
(0.0694222 -0.231284 0)
(0.058252 -0.234184 0)
(0.0709879 -0.22235 0)
(0.117009 -0.189279 0)
(0.136048 -0.105674 0)
(-0.000600631 -0.0727008 0)
(0.00533668 -0.127535 0)
(0.0019252 -0.125696 0)
(0.0074198 -0.12765 0)
(0.00733233 -0.109348 0)
(0.0112005 -0.124925 0)
(0.0145641 -0.10902 0)
(0.0191646 -0.117063 0)
(0.0259823 -0.104082 0)
(0.0283039 -0.111787 0)
(0.0398118 -0.0859863 0)
(0.0395743 -0.102065 0)
(0.0592365 -0.0842098 0)
(0.0475102 -0.114023 0)
(0.0858103 -0.150364 0)
(0.0891214 -0.149289 0)
(0.131593 -0.205772 0)
(0.129619 -0.227797 0)
(0.0280024 -0.219312 0)
(0.0842884 -0.226552 0)
(0.148173 -0.273265 0)
(0.181558 -0.241095 0)
(0.18669 -0.138718 0)
(-0.00264181 -0.0949935 0)
(0.011346 -0.140176 0)
(0.0105108 -0.141722 0)
(0.0259155 -0.140451 0)
(0.022106 -0.135412 0)
(0.0212014 -0.134397 0)
(0.0284511 -0.124913 0)
(0.0333124 -0.120021 0)
(0.0373658 -0.106287 0)
(0.0437844 -0.107232 0)
(0.0467238 -0.0858562 0)
(0.0571499 -0.100081 0)
(0.0607801 -0.0699637 0)
(0.0626449 -0.113147 0)
(0.0837835 -0.121342 0)
(0.15505 -0.156743 0)
(0.16729 -0.263408 0)
(0.131042 -0.252858 0)
(0.0596881 -0.190278 0)
(0.0864493 -0.283767 0)
(0.128421 -0.304648 0)
(0.244022 -0.241285 0)
(0.205365 -0.128637 0)
(8.86894e-05 -0.0915085 0)
(0.0108884 -0.134044 0)
(0.008866 -0.141244 0)
(0.019417 -0.140722 0)
(0.0174122 -0.146339 0)
(0.0273758 -0.139585 0)
(0.0251137 -0.132764 0)
(0.0352286 -0.134861 0)
(0.0359779 -0.125388 0)
(0.0479099 -0.128565 0)
(0.04898 -0.113637 0)
(0.0632226 -0.126199 0)
(0.065185 -0.0990283 0)
(0.0771013 -0.130526 0)
(0.0941324 -0.126771 0)
(0.0857005 -0.198334 0)
(0.158662 -0.28045 0)
(0.192075 -0.262868 0)
(0.021701 -0.181431 0)
(0.0951343 -0.304365 0)
(0.200322 -0.2394 0)
(0.253881 -0.307728 0)
(0.213441 -0.135135 0)
(0.000746877 -0.116244 0)
(0.0143213 -0.156591 0)
(0.0140332 -0.158718 0)
(0.0254324 -0.156854 0)
(0.0249051 -0.152094 0)
(0.0343335 -0.148885 0)
(0.0361346 -0.141259 0)
(0.0471618 -0.140481 0)
(0.0463102 -0.13229 0)
(0.059496 -0.131863 0)
(0.0525384 -0.118729 0)
(0.0728967 -0.131054 0)
(0.0589656 -0.102258 0)
(0.085265 -0.142269 0)
(0.073661 -0.138252 0)
(0.131 -0.208741 0)
(0.184574 -0.184312 0)
(0.188344 -0.268666 0)
(0.0674634 -0.29441 0)
(0.137899 -0.238302 0)
(0.148849 -0.202895 0)
(0.230746 -0.225629 0)
(0.372873 -0.162105 0)
(0.0018583 -0.122753 0)
(0.0125417 -0.161515 0)
(0.0124449 -0.16453 0)
(0.0224831 -0.16344 0)
(0.0224589 -0.164331 0)
(0.0334635 -0.163067 0)
(0.0329295 -0.15777 0)
(0.0453294 -0.155722 0)
(0.04266 -0.14915 0)
(0.0583247 -0.141881 0)
(0.0470857 -0.138626 0)
(0.0731977 -0.139641 0)
(0.0435542 -0.120489 0)
(0.0898254 -0.146467 0)
(0.128893 -0.162425 0)
(0.151726 -0.15815 0)
(0.119028 -0.241806 0)
(0.0999772 -0.330086 0)
(0.130442 -0.266232 0)
(0.208337 -0.249389 0)
(0.200243 -0.230708 0)
(0.228249 -0.237252 0)
(0.284683 -0.220989 0)
(0.00137282 -0.144527 0)
(0.0148213 -0.177478 0)
(0.0133611 -0.17784 0)
(0.0251213 -0.176757 0)
(0.0245353 -0.172943 0)
(0.0361345 -0.169792 0)
(0.0347102 -0.163327 0)
(0.0471809 -0.16078 0)
(0.0445464 -0.15584 0)
(0.0603082 -0.142767 0)
(0.052095 -0.144575 0)
(0.0761178 -0.128056 0)
(0.0508677 -0.129482 0)
(0.105176 -0.121293 0)
(0.158739 -0.169255 0)
(0.149614 -0.219686 0)
(0.0977686 -0.281695 0)
(0.172854 -0.287778 0)
(0.230383 -0.209426 0)
(0.201295 -0.285859 0)
(0.132693 -0.216425 0)
(0.220438 -0.293278 0)
(0.37702 -0.238724 0)
(0.00185812 -0.156259 0)
(0.0123385 -0.18618 0)
(0.0122215 -0.186018 0)
(0.0225938 -0.186904 0)
(0.0227361 -0.186707 0)
(0.0338692 -0.185255 0)
(0.0350772 -0.179453 0)
(0.0473325 -0.178068 0)
(0.0469051 -0.173226 0)
(0.0614107 -0.161835 0)
(0.0627809 -0.163852 0)
(0.0799243 -0.147583 0)
(0.0792522 -0.163291 0)
(0.109282 -0.133598 0)
(0.110442 -0.178965 0)
(0.115234 -0.240613 0)
(0.116792 -0.228057 0)
(0.188405 -0.23524 0)
(0.211312 -0.254443 0)
(0.254572 -0.364204 0)
(0.149036 -0.238371 0)
(0.186312 -0.179142 0)
(0.294218 -0.271228 0)
(0.000830574 -0.171944 0)
(0.0129155 -0.197278 0)
(0.011047 -0.197024 0)
(0.0229333 -0.197297 0)
(0.0216777 -0.193661 0)
(0.0334052 -0.194816 0)
(0.0326734 -0.187625 0)
(0.0439198 -0.18584 0)
(0.0437484 -0.180369 0)
(0.0509389 -0.177614 0)
(0.0595181 -0.174356 0)
(0.0552917 -0.168366 0)
(0.0830235 -0.174723 0)
(0.131598 -0.159853 0)
(0.117678 -0.170648 0)
(0.177014 -0.2344 0)
(0.127351 -0.249029 0)
(0.149315 -0.275769 0)
(0.130199 -0.368506 0)
(0.230728 -0.405584 0)
(0.234992 -0.33582 0)
(0.138458 -0.210702 0)
(0.252525 -0.270455 0)
(0.00112459 -0.185573 0)
(0.0108051 -0.207731 0)
(0.00917632 -0.207705 0)
(0.0199358 -0.209358 0)
(0.0182186 -0.208193 0)
(0.0304475 -0.209127 0)
(0.0292373 -0.200219 0)
(0.044342 -0.202924 0)
(0.043349 -0.185578 0)
(0.0563683 -0.196364 0)
(0.0588332 -0.166838 0)
(0.0644915 -0.198647 0)
(0.0853202 -0.10031 0)
(0.156094 -0.1439 0)
(0.10055 -0.209497 0)
(0.11029 -0.237078 0)
(0.0986577 -0.306777 0)
(0.120436 -0.253884 0)
(0.152467 -0.314575 0)
(0.245918 -0.178749 0)
(0.245508 -0.295569 0)
(0.231492 -0.30082 0)
(0.309451 -0.282441 0)
(3.33341e-05 -0.19337 0)
(0.0120399 -0.211008 0)
(0.00880717 -0.212781 0)
(0.0216944 -0.213242 0)
(0.0173399 -0.212338 0)
(0.0317728 -0.21547 0)
(0.0268128 -0.213017 0)
(0.046439 -0.212772 0)
(0.0385968 -0.203163 0)
(0.0678051 -0.205239 0)
(0.0504908 -0.194779 0)
(0.0934175 -0.215807 0)
(0.164801 -0.131085 0)
(0.11455 -0.181284 0)
(0.0988039 -0.233746 0)
(0.109057 -0.263478 0)
(0.124622 -0.245891 0)
(0.168328 -0.236585 0)
(0.213304 -0.282767 0)
(0.243855 -0.232653 0)
(0.134028 -0.35501 0)
(0.195325 -0.26645 0)
(0.249883 -0.415798 0)
(-0.000334378 -0.21225 0)
(0.0107436 -0.227804 0)
(0.00766202 -0.228978 0)
(0.0194325 -0.229156 0)
(0.0149654 -0.229638 0)
(0.0295456 -0.230733 0)
(0.0218279 -0.230075 0)
(0.0406482 -0.229773 0)
(0.0318014 -0.225169 0)
(0.0559842 -0.227018 0)
(0.0388794 -0.20398 0)
(0.0724777 -0.180196 0)
(0.123214 -0.0996818 0)
(0.118391 -0.200297 0)
(0.084571 -0.205271 0)
(0.113492 -0.232256 0)
(0.128791 -0.230468 0)
(0.137838 -0.2715 0)
(0.134695 -0.34278 0)
(0.065166 -0.414957 0)
(0.200923 -0.400206 0)
(0.156169 -0.339796 0)
(0.215406 -0.457286 0)
(-1.39795e-05 -0.207788 0)
(0.0106362 -0.220911 0)
(0.00735986 -0.223502 0)
(0.0195377 -0.22244 0)
(0.0140451 -0.225856 0)
(0.0305282 -0.225221 0)
(0.0192682 -0.22965 0)
(0.0449674 -0.229859 0)
(0.0221747 -0.230859 0)
(0.0685315 -0.214706 0)
(0.0949548 -0.223125 0)
(0.145512 -0.205496 0)
(0.171323 -0.186331 0)
(0.100872 -0.283056 0)
(0.0880195 -0.221223 0)
(0.0825385 -0.221151 0)
(0.0925992 -0.249407 0)
(0.108694 -0.257856 0)
(0.0980967 -0.344379 0)
(0.117708 -0.360921 0)
(0.228564 -0.28588 0)
(0.125848 -0.404871 0)
(0.167369 -0.326354 0)
(5.94347e-05 -0.242192 0)
(0.00832952 -0.251672 0)
(0.00521746 -0.25478 0)
(0.0148288 -0.252127 0)
(0.00922966 -0.25805 0)
(0.0229298 -0.251495 0)
(0.0101238 -0.262447 0)
(0.0339529 -0.246051 0)
(0.0380243 -0.265612 0)
(0.0577086 -0.231042 0)
(0.0513178 -0.273435 0)
(0.103912 -0.260284 0)
(0.0690225 -0.30117 0)
(0.0889135 -0.316002 0)
(0.118266 -0.276208 0)
(0.0707137 -0.222835 0)
(0.0831045 -0.242195 0)
(0.0880169 -0.272596 0)
(0.0855814 -0.341598 0)
(0.0761853 -0.330783 0)
(0.237552 -0.39509 0)
(0.16138 -0.447729 0)
(0.144684 -0.386901 0)
(0.000578199 -0.209242 0)
(0.00678714 -0.216674 0)
(0.00513477 -0.220559 0)
(0.0124722 -0.217278 0)
(0.010514 -0.224989 0)
(0.0202091 -0.21702 0)
(0.0186096 -0.231417 0)
(0.0322298 -0.210312 0)
(0.034293 -0.238056 0)
(0.0522882 -0.222234 0)
(0.0604898 -0.25353 0)
(0.0795614 -0.235723 0)
(0.0753097 -0.287478 0)
(0.0975242 -0.234586 0)
(0.131892 -0.283873 0)
(0.0884791 -0.239092 0)
(0.043914 -0.277016 0)
(0.0848196 -0.282147 0)
(0.0808476 -0.352032 0)
(0.0165052 -0.382099 0)
(0.138462 -0.386676 0)
(0.134521 -0.478344 0)
(0.0213837 -0.482682 0)
(0.000609834 -0.278353 0)
(0.00417947 -0.282908 0)
(0.00279054 -0.287168 0)
(0.00699807 -0.285648 0)
(0.00543469 -0.293391 0)
(0.0110564 -0.290909 0)
(0.00998137 -0.30433 0)
(0.0172744 -0.300699 0)
(0.0212912 -0.318817 0)
(0.0271419 -0.308542 0)
(0.0317609 -0.332911 0)
(0.0396312 -0.310056 0)
(0.0380375 -0.329561 0)
(0.0507199 -0.209513 0)
(0.101765 -0.260095 0)
(0.0569188 -0.209626 0)
(0.0339386 -0.195808 0)
(0.0815262 -0.21144 0)
(0.0356106 -0.320547 0)
(0.0326529 -0.402973 0)
(0.128134 -0.397705 0)
(0.0828346 -0.432973 0)
(0.0301082 -0.51806 0)
(8.58308e-05 -0.186575 0)
(0.000255224 -0.189324 0)
(0.000339288 -0.192662 0)
(0.00203615 -0.191522 0)
(0.00128846 -0.198574 0)
(0.00268151 -0.195992 0)
(0.00251282 -0.208053 0)
(0.00721649 -0.204042 0)
(0.017517 -0.220749 0)
(0.0219563 -0.220447 0)
(0.0464967 -0.241055 0)
(0.0579049 -0.246327 0)
(0.131235 -0.264978 0)
(0.143739 -0.269097 0)
(0.134454 -0.292221 0)
(0.120855 -0.306041 0)
(0.0269394 -0.308645 0)
(0.0236041 -0.332896 0)
(-0.0424885 -0.41584 0)
(-0.0830209 -0.427517 0)
(0.145859 -0.432151 0)
(0.0313 -0.546125 0)
(0.00938706 -0.493125 0)
(0.419322 0.464421 0)
(0.478778 0.335237 0)
(0.242467 0.250866 0)
(-0.00843389 0.140575 0)
(0.383117 0.332169 0)
(0.34471 0.31485 0)
(0.31707 0.238495 0)
(0.281595 0.166034 0)
(0.587908 0.196013 0)
(0.534336 0.208066 0)
(0.379166 0.225193 0)
(0.425103 0.201209 0)
(0.477742 0.200864 0)
(0.484571 0.145685 0)
(0.446977 0.158154 0)
(0.452104 0.156279 0)
(0.359505 0.12296 0)
(0.384147 0.116191 0)
(0.425172 0.134096 0)
(0.40346 0.157472 0)
(0.355942 0.0564163 0)
(0.353444 0.0736404 0)
(0.376755 0.105019 0)
(0.32168 0.102635 0)
(0.424345 0.129202 0)
(0.409126 0.134215 0)
(0.426924 0.169678 0)
(0.342691 0.125433 0)
(0.356675 0.172091 0)
(0.506425 0.17404 0)
(0.428414 0.230744 0)
(0.261042 0.159784 0)
(0.283745 0.280981 0)
(0.261921 0.13931 0)
(0.0280182 -0.116764 0)
(0.162022 0.160016 0)
(0.0400259 0.545748 0)
(-0.0705606 0.162103 0)
(0.0126264 0.234176 0)
(-0.0387385 0.456549 0)
(-0.430448 0.228687 0)
(-0.602371 0.107504 0)
(-0.363262 0.247987 0)
(-0.279624 0.348778 0)
(-0.342855 0.120859 0)
(-0.294677 0.144164 0)
(-0.35847 0.237032 0)
(-0.257328 0.274732 0)
(-0.412285 0.185482 0)
(-0.467188 0.164939 0)
(-0.315881 0.223971 0)
(-0.172478 0.243062 0)
(-0.194711 -0.0254464 0)
(-0.183781 0.0898949 0)
(-0.162898 0.124466 0)
(-0.144508 0.145726 0)
(-0.115561 0.0323186 0)
(-0.108421 0.0401651 0)
(-0.118216 0.0579864 0)
(-0.101593 0.0789224 0)
(-0.0500095 0.0161894 0)
(-0.052852 0.0306688 0)
(-0.00959623 0.0420954 0)
(-0.0348928 0.0683227 0)
(-0.0110031 0.0468447 0)
(-0.0143108 0.0717762 0)
(-0.0147561 0.0830839 0)
(-0.050325 0.0975849 0)
(0.0315926 0.0136902 0)
(0.0167513 0.0400184 0)
(0.00918273 0.072593 0)
(0.00731173 0.0909861 0)
(0.00436647 0.0684485 0)
(0.0333734 0.0900603 0)
(0.0140969 0.0934234 0)
(-0.0176424 0.126125 0)
(0.0323062 0.059653 0)
(-0.00602574 0.0974083 0)
(0.0309819 0.135311 0)
(0.0699732 0.185108 0)
(0.0566734 0.0431682 0)
(0.101122 0.0686879 0)
(0.130053 0.0979937 0)
(0.0653778 0.111155 0)
(0.0573322 0.0254116 0)
(0.0489145 0.0551795 0)
(0.0384526 0.0798568 0)
(0.143695 0.11418 0)
(0.0783226 0.020731 0)
(0.104365 0.0504855 0)
(0.136651 0.0983475 0)
(0.129384 0.121836 0)
(0.0466249 -0.0117727 0)
(0.035307 0.017833 0)
(0.0801367 0.0471555 0)
(0.105948 0.0523736 0)
(0.123234 -0.0444968 0)
(0.142059 -0.0156465 0)
(0.145045 0.0317128 0)
(0.199983 0.0562506 0)
(0.150462 -0.075902 0)
(0.150351 -0.0330535 0)
(0.155993 -0.0282615 0)
(0.172445 -0.00968773 0)
(0.196773 -0.0539406 0)
(0.195267 -0.0231789 0)
(0.215579 -0.00612732 0)
(0.20554 0.0472908 0)
(0.243377 -0.0977008 0)
(0.241706 -0.0814821 0)
(0.27197 -0.0628834 0)
(0.282666 -0.0650808 0)
(0.249091 -0.104117 0)
(0.254921 -0.0494448 0)
(0.264282 -0.0135282 0)
(0.257492 0.162314 0)
(0.378372 -0.160484 0)
(0.400922 -0.157223 0)
(0.50379 -0.162371 0)
(0.444931 -0.184964 0)
(0.281434 -0.215598 0)
(0.297553 -0.236097 0)
(0.307067 -0.223282 0)
(0.307046 -0.315783 0)
(0.327694 -0.226686 0)
(0.377386 -0.214599 0)
(0.329584 -0.239618 0)
(0.236266 -0.180298 0)
(0.277035 -0.273859 0)
(0.26643 -0.300743 0)
(0.322527 -0.293512 0)
(0.407631 -0.194525 0)
(0.198398 -0.231963 0)
(0.265522 -0.201128 0)
(0.426785 -0.112902 0)
(0.365881 0.0854186 0)
(0.42623 -0.296614 0)
(0.445378 -0.248044 0)
(0.555652 -0.288138 0)
(0.516236 -0.305559 0)
(0.231183 -0.410259 0)
(0.225071 -0.419571 0)
(0.247567 -0.453394 0)
(0.25654 -0.519163 0)
(0.292714 -0.406673 0)
(0.225669 -0.408263 0)
(0.292127 -0.408591 0)
(0.462982 -0.435114 0)
(0.234757 -0.350818 0)
(0.269596 -0.396098 0)
(0.285359 -0.410531 0)
(0.270075 -0.492639 0)
(0.186656 -0.469842 0)
(0.276971 -0.498791 0)
(0.241142 -0.553765 0)
(0.170514 -0.516209 0)
(0.171886 -0.515515 0)
(0.25368 -0.567028 0)
(0.26498 -0.598269 0)
(0.260618 -0.610768 0)
(0.17399 -0.474627 0)
(0.0971595 -0.55391 0)
(0.0612287 -0.655336 0)
(0.120229 -0.707312 0)
(0.109243 -0.590459 0)
(-0.0167541 -0.643846 0)
(-0.0387858 -0.65549 0)
(0.0643541 -0.681459 0)
(0.174532 -0.201944 0)
(0.140027 0.0398716 0)
(0.212681 -0.20722 0)
(0.0536946 -0.20658 0)
(0.404502 0.332911 0)
(0.740798 0.242605 0)
(1.74338 1.04074 0)
(2.00707 0.80532 0)
(2.77589 0.553941 0)
(0.936172 0.180805 0)
(0.636207 0.160604 0)
(0.51851 -0.0310575 0)
(0.505133 -0.539733 0)
(0.473564 -0.738073 0)
(0.454782 -0.575314 0)
(0.383975 -0.156363 0)
(0.731562 0.168398 0)
(-0.448837 0.223173 0)
(0.538836 -1.39143 0)
(0.362318 0.119402 0)
(0.247291 -0.0156885 0)
(0.340717 0.0248328 0)
(-0.0964661 0.098875 0)
(-0.173032 -0.192205 0)
(-0.0537967 -0.229082 0)
(0.0181368 -0.195035 0)
(0.944122 0.469958 0)
(2.14858 1.37346 0)
(2.10338 1.31534 0)
(0.861435 0.488318 0)
(0.341037 0.171349 0)
(0.554791 -0.479295 0)
(0.396438 -0.850256 0)
(0.071828 -0.537577 0)
(0.0237019 -0.185458 0)
(0.1025 0.809541 0)
(-0.537304 0.163682 0)
(0.551446 -1.36484 0)
(0.428729 0.184951 0)
(0.437938 0.130043 0)
(0.64675 -0.0687868 0)
(0.410685 0.10519 0)
(0.234614 0.148486 0)
(0.141119 0.0849343 0)
(0.0497787 0.132026 0)
(-0.0435791 0.345726 0)
(0.61894 1.31418 0)
(1.73271 1.87584 0)
(0.481029 0.684181 0)
(0.510822 0.527214 0)
(0.293079 -0.624916 0)
(0.102008 -1.00424 0)
(-0.370685 -0.2577 0)
(-0.647123 0.0312496 0)
(-0.105693 0.562996 0)
(0.447924 0.077983 0)
(0.563812 -1.51017 0)
(0.525993 0.070732 0)
(0.461711 0.189162 0)
(0.540494 0.0819857 0)
(0.654876 0.140512 0)
(0.509923 0.0458773 0)
(0.568878 0.0173018 0)
(0.515793 0.0237212 0)
(0.0287354 0.275009 0)
(-0.0711302 0.113649 0)
(0.338303 0.390429 0)
(0.444655 0.618469 0)
(0.419295 0.715081 0)
(0.0978676 -0.440958 0)
(-0.07054 -0.400838 0)
(-0.411222 -0.0943381 0)
(-0.657761 0.00523167 0)
(-0.286709 -0.422383 0)
(0.140452 -0.952545 0)
(0.461821 -1.79906 0)
(0.549621 0.095551 0)
(0.565787 0.130223 0)
(0.527769 0.195391 0)
(0.554343 0.20161 0)
(0.514123 0.17953 0)
(0.579223 0.199287 0)
(0.848912 0.302424 0)
(0.756833 0.403472 0)
(0.491989 0.35544 0)
(0.370568 0.428753 0)
(0.702684 0.343301 0)
(0.786359 0.329818 0)
(0.542717 0.145005 0)
(0.216891 0.0851648 0)
(-0.0854977 0.192816 0)
(0.0926022 -0.0267971 0)
(-0.094087 -0.662416 0)
(-0.0692842 -0.801044 0)
(0.279388 -0.851739 0)
(0.514942 0.17629 0)
(0.474211 -0.180664 0)
(0.607188 0.0650914 0)
(0.581983 0.0242647 0)
(0.516752 0.11613 0)
(0.592997 0.211679 0)
(0.678679 0.17515 0)
(0.761064 0.25961 0)
(0.720029 0.372331 0)
(0.757014 0.595833 0)
(0.817235 0.564525 0)
(0.98775 0.319276 0)
(0.994175 0.229774 0)
(1.06743 0.0919393 0)
(1.02108 0.0770852 0)
(1.04804 -0.00582682 0)
(0.921901 -0.122636 0)
(0.500624 -0.31423 0)
(0.566557 -0.469787 0)
(0.484024 0.251969 0)
(0.57281 0.115481 0)
(0.693909 0.0786528 0)
(0.511196 -0.134688 0)
(0.520532 -0.0290192 0)
(0.431173 0.0887824 0)
(0.469904 0.0241906 0)
(0.613516 0.0437157 0)
(0.875132 0.276593 0)
(0.914875 0.40509 0)
(0.880287 0.491953 0)
(0.936435 0.414787 0)
(0.908936 0.354916 0)
(1.00563 0.367603 0)
(1.22004 0.219142 0)
(1.10698 0.189971 0)
(0.850088 0.125143 0)
(0.696643 -0.312234 0)
(0.703587 -0.395325 0)
(0.338913 0.0520537 0)
(0.596039 0.112607 0)
(0.443303 -0.285282 0)
(0.30375 0.0331432 0)
(0.418521 0.195057 0)
(0.38632 0.24775 0)
(0.478329 0.324052 0)
(0.418631 0.215828 0)
(0.777307 0.28387 0)
(0.890056 0.0329579 0)
(0.816636 0.0983668 0)
(0.758042 0.203298 0)
(0.778799 0.2269 0)
(0.810758 0.394019 0)
(0.881283 0.354084 0)
(0.857551 0.363786 0)
(0.772365 0.211825 0)
(0.405206 -0.13449 0)
(0.496234 0.0521079 0)
(0.206771 0.156802 0)
(-0.0427487 -0.300332 0)
(-0.0110839 0.225508 0)
(-0.167236 -0.043828 0)
(0.0660484 0.00675374 0)
(0.236792 0.0769304 0)
(0.346546 0.312509 0)
(0.37983 0.196126 0)
(0.497314 0.291156 0)
(0.560434 0.191032 0)
(0.19148 -0.1016 0)
(0.263692 0.152653 0)
(0.273322 0.28721 0)
(0.740619 0.423177 0)
(0.890608 0.515462 0)
(0.744312 0.365014 0)
(0.552928 0.180363 0)
(0.0492364 0.039973 0)
(0.399293 0.157987 0)
(-0.283645 0.41062 0)
(-0.369117 0.0522496 0)
(-0.599034 0.00836688 0)
(-0.375572 -0.217318 0)
(-0.143386 -0.210949 0)
(-0.178641 -0.00638958 0)
(-0.101106 0.104103 0)
(0.139865 0.249683 0)
(-0.0874639 -0.0965785 0)
(0.108232 0.238133 0)
(-0.431483 0.375237 0)
(-0.0911327 0.0590342 0)
(0.208319 0.0470124 0)
(0.374363 0.415498 0)
(0.668239 0.438414 0)
(0.566038 0.229626 0)
(0.573651 0.235145 0)
(0.284414 0.183224 0)
(0.27943 0.279482 0)
(-0.4352 0.332671 0)
(-0.19402 0.045349 0)
(-0.303259 -0.206332 0)
(-0.393259 -0.0893439 0)
(-0.271684 -0.233605 0)
(-0.536843 -0.144176 0)
(-0.587571 -0.0295297 0)
(-0.515018 0.1633 0)
(-0.449032 0.312348 0)
(-0.362812 0.509625 0)
(-0.576759 0.0350141 0)
(-0.151957 -0.347651 0)
(-0.239019 -0.369773 0)
(0.125828 0.133162 0)
(0.480654 0.362386 0)
(0.453205 0.331355 0)
(0.487178 0.317299 0)
(0.297542 0.208901 0)
(0.228374 0.400716 0)
(-0.205414 0.234681 0)
(-0.067698 0.167682 0)
(-0.267536 -0.0207302 0)
(-0.520656 -0.0598051 0)
(-0.771794 0.0117175 0)
(-0.886632 0.00752348 0)
(-0.901841 0.0527602 0)
(-0.902539 0.112709 0)
(-0.789577 0.252755 0)
(-0.799281 0.306491 0)
(-0.474166 -0.0461308 0)
(-0.300388 -0.373914 0)
(-0.299604 -0.455388 0)
(-0.231179 0.0509835 0)
(0.156503 0.294739 0)
(0.292755 0.247224 0)
(0.429539 0.313234 0)
(0.317444 0.290972 0)
(0.187964 0.522244 0)
(-0.0296046 0.142271 0)
(-0.0730416 0.133438 0)
(-0.343594 0.13972 0)
(-0.299777 0.37414 0)
(-0.193422 0.318187 0)
(-0.579214 0.00100593 0)
(-0.877695 -0.0245279 0)
(-0.733565 0.0265693 0)
(-0.693266 0.114973 0)
(-0.608906 0.00846882 0)
(-0.730292 -0.0321891 0)
(-0.577197 -0.375283 0)
(-0.378265 -0.383866 0)
(-0.246902 -0.0489927 0)
(-0.0593772 0.114441 0)
(0.0434913 0.180399 0)
(0.279367 0.29979 0)
(0.248909 0.319004 0)
(0.161309 0.630469 0)
(-0.116323 0.125863 0)
(-0.140514 0.154189 0)
(-0.126482 0.173988 0)
(-0.100391 0.341941 0)
(-0.222238 0.329272 0)
(-0.169211 0.139317 0)
(-0.478643 0.127693 0)
(-0.660275 0.388647 0)
(-0.547861 0.192803 0)
(-0.351358 0.03098 0)
(-0.452766 -0.376991 0)
(-0.434626 -0.201262 0)
(-0.415021 -0.35002 0)
(-0.274662 -0.238079 0)
(-0.117633 0.0259036 0)
(-0.0708167 0.0858045 0)
(0.147255 0.224092 0)
(0.215972 0.33602 0)
(0.0792209 0.708389 0)
(-0.104605 0.127135 0)
(-0.127477 0.202248 0)
(-0.237504 0.206997 0)
(-0.17358 0.188637 0)
(-0.128349 0.186559 0)
(-0.208208 0.190635 0)
(-0.336526 0.174298 0)
(-0.471537 0.278741 0)
(-0.399577 0.343695 0)
(-0.300343 -0.0822071 0)
(-0.394824 -0.367398 0)
(-0.435042 -0.431914 0)
(-0.485444 -0.481168 0)
(-0.298711 -0.253429 0)
(-0.148492 -0.116816 0)
(-0.10965 -0.0120135 0)
(0.0453929 0.159173 0)
(0.188008 0.347461 0)
(0.0585794 0.761863 0)
(-0.0600264 0.146052 0)
(-0.0200673 0.107864 0)
(-0.00853345 0.0839183 0)
(-0.0103818 0.147292 0)
(-0.0858501 0.251272 0)
(-0.00260891 0.197039 0)
(-0.00617912 0.293034 0)
(-0.0477903 0.329857 0)
(-0.0575024 0.379335 0)
(-0.235742 0.0193312 0)
(-0.421821 -0.275796 0)
(-0.391202 -0.43159 0)
(-0.233562 -0.447577 0)
(-0.168049 -0.328053 0)
(-0.220021 -0.32433 0)
(-0.053445 -0.0893643 0)
(-0.0429944 0.0692301 0)
(0.151984 0.328626 0)
(0.0136408 0.814793 0)
(-0.019118 0.122519 0)
(-0.00498194 0.153174 0)
(-0.0271055 0.182584 0)
(0.0771306 0.271613 0)
(0.0859654 0.247948 0)
(-0.0209774 0.38609 0)
(0.0453916 0.320425 0)
(0.0840912 0.276491 0)
(0.105513 0.24348 0)
(-0.0187937 0.00752381 0)
(-0.0546816 -0.244274 0)
(-0.246224 -0.329 0)
(-0.267433 -0.353662 0)
(-0.182918 -0.394503 0)
(-0.16897 -0.183176 0)
(0.0704582 -0.0924006 0)
(-0.0405577 0.0516932 0)
(0.129515 0.323091 0)
(0.0207962 0.83833 0)
(0.00147384 0.0935703 0)
(-0.0227957 0.324089 0)
(-0.0683652 0.244807 0)
(0.0249767 0.354318 0)
(0.083567 0.248814 0)
(0.049804 0.301755 0)
(-0.0983807 0.489057 0)
(0.102799 0.365935 0)
(0.103783 0.319471 0)
(-0.0435183 0.165589 0)
(-0.346171 -0.241576 0)
(-0.321705 -0.423506 0)
(-0.226351 -0.429181 0)
(-0.0404941 -0.443232 0)
(-0.130793 -0.395136 0)
(0.0300073 -0.168521 0)
(0.0181736 0.0368149 0)
(0.0682516 0.297893 0)
(0.0177386 0.877297 0)
(0.101994 0.162371 0)
(0.0252139 0.212255 0)
(-0.0746398 0.150089 0)
(0.0127091 0.191161 0)
(0.0552345 0.164828 0)
(0.173649 0.255695 0)
(0.13341 0.291644 0)
(0.0319889 0.46309 0)
(0.170685 0.425939 0)
(0.162956 0.24117 0)
(0.133306 0.0908216 0)
(-0.261212 -0.284084 0)
(-0.360337 -0.447055 0)
(-0.296017 -0.504769 0)
(-0.0583321 -0.489774 0)
(0.057894 -0.215637 0)
(0.103436 0.0447834 0)
(-0.000799557 0.279942 0)
(0.0428255 0.918442 0)
(0.0522307 0.220918 0)
(0.0185038 0.185234 0)
(0.0550265 0.211107 0)
(0.0110798 0.214061 0)
(0.113875 0.186074 0)
(0.158522 0.220835 0)
(0.0773347 0.248124 0)
(0.160087 0.474281 0)
(0.0927311 0.549028 0)
(0.170955 0.437429 0)
(0.184372 0.189098 0)
(0.16909 -0.199223 0)
(-0.0747053 -0.631701 0)
(-0.228376 -0.475559 0)
(-0.068146 -0.371337 0)
(-0.0603393 -0.248073 0)
(0.106891 0.0577133 0)
(-0.0605791 0.289762 0)
(0.0566137 0.923485 0)
(0.0696394 0.231156 0)
(0.0675342 0.146099 0)
(0.0648564 0.157421 0)
(0.0356003 0.0969379 0)
(0.0558777 0.145789 0)
(0.232187 0.210495 0)
(0.314206 0.263456 0)
(0.242386 0.358382 0)
(0.227048 0.539412 0)
(0.231372 0.485848 0)
(0.0132854 0.141494 0)
(0.00248551 -0.119267 0)
(0.203371 -0.666417 0)
(-0.162399 -0.701252 0)
(-0.106617 -0.500095 0)
(-0.0839901 -0.368243 0)
(0.122861 0.0796027 0)
(-0.0772465 0.305755 0)
(0.0673364 0.94045 0)
(0.0672197 0.200129 0)
(0.0349166 0.148565 0)
(0.0941375 0.0807348 0)
(0.128559 0.0756554 0)
(0.275903 0.0261345 0)
(0.290595 0.19243 0)
(0.298744 0.207453 0)
(0.387711 0.242132 0)
(0.313685 0.414281 0)
(0.190783 0.374917 0)
(0.104924 0.355188 0)
(-0.187636 -0.145864 0)
(-0.171204 -0.555947 0)
(-0.147786 -0.70109 0)
(0.044062 -0.531535 0)
(-0.0899952 -0.377065 0)
(0.128718 0.0800119 0)
(-0.0470819 0.312588 0)
(0.0632519 0.942949 0)
(0.0939694 0.0891641 0)
(0.0809129 0.150201 0)
(0.112768 0.0636566 0)
(0.121686 0.0942738 0)
(0.171886 0.0685579 0)
(0.361303 0.0935618 0)
(0.388126 0.179302 0)
(0.396606 0.174675 0)
(0.254857 0.317182 0)
(0.286506 0.532016 0)
(0.485748 0.411664 0)
(0.384959 0.148677 0)
(0.136256 -0.143112 0)
(-0.0568972 -0.408424 0)
(0.0444217 -0.529888 0)
(-0.145949 -0.427226 0)
(0.153456 0.043921 0)
(-0.0291992 0.353882 0)
(0.0544986 0.948426 0)
(0.155504 0.126331 0)
(0.153078 0.0680689 0)
(0.13726 0.0584193 0)
(0.176802 0.0336141 0)
(0.190464 0.0341817 0)
(0.238945 0.0908296 0)
(0.153281 0.164792 0)
(0.124514 0.150295 0)
(0.211508 0.248708 0)
(0.223246 0.493638 0)
(0.337218 0.416867 0)
(0.20067 -0.133511 0)
(0.366 -0.30253 0)
(0.157658 -0.586749 0)
(0.147233 -0.485324 0)
(-0.177829 -0.43953 0)
(0.127155 -0.0198237 0)
(0.0159673 0.391909 0)
(0.0270397 0.953175 0)
(0.205949 0.0665168 0)
(0.175458 0.0256939 0)
(0.172494 0.0951638 0)
(0.157932 0.0505643 0)
(0.202242 0.0468655 0)
(0.357303 0.121767 0)
(0.299245 0.139405 0)
(0.175127 0.302532 0)
(0.0881004 0.402416 0)
(0.283273 0.565878 0)
(0.273447 0.477162 0)
(0.178569 0.0689498 0)
(0.204781 -0.194938 0)
(0.192138 -0.457896 0)
(0.203015 -0.377877 0)
(-0.0180859 -0.373813 0)
(0.0762171 -0.150491 0)
(0.0566351 0.450067 0)
(0.00913446 0.969602 0)
(0.178851 -0.0310673 0)
(0.211936 0.0967834 0)
(0.174287 0.0190801 0)
(0.16734 0.0324915 0)
(0.218381 0.0711827 0)
(0.237365 0.0553363 0)
(0.272853 0.0318681 0)
(0.229597 0.129672 0)
(0.205343 0.299614 0)
(0.168652 0.537831 0)
(0.0458528 0.220034 0)
(0.244579 0.0836097 0)
(0.347963 -0.211347 0)
(0.258591 -0.436364 0)
(0.153939 -0.290915 0)
(0.0885629 -0.282626 0)
(0.025088 -0.136831 0)
(0.0871455 0.477738 0)
(-0.0356358 0.990978 0)
(0.264047 0.0540753 0)
(0.236938 0.0100505 0)
(0.156648 -0.0265727 0)
(0.206331 -0.0330136 0)
(0.213186 0.030957 0)
(0.178049 0.179753 0)
(0.0906794 0.334839 0)
(0.0706245 0.418911 0)
(0.165243 0.49677 0)
(0.174239 0.451538 0)
(0.110634 0.250586 0)
(0.327645 0.0786157 0)
(0.0463445 -0.333578 0)
(0.333448 -0.440163 0)
(0.281842 -0.278687 0)
(0.13639 -0.282831 0)
(0.00798249 -0.137821 0)
(0.104834 0.515598 0)
(-0.036324 1.01241 0)
(0.206104 -0.0672597 0)
(0.208927 -0.00011413 0)
(0.191428 0.0123609 0)
(0.238387 -0.00337761 0)
(0.448926 0.0409404 0)
(0.363404 0.0484925 0)
(0.314558 0.196792 0)
(0.347842 0.359866 0)
(0.11702 0.630404 0)
(0.0371076 0.459715 0)
(0.264504 0.406776 0)
(0.207274 0.233592 0)
(0.198315 -0.264096 0)
(0.299847 -0.349624 0)
(0.127665 -0.334601 0)
(0.172284 -0.269979 0)
(0.0236523 -0.126583 0)
(0.130368 0.52636 0)
(-0.0501111 1.05993 0)
(0.33276 -0.0827812 0)
(0.31972 -0.0168608 0)
(0.200621 -0.0151617 0)
(0.239691 0.0202909 0)
(0.20807 0.00095199 0)
(0.22242 -0.035531 0)
(0.131427 0.102406 0)
(0.265469 0.352067 0)
(0.152273 0.465807 0)
(0.20901 0.328098 0)
(0.371881 0.320502 0)
(0.326045 -0.139516 0)
(0.23288 -0.170998 0)
(0.384415 -0.393809 0)
(0.210848 -0.38343 0)
(0.205953 -0.185482 0)
(0.0105929 -0.0716423 0)
(0.160634 0.573424 0)
(-0.00976091 1.09342 0)
(0.168343 -0.100163 0)
(0.306912 -0.113088 0)
(0.247663 0.0534807 0)
(0.293507 0.00220846 0)
(0.288169 0.0428895 0)
(0.312599 0.0924721 0)
(0.256969 0.169888 0)
(0.313816 0.715441 0)
(0.155662 0.659808 0)
(0.525797 0.545654 0)
(0.582544 0.302857 0)
(0.671724 -0.186926 0)
(0.540623 -0.199139 0)
(0.372702 -0.392079 0)
(0.139369 -0.387986 0)
(0.292545 -0.0692407 0)
(0.102261 -0.0639468 0)
(0.176603 0.592687 0)
(-0.0226911 1.12715 0)
(0.289059 -0.0535955 0)
(0.359552 -0.0725539 0)
(0.27171 -0.0195441 0)
(0.268434 -0.0222663 0)
(0.282014 0.00590008 0)
(0.275395 0.0921951 0)
(0.552145 0.336639 0)
(0.605581 0.540377 0)
(0.377465 0.628121 0)
(0.491342 0.488678 0)
(0.495435 0.308454 0)
(0.555742 0.0319516 0)
(0.278531 -0.245237 0)
(0.333129 -0.252453 0)
(0.349746 -0.25431 0)
(0.253794 0.0885538 0)
(-0.0900089 0.0279292 0)
(0.163692 0.652049 0)
(0.00613591 1.16763 0)
(0.237098 -0.109678 0)
(0.296625 -0.0958571 0)
(0.32608 -0.110232 0)
(0.37906 -0.0385921 0)
(0.382457 0.0629363 0)
(0.48919 0.117073 0)
(0.516339 0.298476 0)
(0.472894 0.176274 0)
(0.438696 0.257419 0)
(0.633411 0.336656 0)
(0.606622 0.184496 0)
(0.467633 0.0350653 0)
(0.518543 -0.187089 0)
(0.470164 -0.0464472 0)
(0.295589 -0.0460538 0)
(0.323643 0.0262118 0)
(0.0356461 0.109959 0)
(0.140485 0.588104 0)
(-0.0199736 1.22002 0)
(0.292467 -0.150943 0)
(0.329732 -0.184456 0)
(0.377801 -0.0831699 0)
(0.406489 -0.132766 0)
(0.491346 -0.125115 0)
(0.544909 -0.00291795 0)
(0.410178 0.160142 0)
(0.413072 0.228758 0)
(0.696668 0.433842 0)
(0.653009 0.398479 0)
(0.596607 0.149407 0)
(0.431685 0.0104701 0)
(0.532453 0.0196462 0)
(0.641655 0.170301 0)
(0.233203 0.2724 0)
(0.196391 0.216798 0)
(-0.351193 0.51723 0)
(0.110544 0.677705 0)
(0.0268812 1.27994 0)
(0.280819 -0.196034 0)
(0.38485 -0.124723 0)
(0.403483 -0.210402 0)
(0.391908 -0.0770028 0)
(0.68166 -0.182561 0)
(0.875553 0.127286 0)
(0.543465 0.406245 0)
(0.552172 0.345087 0)
(0.637737 0.404605 0)
(0.485993 0.219832 0)
(0.369237 0.166736 0)
(0.578136 0.250135 0)
(0.80428 0.0766135 0)
(0.75472 0.237943 0)
(0.42828 0.367997 0)
(0.401267 0.46644 0)
(0.0130275 0.461669 0)
(0.183685 0.870482 0)
(0.0287454 1.32741 0)
(0.252863 -0.3973 0)
(0.326016 -0.234055 0)
(0.449011 -0.292183 0)
(0.472417 -0.210577 0)
(0.568693 -0.145978 0)
(1.02404 0.0589844 0)
(0.782195 0.214241 0)
(0.47207 0.474259 0)
(0.607068 0.361961 0)
(0.566721 0.344341 0)
(0.579263 0.266209 0)
(0.32842 0.290331 0)
(0.696249 0.130275 0)
(0.789791 0.461356 0)
(0.373164 0.608816 0)
(0.377448 0.589092 0)
(0.0578065 0.535229 0)
(0.0701162 0.981862 0)
(0.0336528 1.45246 0)
(0.285921 -0.408474 0)
(0.509243 -0.319829 0)
(0.464047 -0.269218 0)
(0.545291 -0.338692 0)
(0.788119 -0.290249 0)
(0.98887 0.106272 0)
(0.777555 -0.0473047 0)
(0.603389 0.293194 0)
(0.723619 0.315552 0)
(0.705532 0.592803 0)
(0.578892 0.588774 0)
(0.318451 0.25229 0)
(0.697223 0.219977 0)
(1.02767 0.607517 0)
(0.5546 0.728994 0)
(0.210421 0.707806 0)
(0.305152 0.636693 0)
(-0.0296682 0.930125 0)
(0.028279 1.4535 0)
(0.435621 -0.287151 0)
(0.4863 -0.523256 0)
(0.414511 -0.32854 0)
(0.513925 -0.343128 0)
(0.798606 -0.0593182 0)
(0.781452 -0.0535141 0)
(0.542403 -0.0919489 0)
(0.470274 0.170391 0)
(0.711895 0.32347 0)
(1.27397 0.631603 0)
(0.890353 0.751794 0)
(0.351247 0.2555 0)
(0.78965 0.183843 0)
(1.08145 0.702047 0)
(0.61822 0.798313 0)
(0.227529 0.888231 0)
(0.130183 0.990122 0)
(-0.422223 1.50286 0)
(-0.150171 1.70401 0)
(0.261951 -0.495212 0)
(0.493514 -0.567216 0)
(0.54298 -0.355629 0)
(0.675934 -0.319062 0)
(0.84719 -0.115885 0)
(0.671169 -0.0960233 0)
(0.592538 0.0299594 0)
(0.520105 0.225674 0)
(0.686045 0.56079 0)
(1.23423 0.602704 0)
(1.05253 0.643511 0)
(0.520928 0.402543 0)
(1.00464 0.30094 0)
(1.33173 0.821642 0)
(0.828073 0.801591 0)
(0.272794 1.41392 0)
(0.464437 1.58236 0)
(-0.0139397 1.701 0)
(0.0653465 2.29944 0)
(0.271108 -0.525441 0)
(0.566178 -0.453083 0)
(0.577364 -0.499304 0)
(0.506884 -0.247987 0)
(0.754145 -0.21966 0)
(0.673684 -0.0976515 0)
(0.358619 0.145199 0)
(0.485 0.286225 0)
(0.704636 0.228726 0)
(1.38086 0.243166 0)
(1.26513 0.208772 0)
(0.817879 0.36412 0)
(1.25686 0.412111 0)
(1.47949 1.11688 0)
(1.10368 0.862757 0)
(0.704211 1.40568 0)
(0.544468 1.6403 0)
(0.0876586 1.90729 0)
(0.142578 2.30901 0)
(0.437467 -0.572944 0)
(0.449987 -0.751316 0)
(0.494866 -0.737063 0)
(0.493087 -0.59317 0)
(0.350147 0.135105 0)
(0.202124 -0.0288903 0)
(0.123127 0.147418 0)
(0.22961 0.298312 0)
(0.582922 0.291578 0)
(0.950569 0.016628 0)
(1.44971 -0.193061 0)
(1.60028 0.135493 0)
(2.36307 0.519556 0)
(2.18707 1.32999 0)
(1.61408 1.53877 0)
(1.00881 2.13185 0)
(0.762776 1.91581 0)
(0.20981 2.2721 0)
(0.223066 2.51396 0)
(0.342887 -0.746164 0)
(0.260497 -0.821563 0)
(0.204912 -0.862347 0)
(0.403731 -0.728186 0)
(0.463526 -0.383715 0)
(0.194257 0.0172298 0)
(0.142472 0.0787418 0)
(0.14057 -0.133103 0)
(0.724004 0.0428776 0)
(0.89488 -0.411092 0)
(1.56004 -0.385988 0)
(1.45439 -0.335247 0)
(1.52033 -0.04682 0)
(1.90685 0.0263487 0)
(2.61228 1.375 0)
(2.02618 2.13254 0)
(1.00652 2.15338 0)
(0.782875 2.79741 0)
(0.0926735 3.0847 0)
(0.291803 -0.772405 0)
(0.10671 -1.04638 0)
(0.00870144 -0.822159 0)
(0.291613 -0.423114 0)
(0.234552 -0.194624 0)
(0.0647214 0.467565 0)
(-0.0560523 0.26285 0)
(-0.128387 -0.148679 0)
(0.0240965 -0.22063 0)
(0.119893 -0.632602 0)
(0.266934 -0.764273 0)
(0.643395 -1.19721 0)
(0.952289 -1.04833 0)
(2.11691 -0.88455 0)
(3.61054 1.94589 0)
(2.37403 3.09958 0)
(1.76889 2.60707 0)
(1.42827 2.40668 0)
(0.703189 3.98355 0)
)
;

boundaryField
{
    leftWall
    {
        type            fixedValue;
        value           uniform (0 0 0);
    }
    rightWall
    {
        type            fixedValue;
        value           uniform (0 0 0);
    }
    lowerWall
    {
        type            fixedValue;
        value           uniform (0 0 0);
    }
    atmosphere
    {
        type            pressureInletOutletVelocity;
        value           nonuniform List<vector> 
46
(
(0 -0.186575 0)
(0 -0.189324 0)
(0 -0.192662 0)
(0 -0.191522 0)
(0 -0.198574 0)
(0 -0.195992 0)
(0 -0.208053 0)
(0 -0.204042 0)
(0 -0.220749 0)
(0 -0.220447 0)
(0 -0.241055 0)
(0 -0.246327 0)
(0 -0.264978 0)
(0 -0.269097 0)
(0 -0.292221 0)
(0 -0.306041 0)
(0 -0.308645 0)
(0 -0.332896 0)
(0 -0.41584 0)
(0 -0.427517 0)
(0 -0.432151 0)
(0 -0.546125 0)
(0 -0.493125 0)
(0 -0.590459 0)
(0 -0.643846 0)
(0 -0.65549 0)
(0 -0.681459 0)
(0 -0.772405 0)
(0 -1.04638 0)
(0 -0.822159 0)
(0 -0.423114 0)
(0 -0.194624 0)
(0.0647214 0.467565 0)
(-0.0560523 0.26285 0)
(0 -0.148679 0)
(0 -0.22063 0)
(0 -0.632602 0)
(0 -0.764273 0)
(0 -1.19721 0)
(0 -1.04833 0)
(0 -0.88455 0)
(3.61054 1.94589 0)
(2.37403 3.09958 0)
(1.76889 2.60707 0)
(1.42827 2.40668 0)
(0.703189 3.98355 0)
)
;
    }
    defaultFaces
    {
        type            empty;
    }
}


// ************************************************************************* //
